0.001  7.76628e-05 0.158558
0.00101  7.77387e-05 0.159349
0.0010201  7.7815e-05 0.160143
0.0010303  7.78918e-05 0.160942
0.0010406  7.7969e-05 0.161745
0.00105101  7.80467e-05 0.162551
0.00106152  7.81248e-05 0.163362
0.00107214  7.82034e-05 0.164177
0.00108286  7.82825e-05 0.164996
0.00109369  7.8362e-05 0.165819
0.00110462  7.84409e-05 0.166646
0.00111567  7.8513e-05 0.167477
0.00112683  7.85856e-05 0.168312
0.00113809  7.86493e-05 0.169152
0.00114947  7.87128e-05 0.169995
0.00116097  7.87765e-05 0.170843
0.00117258  7.88406e-05 0.171695
0.0011843  7.88975e-05 0.172552
0.00119615  7.89539e-05 0.173412
0.00120811  7.90106e-05 0.174277
0.00122019  7.90675e-05 0.175146
0.00123239  7.91246e-05 0.17602
0.00124472  7.91819e-05 0.176898
0.00125716  7.92395e-05 0.17778
0.00126973  7.92973e-05 0.178667
0.00128243  7.93553e-05 0.179558
0.00129526  7.94135e-05 0.180454
0.00130821  7.9472e-05 0.181354
0.00132129  7.95306e-05 0.182258
0.0013345  7.95896e-05 0.183167
0.00134785  7.96487e-05 0.184081
0.00136133  7.97081e-05 0.184999
0.00137494  7.97676e-05 0.185921
0.00138869  7.98275e-05 0.186849
0.00140258  7.98875e-05 0.187781
0.0014166  7.99478e-05 0.188717
0.00143077  8.00083e-05 0.189658
0.00144508  8.0069e-05 0.190604
0.00145953  8.013e-05 0.191555
0.00147412  8.01899e-05 0.19251
0.00148886  8.02453e-05 0.193471
0.00150375  8.03008e-05 0.194404
0.00151879  8.03495e-05 0.195346
0.00153398  8.03983e-05 0.1963
0.00154932  8.04473e-05 0.197265
0.00156481  8.04963e-05 0.198242
0.00158046  8.05421e-05 0.199231
0.00159626  8.0588e-05 0.20023
0.00161223  8.0634e-05 0.201241
0.00162835  8.068e-05 0.202262
0.00164463  8.0726e-05 0.203294
0.00166108  8.07722e-05 0.204337
0.00167769  8.08184e-05 0.205371
0.00169447  8.08646e-05 0.20638
0.00171141  8.09109e-05 0.2074
0.00172852  8.09572e-05 0.208427
0.00174581  8.10036e-05 0.209464
0.00176327  8.10501e-05 0.210509
0.0017809  8.10966e-05 0.211562
0.00179871  8.11431e-05 0.212622
0.0018167  8.11897e-05 0.213689
0.00183486  8.12363e-05 0.214763
0.00185321  8.1283e-05 0.215843
0.00187174  8.13297e-05 0.216929
0.00189046  8.13765e-05 0.218014
0.00190937  8.14232e-05 0.219102
0.00192846  8.14701e-05 0.220195
0.00194774  8.15169e-05 0.221294
0.00196722  8.15634e-05 0.222397
0.00198689  8.16095e-05 0.223506
0.00200676  8.16557e-05 0.224621
0.00202683  8.17019e-05 0.22574
0.0020471  8.17481e-05 0.226866
0.00206757  8.17943e-05 0.227997
0.00208825  8.18405e-05 0.229134
0.00210913  8.18868e-05 0.230276
0.00213022  8.1933e-05 0.231424
0.00215152  8.19792e-05 0.232578
0.00217304  8.20255e-05 0.233737
0.00219477  8.20717e-05 0.234903
0.00221672  8.21157e-05 0.236075
0.00223888  8.21572e-05 0.237252
0.00226127  8.21969e-05 0.238436
0.00228388  8.22325e-05 0.239625
0.00230672  8.2268e-05 0.240821
0.00232979  8.23034e-05 0.242022
0.00235309  8.23388e-05 0.24323
0.00237662  8.23746e-05 0.244443
0.00240038  8.24103e-05 0.245662
0.00242439  8.24458e-05 0.246888
0.00244863  8.24812e-05 0.248119
0.00247312  8.25165e-05 0.249357
0.00249785  8.25516e-05 0.2506
0.00252283  8.25866e-05 0.25185
0.00254806  8.26214e-05 0.253106
0.00257354  8.26561e-05 0.254368
0.00259927  8.26906e-05 0.255637
0.00262527  8.2725e-05 0.256912
0.00265152  8.27592e-05 0.258193
0.00267803  8.27932e-05 0.25948
0.00270481  8.2827e-05 0.260775
0.00273186  8.28607e-05 0.262075
0.00275918  8.28942e-05 0.263382
0.00278677  8.29275e-05 0.264696
0.00281464  8.29606e-05 0.266016
0.00284279  8.29935e-05 0.267343
0.00287121  8.30263e-05 0.268676
0.00289993  8.30588e-05 0.270016
0.00292893  8.30911e-05 0.271363
0.00295822  8.31221e-05 0.272716
0.0029878  8.3152e-05 0.274077
0.00301768  8.31808e-05 0.275444
0.00304785  8.32079e-05 0.276817
0.00307833  8.32347e-05 0.278198
0.00310911  8.32613e-05 0.279585
0.0031402  8.3289e-05 0.28098
0.00317161  8.33192e-05 0.282381
0.00320332  8.33491e-05 0.28379
0.00323536  8.33787e-05 0.285205
0.00326771  8.34081e-05 0.286627
0.00330039  8.34373e-05 0.288057
0.00333339  8.34661e-05 0.289494
0.00336672  8.34947e-05 0.290937
0.00340039  8.3523e-05 0.292388
0.0034344  8.35509e-05 0.293847
0.00346874  8.35786e-05 0.295312
0.00350343  8.3606e-05 0.296785
0.00353846  8.3633e-05 0.298265
0.00357385  8.36598e-05 0.299753
0.00360958  8.36862e-05 0.301248
0.00364568  8.37122e-05 0.30275
0.00368214  8.37379e-05 0.30426
0.00371896  8.37629e-05 0.305778
0.00375615  8.37875e-05 0.307303
0.00379371  8.38112e-05 0.308836
0.00383165  8.38345e-05 0.310376
0.00386996  8.38575e-05 0.311924
0.00390866  8.388e-05 0.31348
0.00394775  8.39104e-05 0.315043
0.00398723  8.39413e-05 0.316614
0.0040271  8.39718e-05 0.318194
0.00406737  8.40019e-05 0.31978
0.00410804  8.40318e-05 0.321375
0.00414912  8.40613e-05 0.322978
0.00419062  8.40904e-05 0.324589
0.00423252  8.41192e-05 0.326208
0.00427485  8.41477e-05 0.327835
0.0043176  8.41758e-05 0.32947
0.00436077  8.42035e-05 0.331113
0.00440438  8.42308e-05 0.332765
0.00444842  8.42581e-05 0.334424
0.00449291  8.4285e-05 0.336092
0.00453784  8.43119e-05 0.337768
0.00458321  8.43385e-05 0.339453
0.00462905  8.43648e-05 0.341146
0.00467534  8.43906e-05 0.342847
0.00472209  8.4416e-05 0.344557
0.00476931  8.4441e-05 0.346276
0.004817  8.44655e-05 0.348003
0.00486517  8.44896e-05 0.349739
0.00491383  8.45133e-05 0.351483
0.00496296  8.45364e-05 0.353236
0.00501259  8.45592e-05 0.354998
0.00506272  8.45814e-05 0.356768
0.00511335  8.46032e-05 0.358548
0.00516448  8.46244e-05 0.360336
0.00521613  8.46452e-05 0.362133
0.00526829  8.46655e-05 0.363939
0.00532097  8.46852e-05 0.365754
0.00537418  8.47044e-05 0.367579
0.00542792  8.47231e-05 0.369412
0.0054822  8.47412e-05 0.371254
0.00553702  8.47588e-05 0.373106
0.00559239  8.47758e-05 0.374967
0.00564832  8.47923e-05 0.376837
0.0057048  8.48081e-05 0.378716
0.00576185  8.48234e-05 0.380605
0.00581947  8.48381e-05 0.382503
0.00587766  8.48548e-05 0.384411
0.00593644  8.48864e-05 0.386328
0.0059958  8.49177e-05 0.388255
0.00605576  8.49507e-05 0.390192
0.00611632  8.4984e-05 0.392138
0.00617748  8.5017e-05 0.394094
0.00623926  8.50495e-05 0.396059
0.00630165  8.50815e-05 0.398035
0.00636466  8.51131e-05 0.40002
0.00642831  8.51442e-05 0.402015
0.00649259  8.51748e-05 0.40402
0.00655752  8.52049e-05 0.406035
0.0066231  8.52345e-05 0.40806
0.00668933  8.52636e-05 0.410095
0.00675622  8.52922e-05 0.41214
0.00682378  8.53202e-05 0.414196
0.00689202  8.53477e-05 0.416262
0.00696094  8.53747e-05 0.418338
0.00703055  8.54011e-05 0.420424
0.00710085  8.54269e-05 0.422521
0.00717186  8.54522e-05 0.424629
0.00724358  8.54769e-05 0.426746
0.00731602  8.55009e-05 0.428875
0.00738918  8.55269e-05 0.431014
0.00746307  8.5555e-05 0.433163
0.0075377  8.55844e-05 0.435324
0.00761308  8.56177e-05 0.437495
0.00768921  8.56504e-05 0.439677
0.0077661  8.56826e-05 0.44187
0.00784376  8.57196e-05 0.444074
0.0079222  8.57716e-05 0.446289
0.00800142  8.58232e-05 0.448515
0.00808144  8.58744e-05 0.450751
0.00816225  8.59252e-05 0.453
0.00824387  8.59756e-05 0.455259
0.00832631  8.60257e-05 0.457529
0.00840957  8.60753e-05 0.459811
0.00849367  8.61245e-05 0.462105
0.00857861  8.61733e-05 0.464409
0.00866439  8.62217e-05 0.466726
0.00875104  8.62696e-05 0.469054
0.00883855  8.63171e-05 0.471393
0.00892693  8.63641e-05 0.473744
0.0090162  8.64107e-05 0.476107
0.00910636  8.64568e-05 0.478481
0.00919743  8.65024e-05 0.480868
0.0092894  8.65474e-05 0.483266
0.0093823  8.6592e-05 0.485676
0.00947612  8.66361e-05 0.488099
0.00957088  8.66797e-05 0.490533
0.00966659  8.67227e-05 0.49298
0.00976325  8.67652e-05 0.495438
0.00986089  8.68071e-05 0.497909
0.0099595  8.68484e-05 0.500393
0.0100591  8.68892e-05 0.502889
0.0101597  8.69294e-05 0.505397
0.0102613  8.6969e-05 0.507917
0.0103639  8.70079e-05 0.51045
0.0104675  8.70463e-05 0.512996
0.0105722  8.7084e-05 0.515555
0.0106779  8.71211e-05 0.518126
0.0107847  8.71575e-05 0.52071
0.0108926  8.71933e-05 0.523308
0.0110015  8.72284e-05 0.525918
0.0111115  8.72695e-05 0.528541
0.0112226  8.73126e-05 0.531177
0.0113348  8.73609e-05 0.533826
0.0114482  8.74139e-05 0.536488
0.0115627  8.74663e-05 0.539164
0.0116783  8.75182e-05 0.541853
0.0117951  8.75823e-05 0.544556
0.011913  8.76583e-05 0.547272
0.0120322  8.7734e-05 0.550001
0.0121525  8.78093e-05 0.552744
0.012274  8.78843e-05 0.555501
0.0123967  8.79589e-05 0.558272
0.0125207  8.80332e-05 0.561056
0.0126459  8.81071e-05 0.563854
0.0127724  8.81806e-05 0.566667
0.0129001  8.82538e-05 0.569493
0.0130291  8.83265e-05 0.572333
0.0131594  8.83989e-05 0.575188
0.013291  8.84708e-05 0.578056
0.0134239  8.85423e-05 0.580939
0.0135581  8.86134e-05 0.583837
0.0136937  8.8684e-05 0.586749
0.0138307  8.87542e-05 0.589675
0.013969  8.88239e-05 0.592616
0.0141086  8.88932e-05 0.595572
0.0142497  8.89619e-05 0.598542
0.0143922  8.90302e-05 0.601528
0.0145362  8.90979e-05 0.604528
0.0146815  8.91651e-05 0.607543
0.0148283  8.92418e-05 0.610573
0.0149766  8.93203e-05 0.613618
0.0151264  8.94074e-05 0.616679
0.0152776  8.94997e-05 0.619754
0.0154304  8.95916e-05 0.622845
0.0155847  8.96833e-05 0.625952
0.0157406  8.97867e-05 0.629074
0.015898  8.9898e-05 0.632211
0.016057  9.00092e-05 0.635365
0.0162175  9.01202e-05 0.638533
0.0163797  9.02311e-05 0.641718
0.0165435  9.03418e-05 0.644919
0.0167089  9.04524e-05 0.648135
0.016876  9.05628e-05 0.651368
0.0170448  9.0673e-05 0.654616
0.0172152  9.0783e-05 0.657881
0.0173874  9.08928e-05 0.661163
0.0175613  9.10023e-05 0.66446
0.0177369  9.11117e-05 0.667774
0.0179142  9.12208e-05 0.671105
0.0180934  9.13297e-05 0.674452
0.0182743  9.14384e-05 0.677816
0.0184571  9.15468e-05 0.681196
0.0186416  9.16549e-05 0.684594
0.018828  9.17628e-05 0.688008
0.0190163  9.18704e-05 0.69144
0.0192065  9.19777e-05 0.694888
0.0193986  9.20846e-05 0.698354
0.0195925  9.21941e-05 0.701837
0.0197885  9.23167e-05 0.705338
0.0199864  9.24391e-05 0.708856
0.0201862  9.25613e-05 0.712391
0.0203881  9.26834e-05 0.715944
0.020592  9.28052e-05 0.719515
0.0207979  9.29269e-05 0.723103
0.0210059  9.30483e-05 0.72671
0.0212159  9.31695e-05 0.730334
0.0214281  9.32905e-05 0.733977
0.0216424  9.34112e-05 0.737638
0.0218588  9.35317e-05 0.741317
0.0220774  9.36528e-05 0.745014
0.0222981  9.37875e-05 0.74873
0.0225211  9.39222e-05 0.752464
0.0227463  9.40719e-05 0.756217
0.0229738  9.42239e-05 0.759989
0.0232035  9.43759e-05 0.763779
0.0234356  9.4528e-05 0.767588
0.0236699  9.46954e-05 0.771417
0.0239066  9.48656e-05 0.775264
0.0241457  9.50361e-05 0.779131
0.0243871  9.52067e-05 0.783017
0.024631  9.53774e-05 0.786922
0.0248773  9.55483e-05 0.790847
0.0251261  9.57194e-05 0.794791
0.0253774  9.58906e-05 0.798755
0.0256311  9.60619e-05 0.802739
0.0258874  9.62333e-05 0.806743
0.0261463  9.64049e-05 0.810766
0.0264078  9.65765e-05 0.81481
0.0266719  9.67483e-05 0.818874
0.0269386  9.69202e-05 0.822958
0.027208  9.70921e-05 0.827063
0.02748  9.72642e-05 0.831188
0.0277548  9.74363e-05 0.835333
0.0280324  9.76085e-05 0.8395
0.0283127  9.77807e-05 0.843687
0.0285958  9.7953e-05 0.847895
0.0288818  9.81254e-05 0.852123
0.0291706  9.82978e-05 0.856373
0.0294623  9.8472e-05 0.860644
0.029757  9.86563e-05 0.864937
0.0300545  9.88409e-05 0.869251
0.0303551  9.9039e-05 0.873586
0.0306586  9.9238e-05 0.877943
0.0309652  9.94372e-05 0.882322
0.0312749  9.96367e-05 0.886723
0.0315876  9.98554e-05 0.891145
0.0319035  0.000100076 0.89559
0.0322225  0.000100296 0.900057
0.0325447  0.000100518 0.904546
0.0328702  0.000100739 0.909057
0.0331989  0.000100961 0.913591
0.0335309  0.000101184 0.918148
0.0338662  0.000101407 0.922727
0.0342049  0.00010163 0.927329
0.0345469  0.000101854 0.931954
0.0348924  0.000102078 0.936603
0.0352413  0.000102302 0.941274
0.0355937  0.000102527 0.945969
0.0359496  0.000102752 0.950687
0.0363091  0.000102978 0.955428
0.0366722  0.000103204 0.960193
0.037039  0.000103437 0.964982
0.0374093  0.000103673 0.969795
0.0377834  0.000103916 0.974632
0.0381613  0.000104164 0.979493
0.0385429  0.000104413 0.984378
0.0389283  0.000104663 0.989288
0.0393176  0.000104925 0.994222
0.0397108  0.000105198 0.999181
0.0401079  0.000105472 1.00416
0.040509  0.000105747 1.00917
0.040914  0.000106023 1.01421
0.0413232  0.000106299 1.01926
0.0417364  0.000106577 1.02435
0.0421538  0.000106855 1.02946
0.0425753  0.000107133 1.03459
0.0430011  0.000107413 1.03975
0.0434311  0.000107693 1.04494
0.0438654  0.000107974 1.05015
0.044304  0.00010826 1.05539
0.0447471  0.000108553 1.06065
0.0451946  0.000108849 1.06594
0.0456465  0.000109157 1.07126
0.046103  0.000109465 1.0766
0.046564  0.000109774 1.08197
0.0470296  0.000110084 1.08737
0.0474999  0.000110396 1.09279
0.0479749  0.000110708 1.09824
0.0484547  0.000111021 1.10372
0.0489392  0.000111335 1.10922
0.0494286  0.00011165 1.11475
0.0499229  0.000111966 1.12031
0.0504221  0.000112283 1.1259
0.0509264  0.0001126 1.13152
0.0514356  0.000112919 1.13716
0.05195  0.000113239 1.14283
0.0524695  0.000113559 1.14853
0.0529942  0.000113881 1.15426
0.0535241  0.000114204 1.16002
0.0540594  0.000114527 1.1658
0.0546  0.000114851 1.17162
0.055146  0.000115177 1.17746
0.0556974  0.000115503 1.18333
0.0562544  0.00011583 1.18924
0.0568169  0.000116158 1.19517
0.0573851  0.000116487 1.20113
0.0579589  0.000116817 1.20712
0.0585385  0.000117147 1.21314
0.0591239  0.000117511 1.21919
0.0597152  0.000117889 1.22527
0.0603123  0.000118274 1.23138
0.0609154  0.000118669 1.23752
0.0615246  0.000119066 1.24369
0.0621398  0.000119465 1.2499
0.0627612  0.000119865 1.25613
0.0633888  0.000120267 1.2624
0.0640227  0.00012067 1.26869
0.064663  0.000121075 1.27502
0.0653096  0.000121481 1.28138
0.0659627  0.000121888 1.28777
0.0666223  0.000122298 1.29419
0.0672885  0.000122708 1.30065
0.0679614  0.000123121 1.30714
0.068641  0.000123535 1.31365
0.0693275  0.00012395 1.32021
0.0700207  0.000124367 1.32679
0.0707209  0.000124785 1.33341
0.0714281  0.000125205 1.34006
0.0721424  0.000125627 1.34674
0.0728638  0.00012605 1.35346
0.0735925  0.000126476 1.36021
0.0743284  0.000126915 1.36699
0.0750717  0.000127357 1.37381
0.0758224  0.000127813 1.38066
0.0765806  0.000128274 1.38755
0.0773464  0.000128736 1.39447
0.0781199  0.000129201 1.40143
0.0789011  0.000129667 1.40842
0.0796901  0.000130135 1.41544
0.080487  0.000130605 1.4225
0.0812919  0.000131077 1.42959
0.0821048  0.00013155 1.43672
0.0829259  0.000132026 1.44389
0.0837551  0.000132504 1.45109
0.0845927  0.000132983 1.45833
0.0854386  0.000133464 1.4656
0.086293  0.000133948 1.47291
0.0871559  0.000134433 1.48026
0.0880275  0.00013492 1.48764
0.0889077  0.000135409 1.49506
0.0897968  0.0001359 1.50252
0.0906948  0.000136393 1.51001
0.0916017  0.000136888 1.51754
0.0925178  0.000137384 1.52511
0.0934429  0.000137883 1.53272
0.0943774  0.000138384 1.54036
0.0953211  0.000138886 1.54804
0.0962743  0.000139391 1.55577
0.0972371  0.000139897 1.56353
0.0982095  0.000140406 1.57132
0.0991916  0.000140917 1.57916
0.100183  0.000141429 1.58704
0.101185  0.000141943 1.59495
0.102197  0.00014246 1.60291
0.103219  0.000142978 1.6109
0.104251  0.000143499 1.61894
0.105294  0.000144021 1.62701
0.106347  0.000144546 1.63513
0.10741  0.000145072 1.64328
0.108484  0.000145601 1.65148
0.109569  0.000146131 1.65971
0.110665  0.00014667 1.66799
0.111772  0.000147225 1.67631
0.112889  0.000147784 1.68467
0.114018  0.000148367 1.69307
0.115158  0.000148952 1.70151
0.11631  0.00014954 1.71
0.117473  0.000150133 1.71853
0.118648  0.000150754 1.7271
0.119834  0.000151378 1.73572
0.121033  0.000152004 1.74438
0.122243  0.000152634 1.75308
0.123465  0.000153266 1.76182
0.1247  0.000153901 1.77061
0.125947  0.000154539 1.77945
0.127206  0.00015518 1.78832
0.128478  0.000155823 1.79724
0.129763  0.00015647 1.80621
0.131061  0.000157119 1.81521
0.132372  0.000157771 1.82426
0.133695  0.000158426 1.83336
0.135032  0.000159084 1.8425
0.136383  0.000159745 1.85168
0.137746  0.000160409 1.86091
0.139124  0.000161076 1.87019
0.140515  0.000161746 1.87951
0.14192  0.000162419 1.88888
0.143339  0.000163095 1.8983
0.144773  0.000163774 1.90776
0.146221  0.000164456 1.91728
0.147683  0.000165141 1.92684
0.14916  0.000165829 1.93645
0.150651  0.000166477 1.94612
0.152158  0.000167061 1.95584
0.153679  0.000167646 1.96561
0.155216  0.000168233 1.97543
0.156768  0.000168823 1.98531
0.158336  0.000169423 1.99524
0.159919  0.000170025 2.00523
0.161518  0.000170628 2.01527
0.163134  0.000171232 2.02537
0.164765  0.000171838 2.03553
0.166413  0.000172445 2.04575
0.168077  0.000173053 2.05603
0.169757  0.000173663 2.06637
0.171455  0.000174273 2.07677
0.17317  0.000174885 2.08723
0.174901  0.000175499 2.09775
0.17665  0.000176113 2.10834
0.178417  0.000176729 2.11898
0.180201  0.000177345 2.12969
0.182003  0.000177963 2.14046
0.183823  0.000178582 2.15129
0.185661  0.000179202 2.16219
0.187518  0.000179823 2.17315
0.189393  0.000180445 2.18417
0.191287  0.000181131 2.19445
0.1932  0.000182061 2.20169
0.195132  0.000182997 2.20891
0.197083  0.000183948 2.21613
0.199054  0.000184907 2.22334
0.201045  0.000185873 2.23054
0.203055  0.000186848 2.23773
0.205086  0.000187829 2.24491
0.207136  0.000188819 2.25208
0.209208  0.000189816 2.25924
0.2113  0.000190821 2.26639
0.213413  0.000191834 2.27352
0.215547  0.000192855 2.28064
0.217702  0.000193884 2.28775
0.219879  0.000194921 2.29484
0.222078  0.000195977 2.30192
0.224299  0.000197048 2.30898
0.226542  0.000198136 2.31602
0.228807  0.000199244 2.32305
0.231095  0.00020036 2.33006
0.233406  0.000201486 2.33704
0.235741  0.000202624 2.34401
0.238098  0.000203776 2.35096
0.240479  0.000204937 2.35789
0.242884  0.000206108 2.3648
0.245313  0.000207289 2.37168
0.247766  0.00020848 2.37854
0.250243  0.00020968 2.38538
0.252746  0.00021089 2.39219
0.255273  0.000212111 2.39898
0.257826  0.000213341 2.40574
0.260404  0.000214582 2.41247
0.263008  0.000215834 2.41917
0.265638  0.000217096 2.42585
0.268295  0.000218369 2.4325
0.270978  0.000219652 2.43911
0.273687  0.000220947 2.4457
0.276424  0.000222253 2.45225
0.279189  0.000223569 2.45877
0.28198  0.000224897 2.46526
0.2848  0.000226237 2.47171
0.287648  0.000227588 2.47813
0.290525  0.000228951 2.48451
0.29343  0.000230325 2.49085
0.296364  0.000231717 2.49716
0.299328  0.000233122 2.50342
0.302321  0.000234544 2.50965
0.305344  0.000235982 2.51584
0.308398  0.000237433 2.52198
0.311482  0.000238896 2.52808
0.314597  0.000240376 2.53414
0.317743  0.000241873 2.54016
0.32092  0.000243384 2.54613
0.324129  0.000244907 2.55205
0.32737  0.000246445 2.55793
0.330644  0.000247996 2.56376
0.333951  0.000249561 2.56954
0.33729  0.00025114 2.57527
0.340663  0.000252734 2.58095
0.34407  0.000254341 2.58658
0.34751  0.000255964 2.59216
0.350985  0.000257601 2.59768
0.354495  0.000259253 2.60315
0.35804  0.00026092 2.60856
0.361621  0.000262603 2.61392
0.365237  0.000264301 2.61922
0.368889  0.000266016 2.62446
0.372578  0.00026775 2.62964
0.376304  0.0002695 2.63477
0.380067  0.000271272 2.63983
0.383868  0.00027306 2.64483
0.387706  0.000274865 2.64977
0.391583  0.000276687 2.65464
0.395499  0.00027835 2.66124
0.399454  0.000279931 2.66871
0.403449  0.000281521 2.67619
0.407483  0.000283119 2.68366
0.411558  0.000284725 2.69112
0.415674  0.00028634 2.69859
0.41983  0.000287964 2.70605
0.424029  0.000289595 2.71352
0.428269  0.000291235 2.72098
0.432552  0.000292884 2.72843
0.436877  0.00029454 2.73589
0.441246  0.000296205 2.74335
0.445658  0.000297882 2.7508
0.450115  0.000299568 2.75826
0.454616  0.000301266 2.76571
0.459162  0.000302973 2.77316
0.463754  0.000304688 2.78062
0.468391  0.000306411 2.78807
0.473075  0.000308142 2.79553
0.477806  0.000309881 2.80298
0.482584  0.000311628 2.81044
0.48741  0.000313382 2.81789
0.492284  0.000315145 2.82535
0.497207  0.000316914 2.83281
0.502179  0.000318692 2.84027
0.507201  0.000320476 2.84774
0.512273  0.000322268 2.8552
0.517396  0.000324068 2.86267
0.52257  0.000325874 2.87014
0.527795  0.000327689 2.8776
0.533073  0.00032951 2.88506
0.538404  0.000331338 2.89254
0.543788  0.000333173 2.90001
0.549226  0.000335014 2.90749
0.554718  0.000336862 2.91498
0.560265  0.000338717 2.92247
0.565868  0.000340578 2.92997
0.571527  0.000342446 2.93747
0.577242  0.000344319 2.94498
0.583014  0.000346199 2.9525
0.588844  0.000348088 2.96003
0.594733  0.00034999 2.96757
0.60068  0.000351889 2.97512
0.606687  0.000353656 2.98269
0.612754  0.000355425 2.99026
0.618881  0.000357196 2.99785
0.62507  0.000358968 3.00546
0.631321  0.00036074 3.01309
0.637634  0.000362514 3.02073
0.644011  0.000364288 3.02839
0.650451  0.000366062 3.03607
0.656955  0.000367837 3.04377
0.663525  0.000369611 3.05149
0.67016  0.000371384 3.05924
0.676862  0.000373157 3.06702
0.68363  0.000374929 3.07482
0.690466  0.0003767 3.08264
0.697371  0.00037847 3.09049
0.704345  0.000380237 3.09837
0.711388  0.000382002 3.10628
0.718502  0.000383766 3.11422
0.725687  0.000385526 3.12219
0.732944  0.000387284 3.13018
0.740273  0.000389041 3.13821
0.747676  0.000390796 3.14627
0.755153  0.00039255 3.15436
0.762705  0.000394303 3.16249
0.770332  0.000396051 3.17065
0.778035  0.000397795 3.17885
0.785815  0.000399536 3.18708
0.793673  0.000401275 3.19535
0.80161  0.000403008 3.20366
0.809626  0.000404735 3.21201
0.817722  0.000406457 3.2204
0.8259  0.000408172 3.22884
0.834159  0.00040988 3.23732
0.8425  0.000411581 3.24584
0.850925  0.000413274 3.25442
0.859435  0.00041496 3.26303
0.868029  0.000416638 3.2717
0.876709  0.000418307 3.28042
0.885476  0.000419968 3.28919
0.894331  0.00042162 3.29802
0.903274  0.000423262 3.30689
0.912307  0.000424894 3.31582
0.92143  0.000426516 3.32481
0.930644  0.000428128 3.33386
0.939951  0.000429729 3.34297
0.94935  0.000431319 3.35214
0.958844  0.000432897 3.36137
0.968432  0.000434463 3.37067
0.978117  0.000436017 3.38003
0.987898  0.000437559 3.38946
0.997777  0.000439087 3.39896
1.00775  0.000440603 3.40853
1.01783  0.000442104 3.41817
1.02801  0.000443592 3.42788
1.03829  0.000445065 3.43768
1.04867  0.000446524 3.44754
1.05916  0.000447968 3.45749
1.06975  0.000449396 3.46752
1.08045  0.000450809 3.47764
1.09125  0.000452206 3.48784
1.10217  0.000453586 3.49812
1.11319  0.000454953 3.5085
1.12432  0.000456304 3.51896
1.13556  0.00045764 3.52952
1.14692  0.00045896 3.54017
1.15839  0.000460263 3.55092
1.16997  0.000461547 3.56177
1.18167  0.000462816 3.57272
1.19349  0.000464066 3.58377
1.20542  0.000465298 3.59493
1.21748  0.00046651 3.6062
1.22965  0.000467703 3.61758
1.24195  0.000468875 3.62907
1.25437  0.000470027 3.64067
1.26691  0.000471159 3.65239
1.27958  0.000472269 3.66423
1.29238  0.000473359 3.6762
1.3053  0.000474426 3.68829
1.31835  0.000475472 3.7005
1.33154  0.000476497 3.71285
1.34485  0.000477498 3.72533
1.3583  0.000478478 3.73794
1.37188  0.000479434 3.7507
1.3856  0.000480368 3.76359
1.39946  0.000481278 3.77663
1.41345  0.000482166 3.78981
1.42759  0.000483029 3.80314
1.44186  0.000483869 3.81663
1.45628  0.000484684 3.83027
1.47085  0.000485476 3.84407
1.48555  0.000486246 3.85803
1.50041  0.000486991 3.87216
1.51541  0.000487715 3.88646
1.53057  0.000488414 3.90092
1.54587  0.000489089 3.91556
1.56133  0.000489738 3.93038
1.57695  0.000490364 3.94538
1.59271  0.000490966 3.96057
1.60864  0.000491542 3.97594
1.62473  0.000492092 3.99151
1.64098  0.000492617 4.00727
1.65739  0.000493116 4.02323
1.67396  0.000493589 4.03939
1.6907  0.000494036 4.05576
1.70761  0.000494458 4.07235
1.72468  0.000494853 4.08914
1.74193  0.000495223 4.10616
1.75935  0.000495567 4.12339
1.77694  0.000495884 4.14086
1.79471  0.000496176 4.15855
1.81266  0.000496442 4.17648
1.83078  0.000496681 4.19465
1.84909  0.000496895 4.21306
1.86758  0.000497083 4.23172
1.88626  0.000497245 4.25063
1.90512  0.000497381 4.2698
1.92417  0.000497491 4.28923
1.94341  0.000497576 4.30893
1.96285  0.000497636 4.3289
1.98248  0.000497671 4.34914
2.0023  0.000497681 4.36967
2.02232  0.000497665 4.39048
2.04255  0.000497625 4.41158
2.06297  0.000497559 4.43297
2.0836  0.000497468 4.45467
2.10444  0.000497353 4.47668
2.12548  0.000497213 4.49899
2.14674  0.000497049 4.52163
2.16821  0.00049686 4.54458
2.18989  0.000496647 4.56786
2.21179  0.000496411 4.59148
2.2339  0.000496154 4.61544
2.25624  0.000495872 4.63974
2.27881  0.000495571 4.66439
2.30159  0.000495246 4.6894
2.32461  0.000494899 4.71477
2.34786  0.000494529 4.74051
2.37134  0.000494138 4.76662
2.39505  0.000493725 4.79312
2.419  0.000493291 4.82
2.44319  0.000492835 4.84728
2.46762  0.000492358 4.87496
2.4923  0.00049186 4.90305
2.51722  0.000491341 4.93155
2.54239  0.000490802 4.96048
2.56782  0.000490243 4.98983
2.59349  0.000489664 5.01961
2.61943  0.000489065 5.04984
2.64562  0.000488447 5.08052
2.67208  0.000487811 5.11165
2.6988  0.000487156 5.14325
2.72579  0.000486482 5.17532
2.75305  0.000485791 5.20787
2.78058  0.000485082 5.2409
2.80838  0.000484356 5.27443
2.83647  0.000483613 5.30846
2.86483  0.000482854 5.343
2.89348  0.000482078 5.37806
2.92241  0.000481286 5.41365
2.95164  0.000480479 5.44977
2.98115  0.000479657 5.48644
3.01097  0.000478821 5.52365
3.04108  0.000477972 5.56143
3.07149  0.000477108 5.59978
3.1022  0.000476231 5.63871
3.13322  0.00047534 5.67822
3.16456  0.000474437 5.71833
3.1962  0.000473522 5.75905
3.22816  0.000472593 5.80038
3.26045  0.000471653 5.84233
3.29305  0.000470701 5.88492
3.32598  0.000469737 5.92815
3.35924  0.000468762 5.97204
3.39283  0.000467776 6.01659
3.42676  0.000466779 6.06181
3.46103  0.000465773 6.10772
3.49564  0.000464756 6.15432
3.53059  0.00046373 6.20163
3.5659  0.000462695 6.24965
3.60156  0.00046165 6.29839
3.63758  0.000460597 6.34788
3.67395  0.000459536 6.39811
3.71069  0.000458468 6.44909
3.7478  0.000457391 6.50085
3.78528  0.000456309 6.5534
3.82313  0.000455219 6.60673
3.86136  0.000454122 6.66087
3.89997  0.000453019 6.71583
3.93897  0.000451911 6.77161
3.97836  0.000450797 6.82824
4.01815  0.000449677 6.88572
4.05833  0.000448551 6.94406
4.09891  0.000447421 7.00328
4.1399  0.000446285 7.0634
4.1813  0.000445145 7.12442
4.22311  0.000444 7.18635
4.26534  0.000442851 7.24922
4.308  0.000441698 7.31303
4.35108  0.000440541 7.3778
4.39459  0.00043938 7.44354
4.43853  0.000438217 7.51027
4.48292  0.000437051 7.57799
4.52775  0.000435882 7.64673
4.57303  0.000434711 7.7165
4.61876  0.000433538 7.78731
4.66494  0.000432362 7.85918
4.71159  0.000431184 7.93212
4.75871  0.000430004 8.00615
4.8063  0.000428822 8.08129
4.85436  0.000427639 8.15754
4.9029  0.000426453 8.23493
4.95193  0.000425267 8.31348
5.00145  0.000424079 8.39319
5.05146  0.000422891 8.47409
5.10198  0.000421701 8.55619
5.153  0.00042051 8.63951
5.20453  0.000419319 8.72406
5.25657  0.000418127 8.80987
5.30914  0.000416935 8.89695
5.36223  0.000415742 8.98532
5.41585  0.000414549 9.07499
5.47001  0.000413356 9.166
5.52471  0.000412162 9.25835
5.57996  0.000410969 9.35206
5.63576  0.000409776 9.44716
5.69212  0.000408583 9.54366
5.74904  0.00040739 9.64158
5.80653  0.000406198 9.74094
5.86459  0.000405006 9.84177
5.92324  0.000403816 9.94408
5.98247  0.000402626 10.0479
6.0423  0.000401438 10.1532
6.10272  0.000400251 10.2601
6.16375  0.000399065 10.3686
6.22538  0.000397879 10.4786
6.28764  0.000396694 10.5903
6.35051  0.00039551 10.7036
6.41402  0.000394326 10.8186
6.47816  0.000393143 10.9352
6.54294  0.000391962 11.0536
6.60837  0.000390781 11.1737
6.67445  0.000389601 11.2955
6.7412  0.000388421 11.4192
6.80861  0.000387243 11.5446
6.8767  0.000386066 11.6719
6.94546  0.000384889 11.801
7.01492  0.000383714 11.9321
7.08507  0.000382539 12.065
7.15592  0.000381365 12.1999
7.22748  0.000380192 12.3367
7.29975  0.00037902 12.4756
7.37275  0.000377849 12.6164
7.44648  0.00037668 12.7594
7.52094  0.000375511 12.9044
7.59615  0.000374344 13.0515
7.67211  0.000373178 13.2008
7.74883  0.000372013 13.3522
7.82632  0.000370848 13.5059
7.90459  0.000369685 13.6618
7.98363  0.000368523 13.82
8.06347  0.000367362 13.9805
8.1441  0.000366201 14.1433
8.22554  0.000365041 14.3085
8.3078  0.000363881 14.4761
8.39088  0.000362722 14.6462
8.47479  0.000361564 14.8187
8.55953  0.000360406 14.9938
8.64513  0.000359249 15.1714
8.73158  0.000358093 15.3516
8.8189  0.000356936 15.5345
8.90709  0.000355781 15.72
8.99616  0.000354625 15.9082
9.08612  0.00035347 16.0992
9.17698  0.000352315 16.293
9.26875  0.000351161 16.4896
9.36144  0.000350007 16.6891
9.45505  0.000348853 16.8915
9.5496  0.000347699 17.0969
9.6451  0.000346545 17.3053
9.74155  0.000345392 17.5167
9.83896  0.000344239 17.7312
9.93735  0.000343085 17.9489
10.0367  0.000341932 18.1698
10.1371  0.000340779 18.394
10.2385  0.000339625 18.6214
10.3409  0.000338472 18.8522
10.4443  0.000337318 19.0864
10.5487  0.000336164 19.324
10.6542  0.00033501 19.5652
10.7607  0.000333856 19.8099
10.8683  0.000332702 20.0582
10.977  0.000331547 20.3101
11.0868  0.000330393 20.5658
11.1977  0.000329238 20.8253
11.3096  0.000328084 21.0887
11.4227  0.000326929 21.3559
11.537  0.000325774 21.6271
11.6523  0.000324619 21.9024
11.7689  0.000323464 22.1817
11.8865  0.000322308 22.4652
12.0054  0.000321152 22.7529
12.1255  0.000319995 23.0449
12.2467  0.000318838 23.3412
12.3692  0.000317681 23.642
12.4929  0.000316523 23.9473
12.6178  0.000315364 24.2572
12.744  0.000314205 24.5717
12.8714  0.000313045 24.8909
13.0001  0.000311884 25.2149
13.1301  0.000310723 25.5438
13.2614  0.000309561 25.8776
13.3941  0.000308399 26.2165
13.528  0.000307235 26.5604
13.6633  0.000306071 26.9096
13.7999  0.000304907 27.2641
13.9379  0.000303742 27.6239
14.0773  0.000302576 27.9891
14.2181  0.000301409 28.36
14.3602  0.000300241 28.7364
14.5038  0.000299073 29.1186
14.6489  0.000297904 29.5066
14.7954  0.000296735 29.9005
14.9433  0.000295565 30.3004
15.0928  0.000294394 30.7065
15.2437  0.000293224 31.1187
15.3961  0.000292052 31.5373
15.5501  0.00029088 31.9623
15.7056  0.000289707 32.3939
15.8626  0.000288533 32.832
16.0213  0.000287359 33.277
16.1815  0.000286185 33.7288
16.3433  0.000285009 34.1876
16.5067  0.000283833 34.6534
16.6718  0.000282656 35.1265
16.8385  0.000281479 35.6069
17.0069  0.000280301 36.0948
17.177  0.000279122 36.5903
17.3487  0.000277942 37.0935
17.5222  0.000276762 37.6046
17.6974  0.000275582 38.1236
17.8744  0.000274401 38.6507
18.0532  0.000273219 39.1862
18.2337  0.000272037 39.73
18.416  0.000270854 40.2824
18.6002  0.000269671 40.8435
18.7862  0.000268487 41.4134
18.9741  0.000267303 41.9923
19.1638  0.000266119 42.5804
19.3554  0.000264934 43.1778
19.549  0.000263748 43.7847
19.7445  0.000262563 44.4012
19.9419  0.000261377 45.0274
20.1413  0.000260191 45.6636
20.3427  0.000259005 46.31
20.5462  0.000257818 46.9666
20.7516  0.000256632 47.6336
20.9592  0.000255445 48.3113
21.1687  0.000254258 48.9998
21.3804  0.000253071 49.6994
21.5942  0.000251883 50.4101
21.8102  0.000250696 51.1323
22.0283  0.000249509 51.8661
22.2486  0.000248322 52.6118
22.4711  0.000247135 53.3696
22.6958  0.000245949 54.1397
22.9227  0.000244763 54.9224
23.1519  0.000243577 55.7179
23.3835  0.000242392 56.5265
23.6173  0.000241206 57.3484
23.8535  0.000240022 58.1838
24.092  0.000238837 59.033
24.3329  0.000237653 59.8961
24.5763  0.00023647 60.7733
24.822  0.000235287 61.6649
25.0702  0.000234104 62.5709
25.3209  0.000232922 63.4916
25.5742  0.000231741 64.4272
25.8299  0.00023056 65.3779
26.0882  0.00022938 66.3438
26.3491  0.000228201 67.3252
26.6126  0.000227022 68.3222
26.8787  0.000225845 69.3352
27.1475  0.000224668 70.3646
27.419  0.000223492 71.4109
27.6931  0.000222318 72.4746
27.9701  0.000221144 73.5561
28.2498  0.000219971 74.656
28.5323  0.0002188 75.7748
28.8176  0.00021763 76.9131
29.1058  0.00021646 78.0713
29.3968  0.000215293 79.2502
29.6908  0.000214126 80.4503
29.9877  0.000199645 81.6721
30.2876  0.000198558 82.9163
30.5905  0.000197476 84.1832
30.8964  0.000196396 85.4735
31.2053  0.000195317 86.7875
31.5174  0.00019424 88.1258
31.8326  0.000193164 89.489
32.1509  0.000192089 90.8776
32.4724  0.000191017 92.2921
32.7971  0.000189946 93.7332
33.1251  0.000188877 95.2014
33.4563  0.000187809 96.6973
33.7909  0.000186744 98.2213
34.1288  0.00018568 99.7738
34.4701  0.000184618 101.355
34.8148  0.000183559 102.965
35.1629  0.000182501 104.603
35.5146  0.000181446 106.271
35.8697  0.000180392 107.968
36.2284  0.000179341 109.695
36.5907  0.000178292 111.451
36.9566  0.000177244 113.236
37.3262  0.000176198 115.051
37.6994  0.000175155 116.896
38.0764  0.000174114 118.772
38.4572  0.000173076 120.679
38.8418  0.000172041 122.617
39.2302  0.000171008 124.588
39.6225  0.000169978 126.593
40.0187  0.000168951 128.632
40.4189  0.000167926 130.706
40.8231  0.000166904 132.817
41.2313  0.000165886 134.964
41.6436  0.00016487 137.149
42.0601  0.000163857 139.373
42.4807  0.000162847 141.636
42.9055  0.00016184 143.94
43.3345  0.000160836 146.285
43.7679  0.000159835 148.672
44.2056  0.000158838 151.1
44.6476  0.000157843 153.572
45.0941  0.000156852 156.088
45.545  0.000155864 158.648
46.0005  0.000154877 161.253
46.4605  0.000153894 163.903
46.9251  0.000152914 166.6
47.3943  0.000151938 169.345
47.8683  0.000150965 172.137
48.347  0.000149996 174.978
48.8304  0.00014903 177.869
49.3187  0.000148068 180.811
49.8119  0.000147109 183.805
50.31  0.000146155 186.851
50.8131  0.000145203 189.951
51.3213  0.000144256 193.106
51.8345  0.000143312 196.317
52.3528  0.000142372 199.586
52.8764  0.000141436 202.912
53.4051  0.000140503 206.297
53.9392  0.000139574 209.743
54.4786  0.000138649 213.25
55.0234  0.000137728 216.82
55.5736  0.000136811 220.453
56.1293  0.000135898 224.151
56.6906  0.000134988 227.915
57.2575  0.000134083 231.746
57.8301  0.000133181 235.646
58.4084  0.000132283 239.615
58.9925  0.00013139 243.655
59.5824  0.0001305 247.767
60.1782  0.000129615 251.952
60.78  0.000128734 256.212
61.3878  0.000127855 260.549
62.0017  0.00012698 264.963
62.6217  0.00012611 269.455
63.2479  0.000125243 274.029
63.8804  0.000124381 278.684
64.5192  0.000123523 283.423
65.1644  0.000122669 288.247
65.816  0.000121818 293.157
66.4742  0.000120972 298.156
67.1389  0.000120131 303.245
67.8103  0.000119293 308.425
68.4884  0.000118459 313.698
69.1733  0.00011763 319.067
69.8651  0.000116805 324.532
70.5637  0.000115984 330.095
71.2693  0.000115167 335.759
71.982  0.000114354 341.524
72.7019  0.000113545 347.394
73.4289  0.000112741 353.37
74.1632  0.000111941 359.453
74.9048  0.000111145 365.646
75.6538  0.000110354 371.951
76.4104  0.000109566 378.37
77.1745  0.000108783 384.904
77.9462  0.000108004 391.557
78.7257  0.000107229 398.33
79.513  0.000106459 405.226
80.3081  0.000105693 412.247
81.1112  0.000104931 419.394
81.9223  0.000104174 426.671
82.7415  0.000103422 434.08
83.5689  0.000102673 441.623
84.4046  0.000101929 449.303
85.2486  0.000101189 457.122
86.1011  0.000100452 465.083
86.9621  9.97197e-05 473.188
87.8318  9.89913e-05 481.44
88.7101  9.82671e-05 489.843
89.5972  9.7547e-05 498.398
90.4932  9.6831e-05 507.108
91.3981  9.61192e-05 515.977
92.3121  9.54115e-05 525.007
93.2352  9.4708e-05 534.201
94.1675  9.40085e-05 543.562
95.1092  9.33132e-05 553.094
96.0603  9.2622e-05 562.799
97.0209  9.19349e-05 572.681
97.9911  9.12519e-05 582.743
98.971  9.0573e-05 592.989
99.9607  8.98982e-05 603.421
100.96  8.92275e-05 614.043
101.97  8.85609e-05 624.858
102.99  8.78983e-05 635.871
104.02  8.72398e-05 647.085
105.06  8.65853e-05 658.504
106.11  8.59348e-05 670.131
107.171  8.52884e-05 681.97
108.243  8.4646e-05 694.025
109.326  8.40077e-05 706.3
110.419  8.33733e-05 718.8
111.523  8.2743e-05 731.527
112.638  8.21167e-05 744.488
113.765  8.14945e-05 757.685
114.902  8.08763e-05 771.124
116.051  8.0262e-05 784.809
117.212  7.96516e-05 798.743
118.384  7.90453e-05 812.933
119.568  7.84428e-05 827.382
120.763  7.78443e-05 842.096
121.971  7.72497e-05 857.079
123.191  7.66593e-05 872.336
124.423  7.60727e-05 887.873
125.667  7.549e-05 903.694
126.924  7.49111e-05 919.805
128.193  7.43359e-05 936.212
129.475  7.37646e-05 952.919
130.77  7.3197e-05 969.932
132.077  7.26331e-05 987.258
133.398  7.20731e-05 1004.9
134.732  7.15167e-05 1022.87
136.079  7.09641e-05 1041.16
137.44  7.04152e-05 1059.8
138.814  6.98699e-05 1078.77
140.203  6.93284e-05 1098.09
141.605  6.87905e-05 1117.77
143.021  6.82563e-05 1137.8
144.451  6.77257e-05 1158.21
145.895  6.71987e-05 1178.99
147.354  6.66754e-05 1200.15
148.828  6.61557e-05 1221.7
150.316  6.56396e-05 1243.65
151.819  6.5127e-05 1266
153.338  6.46179e-05 1288.76
154.871  6.41123e-05 1311.94
156.42  6.36103e-05 1335.54
157.984  6.31118e-05 1359.58
159.564  6.26169e-05 1384.06
161.159  6.21254e-05 1408.99
162.771  6.16374e-05 1434.38
164.399  6.11528e-05 1460.24
166.043  6.06717e-05 1486.57
167.703  6.0194e-05 1513.39
169.38  5.97197e-05 1540.7
171.074  5.92488e-05 1568.51
172.785  5.87813e-05 1596.83
174.512  5.83171e-05 1625.68
176.258  5.78563e-05 1655.05
178.02  5.73988e-05 1684.97
179.8  5.69446e-05 1715.43
181.598  5.64937e-05 1746.46
183.414  5.6046e-05 1778.06
185.248  5.56017e-05 1810.24
187.101  5.51606e-05 1843.01
188.972  5.47227e-05 1876.39
190.862  5.42881e-05 1910.38
192.77  5.38566e-05 1944.99
194.698  5.34283e-05 1980.25
196.645  5.30032e-05 2016.15
198.611  5.25813e-05 2052.71
200.598  5.21624e-05 2089.95
202.604  5.17467e-05 2127.87
204.63  5.1334e-05 2166.49
206.676  5.09244e-05 2205.83
208.743  5.05179e-05 2245.88
210.83  5.01144e-05 2286.68
212.938  4.97139e-05 2328.23
215.068  4.93164e-05 2370.54
217.218  4.8922e-05 2413.63
219.391  4.85304e-05 2457.51
221.584  4.81419e-05 2502.21
223.8  4.77563e-05 2547.72
226.038  4.73736e-05 2594.08
228.299  4.69939e-05 2641.29
230.582  4.66171e-05 2689.37
232.888  4.62432e-05 2738.33
235.216  4.58721e-05 2788.2
237.569  4.55038e-05 2838.98
239.944  4.51384e-05 2890.7
242.344  4.47757e-05 2943.38
244.767  4.44159e-05 2997.02
247.215  4.40588e-05 3051.65
249.687  4.37045e-05 3107.29
252.184  4.33529e-05 3163.95
254.706  4.3004e-05 3221.66
257.253  4.26579e-05 3280.43
259.825  4.23145e-05 3340.28
262.423  4.19737e-05 3401.23
265.048  4.16355e-05 3463.31
267.698  4.13e-05 3526.53
270.375  4.09671e-05 3590.92
273.079  4.06368e-05 3656.49
275.81  4.03091e-05 3723.26
278.568  3.99839e-05 3791.27
281.354  3.96613e-05 3860.53
284.167  3.93413e-05 3931.07
287.009  3.90237e-05 4002.9
289.879  3.87086e-05 4076.06
292.778  3.8396e-05 4150.56
295.705  3.80859e-05 4226.44
298.662  3.77783e-05 4303.71
301.649  3.7473e-05 4382.4
304.666  3.71702e-05 4462.54
307.712  3.68698e-05 4544.16
310.789  3.65718e-05 4627.28
313.897  3.62761e-05 4711.93
317.036  3.59829e-05 4798.14
320.207  3.56919e-05 4885.93
323.409  3.54033e-05 4975.34
326.643  3.51169e-05 5066.39
329.909  3.48329e-05 5159.12
333.208  3.45511e-05 5253.55
336.54  3.42715e-05 5349.72
339.906  3.39942e-05 5447.66
343.305  3.37192e-05 5547.4
346.738  3.34463e-05 5648.98
350.205  3.31756e-05 5752.42
353.707  3.29071e-05 5857.76
357.244  3.26407e-05 5965.04
360.817  3.23764e-05 6074.3
364.425  3.21142e-05 6185.56
368.069  3.18541e-05 6298.86
371.75  3.15961e-05 6414.25
375.467  3.13402e-05 6531.76
379.222  3.10865e-05 6651.42
383.014  3.08348e-05 6773.29
386.844  3.05851e-05 6897.39
390.713  3.03375e-05 7023.77
394.62  3.00919e-05 7152.48
398.566  2.98483e-05 7283.54
402.552  2.96067e-05 7417.02
406.577  2.93671e-05 7552.94
410.643  2.91294e-05 7691.36
414.75  2.88937e-05 7832.32
418.897  2.86599e-05 7975.86
423.086  2.84281e-05 8122.04
427.317  2.81981e-05 8270.9
431.59  2.797e-05 8422.49
435.906  2.77438e-05 8576.86
440.265  2.75195e-05 8734.06
444.668  2.7297e-05 8894.15
449.114  2.70764e-05 9057.17
453.605  2.68576e-05 9223.18
458.142  2.66406e-05 9392.23
462.723  2.64254e-05 9564.38
467.35  2.6212e-05 9739.68
472.024  2.60003e-05 9918.2
476.744  2.57904e-05 10100
481.511  2.55822e-05 10285.1
486.326  2.53758e-05 10473.6
491.19  2.51711e-05 10665.6
496.102  2.4968e-05 10861
501.063  2.47667e-05 11060.1
506.073  2.4567e-05 11262.8
511.134  2.4369e-05 11469.2
516.245  2.41726e-05 11679.3
521.408  2.39779e-05 11893.4
526.622  2.37848e-05 12111.3
531.888  2.35932e-05 12333.2
537.207  2.33927e-05 12559.1
542.579  2.32044e-05 12789.2
548.005  2.30177e-05 13023.5
553.485  2.28326e-05 13262.1
559.02  2.2649e-05 13505
564.61  2.2467e-05 13752.4
570.256  2.22865e-05 14004.3
575.959  2.21074e-05 14260.8
581.718  2.19299e-05 14522
587.535  2.17538e-05 14787.9
593.411  2.15792e-05 15058.8
599.345  2.14061e-05 15334.5
605.338  2.12344e-05 15615.3
611.392  2.10641e-05 15901.3
617.506  2.08953e-05 16192.4
623.681  2.07279e-05 16488.9
629.917  2.05619e-05 16790.7
636.217  2.03973e-05 17098
642.579  2.02341e-05 17410.9
649.005  2.00722e-05 17729.5
655.495  1.99117e-05 18053.9
662.05  1.97526e-05 18384.1
668.67  1.95948e-05 18720.3
675.357  1.94384e-05 19062.6
682.11  1.92832e-05 19411.1
688.931  1.91294e-05 19765.9
695.821  1.89769e-05 20127.1
702.779  1.88257e-05 20494.9
709.807  1.86758e-05 20869.5
716.905  1.85271e-05 21250.8
724.074  1.83797e-05 21639.1
731.315  1.82336e-05 22034.6
738.628  1.80887e-05 22437.3
746.014  1.79451e-05 22847.3
753.474  1.78026e-05 23264.9
761.009  1.76614e-05 23690.2
768.619  1.75214e-05 24123.4
776.305  1.73826e-05 24564.6
784.068  1.7245e-05 25013.9
791.909  1.71086e-05 25471.6
799.828  1.69733e-05 25937.8
807.826  1.68392e-05 26412.7
815.905  1.67062e-05 26896.4
824.064  1.65744e-05 27389.2
832.304  1.64437e-05 27891.3
840.627  1.63141e-05 28402.8
849.034  1.61856e-05 28923.9
857.524  1.60582e-05 29454.7
866.099  1.59319e-05 29995.6
874.76  1.58067e-05 30546.5
883.508  1.56826e-05 31107.8
892.343  1.55595e-05 31679.5
901.266  1.54375e-05 32261.9
910.279  1.53166e-05 32855.2
919.382  1.51967e-05 33459.4
928.575  1.50778e-05 34074.9
937.861  1.49599e-05 34701.7
947.24  1.4843e-05 35340.2
956.712  1.47272e-05 35990.5
966.279  1.46123e-05 36652.7
975.942  1.44985e-05 37327.2
985.702  1.43856e-05 38014.2
995.559  1.42737e-05 38713.9
