0.001  1.62628e-05 0.345025
0.00101  1.62578e-05 0.346746
0.0010201  1.6253e-05 0.348476
0.0010303  1.6248e-05 0.350214
0.0010406  1.62429e-05 0.35196
0.00105101  1.62375e-05 0.353716
0.00106152  1.62319e-05 0.35548
0.00107214  1.62282e-05 0.357253
0.00108286  1.6226e-05 0.359034
0.00109369  1.62236e-05 0.360825
0.00110462  1.62211e-05 0.362625
0.00111567  1.62183e-05 0.364433
0.00112683  1.62154e-05 0.366251
0.00113809  1.62124e-05 0.368078
0.00114947  1.62091e-05 0.369913
0.00116097  1.62056e-05 0.371758
0.00117258  1.6202e-05 0.373612
0.0011843  1.61981e-05 0.375476
0.00119615  1.61941e-05 0.377348
0.00120811  1.61899e-05 0.379231
0.00122019  1.61854e-05 0.381122
0.00123239  1.61808e-05 0.383023
0.00124472  1.61764e-05 0.384933
0.00125716  1.61722e-05 0.386853
0.00126973  1.61678e-05 0.388783
0.00128243  1.61632e-05 0.390722
0.00129526  1.61584e-05 0.39267
0.00130821  1.61533e-05 0.394629
0.00132129  1.61481e-05 0.396597
0.0013345  1.61428e-05 0.398575
0.00134785  1.61424e-05 0.400563
0.00136133  1.61418e-05 0.402561
0.00137494  1.61411e-05 0.404568
0.00138869  1.61402e-05 0.406586
0.00140258  1.61391e-05 0.408614
0.0014166  1.61378e-05 0.410652
0.00143077  1.61363e-05 0.4127
0.00144508  1.61347e-05 0.414758
0.00145953  1.61328e-05 0.416827
0.00147412  1.61308e-05 0.418906
0.00148886  1.61286e-05 0.420995
0.00150375  1.61261e-05 0.423095
0.00151879  1.61235e-05 0.425205
0.00153398  1.61207e-05 0.427326
0.00154932  1.61176e-05 0.429457
0.00156481  1.61144e-05 0.431599
0.00158046  1.61109e-05 0.433752
0.00159626  1.61072e-05 0.435915
0.00161223  1.6107e-05 0.438089
0.00162835  1.61075e-05 0.440274
0.00164463  1.61078e-05 0.44247
0.00166108  1.61079e-05 0.444677
0.00167769  1.61105e-05 0.446894
0.00169447  1.61145e-05 0.449123
0.00171141  1.61183e-05 0.451363
0.00172852  1.6122e-05 0.453615
0.00174581  1.61256e-05 0.455877
0.00176327  1.6129e-05 0.458151
0.0017809  1.61323e-05 0.460436
0.00179871  1.61354e-05 0.462732
0.0018167  1.61383e-05 0.46504
0.00183486  1.6141e-05 0.467359
0.00185321  1.61436e-05 0.46969
0.00187174  1.61473e-05 0.472033
0.00189046  1.6151e-05 0.474387
0.00190937  1.61546e-05 0.476753
0.00192846  1.61581e-05 0.479131
0.00194774  1.61613e-05 0.481521
0.00196722  1.61644e-05 0.483922
0.00198689  1.61674e-05 0.486336
0.00200676  1.61715e-05 0.488762
0.00202683  1.61788e-05 0.491199
0.0020471  1.6186e-05 0.493649
0.00206757  1.61931e-05 0.496111
0.00208825  1.62e-05 0.498585
0.00210913  1.62068e-05 0.501072
0.00213022  1.62134e-05 0.503571
0.00215152  1.62233e-05 0.506083
0.00217304  1.62333e-05 0.508607
0.00219477  1.62433e-05 0.511144
0.00221672  1.62531e-05 0.513693
0.00223888  1.62628e-05 0.516255
0.00226127  1.62724e-05 0.51883
0.00228388  1.62819e-05 0.521418
0.00230672  1.62913e-05 0.524018
0.00232979  1.63005e-05 0.526632
0.00235309  1.63096e-05 0.529258
0.00237662  1.63186e-05 0.531898
0.00240038  1.63274e-05 0.534551
0.00242439  1.63361e-05 0.537217
0.00244863  1.63447e-05 0.539896
0.00247312  1.63531e-05 0.542589
0.00249785  1.63631e-05 0.545295
0.00252283  1.63733e-05 0.548015
0.00254806  1.63833e-05 0.550748
0.00257354  1.63931e-05 0.553495
0.00259927  1.64029e-05 0.556255
0.00262527  1.64125e-05 0.55903
0.00265152  1.64219e-05 0.561818
0.00267803  1.64346e-05 0.56462
0.00270481  1.64521e-05 0.567436
0.00273186  1.64695e-05 0.570266
0.00275918  1.64868e-05 0.57311
0.00278677  1.6504e-05 0.575969
0.00281464  1.65212e-05 0.578841
0.00284279  1.65383e-05 0.581728
0.00287121  1.65554e-05 0.58463
0.00289993  1.65723e-05 0.587546
0.00292893  1.65892e-05 0.590476
0.00295822  1.6606e-05 0.593421
0.0029878  1.66228e-05 0.596381
0.00301768  1.66429e-05 0.599147
0.00304785  1.66979e-05 0.59986
0.00307833  1.67531e-05 0.600586
0.00310911  1.68086e-05 0.601324
0.0031402  1.68643e-05 0.602074
0.00317161  1.69203e-05 0.602836
0.00320332  1.69771e-05 0.603608
0.00323536  1.70369e-05 0.604392
0.00326771  1.7097e-05 0.605187
0.00330039  1.71574e-05 0.605992
0.00333339  1.72181e-05 0.606808
0.00336672  1.72848e-05 0.607633
0.00340039  1.73521e-05 0.608469
0.0034344  1.74198e-05 0.609314
0.00346874  1.7488e-05 0.610169
0.00350343  1.75565e-05 0.611033
0.00353846  1.76254e-05 0.611905
0.00357385  1.76947e-05 0.612787
0.00360958  1.77644e-05 0.613677
0.00364568  1.78345e-05 0.614576
0.00368214  1.7905e-05 0.615483
0.00371896  1.79764e-05 0.616399
0.00375615  1.80501e-05 0.617322
0.00379371  1.81243e-05 0.618253
0.00383165  1.8199e-05 0.619192
0.00386996  1.82742e-05 0.620139
0.00390866  1.83498e-05 0.621093
0.00394775  1.84259e-05 0.622054
0.00398723  1.85024e-05 0.623022
0.0040271  1.85795e-05 0.623998
0.00406737  1.8657e-05 0.624981
0.00410804  1.8735e-05 0.62597
0.00414912  1.88136e-05 0.626966
0.00419062  1.88926e-05 0.627969
0.00423252  1.89721e-05 0.628979
0.00427485  1.9053e-05 0.629995
0.0043176  1.91372e-05 0.631017
0.00436077  1.9222e-05 0.632046
0.00440438  1.93074e-05 0.633081
0.00444842  1.93933e-05 0.634123
0.00449291  1.94797e-05 0.63517
0.00453784  1.95668e-05 0.636224
0.00458321  1.96544e-05 0.637284
0.00462905  1.97426e-05 0.638349
0.00467534  1.98314e-05 0.639421
0.00472209  1.99207e-05 0.640499
0.00476931  2.00107e-05 0.641582
0.004817  2.01012e-05 0.642672
0.00486517  2.01924e-05 0.643767
0.00491383  2.02842e-05 0.644868
0.00496296  2.0377e-05 0.645975
0.00501259  2.04737e-05 0.647087
0.00506272  2.05781e-05 0.648206
0.00511335  2.06833e-05 0.64933
0.00516448  2.07892e-05 0.650459
0.00521613  2.08958e-05 0.651595
0.00526829  2.10032e-05 0.652736
0.00532097  2.11114e-05 0.653883
0.00537418  2.12236e-05 0.655035
0.00542792  2.13374e-05 0.656194
0.0054822  2.1452e-05 0.657358
0.00553702  2.15674e-05 0.658528
0.00559239  2.16836e-05 0.659703
0.00564832  2.18006e-05 0.660885
0.0057048  2.19185e-05 0.662072
0.00576185  2.20372e-05 0.663265
0.00581947  2.21567e-05 0.664463
0.00587766  2.22771e-05 0.665668
0.00593644  2.23983e-05 0.666878
0.0059958  2.25203e-05 0.668094
0.00605576  2.26432e-05 0.669317
0.00611632  2.2767e-05 0.670545
0.00617748  2.28916e-05 0.671779
0.00623926  2.30183e-05 0.67302
0.00630165  2.31462e-05 0.674266
0.00636466  2.3275e-05 0.675519
0.00642831  2.34047e-05 0.676778
0.00649259  2.35353e-05 0.678043
0.00655752  2.36668e-05 0.679314
0.0066231  2.37992e-05 0.680591
0.00668933  2.39326e-05 0.681875
0.00675622  2.40668e-05 0.683166
0.00682378  2.42019e-05 0.684463
0.00689202  2.4338e-05 0.685766
0.00696094  2.4475e-05 0.687076
0.00703055  2.4613e-05 0.688393
0.00710085  2.47519e-05 0.689716
0.00717186  2.48917e-05 0.691047
0.00724358  2.50325e-05 0.692384
0.00731602  2.51742e-05 0.693727
0.00738918  2.53169e-05 0.695078
0.00746307  2.54614e-05 0.696436
0.0075377  2.56077e-05 0.697801
0.00761308  2.5755e-05 0.699174
0.00768921  2.59033e-05 0.700553
0.0077661  2.60525e-05 0.70194
0.00784376  2.62028e-05 0.703335
0.0079222  2.63541e-05 0.704736
0.00800142  2.65068e-05 0.706146
0.00808144  2.66662e-05 0.707562
0.00816225  2.68268e-05 0.708987
0.00824387  2.69883e-05 0.710419
0.00832631  2.7151e-05 0.71186
0.00840957  2.73148e-05 0.713308
0.00849367  2.74796e-05 0.714764
0.00857861  2.76456e-05 0.716228
0.00866439  2.78126e-05 0.717701
0.00875104  2.79807e-05 0.719182
0.00883855  2.815e-05 0.720671
0.00892693  2.83203e-05 0.722169
0.0090162  2.84918e-05 0.723675
0.00910636  2.86643e-05 0.72519
0.00919743  2.8838e-05 0.726713
0.0092894  2.90128e-05 0.728245
0.0093823  2.91888e-05 0.729786
0.00947612  2.93658e-05 0.731336
0.00957088  2.9544e-05 0.732895
0.00966659  2.97234e-05 0.734463
0.00976325  2.99038e-05 0.736041
0.00986089  3.00855e-05 0.737628
0.0099595  3.02693e-05 0.739224
0.0100591  3.04591e-05 0.74083
0.0101597  3.06536e-05 0.742445
0.0102613  3.08492e-05 0.74407
0.0103639  3.10462e-05 0.745705
0.0104675  3.12444e-05 0.747349
0.0105722  3.14438e-05 0.749004
0.0106779  3.16445e-05 0.750668
0.0107847  3.18465e-05 0.752343
0.0108926  3.20498e-05 0.754028
0.0110015  3.22543e-05 0.755724
0.0111115  3.24601e-05 0.757429
0.0112226  3.26672e-05 0.759146
0.0113348  3.28756e-05 0.760873
0.0114482  3.30853e-05 0.76261
0.0115627  3.32963e-05 0.764359
0.0116783  3.35086e-05 0.766118
0.0117951  3.37222e-05 0.767888
0.011913  3.39371e-05 0.76967
0.0120322  3.41534e-05 0.771462
0.0121525  3.43709e-05 0.773266
0.012274  3.45898e-05 0.775082
0.0123967  3.48103e-05 0.776909
0.0125207  3.50339e-05 0.778747
0.0126459  3.52589e-05 0.780597
0.0127724  3.54853e-05 0.782459
0.0129001  3.5713e-05 0.784333
0.0130291  3.59421e-05 0.786219
0.0131594  3.61725e-05 0.788116
0.013291  3.64044e-05 0.790026
0.0134239  3.66394e-05 0.791949
0.0135581  3.6877e-05 0.793883
0.0136937  3.71159e-05 0.79583
0.0138307  3.73563e-05 0.79779
0.013969  3.75981e-05 0.799763
0.0141086  3.78413e-05 0.801748
0.0142497  3.80859e-05 0.803746
0.0143922  3.8332e-05 0.805756
0.0145362  3.85795e-05 0.80778
0.0146815  3.88285e-05 0.809817
0.0148283  3.90789e-05 0.811867
0.0149766  3.93307e-05 0.813931
0.0151264  3.9584e-05 0.816008
0.0152776  3.98387e-05 0.818099
0.0154304  4.00949e-05 0.820203
0.0155847  4.03526e-05 0.822321
0.0157406  4.06117e-05 0.824453
0.015898  4.08723e-05 0.826599
0.016057  4.11364e-05 0.828758
0.0162175  4.14051e-05 0.830932
0.0163797  4.16753e-05 0.83312
0.0165435  4.19471e-05 0.835323
0.0167089  4.22208e-05 0.837539
0.016876  4.24977e-05 0.839771
0.0170448  4.27762e-05 0.842017
0.0172152  4.30562e-05 0.844277
0.0173874  4.33378e-05 0.846553
0.0175613  4.3621e-05 0.848843
0.0177369  4.39058e-05 0.851148
0.0179142  4.41922e-05 0.853469
0.0180934  4.44801e-05 0.855804
0.0182743  4.47697e-05 0.858155
0.0184571  4.50609e-05 0.860521
0.0186416  4.53549e-05 0.862903
0.018828  4.56526e-05 0.8653
0.0190163  4.59518e-05 0.867713
0.0192065  4.62528e-05 0.870142
0.0193986  4.65554e-05 0.872587
0.0195925  4.68596e-05 0.875048
0.0197885  4.71655e-05 0.877524
0.0199864  4.74731e-05 0.880017
0.0201862  4.77842e-05 0.882526
0.0203881  4.80972e-05 0.885051
0.020592  4.84119e-05 0.887593
0.0207979  4.87283e-05 0.890151
0.0210059  4.90465e-05 0.892725
0.0212159  4.93663e-05 0.895317
0.0214281  4.96889e-05 0.897925
0.0216424  5.00143e-05 0.90055
0.0218588  5.03415e-05 0.903191
0.0220774  5.06704e-05 0.90585
0.0222981  5.10011e-05 0.908527
0.0225211  5.13336e-05 0.91122
0.0227463  5.16679e-05 0.913931
0.0229738  5.2004e-05 0.916659
0.0232035  5.23418e-05 0.919405
0.0234356  5.26815e-05 0.922168
0.0236699  5.3023e-05 0.92495
0.0239066  5.33663e-05 0.927749
0.0241457  5.37114e-05 0.930567
0.0243871  5.40584e-05 0.933403
0.024631  5.44072e-05 0.936257
0.0248773  5.47578e-05 0.939129
0.0251261  5.51103e-05 0.942019
0.0253774  5.54647e-05 0.944927
0.0256311  5.58209e-05 0.947854
0.0258874  5.61789e-05 0.950798
0.0261463  5.65389e-05 0.953761
0.0264078  5.69007e-05 0.956742
0.0266719  5.72646e-05 0.959741
0.0269386  5.76335e-05 0.962759
0.027208  5.80044e-05 0.965794
0.02748  5.83773e-05 0.968849
0.0277548  5.87522e-05 0.971922
0.0280324  5.91289e-05 0.975014
0.0283127  5.95077e-05 0.978126
0.0285958  5.98885e-05 0.981257
0.0288818  6.02712e-05 0.984409
0.0291706  6.06559e-05 0.98758
0.0294623  6.10426e-05 0.990772
0.029757  6.14313e-05 0.993985
0.0300545  6.18221e-05 0.997219
0.0303551  6.21856e-05 1.00048
0.0306586  6.2537e-05 1.00375
0.0309652  6.28895e-05 1.00705
0.0312749  6.32433e-05 1.01037
0.0315876  6.35982e-05 1.01372
0.0319035  6.39544e-05 1.01709
0.0322225  6.43128e-05 1.02048
0.0325447  6.46727e-05 1.02389
0.0328702  6.50338e-05 1.02733
0.0331989  6.53961e-05 1.0308
0.0335309  6.57607e-05 1.03429
0.0338662  6.61272e-05 1.0378
0.0342049  6.6495e-05 1.04134
0.0345469  6.68639e-05 1.0449
0.0348924  6.72341e-05 1.04849
0.0352413  6.76054e-05 1.05211
0.0355937  6.79779e-05 1.05575
0.0359496  6.83515e-05 1.05942
0.0363091  6.87263e-05 1.06311
0.0366722  6.91022e-05 1.06683
0.037039  6.94793e-05 1.07057
0.0374093  6.98595e-05 1.07434
0.0377834  7.02415e-05 1.07814
0.0381613  7.06247e-05 1.08196
0.0385429  7.1009e-05 1.08581
0.0389283  7.13945e-05 1.08968
0.0393176  7.17811e-05 1.09358
0.0397108  7.21688e-05 1.09751
0.0401079  7.25577e-05 1.10146
0.040509  7.29476e-05 1.10544
0.040914  7.33387e-05 1.10944
0.0413232  7.37308e-05 1.11347
0.0417364  7.4124e-05 1.11753
0.0421538  7.45183e-05 1.12162
0.0425753  7.49137e-05 1.12573
0.0430011  7.53113e-05 1.12987
0.0434311  7.57101e-05 1.13404
0.0438654  7.611e-05 1.13824
0.044304  7.6511e-05 1.14246
0.0447471  7.6913e-05 1.14672
0.0451946  7.7316e-05 1.151
0.0456465  7.77201e-05 1.15531
0.046103  7.81252e-05 1.15965
0.046564  7.85312e-05 1.16401
0.0470296  7.89383e-05 1.16841
0.0474999  7.93464e-05 1.17283
0.0479749  7.97554e-05 1.17728
0.0484547  8.01654e-05 1.18176
0.0489392  8.05763e-05 1.18627
0.0494286  8.09882e-05 1.19081
0.0499229  8.14019e-05 1.19538
0.0504221  8.18181e-05 1.19997
0.0509264  8.22356e-05 1.2046
0.0514356  8.26541e-05 1.20926
0.05195  8.30734e-05 1.21394
0.0524695  8.34937e-05 1.21866
0.0529942  8.39149e-05 1.2234
0.0535241  8.43374e-05 1.22818
0.0540594  8.47617e-05 1.23299
0.0546  8.51867e-05 1.23782
0.055146  8.56127e-05 1.24269
0.0556974  8.60395e-05 1.24759
0.0562544  8.64671e-05 1.25251
0.0568169  8.68956e-05 1.25747
0.0573851  8.73248e-05 1.26246
0.0579589  8.77549e-05 1.26748
0.0585385  8.81857e-05 1.27253
0.0591239  8.86173e-05 1.27762
0.0597152  8.90496e-05 1.28273
0.0603123  8.94827e-05 1.28787
0.0609154  8.99165e-05 1.29305
0.0615246  9.0351e-05 1.29826
0.0621398  9.07865e-05 1.3035
0.0627612  9.12231e-05 1.30877
0.0633888  9.16604e-05 1.31408
0.0640227  9.20984e-05 1.31941
0.064663  9.25369e-05 1.32478
0.0653096  9.29761e-05 1.33018
0.0659627  9.34159e-05 1.33561
0.0666223  9.38563e-05 1.34108
0.0672885  9.42984e-05 1.34658
0.0679614  9.47412e-05 1.35211
0.068641  9.51846e-05 1.35767
0.0693275  9.56285e-05 1.36327
0.0700207  9.60729e-05 1.3689
0.0707209  9.65178e-05 1.37456
0.0714281  9.69632e-05 1.38026
0.0721424  9.74091e-05 1.38599
0.0728638  9.78553e-05 1.39175
0.0735925  9.8302e-05 1.39755
0.0743284  9.87492e-05 1.40338
0.0750717  9.91974e-05 1.40924
0.0758224  9.96459e-05 1.41514
0.0765806  0.000100095 1.42107
0.0773464  0.000100544 1.42704
0.0781199  0.000100994 1.43304
0.0789011  0.000101443 1.43907
0.0796901  0.000101893 1.44514
0.080487  0.000102345 1.45124
0.0812919  0.000102796 1.45738
0.0821048  0.000103248 1.46355
0.0829259  0.0001037 1.46976
0.0837551  0.000104153 1.476
0.0845927  0.000104605 1.48228
0.0854386  0.000105058 1.48859
0.086293  0.00010551 1.49494
0.0871559  0.000105963 1.50132
0.0880275  0.000106416 1.50774
0.0889077  0.000106869 1.51419
0.0897968  0.000107321 1.52068
0.0906948  0.000107774 1.52721
0.0916017  0.000108227 1.53377
0.0925178  0.000108679 1.54037
0.0934429  0.000109132 1.547
0.0943774  0.000109584 1.55367
0.0953211  0.000110036 1.56037
0.0962743  0.000110488 1.56712
0.0972371  0.00011094 1.5739
0.0982095  0.000111392 1.58071
0.0991916  0.000111843 1.58757
0.100183  0.000112295 1.59446
0.101185  0.000112747 1.60138
0.102197  0.000113199 1.60834
0.103219  0.000113651 1.61534
0.104251  0.000114102 1.62238
0.105294  0.000114553 1.62945
0.106347  0.000115004 1.63656
0.10741  0.000115454 1.64371
0.108484  0.000115905 1.65089
0.109569  0.000116355 1.65811
0.110665  0.000116804 1.66537
0.111772  0.000117253 1.67267
0.112889  0.000117701 1.68001
0.114018  0.000118148 1.68738
0.115158  0.000118595 1.69479
0.11631  0.000119041 1.70225
0.117473  0.000119486 1.70974
0.118648  0.000119931 1.71727
0.119834  0.000120374 1.72484
0.121033  0.000120798 1.73246
0.122243  0.000121187 1.74012
0.123465  0.000121574 1.74781
0.1247  0.00012196 1.75556
0.125947  0.000122343 1.76334
0.127206  0.000122724 1.77117
0.128478  0.000123103 1.77904
0.129763  0.00012348 1.78696
0.131061  0.000123854 1.79492
0.132372  0.000124225 1.80293
0.133695  0.000124594 1.81099
0.135032  0.000124961 1.81909
0.136383  0.000125326 1.82724
0.137746  0.000125687 1.83544
0.139124  0.000126046 1.84369
0.140515  0.000126402 1.85198
0.14192  0.000126755 1.86033
0.143339  0.000127105 1.86872
0.144773  0.000127453 1.87717
0.146221  0.000127797 1.88566
0.147683  0.000128138 1.8942
0.14916  0.000128475 1.9028
0.150651  0.00012881 1.91144
0.152158  0.000129141 1.92014
0.153679  0.000129468 1.92889
0.155216  0.000129793 1.93769
0.156768  0.000130113 1.94654
0.158336  0.000130431 1.95545
0.159919  0.000130744 1.96441
0.161518  0.000131055 1.97342
0.163134  0.000131361 1.98249
0.164765  0.000131664 1.99162
0.166413  0.000131963 2.0008
0.168077  0.000132259 2.01004
0.169757  0.00013255 2.01934
0.171455  0.000132837 2.02869
0.17317  0.00013312 2.03811
0.174901  0.000133399 2.04758
0.17665  0.000133674 2.05712
0.178417  0.000133944 2.06671
0.180201  0.00013421 2.07637
0.182003  0.000134472 2.0861
0.183823  0.000134729 2.09588
0.185661  0.000134981 2.10573
0.187518  0.000135229 2.11565
0.189393  0.000135472 2.12563
0.191287  0.000135711 2.13568
0.1932  0.000135945 2.14579
0.195132  0.000136174 2.15598
0.197083  0.000136398 2.16623
0.199054  0.000136617 2.17656
0.201045  0.000136831 2.18696
0.203055  0.00013704 2.19743
0.205086  0.000137243 2.20797
0.207136  0.000137442 2.21859
0.209208  0.000137635 2.22929
0.2113  0.000137823 2.24007
0.213413  0.000138005 2.25092
0.215547  0.000138182 2.26185
0.217702  0.000138354 2.27287
0.219879  0.00013852 2.28397
0.222078  0.00013868 2.29515
0.224299  0.000138834 2.30642
0.226542  0.000138983 2.31777
0.228807  0.000139126 2.32922
0.231095  0.000139263 2.34075
0.233406  0.000139394 2.35237
0.235741  0.000139519 2.36409
0.238098  0.000139638 2.3759
0.240479  0.000139751 2.38781
0.242884  0.000139857 2.39982
0.245313  0.000139958 2.41192
0.247766  0.000140052 2.42413
0.250243  0.00014014 2.43644
0.252746  0.000140222 2.44886
0.255273  0.000140298 2.46138
0.257826  0.000140367 2.47402
0.260404  0.00014043 2.48676
0.263008  0.000140486 2.49962
0.265638  0.000140536 2.51259
0.268295  0.000140579 2.52569
0.270978  0.000140616 2.5389
0.273687  0.000140647 2.55223
0.276424  0.000140671 2.56569
0.279189  0.000140688 2.57927
0.28198  0.000140699 2.59299
0.2848  0.000140702 2.60684
0.287648  0.000140699 2.62082
0.290525  0.000140689 2.63494
0.29343  0.000140673 2.6492
0.296364  0.000140649 2.6636
0.299328  0.000140619 2.67814
0.302321  0.000140582 2.69284
0.305344  0.000140537 2.70769
0.308398  0.000140486 2.72269
0.311482  0.000140428 2.73785
0.314597  0.000140363 2.75317
0.317743  0.000140292 2.76865
0.32092  0.000140213 2.7843
0.324129  0.000140128 2.80012
0.32737  0.000140035 2.81612
0.330644  0.000139936 2.83229
0.333951  0.00013983 2.84865
0.33729  0.000139717 2.86519
0.340663  0.000139597 2.88192
0.34407  0.00013947 2.89884
0.34751  0.000139336 2.91596
0.350985  0.000139196 2.93328
0.354495  0.000139048 2.9508
0.35804  0.000138894 2.96853
0.361621  0.000138733 2.98648
0.365237  0.000138565 3.00464
0.368889  0.00013839 3.02303
0.372578  0.000138208 3.04164
0.376304  0.00013802 3.06048
0.380067  0.000137826 3.07956
0.383868  0.000137624 3.09888
0.387706  0.000137416 3.11845
0.391583  0.000137201 3.13827
0.395499  0.00013698 3.15834
0.399454  0.000136752 3.17867
0.403449  0.000136517 3.19927
0.407483  0.000136276 3.22015
0.411558  0.000136029 3.2413
0.415674  0.000135775 3.26273
0.41983  0.000135515 3.28445
0.424029  0.000135248 3.30647
0.428269  0.000134975 3.32879
0.432552  0.000134697 3.35142
0.436877  0.000134412 3.37436
0.441246  0.000134121 3.39762
0.445658  0.000133824 3.42121
0.450115  0.000133521 3.44513
0.454616  0.000133212 3.46938
0.459162  0.000132897 3.49399
0.463754  0.000132576 3.51895
0.468391  0.00013225 3.54427
0.473075  0.000131918 3.56996
0.477806  0.00013158 3.59603
0.482584  0.000131237 3.62248
0.48741  0.000130888 3.64932
0.492284  0.000130534 3.67656
0.497207  0.000130175 3.70421
0.502179  0.000129811 3.73227
0.507201  0.000129441 3.76075
0.512273  0.000129067 3.78967
0.517396  0.000128688 3.81903
0.52257  0.000128303 3.84884
0.527795  0.000127914 3.8791
0.533073  0.00012752 3.90984
0.538404  0.000127122 3.94105
0.543788  0.000126719 3.97275
0.549226  0.000126312 4.00494
0.554718  0.0001259 4.03764
0.560265  0.000125484 4.07086
0.565868  0.000125063 4.1046
0.571527  0.000124638 4.13888
0.577242  0.00012421 4.17371
0.583014  0.000123777 4.2091
0.588844  0.00012334 4.24505
0.594733  0.0001229 4.28158
0.60068  0.000122455 4.31871
0.606687  0.000122007 4.35644
0.612754  0.000121556 4.39479
0.618881  0.000121101 4.43376
0.62507  0.000120643 4.47337
0.631321  0.000120181 4.51363
0.637634  0.000119716 4.55456
0.644011  0.000119249 4.59617
0.650451  0.000118778 4.63846
0.656955  0.000118304 4.68146
0.663525  0.000117827 4.72518
0.67016  0.000117348 4.76963
0.676862  0.000116866 4.81482
0.68363  0.000116381 4.86078
0.690466  0.000115894 4.90751
0.697371  0.000115405 4.95502
0.704345  0.000114913 5.00335
0.711388  0.000114419 5.05249
0.718502  0.000113923 5.10247
0.725687  0.000113425 5.1533
0.732944  0.000112925 5.20499
0.740273  0.000112422 5.25757
0.747676  0.000111919 5.31106
0.755153  0.000111413 5.36546
0.762705  0.000110906 5.42079
0.770332  0.000110397 5.47708
0.778035  0.000109887 5.53435
0.785815  0.000109375 5.5926
0.793673  0.000108862 5.65186
0.80161  0.000108348 5.71214
0.809626  0.000107832 5.77348
0.817722  0.000107316 5.83588
0.8259  0.000106799 5.89936
0.834159  0.00010628 5.96396
0.8425  0.000105761 6.02968
0.850925  0.000105241 6.09655
0.859435  0.00010472 6.16459
0.868029  0.000104199 6.23382
0.876709  0.000103676 6.30427
0.885476  0.000103154 6.37595
0.894331  0.000102631 6.44889
0.903274  0.000102107 6.52312
0.912307  0.000101583 6.59865
0.92143  0.000101059 6.67551
0.930644  0.000100535 6.75373
0.939951  0.00010001 6.83333
0.94935  9.94857e-05 6.91433
0.958844  9.89611e-05 6.99677
0.968432  9.84365e-05 7.08066
0.978117  9.7912e-05 7.16605
0.987898  9.73876e-05 7.25294
0.997777  9.68635e-05 7.34137
1.00775  9.63399e-05 7.43137
1.01783  9.58166e-05 7.52297
1.02801  9.52936e-05 7.61619
1.03829  9.47711e-05 7.71107
1.04867  9.4249e-05 7.80764
1.05916  9.37275e-05 7.90592
1.06975  9.32065e-05 8.00595
1.08045  9.26863e-05 8.10776
1.09125  9.21667e-05 8.21138
1.10217  9.16478e-05 8.31685
1.11319  9.11296e-05 8.42419
1.12432  9.06123e-05 8.53345
1.13556  9.00958e-05 8.64465
1.14692  8.95801e-05 8.75784
1.15839  8.90654e-05 8.87304
1.16997  8.85516e-05 8.99029
1.18167  8.80388e-05 9.10964
1.19349  8.75271e-05 9.23111
1.20542  8.70164e-05 9.35475
1.21748  8.65068e-05 9.48059
1.22965  8.59984e-05 9.60868
1.24195  8.54912e-05 9.73906
1.25437  8.49852e-05 9.87175
1.26691  8.44805e-05 10.0068
1.27958  8.39771e-05 10.1443
1.29238  8.3475e-05 10.2842
1.3053  8.29742e-05 10.4266
1.31835  8.24748e-05 10.5716
1.33154  8.19768e-05 10.7191
1.34485  8.14803e-05 10.8693
1.3583  8.09853e-05 11.0222
1.37188  8.04918e-05 11.1778
1.3856  7.99997e-05 11.3361
1.39946  7.95092e-05 11.4973
1.41345  7.90203e-05 11.6613
1.42759  7.85329e-05 11.8283
1.44186  7.80472e-05 11.9982
1.45628  7.75631e-05 12.1712
1.47085  7.70806e-05 12.3472
1.48555  7.65998e-05 12.5264
1.50041  7.61207e-05 12.7088
1.51541  7.56433e-05 12.8944
1.53057  7.51677e-05 13.0833
1.54587  7.46938e-05 13.2755
1.56133  7.42217e-05 13.4712
1.57695  7.37514e-05 13.6703
1.59271  7.32829e-05 13.873
1.60864  7.28163e-05 14.0793
1.62473  7.23516e-05 14.2893
1.64098  7.18887e-05 14.5029
1.65739  7.14277e-05 14.7204
1.67396  7.09687e-05 14.9417
1.6907  7.05116e-05 15.167
1.70761  7.00564e-05 15.3962
1.72468  6.96031e-05 15.6295
1.74193  6.91518e-05 15.8669
1.75935  6.87025e-05 16.1085
1.77694  6.82551e-05 16.3544
1.79471  6.78097e-05 16.6046
1.81266  6.73663e-05 16.8593
1.83078  6.69249e-05 17.1184
1.84909  6.64856e-05 17.3821
1.86758  6.60483e-05 17.6505
1.88626  6.56131e-05 17.9236
1.90512  6.51799e-05 18.2016
1.92417  6.47488e-05 18.4844
1.94341  6.43198e-05 18.7722
1.96285  6.38928e-05 19.0651
1.98248  6.34679e-05 19.3632
2.0023  6.3045e-05 19.6664
2.02232  6.26243e-05 19.9751
2.04255  6.22057e-05 20.2891
2.06297  6.17892e-05 20.6087
2.0836  6.13748e-05 20.9339
2.10444  6.09625e-05 21.2648
2.12548  6.05523e-05 21.6015
2.14674  6.01443e-05 21.9441
2.16821  5.97384e-05 22.2927
2.18989  5.93346e-05 22.6475
2.21179  5.89329e-05 23.0084
2.2339  5.85334e-05 23.3757
2.25624  5.81359e-05 23.7495
2.27881  5.77406e-05 24.1297
2.30159  5.73474e-05 24.5167
2.32461  5.69564e-05 24.9104
2.34786  5.65675e-05 25.3109
2.37134  5.61806e-05 25.7185
2.39505  5.57959e-05 26.1333
2.419  5.54134e-05 26.5552
2.44319  5.50329e-05 26.9846
2.46762  5.46546e-05 27.4214
2.4923  5.42784e-05 27.8659
2.51722  5.39044e-05 28.3182
2.54239  5.35324e-05 28.7783
2.56782  5.31626e-05 29.2465
2.59349  5.27949e-05 29.7228
2.61943  5.24293e-05 30.2075
2.64562  5.20657e-05 30.7006
2.67208  5.17043e-05 31.2023
2.6988  5.1345e-05 31.7128
2.72579  5.09879e-05 32.2322
2.75305  5.06327e-05 32.7606
2.78058  5.02797e-05 33.2982
2.80838  4.99287e-05 33.8453
2.83647  4.95798e-05 34.4018
2.86483  4.9233e-05 34.9681
2.89348  4.88881e-05 35.5442
2.92241  4.85453e-05 36.1304
2.95164  4.82046e-05 36.7268
2.98115  4.78659e-05 37.3336
3.01097  4.75292e-05 37.9509
3.04108  4.71945e-05 38.5791
3.07149  4.68618e-05 39.2182
3.1022  4.65311e-05 39.8684
3.13322  4.62024e-05 40.5299
3.16456  4.58756e-05 41.203
3.1962  4.55509e-05 41.8879
3.22816  4.52281e-05 42.5846
3.26045  4.49073e-05 43.2936
3.29305  4.45884e-05 44.0149
3.32598  4.42715e-05 44.7487
3.35924  4.39565e-05 45.4954
3.39283  4.36435e-05 46.2551
3.42676  4.33324e-05 47.0281
3.46103  4.30231e-05 47.8145
3.49564  4.27158e-05 48.6147
3.53059  4.24104e-05 49.4289
3.5659  4.21068e-05 50.2573
3.60156  4.18051e-05 51.1002
3.63758  4.15052e-05 51.9578
3.67395  4.12072e-05 52.8305
3.71069  4.09111e-05 53.7184
3.7478  4.06168e-05 54.6219
3.78528  4.03243e-05 55.5412
3.82313  4.00336e-05 56.4766
3.86136  3.97455e-05 57.4274
3.89997  3.94583e-05 58.396
3.93897  3.91729e-05 59.3815
3.97836  3.88893e-05 60.3843
4.01815  3.86075e-05 61.4047
4.05833  3.83275e-05 62.443
4.09891  3.80492e-05 63.4994
4.1399  3.77726e-05 64.5743
4.1813  3.74977e-05 65.6681
4.22311  3.72246e-05 66.781
4.26534  3.69532e-05 67.9134
4.308  3.66835e-05 69.0657
4.35108  3.64155e-05 70.2382
4.39459  3.61492e-05 71.4314
4.43853  3.58846e-05 72.6456
4.48292  3.56216e-05 73.8812
4.52775  3.53602e-05 75.1387
4.57303  3.51006e-05 76.4185
4.61876  3.48425e-05 77.721
4.66494  3.45861e-05 79.0467
4.71159  3.43312e-05 80.3959
4.75871  3.4078e-05 81.7693
4.8063  3.38264e-05 83.1671
4.85436  3.35764e-05 84.5899
4.9029  3.3328e-05 86.0378
4.95193  3.30811e-05 87.5114
5.00145  3.28358e-05 89.0109
5.05146  3.25921e-05 90.5369
5.10198  3.235e-05 92.0895
5.153  3.21094e-05 93.6693
5.20453  3.18703e-05 95.2766
5.25657  3.16328e-05 96.9118
5.30914  3.13967e-05 98.5753
5.36223  3.11622e-05 100.268
5.41585  3.09292e-05 101.989
5.47001  3.06977e-05 103.741
5.52471  3.04677e-05 105.523
5.57996  3.02391e-05 107.338
5.63576  3.00121e-05 109.185
5.69212  2.97864e-05 111.066
5.74904  2.95623e-05 112.981
5.80653  2.93396e-05 114.931
5.86459  2.91183e-05 116.918
5.92324  2.88984e-05 118.942
5.98247  2.868e-05 121.005
6.0423  2.78238e-05 123.107
6.10272  2.76091e-05 125.249
6.16375  2.73959e-05 127.433
6.22538  2.71842e-05 129.658
6.28764  2.69738e-05 131.927
6.35051  2.67649e-05 134.24
6.41402  2.65574e-05 136.598
6.47816  2.63513e-05 139.001
6.54294  2.61466e-05 141.452
6.60837  2.59432e-05 143.95
6.67445  2.57413e-05 146.498
6.7412  2.55407e-05 149.096
6.80861  2.53415e-05 151.744
6.8767  2.51437e-05 154.445
6.94546  2.49472e-05 157.196
7.01492  2.47521e-05 160
7.08507  2.45583e-05 162.857
7.15592  2.43658e-05 165.767
7.22748  2.41747e-05 168.731
7.29975  2.3985e-05 171.748
7.37275  2.37963e-05 174.819
7.44648  2.36089e-05 177.945
7.52094  2.34229e-05 181.126
7.59615  2.32381e-05 184.362
7.67211  2.30547e-05 187.654
7.74883  2.28725e-05 191.005
7.82632  2.26917e-05 194.414
7.90459  2.25121e-05 197.884
7.98363  2.23338e-05 201.416
8.06347  2.21568e-05 205.011
8.1441  2.1981e-05 208.672
8.22554  2.18066e-05 212.399
8.3078  2.16333e-05 216.194
8.39088  2.14613e-05 220.059
8.47479  2.12906e-05 223.996
8.55953  2.11211e-05 228.005
8.64513  2.09528e-05 232.089
8.73158  2.07858e-05 236.248
8.8189  2.062e-05 240.484
8.90709  2.04553e-05 244.798
8.99616  2.02919e-05 249.191
9.08612  2.01297e-05 253.664
9.17698  1.99687e-05 258.219
9.26875  1.98087e-05 262.857
9.36144  1.965e-05 267.58
9.45505  1.94921e-05 272.393
9.5496  1.93357e-05 277.289
9.6451  1.91804e-05 282.273
9.74155  1.90263e-05 287.348
9.83896  1.88734e-05 292.515
9.93735  1.87216e-05 297.776
10.0367  1.8571e-05 303.133
10.1371  1.84215e-05 308.587
10.2385  1.82731e-05 314.141
10.3409  1.81259e-05 319.796
10.4443  1.79797e-05 325.555
10.5487  1.78347e-05 331.418
10.6542  1.76908e-05 337.389
10.7607  1.7548e-05 343.47
10.8683  1.74062e-05 349.661
10.977  1.72656e-05 355.966
11.0868  1.7126e-05 362.387
11.1977  1.69875e-05 368.924
11.3096  1.68501e-05 375.582
11.4227  1.67137e-05 382.361
11.537  1.65783e-05 389.264
11.6523  1.6444e-05 396.293
11.7689  1.63108e-05 403.451
11.8865  1.61785e-05 410.739
12.0054  1.60378e-05 418.16
12.1255  1.59077e-05 425.717
12.2467  1.57786e-05 433.411
12.3692  1.56503e-05 441.247
12.4929  1.55231e-05 449.225
12.6178  1.53968e-05 457.349
12.744  1.52716e-05 465.622
12.8714  1.51473e-05 474.045
13.0001  1.50239e-05 482.623
13.1301  1.49016e-05 491.357
13.2614  1.47802e-05 500.252
13.3941  1.46598e-05 509.308
13.528  1.45403e-05 518.531
13.6633  1.44218e-05 527.922
13.7999  1.43042e-05 537.485
13.9379  1.41875e-05 547.223
14.0773  1.40717e-05 557.139
14.2181  1.39569e-05 567.236
14.3602  1.3843e-05 577.518
14.5038  1.373e-05 587.988
14.6489  1.36179e-05 598.649
14.7954  1.35066e-05 609.505
14.9433  1.33963e-05 620.559
15.0928  1.32868e-05 631.816
15.2437  1.31783e-05 643.278
15.3961  1.30705e-05 654.95
15.5501  1.29637e-05 666.836
15.7056  1.28577e-05 678.938
15.8626  1.27525e-05 691.262
16.0213  1.26482e-05 703.811
16.1815  1.25448e-05 716.59
16.3433  1.24421e-05 729.602
16.5067  1.23404e-05 742.852
16.6718  1.22394e-05 756.344
16.8385  1.21393e-05 770.083
17.0069  1.20399e-05 784.074
17.177  1.19414e-05 798.32
17.3487  1.18435e-05 812.826
17.5222  1.17465e-05 827.598
17.6974  1.16502e-05 842.64
17.8744  1.15547e-05 857.958
18.0532  1.146e-05 873.555
18.2337  1.13661e-05 889.438
18.416  1.12729e-05 905.611
18.6002  1.11804e-05 922.08
18.7862  1.10887e-05 938.85
18.9741  1.09978e-05 955.927
19.1638  1.09076e-05 973.317
19.3554  1.08181e-05 991.025
19.549  1.07294e-05 1009.06
19.7445  1.06413e-05 1027.42
19.9419  1.0554e-05 1046.12
20.1413  1.04674e-05 1065.15
20.3427  1.03815e-05 1084.54
20.5462  1.02963e-05 1104.29
20.7516  1.02118e-05 1124.39
20.9592  1.0128e-05 1144.86
21.1687  1.00448e-05 1165.71
21.3804  9.96235e-06 1186.94
21.5942  9.88055e-06 1208.55
21.8102  9.79942e-06 1230.56
22.0283  9.71896e-06 1252.98
22.2486  9.63915e-06 1275.8
22.4711  9.55999e-06 1299.05
22.6958  9.48147e-06 1322.72
22.9227  9.4036e-06 1346.82
23.1519  9.32636e-06 1371.36
23.3835  9.24975e-06 1396.35
23.6173  9.17377e-06 1421.8
23.8535  9.09841e-06 1447.72
24.092  9.02366e-06 1474.11
24.3329  8.94953e-06 1500.98
24.5763  8.876e-06 1528.35
24.822  8.80306e-06 1556.22
25.0702  8.73071e-06 1584.59
25.3209  8.65895e-06 1613.49
25.5742  8.58778e-06 1642.92
25.8299  8.51719e-06 1672.88
26.0882  8.44717e-06 1703.4
26.3491  8.37773e-06 1734.47
26.6126  8.30885e-06 1766.11
26.8787  8.24053e-06 1798.34
27.1475  8.17277e-06 1831.15
27.419  8.10557e-06 1864.56
27.6931  8.03891e-06 1898.59
27.9701  7.9728e-06 1933.24
28.2498  7.90723e-06 1968.53
28.5323  7.8422e-06 2004.46
28.8176  7.7777e-06 2041.05
29.1058  7.71372e-06 2078.32
29.3968  7.65027e-06 2116.26
29.6908  7.58734e-06 2154.91
29.9877  7.52492e-06 2194.26
30.2876  7.46301e-06 2234.33
30.5905  7.40161e-06 2275.14
30.8964  7.3407e-06 2316.69
31.2053  7.2803e-06 2359.01
31.5174  7.22039e-06 2402.1
31.8326  7.16097e-06 2445.99
32.1509  7.10204e-06 2490.68
32.4724  7.04359e-06 2536.19
32.7971  6.98562e-06 2582.53
33.1251  6.92812e-06 2629.73
33.4563  6.8711e-06 2677.79
33.7909  6.81454e-06 2726.73
34.1288  6.75845e-06 2776.57
34.4701  6.70282e-06 2827.33
34.8148  6.64765e-06 2879.02
35.1629  6.59292e-06 2931.65
35.5146  6.53865e-06 2985.25
35.8697  6.48482e-06 3039.84
36.2284  6.43144e-06 3095.43
36.5907  6.37849e-06 3152.04
36.9566  6.32598e-06 3209.69
37.3262  6.2739e-06 3268.4
37.6994  6.22225e-06 3328.18
38.0764  6.17103e-06 3389.06
38.4572  6.12022e-06 3451.07
38.8418  6.06983e-06 3514.21
39.2302  6.01986e-06 3578.5
39.6225  5.9703e-06 3643.99
40.0187  5.92115e-06 3710.67
40.4189  5.8724e-06 3778.58
40.8231  5.82405e-06 3847.73
41.2313  5.7761e-06 3918.16
41.6436  5.72854e-06 3989.88
42.0601  5.68138e-06 4062.91
42.4807  5.6346e-06 4137.29
42.9055  5.58821e-06 4213.04
43.3345  5.5422e-06 4290.17
43.7679  5.49657e-06 4368.72
44.2056  5.45132e-06 4448.72
44.6476  5.40644e-06 4530.19
45.0941  5.36193e-06 4613.15
45.545  5.31779e-06 4697.64
46.0005  5.27401e-06 4783.68
46.4605  5.2306e-06 4871.3
46.9251  5.18754e-06 4960.53
47.3943  5.14484e-06 5051.4
47.8683  5.10249e-06 5143.94
48.347  5.06049e-06 5238.18
48.8304  5.01883e-06 5334.16
49.3187  4.97752e-06 5431.89
49.8119  4.93656e-06 5531.43
50.31  4.89593e-06 5632.79
50.8131  4.85564e-06 5736.01
51.3213  4.81568e-06 5841.13
51.8345  4.77606e-06 5948.19
52.3528  4.73676e-06 6057.21
52.8764  4.69779e-06 6168.23
53.4051  4.65914e-06 6281.29
53.9392  4.62081e-06 6396.44
54.4786  4.5828e-06 6513.69
55.0234  4.5451e-06 6633.1
55.5736  4.50772e-06 6754.71
56.1293  4.47064e-06 6878.55
56.6906  4.43388e-06 7004.67
57.2575  4.39742e-06 7133.1
57.8301  4.36126e-06 7263.9
58.4084  4.3254e-06 7397.09
58.9925  4.28984e-06 7532.74
59.5824  4.25458e-06 7670.87
60.1782  4.21961e-06 7811.55
60.78  4.18493e-06 7954.81
61.3878  4.15054e-06 8100.7
62.0017  4.11643e-06 8249.27
62.6217  4.08261e-06 8400.57
63.2479  4.04907e-06 8554.65
63.8804  4.01581e-06 8711.55
64.5192  3.98282e-06 8871.35
65.1644  3.95011e-06 9034.07
65.816  3.91768e-06 9199.79
66.4742  3.88551e-06 9368.55
67.1389  3.85361e-06 9540.4
67.8103  3.82198e-06 9715.42
68.4884  3.79062e-06 9893.64
69.1733  3.75951e-06 10075.1
69.8651  3.72866e-06 10260
70.5637  3.69808e-06 10448.2
71.2693  3.66774e-06 10639.9
71.982  3.63766e-06 10835.1
72.7019  3.60782e-06 11033.9
73.4289  3.57823e-06 11236.3
74.1632  3.54889e-06 11442.4
74.9048  3.51979e-06 11652.4
75.6538  3.49094e-06 11866.1
76.4104  3.46233e-06 12083.8
77.1745  3.43396e-06 12305.5
77.9462  3.40582e-06 12531.3
78.7257  3.37793e-06 12761.2
79.513  3.35027e-06 12995.3
80.3081  3.32284e-06 13233.8
81.1112  3.29564e-06 13476.5
81.9223  3.26867e-06 13723.8
82.7415  3.24193e-06 13975.6
83.5689  3.21541e-06 14232
84.4046  3.18911e-06 14493
85.2486  3.16304e-06 14758.9
86.1011  3.13718e-06 15029.7
86.9621  3.11155e-06 15305.4
87.8318  3.08613e-06 15586.1
88.7101  3.06092e-06 15872
89.5972  3.03593e-06 16163.2
90.4932  3.01114e-06 16459.7
91.3981  2.98657e-06 16761.6
92.3121  2.9622e-06 17069
93.2352  2.93804e-06 17382.1
94.1675  2.91408e-06 17700.9
95.1092  2.89033e-06 18025.5
96.0603  2.86677e-06 18356.1
97.0209  2.84342e-06 18692.7
97.9911  2.82026e-06 19035.5
98.971  2.7973e-06 19384.6
99.9607  2.77453e-06 19740
100.96  2.75196e-06 20102
101.97  2.72958e-06 20470.5
102.99  2.70738e-06 20845.8
104.02  2.68538e-06 21228
105.06  2.66356e-06 21617.1
106.11  2.64193e-06 22013.4
107.171  2.62048e-06 22416.9
108.243  2.59922e-06 22827.7
109.326  2.57813e-06 23246.1
110.419  2.55723e-06 23672
111.523  2.5365e-06 24105.8
112.638  2.51595e-06 24547.5
113.765  2.49557e-06 24997.3
114.902  2.47537e-06 25455.3
116.051  2.45533e-06 25921.6
117.212  2.43547e-06 26396.5
118.384  2.41578e-06 26880
119.568  2.39626e-06 27372.4
120.763  2.3769e-06 27873.8
121.971  2.3577e-06 28384.4
123.191  2.33867e-06 28904.2
124.423  2.31981e-06 29433.5
125.667  2.3011e-06 29972.4
126.924  2.28256e-06 30521.2
128.193  2.26417e-06 31079.9
129.475  2.24594e-06 31648.7
130.77  2.22787e-06 32227.9
132.077  2.20995e-06 32817.6
133.398  2.19218e-06 33417.9
134.732  2.17457e-06 34029.1
136.079  2.15711e-06 34651.3
137.44  2.13979e-06 35284.8
138.814  2.12263e-06 35929.8
140.203  2.10561e-06 36586.5
141.605  2.08873e-06 37255.2
143.021  2.07201e-06 37936.1
144.451  2.05542e-06 38629.3
145.895  2.03898e-06 39335.3
147.354  2.02268e-06 40054.2
148.828  2.00652e-06 40786.3
150.316  1.99049e-06 41531.8
151.819  1.97461e-06 42291
153.338  1.95886e-06 43064.2
154.871  1.94325e-06 43851.7
156.42  1.92777e-06 44653.7
157.984  1.91243e-06 45470.6
159.564  1.89721e-06 46302.7
161.159  1.88213e-06 47150.3
162.771  1.86718e-06 48013.7
164.399  1.85236e-06 48893.2
166.043  1.83766e-06 49789.2
167.703  1.8231e-06 50702
169.38  1.80866e-06 51632
171.074  1.79434e-06 52579.4
172.785  1.78015e-06 53544.7
174.512  1.76608e-06 54528
176.258  1.75213e-06 55529.7
178.02  1.7383e-06 56550.1
179.8  1.7246e-06 57589.5
181.598  1.71101e-06 58648.4
183.414  1.69754e-06 59726.9
185.248  1.68419e-06 60825.4
187.101  1.67095e-06 61944.3
188.972  1.65783e-06 63084
190.862  1.64482e-06 64244.6
192.77  1.63193e-06 65426.8
194.698  1.61915e-06 66630.8
196.645  1.60648e-06 67857
198.611  1.59392e-06 69106
200.598  1.58147e-06 70378
202.604  1.56912e-06 71673.5
204.63  1.55689e-06 72993
206.676  1.54476e-06 74336.9
208.743  1.53274e-06 75705.6
210.83  1.52083e-06 77099.6
212.938  1.50901e-06 78519.4
215.068  1.4973e-06 79965.4
217.218  1.4857e-06 81438.2
219.391  1.47419e-06 82938.1
221.584  1.46279e-06 84465.7
223.8  1.45148e-06 86021.4
226.038  1.44028e-06 87605.8
228.299  1.42917e-06 89219.4
230.582  1.41816e-06 90862.6
232.888  1.40725e-06 92536.1
235.216  1.39643e-06 94240.3
237.569  1.3857e-06 95975.7
239.944  1.37508e-06 97743
242.344  1.36454e-06 99542.7
244.767  1.3541e-06 101375
247.215  1.34375e-06 103242
249.687  1.33348e-06 105142
252.184  1.32331e-06 107077
254.706  1.31323e-06 109048
257.253  1.30324e-06 111054
259.825  1.29334e-06 113097
262.423  1.28352e-06 115178
265.048  1.27379e-06 117296
267.698  1.26414e-06 119453
270.375  1.25458e-06 121650
273.079  1.24511e-06 123886
275.81  1.23571e-06 126163
278.568  1.2264e-06 128482
281.354  1.21718e-06 130843
284.167  1.20803e-06 133246
287.009  1.19896e-06 135694
289.879  1.18998e-06 138185
292.778  1.18107e-06 140722
295.705  1.17224e-06 143305
298.662  1.16349e-06 145935
301.649  1.15482e-06 148612
304.666  1.14622e-06 151337
307.712  1.1377e-06 154112
310.789  1.12926e-06 156937
313.897  1.12089e-06 159813
317.036  1.11259e-06 162741
320.207  1.10437e-06 165722
323.409  1.09622e-06 168756
326.643  1.08814e-06 171845
329.909  1.08013e-06 174990
333.208  1.0722e-06 178191
336.54  1.06434e-06 181449
339.906  1.05654e-06 184766
343.305  1.04882e-06 188142
346.738  1.04116e-06 191579
350.205  1.03358e-06 195078
353.707  1.02606e-06 198639
357.244  1.01861e-06 202264
360.817  1.01122e-06 205953
364.425  1.0039e-06 209709
368.069  9.96651e-07 213531
371.75  9.89464e-07 217421
375.467  9.82341e-07 221381
379.222  9.75283e-07 225411
383.014  9.68288e-07 229513
386.844  9.61357e-07 233688
390.713  9.54488e-07 237937
394.62  9.47681e-07 242261
398.566  9.40935e-07 246662
402.552  9.34251e-07 251141
406.577  9.27627e-07 255698
410.643  9.21063e-07 260337
414.75  9.14559e-07 265057
418.897  9.08113e-07 269861
423.086  9.01726e-07 274750
427.317  8.95397e-07 279724
431.59  8.89125e-07 284786
435.906  8.8291e-07 289937
440.265  8.76752e-07 295179
444.668  8.70649e-07 300512
449.114  8.64602e-07 305939
453.605  8.5861e-07 311461
458.142  8.52672e-07 317080
462.723  8.46788e-07 322796
467.35  8.40958e-07 328613
472.024  8.35181e-07 334531
476.744  8.29456e-07 340553
481.511  8.23784e-07 346679
486.326  8.18163e-07 352912
491.19  8.12593e-07 359253
496.102  8.07075e-07 365704
501.063  8.01607e-07 372267
506.073  7.96188e-07 378944
511.134  7.9082e-07 385736
516.245  7.855e-07 392646
521.408  7.8023e-07 399675
526.622  7.75007e-07 406826
531.888  7.69833e-07 414099
537.207  7.64706e-07 421498
542.579  7.59627e-07 429024
548.005  7.54594e-07 436680
553.485  7.49608e-07 444466
559.02  7.44668e-07 452387
564.61  7.39774e-07 460443
570.256  7.34925e-07 468636
575.959  7.30121e-07 476970
581.718  7.25361e-07 485446
587.535  7.20646e-07 494066
593.411  7.15975e-07 502833
599.345  7.11347e-07 511749
605.338  7.06763e-07 520817
611.392  7.02221e-07 530038
617.506  6.97722e-07 539416
623.681  6.93265e-07 548952
629.917  6.8885e-07 558650
636.217  6.84476e-07 568511
642.579  6.80144e-07 578539
649.005  6.75852e-07 588735
655.495  6.716e-07 599103
662.05  6.67389e-07 609645
668.67  6.63218e-07 620365
675.357  6.59086e-07 631263
682.11  6.54993e-07 642344
688.931  6.50939e-07 653610
695.821  6.46924e-07 665065
702.779  6.42947e-07 676710
709.807  6.39008e-07 688549
716.905  6.35106e-07 700585
724.074  6.31242e-07 712821
731.315  6.27415e-07 725259
738.628  6.23624e-07 737904
746.014  6.1987e-07 750758
753.474  6.16152e-07 763824
761.009  6.1247e-07 777105
768.619  6.08823e-07 790605
776.305  6.05212e-07 804327
784.068  6.01636e-07 818275
791.909  5.98094e-07 832451
799.828  5.94587e-07 846859
807.826  5.91113e-07 861503
815.905  5.87674e-07 876386
824.064  5.84268e-07 891512
832.304  5.80896e-07 906884
840.627  5.77556e-07 922505
849.034  5.7425e-07 938381
857.524  5.70975e-07 954513
866.099  5.67733e-07 970907
874.76  5.64523e-07 987565
883.508  5.61344e-07 1.00449e+06
892.343  5.58197e-07 1.02169e+06
901.266  5.55081e-07 1.03917e+06
910.279  5.51996e-07 1.05693e+06
919.382  5.48942e-07 1.07497e+06
928.575  5.45917e-07 1.0933e+06
937.861  5.42923e-07 1.11192e+06
947.24  5.39959e-07 1.13084e+06
956.712  5.37025e-07 1.15007e+06
966.279  5.34119e-07 1.16959e+06
975.942  5.31243e-07 1.18943e+06
985.702  5.28396e-07 1.20959e+06
995.559  5.25578e-07 1.23006e+06
