0.001  7.11847e-06 0.280963
0.00101  7.15398e-06 0.282364
0.0010201  7.18966e-06 0.283772
0.0010303  7.22552e-06 0.285188
0.0010406  7.26155e-06 0.28661
0.00105101  7.29777e-06 0.28804
0.00106152  7.33417e-06 0.289476
0.00107214  7.37075e-06 0.29092
0.00108286  7.40751e-06 0.292371
0.00109369  7.44446e-06 0.293829
0.00110462  7.48159e-06 0.295294
0.00111567  7.5189e-06 0.296767
0.00112683  7.5564e-06 0.298247
0.00113809  7.59409e-06 0.299735
0.00114947  7.63197e-06 0.30123
0.00116097  7.67003e-06 0.302732
0.00117258  7.70829e-06 0.304242
0.0011843  7.74673e-06 0.30576
0.00119615  7.78537e-06 0.307285
0.00120811  7.8242e-06 0.308817
0.00122019  7.86322e-06 0.310357
0.00123239  7.90244e-06 0.311905
0.00124472  7.94186e-06 0.313461
0.00125716  7.98147e-06 0.315024
0.00126973  8.02127e-06 0.316595
0.00128243  8.06128e-06 0.318174
0.00129526  8.10149e-06 0.319761
0.00130821  8.14189e-06 0.321356
0.00132129  8.1825e-06 0.322959
0.0013345  8.22331e-06 0.32457
0.00134785  8.26433e-06 0.326188
0.00136133  8.30555e-06 0.327815
0.00137494  8.34697e-06 0.32945
0.00138869  8.3886e-06 0.331093
0.00140258  8.43044e-06 0.332745
0.0014166  8.47249e-06 0.334404
0.00143077  8.51474e-06 0.336072
0.00144508  8.55721e-06 0.337748
0.00145953  8.59989e-06 0.339433
0.00147412  8.64278e-06 0.341126
0.00148886  8.68589e-06 0.342827
0.00150375  8.72921e-06 0.344537
0.00151879  8.77275e-06 0.346255
0.00153398  8.8165e-06 0.347982
0.00154932  8.86048e-06 0.349718
0.00156481  8.90467e-06 0.351462
0.00158046  8.94908e-06 0.353215
0.00159626  8.99372e-06 0.354977
0.00161223  9.03857e-06 0.356747
0.00162835  9.08365e-06 0.358526
0.00164463  9.12896e-06 0.360315
0.00166108  9.17449e-06 0.362112
0.00167769  9.22025e-06 0.363918
0.00169447  9.26623e-06 0.365733
0.00171141  9.31245e-06 0.367557
0.00172852  9.3589e-06 0.36939
0.00174581  9.40557e-06 0.371232
0.00176327  9.45249e-06 0.373084
0.0017809  9.49963e-06 0.374945
0.00179871  9.54701e-06 0.376815
0.0018167  9.59463e-06 0.378694
0.00183486  9.64248e-06 0.380583
0.00185321  9.69057e-06 0.382481
0.00187174  9.73891e-06 0.384389
0.00189046  9.78748e-06 0.386306
0.00190937  9.83629e-06 0.388233
0.00192846  9.88535e-06 0.390169
0.00194774  9.93466e-06 0.392115
0.00196722  9.98421e-06 0.39407
0.00198689  1.0034e-05 0.396036
0.00200676  1.0084e-05 0.398011
0.00202683  1.01343e-05 0.399996
0.0020471  1.01849e-05 0.401991
0.00206757  1.02357e-05 0.403996
0.00208825  1.02867e-05 0.406011
0.00210913  1.0338e-05 0.408036
0.00213022  1.03896e-05 0.410071
0.00215152  1.04414e-05 0.412116
0.00217304  1.04935e-05 0.414172
0.00219477  1.05458e-05 0.416237
0.00221672  1.05984e-05 0.418313
0.00223888  1.06513e-05 0.4204
0.00226127  1.07044e-05 0.422496
0.00228388  1.07578e-05 0.424604
0.00230672  1.08115e-05 0.426721
0.00232979  1.08654e-05 0.42885
0.00235309  1.09196e-05 0.430989
0.00237662  1.0974e-05 0.433138
0.00240038  1.10288e-05 0.435299
0.00242439  1.10838e-05 0.43747
0.00244863  1.11391e-05 0.439651
0.00247312  1.11946e-05 0.441844
0.00249785  1.12505e-05 0.444048
0.00252283  1.13066e-05 0.446263
0.00254806  1.1363e-05 0.448488
0.00257354  1.14196e-05 0.450725
0.00259927  1.14766e-05 0.452973
0.00262527  1.15338e-05 0.455233
0.00265152  1.15914e-05 0.457503
0.00267803  1.16492e-05 0.459785
0.00270481  1.17073e-05 0.462078
0.00273186  1.17657e-05 0.464383
0.00275918  1.18243e-05 0.466699
0.00278677  1.18833e-05 0.469026
0.00281464  1.19426e-05 0.471366
0.00284279  1.20021e-05 0.473716
0.00287121  1.2062e-05 0.476079
0.00289993  1.21222e-05 0.478454
0.00292893  1.21826e-05 0.48084
0.00295822  1.22434e-05 0.483238
0.0029878  1.23045e-05 0.485648
0.00301768  1.23658e-05 0.488071
0.00304785  1.24275e-05 0.490505
0.00307833  1.24895e-05 0.492951
0.00310911  1.25518e-05 0.49541
0.0031402  1.26144e-05 0.497881
0.00317161  1.26773e-05 0.500364
0.00320332  1.27405e-05 0.502859
0.00323536  1.28041e-05 0.505367
0.00326771  1.28679e-05 0.507888
0.00330039  1.29321e-05 0.510421
0.00333339  1.29966e-05 0.512967
0.00336672  1.30614e-05 0.515525
0.00340039  1.31266e-05 0.518097
0.0034344  1.3192e-05 0.520681
0.00346874  1.32578e-05 0.523277
0.00350343  1.3324e-05 0.525887
0.00353846  1.33904e-05 0.52851
0.00357385  1.34572e-05 0.531146
0.00360958  1.35243e-05 0.533795
0.00364568  1.35918e-05 0.536458
0.00368214  1.36596e-05 0.539133
0.00371896  1.37277e-05 0.541822
0.00375615  1.37962e-05 0.544525
0.00379371  1.3865e-05 0.54724
0.00383165  1.39341e-05 0.54997
0.00386996  1.40036e-05 0.552713
0.00390866  1.40735e-05 0.555469
0.00394775  1.41437e-05 0.55824
0.00398723  1.42142e-05 0.561024
0.0040271  1.42851e-05 0.563822
0.00406737  1.43563e-05 0.566634
0.00410804  1.44279e-05 0.56946
0.00414912  1.44999e-05 0.572301
0.00419062  1.45722e-05 0.575155
0.00423252  1.46449e-05 0.578024
0.00427485  1.47179e-05 0.580906
0.0043176  1.47914e-05 0.583804
0.00436077  1.48651e-05 0.586715
0.00440438  1.49393e-05 0.589642
0.00444842  1.50138e-05 0.592582
0.00449291  1.50887e-05 0.595538
0.00453784  1.51639e-05 0.598508
0.00458321  1.52395e-05 0.601493
0.00462905  1.53156e-05 0.604493
0.00467534  1.53919e-05 0.607508
0.00472209  1.54687e-05 0.610538
0.00476931  1.55459e-05 0.613583
0.004817  1.56234e-05 0.616644
0.00486517  1.57013e-05 0.619719
0.00491383  1.57796e-05 0.62281
0.00496296  1.58583e-05 0.625916
0.00501259  1.59374e-05 0.629038
0.00506272  1.60169e-05 0.632175
0.00511335  1.60968e-05 0.635328
0.00516448  1.61771e-05 0.638497
0.00521613  1.62578e-05 0.641682
0.00526829  1.63389e-05 0.644882
0.00532097  1.64203e-05 0.648099
0.00537418  1.65022e-05 0.651331
0.00542792  1.65845e-05 0.654579
0.0054822  1.66673e-05 0.657844
0.00553702  1.67504e-05 0.661125
0.00559239  1.68339e-05 0.664422
0.00564832  1.69179e-05 0.667736
0.0057048  1.70023e-05 0.671067
0.00576185  1.70871e-05 0.674414
0.00581947  1.71723e-05 0.677777
0.00587766  1.72579e-05 0.681158
0.00593644  1.7344e-05 0.684555
0.0059958  1.74305e-05 0.687969
0.00605576  1.75175e-05 0.691401
0.00611632  1.76048e-05 0.694849
0.00617748  1.76926e-05 0.698314
0.00623926  1.77809e-05 0.701797
0.00630165  1.78696e-05 0.705297
0.00636466  1.79587e-05 0.708815
0.00642831  1.80483e-05 0.71235
0.00649259  1.81383e-05 0.715903
0.00655752  1.82287e-05 0.719474
0.0066231  1.83197e-05 0.723063
0.00668933  1.8411e-05 0.726669
0.00675622  1.85029e-05 0.730293
0.00682378  1.85951e-05 0.733935
0.00689202  1.86879e-05 0.737596
0.00696094  1.87811e-05 0.741275
0.00703055  1.88748e-05 0.744972
0.00710085  1.89689e-05 0.748687
0.00717186  1.90635e-05 0.752421
0.00724358  1.91586e-05 0.756174
0.00731602  1.92541e-05 0.759946
0.00738918  1.93502e-05 0.763736
0.00746307  1.94467e-05 0.767545
0.0075377  1.95437e-05 0.771373
0.00761308  1.96412e-05 0.775221
0.00768921  1.97391e-05 0.779087
0.0077661  1.98376e-05 0.782973
0.00784376  1.99365e-05 0.786878
0.0079222  2.00359e-05 0.790802
0.00800142  2.01359e-05 0.794746
0.00808144  2.02363e-05 0.79871
0.00816225  2.03372e-05 0.802694
0.00824387  2.04387e-05 0.806698
0.00832631  2.05406e-05 0.810721
0.00840957  2.06431e-05 0.814765
0.00849367  2.0746e-05 0.818828
0.00857861  2.08495e-05 0.822912
0.00866439  2.09535e-05 0.827016
0.00875104  2.1058e-05 0.831141
0.00883855  2.1163e-05 0.835286
0.00892693  2.12686e-05 0.839452
0.0090162  2.13746e-05 0.843639
0.00910636  2.14812e-05 0.847847
0.00919743  2.15884e-05 0.852076
0.0092894  2.16961e-05 0.856325
0.0093823  2.18043e-05 0.860596
0.00947612  2.1913e-05 0.864889
0.00957088  2.20223e-05 0.869202
0.00966659  2.21321e-05 0.873538
0.00976325  2.22425e-05 0.877894
0.00986089  2.23535e-05 0.882273
0.0099595  2.2465e-05 0.886673
0.0100591  2.2577e-05 0.891095
0.0101597  2.26896e-05 0.89554
0.0102613  2.28028e-05 0.900006
0.0103639  2.29165e-05 0.904495
0.0104675  2.30308e-05 0.909007
0.0105722  2.31457e-05 0.91354
0.0106779  2.32611e-05 0.918097
0.0107847  2.33771e-05 0.922676
0.0108926  2.34937e-05 0.927277
0.0110015  2.36109e-05 0.931902
0.0111115  2.37287e-05 0.93655
0.0112226  2.3847e-05 0.941221
0.0113348  2.39659e-05 0.945915
0.0114482  2.40855e-05 0.950633
0.0115627  2.42056e-05 0.955375
0.0116783  2.43263e-05 0.96014
0.0117951  2.44477e-05 0.964928
0.011913  2.45696e-05 0.969741
0.0120322  2.46921e-05 0.974578
0.0121525  2.48153e-05 0.979438
0.012274  2.49391e-05 0.984323
0.0123967  2.50634e-05 0.989233
0.0125207  2.51884e-05 0.994166
0.0126459  2.53141e-05 0.999125
0.0127724  2.54403e-05 1.00411
0.0129001  2.55672e-05 1.00912
0.0130291  2.56947e-05 1.01415
0.0131594  2.58229e-05 1.01921
0.013291  2.59517e-05 1.02429
0.0134239  2.60811e-05 1.0294
0.0135581  2.62112e-05 1.03453
0.0136937  2.63419e-05 1.03969
0.0138307  2.64733e-05 1.04488
0.013969  2.66053e-05 1.05009
0.0141086  2.6738e-05 1.05533
0.0142497  2.68714e-05 1.06059
0.0143922  2.70054e-05 1.06588
0.0145362  2.71401e-05 1.0712
0.0146815  2.72755e-05 1.07654
0.0148283  2.74115e-05 1.08191
0.0149766  2.75482e-05 1.0873
0.0151264  2.76856e-05 1.09273
0.0152776  2.78237e-05 1.09818
0.0154304  2.79625e-05 1.10365
0.0155847  2.81019e-05 1.10916
0.0157406  2.82421e-05 1.11469
0.015898  2.8383e-05 1.12025
0.016057  2.85245e-05 1.12584
0.0162175  2.86668e-05 1.13145
0.0163797  2.88098e-05 1.1371
0.0165435  2.89535e-05 1.14277
0.0167089  2.90979e-05 1.14847
0.016876  2.9243e-05 1.1542
0.0170448  2.93889e-05 1.15996
0.0172152  2.95354e-05 1.16575
0.0173874  2.96827e-05 1.17156
0.0175613  2.98308e-05 1.1774
0.0177369  2.99796e-05 1.18327
0.0179142  3.01291e-05 1.18917
0.0180934  3.02794e-05 1.1951
0.0182743  3.04304e-05 1.20106
0.0184571  3.05822e-05 1.20704
0.0186416  3.07347e-05 1.21306
0.018828  3.0888e-05 1.21911
0.0190163  3.1042e-05 1.22518
0.0192065  3.11969e-05 1.23129
0.0193986  3.13525e-05 1.23743
0.0195925  3.15088e-05 1.2436
0.0197885  3.1666e-05 1.24981
0.0199864  3.18239e-05 1.25604
0.0201862  3.1977e-05 1.26231
0.0203881  3.21137e-05 1.26861
0.020592  3.22509e-05 1.27495
0.0207979  3.23886e-05 1.28132
0.0210059  3.25267e-05 1.28773
0.0212159  3.26652e-05 1.29417
0.0214281  3.28041e-05 1.30065
0.0216424  3.29435e-05 1.30716
0.0218588  3.30833e-05 1.31371
0.0220774  3.32235e-05 1.3203
0.0222981  3.33642e-05 1.32693
0.0225211  3.35052e-05 1.33359
0.0227463  3.36467e-05 1.3403
0.0229738  3.37886e-05 1.34704
0.0232035  3.39309e-05 1.35383
0.0234356  3.40736e-05 1.36065
0.0236699  3.42167e-05 1.36752
0.0239066  3.43602e-05 1.37442
0.0241457  3.45041e-05 1.38137
0.0243871  3.46484e-05 1.38835
0.024631  3.47931e-05 1.39538
0.0248773  3.49382e-05 1.40245
0.0251261  3.50837e-05 1.40955
0.0253774  3.52295e-05 1.4167
0.0256311  3.53758e-05 1.42389
0.0258874  3.55224e-05 1.43112
0.0261463  3.56694e-05 1.43839
0.0264078  3.58167e-05 1.44571
0.0266719  3.59644e-05 1.45307
0.0269386  3.61125e-05 1.46047
0.027208  3.6261e-05 1.46791
0.02748  3.64097e-05 1.4754
0.0277548  3.65589e-05 1.48293
0.0280324  3.67083e-05 1.4905
0.0283127  3.68581e-05 1.49812
0.0285958  3.70083e-05 1.50579
0.0288818  3.71587e-05 1.5135
0.0291706  3.73095e-05 1.52126
0.0294623  3.74606e-05 1.52906
0.029757  3.7612e-05 1.53691
0.0300545  3.77638e-05 1.54481
0.0303551  3.79158e-05 1.55275
0.0306586  3.80681e-05 1.56074
0.0309652  3.82207e-05 1.56878
0.0312749  3.83736e-05 1.57686
0.0315876  3.85267e-05 1.585
0.0319035  3.86802e-05 1.59318
0.0322225  3.88338e-05 1.60141
0.0325447  3.89878e-05 1.60969
0.0328702  3.9142e-05 1.61802
0.0331989  3.92964e-05 1.6264
0.0335309  3.94511e-05 1.63484
0.0338662  3.9606e-05 1.64332
0.0342049  3.97611e-05 1.65185
0.0345469  3.99164e-05 1.66044
0.0348924  4.00719e-05 1.66908
0.0352413  4.02276e-05 1.67777
0.0355937  4.03836e-05 1.68651
0.0359496  4.05396e-05 1.69531
0.0363091  4.06959e-05 1.70416
0.0366722  4.08523e-05 1.71306
0.037039  4.10089e-05 1.72202
0.0374093  4.11656e-05 1.73104
0.0377834  4.13224e-05 1.74011
0.0381613  4.14794e-05 1.74923
0.0385429  4.16365e-05 1.75842
0.0389283  4.17937e-05 1.76765
0.0393176  4.19509e-05 1.77695
0.0397108  4.21083e-05 1.78631
0.0401079  4.22657e-05 1.79572
0.040509  4.24232e-05 1.80519
0.040914  4.25808e-05 1.81472
0.0413232  4.27384e-05 1.82431
0.0417364  4.2896e-05 1.83396
0.0421538  4.30537e-05 1.84368
0.0425753  4.32113e-05 1.85345
0.0430011  4.33689e-05 1.86328
0.0434311  4.35266e-05 1.87318
0.0438654  4.36842e-05 1.88314
0.044304  4.38417e-05 1.89316
0.0447471  4.39992e-05 1.90325
0.0451946  4.41566e-05 1.9134
0.0456465  4.4314e-05 1.92362
0.046103  4.44712e-05 1.9339
0.046564  4.46284e-05 1.94425
0.0470296  4.47854e-05 1.95467
0.0474999  4.49423e-05 1.96515
0.0479749  4.5099e-05 1.9757
0.0484547  4.52556e-05 1.98632
0.0489392  4.54119e-05 1.99701
0.0494286  4.55681e-05 2.00777
0.0499229  4.57241e-05 2.01859
0.0504221  4.58799e-05 2.02949
0.0509264  4.60354e-05 2.04047
0.0514356  4.61906e-05 2.05151
0.05195  4.63456e-05 2.06263
0.0524695  4.65003e-05 2.07382
0.0529942  4.66547e-05 2.08508
0.0535241  4.68088e-05 2.09642
0.0540594  4.69625e-05 2.10784
0.0546  4.71159e-05 2.11933
0.055146  4.72689e-05 2.1309
0.0556974  4.74215e-05 2.14255
0.0562544  4.75737e-05 2.15427
0.0568169  4.77255e-05 2.16608
0.0573851  4.78769e-05 2.17797
0.0579589  4.80277e-05 2.18993
0.0585385  4.81781e-05 2.20198
0.0591239  4.8328e-05 2.21411
0.0597152  4.84774e-05 2.22633
0.0603123  4.86263e-05 2.23863
0.0609154  4.87745e-05 2.25101
0.0615246  4.89223e-05 2.26348
0.0621398  4.90694e-05 2.27604
0.0627612  4.92159e-05 2.28868
0.0633888  4.93617e-05 2.30142
0.0640227  4.95069e-05 2.31424
0.064663  4.96515e-05 2.32715
0.0653096  4.97953e-05 2.34016
0.0659627  4.99384e-05 2.35326
0.0666223  5.00808e-05 2.36645
0.0672885  5.02224e-05 2.37974
0.0679614  5.03633e-05 2.39312
0.068641  5.05033e-05 2.40659
0.0693275  5.06426e-05 2.42017
0.0700207  5.07809e-05 2.43384
0.0707209  5.09185e-05 2.4476
0.0714281  5.10551e-05 2.46147
0.0721424  5.11908e-05 2.47544
0.0728638  5.13256e-05 2.48951
0.0735925  5.14594e-05 2.50368
0.0743284  5.15923e-05 2.51796
0.0750717  5.17241e-05 2.53234
0.0758224  5.1855e-05 2.54683
0.0765806  5.19848e-05 2.56143
0.0773464  5.21135e-05 2.57614
0.0781199  5.22412e-05 2.59097
0.0789011  5.23677e-05 2.6059
0.0796901  5.24932e-05 2.62095
0.080487  5.26174e-05 2.63612
0.0812919  5.27192e-05 2.65141
0.0821048  5.28178e-05 2.66682
0.0829259  5.29146e-05 2.68235
0.0837551  5.30098e-05 2.69801
0.0845927  5.31032e-05 2.71379
0.0854386  5.31948e-05 2.72971
0.086293  5.32847e-05 2.74575
0.0871559  5.33727e-05 2.76193
0.0880275  5.34588e-05 2.77824
0.0889077  5.3543e-05 2.79469
0.0897968  5.36254e-05 2.81127
0.0906948  5.37057e-05 2.828
0.0916017  5.37841e-05 2.84488
0.0925178  5.38605e-05 2.8619
0.0934429  5.39348e-05 2.87906
0.0943774  5.4007e-05 2.89638
0.0953211  5.40772e-05 2.91384
0.0962743  5.41452e-05 2.93146
0.0972371  5.4211e-05 2.94923
0.0982095  5.42747e-05 2.96716
0.0991916  5.43361e-05 2.98525
0.100183  5.43953e-05 3.0035
0.101185  5.44522e-05 3.02191
0.102197  5.45068e-05 3.04048
0.103219  5.4559e-05 3.05922
0.104251  5.46089e-05 3.07813
0.105294  5.46564e-05 3.09721
0.106347  5.47015e-05 3.11647
0.10741  5.47442e-05 3.1359
0.108484  5.47843e-05 3.15551
0.109569  5.4822e-05 3.17531
0.110665  5.48572e-05 3.19529
0.111772  5.48898e-05 3.21545
0.112889  5.49198e-05 3.23581
0.114018  5.49472e-05 3.25636
0.115158  5.4972e-05 3.2771
0.11631  5.49942e-05 3.29805
0.117473  5.50137e-05 3.31919
0.118648  5.50304e-05 3.34054
0.119834  5.50445e-05 3.3621
0.121033  5.50558e-05 3.38387
0.122243  5.50644e-05 3.40585
0.123465  5.50702e-05 3.42805
0.1247  5.50732e-05 3.45047
0.125947  5.50734e-05 3.47311
0.127206  5.50707e-05 3.49598
0.128478  5.50652e-05 3.51908
0.129763  5.50568e-05 3.54242
0.131061  5.50455e-05 3.56599
0.132372  5.50313e-05 3.5898
0.133695  5.50142e-05 3.61386
0.135032  5.49941e-05 3.63817
0.136383  5.49711e-05 3.66272
0.137746  5.49451e-05 3.68754
0.139124  5.49161e-05 3.71261
0.140515  5.48842e-05 3.73796
0.14192  5.48492e-05 3.76357
0.143339  5.48113e-05 3.78945
0.144773  5.47703e-05 3.81561
0.146221  5.47263e-05 3.84205
0.147683  5.46793e-05 3.86878
0.14916  5.46292e-05 3.89581
0.150651  5.4576e-05 3.92312
0.152158  5.45199e-05 3.95074
0.153679  5.44606e-05 3.97866
0.155216  5.43983e-05 4.0069
0.156768  5.4333e-05 4.03545
0.158336  5.42646e-05 4.06432
0.159919  5.41931e-05 4.09352
0.161518  5.41185e-05 4.12305
0.163134  5.40409e-05 4.15291
0.164765  5.39603e-05 4.18312
0.166413  5.38766e-05 4.21368
0.168077  5.37898e-05 4.24459
0.169757  5.37001e-05 4.27587
0.171455  5.36072e-05 4.30751
0.17317  5.35114e-05 4.33952
0.174901  5.34125e-05 4.37191
0.17665  5.33107e-05 4.40468
0.178417  5.32058e-05 4.43785
0.180201  5.3098e-05 4.47142
0.182003  5.29872e-05 4.50539
0.183823  5.28734e-05 4.53978
0.185661  5.27568e-05 4.57458
0.187518  5.26371e-05 4.60982
0.189393  5.25146e-05 4.64548
0.191287  5.23892e-05 4.68159
0.1932  5.2261e-05 4.71815
0.195132  5.21299e-05 4.75516
0.197083  5.19959e-05 4.79264
0.199054  5.18592e-05 4.83059
0.201045  5.17197e-05 4.86903
0.203055  5.15774e-05 4.90795
0.205086  5.14324e-05 4.94738
0.207136  5.12848e-05 4.98731
0.209208  5.11344e-05 5.02776
0.2113  5.09814e-05 5.06874
0.213413  5.08258e-05 5.11025
0.215547  5.06676e-05 5.1523
0.217702  5.05068e-05 5.19491
0.219879  5.03436e-05 5.23808
0.222078  5.01778e-05 5.28183
0.224299  5.00096e-05 5.32616
0.226542  4.9839e-05 5.37109
0.228807  4.9666e-05 5.41662
0.231095  4.94906e-05 5.46277
0.233406  4.9313e-05 5.50955
0.235741  4.9133e-05 5.55697
0.238098  4.89509e-05 5.60504
0.240479  4.87665e-05 5.65377
0.242884  4.858e-05 5.70318
0.245313  4.83914e-05 5.75327
0.247766  4.82007e-05 5.80406
0.250243  4.8008e-05 5.85557
0.252746  4.78133e-05 5.9078
0.255273  4.76166e-05 5.96077
0.257826  4.74181e-05 6.01449
0.260404  4.72177e-05 6.06898
0.263008  4.70155e-05 6.12425
0.265638  4.68115e-05 6.18031
0.268295  4.66058e-05 6.23719
0.270978  4.63985e-05 6.29488
0.273687  4.61895e-05 6.35341
0.276424  4.59789e-05 6.4128
0.279189  4.57668e-05 6.47306
0.28198  4.55532e-05 6.5342
0.2848  4.53382e-05 6.59625
0.287648  4.51218e-05 6.65922
0.290525  4.49041e-05 6.72312
0.29343  4.46851e-05 6.78798
0.296364  4.44648e-05 6.85381
0.299328  4.42433e-05 6.92063
0.302321  4.40207e-05 6.98846
0.305344  4.3797e-05 7.05731
0.308398  4.35723e-05 7.1272
0.311482  4.33465e-05 7.19817
0.314597  4.31198e-05 7.27021
0.317743  4.28922e-05 7.34336
0.32092  4.26638e-05 7.41764
0.324129  4.24345e-05 7.49307
0.32737  4.22045e-05 7.56966
0.330644  4.19738e-05 7.64744
0.333951  4.17424e-05 7.72643
0.33729  4.15104e-05 7.80666
0.340663  4.12779e-05 7.88814
0.34407  4.10448e-05 7.9709
0.34751  4.08113e-05 8.05497
0.350985  4.05774e-05 8.14037
0.354495  4.0343e-05 8.22711
0.35804  4.01084e-05 8.31524
0.361621  3.98734e-05 8.40477
0.365237  3.96383e-05 8.49573
0.368889  3.94029e-05 8.58815
0.372578  3.91674e-05 8.68205
0.376304  3.89318e-05 8.77747
0.380067  3.86961e-05 8.87442
0.383868  3.84604e-05 8.97294
0.387706  3.82247e-05 9.07305
0.391583  3.79891e-05 9.17479
0.395499  3.77536e-05 9.27819
0.399454  3.75182e-05 9.38328
0.403449  3.7283e-05 9.49008
0.407483  3.70481e-05 9.59864
0.411558  3.68134e-05 9.70898
0.415674  3.6579e-05 9.82113
0.41983  3.63449e-05 9.93514
0.424029  3.61113e-05 10.051
0.428269  3.5878e-05 10.1688
0.432552  3.56452e-05 10.2886
0.436877  3.54128e-05 10.4103
0.441246  3.5181e-05 10.5341
0.445658  3.49497e-05 10.6599
0.450115  3.4719e-05 10.7879
0.454616  3.44889e-05 10.918
0.459162  3.42594e-05 11.0502
0.463754  3.40306e-05 11.1847
0.468391  3.38025e-05 11.3214
0.473075  3.35751e-05 11.4605
0.477806  3.33485e-05 11.6018
0.482584  3.31226e-05 11.7456
0.48741  3.28976e-05 11.8918
0.492284  3.26734e-05 12.0405
0.497207  3.245e-05 12.1917
0.502179  3.22275e-05 12.3454
0.507201  3.20059e-05 12.5018
0.512273  3.17853e-05 12.6608
0.517396  3.15656e-05 12.8225
0.52257  3.13468e-05 12.987
0.527795  3.1129e-05 13.1543
0.533073  3.09122e-05 13.3244
0.538404  3.06965e-05 13.4975
0.543788  3.04818e-05 13.6735
0.549226  3.02681e-05 13.8525
0.554718  3.00555e-05 14.0346
0.560265  2.9844e-05 14.2198
0.565868  2.96335e-05 14.4082
0.571527  2.94242e-05 14.5999
0.577242  2.9216e-05 14.7948
0.583014  2.90089e-05 14.9931
0.588844  2.8803e-05 15.1948
0.594733  2.85983e-05 15.4
0.60068  2.83947e-05 15.6087
0.606687  2.81923e-05 15.821
0.612754  2.7991e-05 16.0369
0.618881  2.7791e-05 16.2566
0.62507  2.75921e-05 16.4801
0.631321  2.73945e-05 16.7075
0.637634  2.71981e-05 16.9388
0.644011  2.70029e-05 17.1741
0.650451  2.68089e-05 17.4134
0.656955  2.66161e-05 17.6569
0.663525  2.64246e-05 17.9047
0.67016  2.62343e-05 18.1567
0.676862  2.60453e-05 18.413
0.68363  2.58574e-05 18.6739
0.690466  2.56709e-05 18.9392
0.697371  2.54855e-05 19.2092
0.704345  2.53014e-05 19.4838
0.711388  2.51186e-05 19.7632
0.718502  2.4937e-05 20.0474
0.725687  2.47566e-05 20.3366
0.732944  2.45775e-05 20.6308
0.740273  2.43996e-05 20.9301
0.747676  2.4223e-05 21.2346
0.755153  2.40476e-05 21.5444
0.762705  2.38734e-05 21.8596
0.770332  2.37005e-05 22.1802
0.778035  2.35288e-05 22.5064
0.785815  2.33583e-05 22.8383
0.793673  2.3189e-05 23.176
0.80161  2.3021e-05 23.5195
0.809626  2.28542e-05 23.869
0.817722  2.26885e-05 24.2245
0.8259  2.25241e-05 24.5862
0.834159  2.23609e-05 24.9543
0.8425  2.21988e-05 25.3287
0.850925  2.2038e-05 25.7096
0.859435  2.18783e-05 26.0971
0.868029  2.17198e-05 26.4914
0.876709  2.15625e-05 26.8925
0.885476  2.14063e-05 27.3005
0.894331  2.12513e-05 27.7157
0.903274  2.10975e-05 28.1381
0.912307  2.09448e-05 28.5678
0.92143  2.07932e-05 29.0049
0.930644  2.06427e-05 29.4497
0.939951  2.04934e-05 29.9022
0.94935  2.03451e-05 30.3625
0.958844  2.0198e-05 30.8308
0.968432  2.0052e-05 31.3073
0.978117  1.9907e-05 31.792
0.987898  1.97632e-05 32.2852
0.997777  1.96204e-05 32.7868
1.00775  1.94787e-05 33.2972
1.01783  1.9338e-05 33.8165
1.02801  1.91984e-05 34.3447
1.03829  1.90598e-05 34.8821
1.04867  1.89223e-05 35.4289
1.05916  1.87858e-05 35.9851
1.06975  1.86503e-05 36.551
1.08045  1.85158e-05 37.1266
1.09125  1.83823e-05 37.7123
1.10217  1.82498e-05 38.3081
1.11319  1.81183e-05 38.9142
1.12432  1.79878e-05 39.5308
1.13556  1.78582e-05 40.1582
1.14692  1.77296e-05 40.7963
1.15839  1.76019e-05 41.4456
1.16997  1.74752e-05 42.1061
1.18167  1.73494e-05 42.778
1.19349  1.72246e-05 43.4616
1.20542  1.71007e-05 44.157
1.21748  1.69776e-05 44.8645
1.22965  1.68555e-05 45.5842
1.24195  1.67343e-05 46.3163
1.25437  1.66139e-05 47.0612
1.26691  1.64945e-05 47.8189
1.27958  1.63759e-05 48.5898
1.29238  1.62582e-05 49.374
1.3053  1.61413e-05 50.1718
1.31835  1.60253e-05 50.9834
1.33154  1.59101e-05 51.809
1.34485  1.57958e-05 52.649
1.3583  1.56822e-05 53.5035
1.37188  1.55695e-05 54.3728
1.3856  1.54576e-05 55.2571
1.39946  1.53466e-05 56.1567
1.41345  1.52363e-05 57.0719
1.42759  1.51268e-05 58.003
1.44186  1.5018e-05 58.9502
1.45628  1.49101e-05 59.9137
1.47085  1.48029e-05 60.894
1.48555  1.46965e-05 61.8912
1.50041  1.45909e-05 62.9057
1.51541  1.4486e-05 63.9377
1.53057  1.43818e-05 64.9876
1.54587  1.42784e-05 66.0557
1.56133  1.41757e-05 67.1423
1.57695  1.40737e-05 68.2478
1.59271  1.39724e-05 69.3723
1.60864  1.38719e-05 70.5163
1.62473  1.37721e-05 71.6802
1.64098  1.36729e-05 72.8642
1.65739  1.35745e-05 74.0687
1.67396  1.34767e-05 75.2941
1.6907  1.33796e-05 76.5407
1.70761  1.32832e-05 77.809
1.72468  1.31875e-05 79.0992
1.74193  1.30924e-05 80.4117
1.75935  1.2998e-05 81.7471
1.77694  1.29042e-05 83.1056
1.79471  1.28111e-05 84.4876
1.81266  1.27186e-05 85.8936
1.83078  1.26268e-05 87.324
1.84909  1.25356e-05 88.7792
1.86758  1.2445e-05 90.2596
1.88626  1.23551e-05 91.7657
1.90512  1.22657e-05 93.298
1.92417  1.2177e-05 94.8569
1.94341  1.20889e-05 96.4428
1.96285  1.20014e-05 98.0563
1.98248  1.19145e-05 99.6978
2.0023  1.18281e-05 101.368
2.02232  1.17424e-05 103.067
2.04255  1.16573e-05 104.795
2.06297  1.15727e-05 106.554
2.0836  1.14887e-05 108.343
2.10444  1.14053e-05 110.163
2.12548  1.13224e-05 112.015
2.14674  1.12401e-05 113.899
2.16821  1.11584e-05 115.816
2.18989  1.10772e-05 117.767
2.21179  1.09965e-05 119.751
2.2339  1.09164e-05 121.769
2.25624  1.08369e-05 123.823
2.27881  1.07579e-05 125.913
2.30159  1.06794e-05 128.039
2.32461  1.06014e-05 130.202
2.34786  1.0524e-05 132.403
2.37134  1.04471e-05 134.642
2.39505  1.03707e-05 136.92
2.419  1.02949e-05 139.238
2.44319  1.02195e-05 141.597
2.46762  1.01447e-05 143.996
2.4923  1.00703e-05 146.438
2.51722  9.99649e-06 148.922
2.54239  9.92315e-06 151.449
2.56782  9.8503e-06 154.021
2.59349  9.77794e-06 156.637
2.61943  9.70607e-06 159.299
2.64562  9.63468e-06 162.008
2.67208  9.56378e-06 164.764
2.6988  9.49335e-06 167.569
2.72579  9.42339e-06 170.422
2.75305  9.35391e-06 173.325
2.78058  9.2849e-06 176.28
2.80838  9.21635e-06 179.285
2.83647  9.14826e-06 182.344
2.86483  9.08063e-06 185.456
2.89348  9.01346e-06 188.622
2.92241  8.94675e-06 191.844
2.95164  8.88048e-06 195.123
2.98115  8.81466e-06 198.459
3.01097  8.74928e-06 201.854
3.04108  8.68435e-06 205.308
3.07149  8.61985e-06 208.823
3.1022  8.55579e-06 212.4
3.13322  8.49216e-06 216.039
3.16456  8.42897e-06 219.743
3.1962  8.3662e-06 223.512
3.22816  8.30386e-06 227.347
3.26045  8.24194e-06 231.249
3.29305  8.18044e-06 235.22
3.32598  8.11935e-06 239.261
3.35924  8.05869e-06 243.374
3.39283  7.99843e-06 247.558
3.42676  7.93858e-06 251.816
3.46103  7.87914e-06 256.149
3.49564  7.82011e-06 260.558
3.53059  7.76148e-06 265.045
3.5659  7.70324e-06 269.61
3.60156  7.64541e-06 274.255
3.63758  7.58796e-06 278.983
3.67395  7.53091e-06 283.793
3.71069  7.47426e-06 288.689
3.7478  7.41798e-06 293.671
3.78528  7.3621e-06 298.741
3.82313  7.30659e-06 303.901
3.86136  7.25147e-06 309.152
3.89997  7.19672e-06 314.497
3.93897  7.14235e-06 319.937
3.97836  7.08836e-06 325.474
4.01815  7.03473e-06 331.11
4.05833  6.98148e-06 336.846
4.09891  6.92859e-06 342.686
4.1399  6.87606e-06 348.629
4.1813  6.8239e-06 354.68
4.22311  6.7721e-06 360.839
4.26534  6.72066e-06 367.11
4.308  6.66957e-06 373.494
4.35108  6.61883e-06 379.993
4.39459  6.56845e-06 386.61
4.43853  6.51842e-06 393.346
4.48292  6.46873e-06 400.206
4.52775  6.41939e-06 407.19
4.57303  6.3704e-06 414.301
4.61876  6.32174e-06 421.541
4.66494  6.27343e-06 428.913
4.71159  6.22545e-06 436.419
4.75871  6.1778e-06 444.061
4.8063  6.13049e-06 451.841
4.85436  6.08351e-06 459.763
4.9029  6.03686e-06 467.828
4.95193  5.99053e-06 476.039
5.00145  5.94453e-06 484.399
5.05146  5.89886e-06 492.91
5.10198  5.8535e-06 501.575
5.153  5.80846e-06 510.397
5.20453  5.76375e-06 519.379
5.25657  5.71934e-06 528.524
5.30914  5.67525e-06 537.834
5.36223  5.63147e-06 547.313
5.41585  5.588e-06 556.964
5.47001  5.54484e-06 566.791
5.52471  5.50198e-06 576.796
5.57996  5.45943e-06 586.982
5.63576  5.41718e-06 597.354
5.69212  5.37523e-06 607.915
5.74904  5.33358e-06 618.667
5.80653  5.29223e-06 629.615
5.86459  5.25117e-06 640.763
5.92324  5.2104e-06 652.113
5.98247  5.16992e-06 663.669
6.0423  5.12974e-06 675.436
6.10272  5.08984e-06 687.417
6.16375  5.05022e-06 699.616
6.22538  5.01089e-06 712.036
6.28764  4.97185e-06 724.683
6.35051  4.93308e-06 737.56
6.41402  4.89459e-06 750.671
6.47816  4.85638e-06 764.02
6.54294  4.81844e-06 777.612
6.60837  4.78078e-06 791.452
6.67445  4.74339e-06 805.544
6.7412  4.70627e-06 819.892
6.80861  4.66942e-06 834.502
6.8767  4.63283e-06 849.377
6.94546  4.59651e-06 864.524
7.01492  4.56046e-06 879.947
7.08507  4.52466e-06 895.65
7.15592  4.48913e-06 911.64
7.22748  4.45385e-06 927.921
7.29975  4.41883e-06 944.499
7.37275  4.38407e-06 961.38
7.44648  4.34956e-06 978.568
7.52094  4.3153e-06 996.069
7.59615  4.28129e-06 1013.89
7.67211  4.24753e-06 1032.04
7.74883  4.21402e-06 1050.51
7.82632  4.18075e-06 1069.33
7.90459  4.14773e-06 1088.48
7.98363  4.11495e-06 1107.99
8.06347  4.08101e-06 1127.85
8.1441  4.04719e-06 1148.08
8.22554  4.01362e-06 1168.67
8.3078  3.98031e-06 1189.64
8.39088  3.94728e-06 1211
8.47479  3.91452e-06 1232.74
8.55953  3.88203e-06 1254.88
8.64513  3.84982e-06 1277.43
8.73158  3.81787e-06 1300.38
8.8189  3.78618e-06 1323.76
8.90709  3.75476e-06 1347.56
8.99616  3.72359e-06 1371.8
9.08612  3.69269e-06 1396.48
9.17698  3.66204e-06 1421.62
9.26875  3.63164e-06 1447.21
9.36144  3.6015e-06 1473.27
9.45505  3.5716e-06 1499.81
9.5496  3.54196e-06 1526.83
9.6451  3.51256e-06 1554.35
9.74155  3.4834e-06 1582.37
9.83896  3.45448e-06 1610.9
9.93735  3.4258e-06 1639.96
10.0367  3.39736e-06 1669.55
10.1371  3.36916e-06 1699.67
10.2385  3.34119e-06 1730.35
10.3409  3.31345e-06 1761.6
10.4443  3.28594e-06 1793.41
10.5487  3.25866e-06 1825.8
10.6542  3.2316e-06 1858.79
10.7607  3.20477e-06 1892.39
10.8683  3.17816e-06 1926.59
10.977  3.15178e-06 1961.43
11.0868  3.12561e-06 1996.9
11.1977  3.09966e-06 2033.02
11.3096  3.07392e-06 2069.81
11.4227  3.0484e-06 2107.26
11.537  3.02307e-06 2145.41
11.6523  2.99795e-06 2184.25
11.7689  2.97304e-06 2223.81
11.8865  2.94833e-06 2264.09
12.0054  2.92382e-06 2305.1
12.1255  2.89952e-06 2346.87
12.2467  2.87543e-06 2389.41
12.3692  2.85153e-06 2432.73
12.4929  2.82782e-06 2476.84
12.6178  2.80432e-06 2521.76
12.744  2.78101e-06 2567.5
12.8714  2.75789e-06 2614.08
13.0001  2.73497e-06 2661.52
13.1301  2.71223e-06 2709.83
13.2614  2.68968e-06 2759.02
13.3941  2.66732e-06 2809.12
13.528  2.64515e-06 2860.13
13.6633  2.62316e-06 2912.09
13.7999  2.60135e-06 2964.99
13.9379  2.57972e-06 3018.87
14.0773  2.55827e-06 3073.73
14.2181  2.537e-06 3129.61
14.3602  2.51591e-06 3186.5
14.5038  2.49499e-06 3244.45
14.6489  2.47425e-06 3303.45
14.7954  2.45367e-06 3363.54
14.9433  2.43327e-06 3424.73
15.0928  2.41304e-06 3487.05
15.2437  2.39297e-06 3550.51
15.3961  2.37307e-06 3615.14
15.5501  2.35334e-06 3680.95
15.7056  2.33377e-06 3747.98
15.8626  2.31437e-06 3816.23
16.0213  2.29512e-06 3885.74
16.1815  2.27603e-06 3956.52
16.3433  2.25711e-06 4028.61
16.5067  2.23833e-06 4102.02
16.6718  2.21971e-06 4176.78
16.8385  2.20125e-06 4252.91
17.0069  2.18293e-06 4330.44
17.177  2.16477e-06 4409.4
17.3487  2.14676e-06 4489.81
17.5222  2.1289e-06 4571.7
17.6974  2.11119e-06 4655.09
17.8744  2.09362e-06 4740.01
18.0532  2.0762e-06 4826.5
18.2337  2.05892e-06 4914.58
18.416  2.04179e-06 5004.27
18.6002  2.0248e-06 5095.62
18.7862  2.00795e-06 5188.64
18.9741  1.99125e-06 5283.38
19.1638  1.97468e-06 5379.86
19.3554  1.95824e-06 5478.11
19.549  1.94195e-06 5578.17
19.7445  1.92579e-06 5680.07
19.9419  1.90976e-06 5783.85
20.1413  1.89387e-06 5889.54
20.3427  1.87811e-06 5997.16
20.5462  1.86248e-06 6106.77
20.7516  1.84698e-06 6218.4
20.9592  1.83161e-06 6332.08
21.1687  1.81637e-06 6447.85
21.3804  1.80125e-06 6565.75
21.5942  1.78626e-06 6685.82
21.8102  1.7714e-06 6808.1
22.0283  1.75666e-06 6932.64
22.2486  1.74204e-06 7059.46
22.4711  1.72755e-06 7188.62
22.6958  1.71317e-06 7320.15
22.9227  1.69891e-06 7454.1
23.1519  1.68478e-06 7590.52
23.3835  1.67076e-06 7729.46
23.6173  1.65686e-06 7870.94
23.8535  1.64307e-06 8015.04
24.092  1.6294e-06 8161.78
24.3329  1.61584e-06 8311.23
24.5763  1.6024e-06 8463.43
24.822  1.58907e-06 8618.43
25.0702  1.57585e-06 8776.28
25.3209  1.56274e-06 8937.04
25.5742  1.54974e-06 9100.76
25.8299  1.53685e-06 9267.49
26.0882  1.52407e-06 9437.3
26.3491  1.51139e-06 9610.22
26.6126  1.49882e-06 9786.34
26.8787  1.48635e-06 9965.69
27.1475  1.47399e-06 10148.3
27.419  1.46173e-06 10334.4
27.6931  1.44958e-06 10523.8
27.9701  1.43753e-06 10716.7
28.2498  1.42557e-06 10913.2
28.5323  1.41372e-06 11113.3
28.8176  1.40197e-06 11317.1
29.1058  1.39031e-06 11524.7
29.3968  1.37876e-06 11736
29.6908  1.3673e-06 11951.3
29.9877  1.35593e-06 12170.5
30.2876  1.34466e-06 12393.7
30.5905  1.33349e-06 12621.1
30.8964  1.32241e-06 12852.7
31.2053  1.31142e-06 13088.5
31.5174  1.30052e-06 13328.6
31.8326  1.28972e-06 13573.2
32.1509  1.279e-06 13822.3
32.4724  1.26838e-06 14075.9
32.7971  1.25785e-06 14334.3
33.1251  1.2474e-06 14597.3
33.4563  1.23704e-06 14865.3
33.7909  1.22677e-06 15138.1
34.1288  1.21659e-06 15416
34.4701  1.20649e-06 15699
34.8148  1.19647e-06 15987.2
35.1629  1.18654e-06 16280.8
35.5146  1.1767e-06 16579.7
35.8697  1.16693e-06 16884.1
36.2284  1.15725e-06 17194.1
36.5907  1.14765e-06 17509.9
36.9566  1.13813e-06 17831.4
37.3262  1.12869e-06 18158.9
37.6994  1.11933e-06 18492.3
38.0764  1.11005e-06 18832
38.4572  1.10085e-06 19177.8
38.8418  1.09173e-06 19530.1
39.2302  1.08268e-06 19888.8
39.6225  1.07371e-06 20254.1
40.0187  1.06481e-06 20626.2
40.4189  1.05599e-06 21005
40.8231  1.04724e-06 21390.9
41.2313  1.03857e-06 21783.8
41.6436  1.02997e-06 22184
42.0601  1.02144e-06 22591.6
42.4807  1.01299e-06 23006.6
42.9055  1.00461e-06 23429.3
43.3345  9.96293e-07 23859.7
43.7679  9.88051e-07 24298.1
44.2056  9.79878e-07 24744.5
44.6476  9.71775e-07 25199.1
45.0941  9.6374e-07 25662.1
45.545  9.55773e-07 26133.6
46.0005  9.47874e-07 26613.8
46.4605  9.40041e-07 27102.8
46.9251  9.32275e-07 27600.8
47.3943  9.24574e-07 28107.9
47.8683  9.16939e-07 28624.3
48.347  9.09368e-07 29150.3
48.8304  9.01862e-07 29685.9
49.3187  8.94419e-07 30231.3
49.8119  8.87039e-07 30786.8
50.31  8.79722e-07 31352.5
50.8131  8.72467e-07 31928.5
51.3213  8.65274e-07 32515.2
51.8345  8.58141e-07 33112.6
52.3528  8.51069e-07 33721
52.8764  8.44058e-07 34340.5
53.4051  8.37105e-07 34971.5
53.9392  8.30212e-07 35614
54.4786  8.23378e-07 36268.3
55.0234  8.16601e-07 36934.6
55.5736  8.09883e-07 37613.2
56.1293  8.03221e-07 38304.1
56.6906  7.96616e-07 39007.8
57.2575  7.90067e-07 39724.4
57.8301  7.83574e-07 40454.1
58.4084  7.77137e-07 41197.2
58.9925  7.70754e-07 41954
59.5824  7.64425e-07 42724.6
60.1782  7.58151e-07 43509.3
60.78  7.5193e-07 44308.4
61.3878  7.45762e-07 45122.2
62.0017  7.39646e-07 45950.9
62.6217  7.33583e-07 46794.7
63.2479  7.27572e-07 47654.1
63.8804  7.21611e-07 48529.1
64.5192  7.15702e-07 49420.2
65.1644  7.09843e-07 50327.7
65.816  7.04035e-07 51251.7
66.4742  6.98275e-07 52192.6
67.1389  6.92566e-07 53150.8
67.8103  6.86904e-07 54126.5
68.4884  6.81292e-07 55120.1
69.1733  6.75727e-07 56131.8
69.8651  6.7021e-07 57162
70.5637  6.64741e-07 58211.1
71.2693  6.59318e-07 59279.4
71.982  6.53941e-07 60367.2
72.7019  6.48611e-07 61474.9
73.4289  6.43326e-07 62602.8
74.1632  6.38087e-07 63751.4
74.9048  6.32892e-07 64920.9
75.6538  6.27742e-07 66111.8
76.4104  6.22637e-07 67324.4
77.1745  6.17575e-07 68559.2
77.9462  6.12556e-07 69816.5
78.7257  6.07581e-07 71096.8
79.513  6.02648e-07 72400.4
80.3081  5.97758e-07 73727.9
81.1112  5.9291e-07 75079.5
81.9223  5.88103e-07 76455.8
82.7415  5.83338e-07 77857.2
83.5689  5.78613e-07 79284.1
84.4046  5.7393e-07 80737
85.2486  5.69286e-07 82216.4
86.1011  5.64683e-07 83722.8
86.9621  5.60119e-07 85256.6
87.8318  5.55595e-07 86818.3
88.7101  5.5111e-07 88408.4
89.5972  5.46663e-07 90027.5
90.4932  5.42255e-07 91676.1
91.3981  5.37884e-07 93354.6
92.3121  5.33552e-07 95063.6
93.2352  5.29256e-07 96803.8
94.1675  5.24998e-07 98575.5
95.1092  5.20777e-07 100380
96.0603  5.16592e-07 102216
97.0209  5.12443e-07 104086
97.9911  5.0833e-07 105990
98.971  5.04253e-07 107929
99.9607  5.00211e-07 109903
100.96  4.96204e-07 111912
101.97  4.92231e-07 113959
102.99  4.88293e-07 116042
104.02  4.8439e-07 118163
105.06  4.8052e-07 120322
106.11  4.76683e-07 122520
107.171  4.7288e-07 124759
108.243  4.6911e-07 127038
109.326  4.65372e-07 129358
110.419  4.61667e-07 131720
111.523  4.57994e-07 134124
112.638  4.54353e-07 136573
113.765  4.50744e-07 139065
114.902  4.47166e-07 141603
116.051  4.43619e-07 144186
117.212  4.40103e-07 146816
118.384  4.36617e-07 149494
119.568  4.33162e-07 152220
120.763  4.29737e-07 154995
121.971  4.26342e-07 157820
123.191  4.22976e-07 160696
124.423  4.1964e-07 163623
125.667  4.16333e-07 166604
126.924  4.13054e-07 169638
128.193  4.09804e-07 172727
129.475  4.06583e-07 175871
130.77  4.0339e-07 179072
132.077  4.00224e-07 182331
133.398  3.97087e-07 185648
134.732  3.93976e-07 189025
136.079  3.90893e-07 192462
137.44  3.87837e-07 195961
138.814  3.84808e-07 199523
140.203  3.81805e-07 203149
141.605  3.78828e-07 206839
143.021  3.75878e-07 210596
144.451  3.72953e-07 214420
145.895  3.70054e-07 218313
147.354  3.67181e-07 222275
148.828  3.64333e-07 226308
150.316  3.61509e-07 230413
151.819  3.58711e-07 234592
153.338  3.55937e-07 238845
154.871  3.53187e-07 243175
156.42  3.50462e-07 247581
157.984  3.47761e-07 252066
159.564  3.45083e-07 256631
161.159  3.42429e-07 261278
162.771  3.39799e-07 266007
164.399  3.37191e-07 270821
166.043  3.34607e-07 275720
167.703  3.32045e-07 280706
169.38  3.29506e-07 285781
171.074  3.2699e-07 290946
172.785  3.24495e-07 296203
174.512  3.22023e-07 301553
176.258  3.19572e-07 306998
178.02  3.17144e-07 312539
179.8  3.14736e-07 318179
181.598  3.1235e-07 323918
183.414  3.09986e-07 329759
185.248  3.07642e-07 335703
187.101  3.05319e-07 341753
188.972  3.03016e-07 347909
190.862  3.00734e-07 354174
192.77  2.98472e-07 360550
194.698  2.9623e-07 367039
196.645  2.94009e-07 373642
198.611  2.91807e-07 380361
200.598  2.89624e-07 387199
202.604  2.87461e-07 394157
204.63  2.85318e-07 401238
206.676  2.83193e-07 408443
208.743  2.81087e-07 415774
210.83  2.79e-07 423235
212.938  2.76932e-07 430826
215.068  2.74882e-07 438550
217.218  2.72851e-07 446409
219.391  2.70837e-07 454405
221.584  2.68842e-07 462541
223.8  2.66865e-07 470819
226.038  2.64905e-07 479241
228.299  2.62963e-07 487809
230.582  2.61038e-07 496527
232.888  2.5913e-07 505396
235.216  2.5724e-07 514420
237.569  2.55367e-07 523602
239.944  2.5351e-07 532943
242.344  2.5167e-07 542447
244.767  2.49847e-07 552117
247.215  2.4804e-07 561955
249.687  2.46249e-07 571965
252.184  2.44475e-07 582150
254.706  2.42716e-07 592513
257.253  2.40973e-07 603056
259.825  2.39247e-07 613784
262.423  2.37535e-07 624699
265.048  2.35839e-07 635806
267.698  2.34159e-07 647108
270.375  2.32494e-07 658608
273.079  2.30844e-07 670311
275.81  2.29208e-07 682219
278.568  2.27588e-07 694337
281.354  2.25982e-07 706669
284.167  2.24391e-07 719218
287.009  2.22815e-07 731989
289.879  2.21252e-07 744984
292.778  2.19704e-07 758209
295.705  2.1817e-07 771666
298.662  2.16651e-07 785359
301.649  2.15144e-07 799293
304.666  2.13652e-07 813471
307.712  2.12173e-07 827897
310.789  2.10708e-07 842575
313.897  2.09257e-07 857510
317.036  2.07818e-07 872705
320.207  2.06393e-07 888164
323.409  2.04981e-07 903893
326.643  2.03582e-07 919895
329.909  2.02195e-07 936175
333.208  2.00822e-07 952738
336.54  1.99461e-07 969587
339.906  1.98112e-07 986729
343.305  1.96776e-07 1.00417e+06
346.738  1.95453e-07 1.02191e+06
350.205  1.94141e-07 1.03995e+06
353.707  1.92842e-07 1.05831e+06
357.244  1.91555e-07 1.07698e+06
360.817  1.90279e-07 1.09598e+06
364.425  1.89016e-07 1.1153e+06
368.069  1.87764e-07 1.13495e+06
371.75  1.86524e-07 1.15494e+06
375.467  1.85295e-07 1.17527e+06
379.222  1.84078e-07 1.19595e+06
383.014  1.82872e-07 1.21699e+06
386.844  1.81677e-07 1.23838e+06
390.713  1.80494e-07 1.26014e+06
394.62  1.79321e-07 1.28227e+06
398.566  1.7816e-07 1.30478e+06
402.552  1.77009e-07 1.32766e+06
406.577  1.7587e-07 1.35094e+06
410.643  1.7474e-07 1.37461e+06
414.75  1.73622e-07 1.39868e+06
418.897  1.72514e-07 1.42316e+06
423.086  1.71416e-07 1.44806e+06
427.317  1.70329e-07 1.47337e+06
431.59  1.69252e-07 1.49911e+06
435.906  1.68185e-07 1.52528e+06
440.265  1.67129e-07 1.55189e+06
444.668  1.66082e-07 1.57895e+06
449.114  1.65045e-07 1.60647e+06
453.605  1.64018e-07 1.63444e+06
458.142  1.63001e-07 1.66288e+06
462.723  1.61993e-07 1.6918e+06
467.35  1.60995e-07 1.7212e+06
472.024  1.60007e-07 1.75108e+06
476.744  1.59028e-07 1.78147e+06
481.511  1.58058e-07 1.81236e+06
486.326  1.57098e-07 1.84376e+06
491.19  1.56147e-07 1.87569e+06
496.102  1.55205e-07 1.90814e+06
501.063  1.54272e-07 1.94113e+06
506.073  1.53348e-07 1.97466e+06
511.134  1.52432e-07 2.00874e+06
516.245  1.51526e-07 2.04339e+06
521.408  1.50629e-07 2.0786e+06
526.622  1.4974e-07 2.1144e+06
531.888  1.48859e-07 2.15077e+06
537.207  1.47988e-07 2.18775e+06
542.579  1.47124e-07 2.22533e+06
548.005  1.4627e-07 2.26352e+06
553.485  1.45423e-07 2.30233e+06
559.02  1.44585e-07 2.34178e+06
564.61  1.43755e-07 2.38186e+06
570.256  1.42933e-07 2.4226e+06
575.959  1.42119e-07 2.46399e+06
581.718  1.41313e-07 2.50605e+06
587.535  1.40515e-07 2.5488e+06
593.411  1.39725e-07 2.59223e+06
599.345  1.38942e-07 2.63636e+06
605.338  1.38168e-07 2.6812e+06
611.392  1.37401e-07 2.72676e+06
617.506  1.36641e-07 2.77304e+06
623.681  1.3589e-07 2.82007e+06
629.917  1.35145e-07 2.86785e+06
636.217  1.34408e-07 2.91639e+06
642.579  1.33679e-07 2.96571e+06
649.005  1.32957e-07 3.01581e+06
655.495  1.32242e-07 3.0667e+06
662.05  1.31534e-07 3.11839e+06
668.67  1.30833e-07 3.17091e+06
675.357  1.30139e-07 3.22425e+06
682.11  1.29453e-07 3.27844e+06
688.931  1.28773e-07 3.33348e+06
695.821  1.281e-07 3.38938e+06
702.779  1.27434e-07 3.44616e+06
709.807  1.26775e-07 3.50382e+06
716.905  1.26123e-07 3.56239e+06
724.074  1.25477e-07 3.62187e+06
731.315  1.24837e-07 3.68228e+06
738.628  1.24205e-07 3.74363e+06
746.014  1.23579e-07 3.80593e+06
753.474  1.22959e-07 3.86919e+06
761.009  1.22346e-07 3.93343e+06
768.619  1.21739e-07 3.99867e+06
776.305  1.21138e-07 4.0649e+06
784.068  1.20544e-07 4.13216e+06
791.909  1.19955e-07 4.20045e+06
799.828  1.19373e-07 4.26979e+06
807.826  1.18797e-07 4.34018e+06
815.905  1.18228e-07 4.41166e+06
824.064  1.17664e-07 4.48422e+06
832.304  1.17106e-07 4.55788e+06
840.627  1.16554e-07 4.63266e+06
849.034  1.16007e-07 4.70858e+06
857.524  1.15467e-07 4.78565e+06
866.099  1.14932e-07 4.86387e+06
874.76  1.14403e-07 4.94328e+06
883.508  1.1388e-07 5.02389e+06
892.343  1.13362e-07 5.1057e+06
901.266  1.1285e-07 5.18873e+06
910.279  1.12344e-07 5.27301e+06
919.382  1.11843e-07 5.35855e+06
928.575  1.11347e-07 5.44536e+06
937.861  1.10857e-07 5.53346e+06
947.24  1.10372e-07 5.62287e+06
956.712  1.09892e-07 5.71361e+06
966.279  1.09418e-07 5.80568e+06
975.942  1.08949e-07 5.89912e+06
985.702  1.08485e-07 5.99393e+06
995.559  1.08026e-07 6.09013e+06
