0.001  8.92767e-05 0.140355
0.00101  8.936e-05 0.141055
0.0010201  8.94438e-05 0.141759
0.0010303  8.95281e-05 0.142466
0.0010406  8.96129e-05 0.143176
0.00105101  8.96981e-05 0.143891
0.00106152  8.97839e-05 0.144608
0.00107214  8.98701e-05 0.14533
0.00108286  8.99568e-05 0.146054
0.00109369  9.0044e-05 0.146783
0.00110462  9.01318e-05 0.147515
0.00111567  9.022e-05 0.148251
0.00112683  9.03087e-05 0.14899
0.00113809  9.0398e-05 0.149733
0.00114947  9.04877e-05 0.15048
0.00116097  9.0578e-05 0.15123
0.00117258  9.06688e-05 0.151985
0.0011843  9.07602e-05 0.152743
0.00119615  9.0852e-05 0.153505
0.00120811  9.09444e-05 0.15427
0.00122019  9.10373e-05 0.15504
0.00123239  9.11308e-05 0.155813
0.00124472  9.12248e-05 0.15659
0.00125716  9.13193e-05 0.157371
0.00126973  9.14144e-05 0.158156
0.00128243  9.151e-05 0.158945
0.00129526  9.16062e-05 0.159737
0.00130821  9.1703e-05 0.160534
0.00132129  9.18003e-05 0.161335
0.0013345  9.18982e-05 0.16214
0.00134785  9.19966e-05 0.162948
0.00136133  9.20957e-05 0.163761
0.00137494  9.21953e-05 0.164578
0.00138869  9.22953e-05 0.165399
0.00140258  9.23805e-05 0.166223
0.0014166  9.24607e-05 0.167053
0.00143077  9.25413e-05 0.167886
0.00144508  9.26222e-05 0.168723
0.00145953  9.27035e-05 0.169565
0.00147412  9.27852e-05 0.17041
0.00148886  9.28621e-05 0.17126
0.00150375  9.29352e-05 0.172114
0.00151879  9.30085e-05 0.172973
0.00153398  9.30822e-05 0.173836
0.00154932  9.31562e-05 0.174703
0.00156481  9.32304e-05 0.175574
0.00158046  9.3305e-05 0.17645
0.00159626  9.33798e-05 0.177314
0.00161223  9.3455e-05 0.17817
0.00162835  9.35305e-05 0.179037
0.00164463  9.36062e-05 0.179915
0.00166108  9.36823e-05 0.180804
0.00167769  9.37586e-05 0.181702
0.00169447  9.38353e-05 0.182611
0.00171141  9.39123e-05 0.18353
0.00172852  9.39896e-05 0.18446
0.00174581  9.40672e-05 0.185399
0.00176327  9.41451e-05 0.186347
0.0017809  9.42233e-05 0.187306
0.00179871  9.43018e-05 0.188229
0.0018167  9.43806e-05 0.189157
0.00183486  9.44598e-05 0.190093
0.00185321  9.45384e-05 0.191037
0.00187174  9.46063e-05 0.191988
0.00189046  9.46711e-05 0.192948
0.00190937  9.47361e-05 0.193914
0.00192846  9.48012e-05 0.194886
0.00194774  9.48665e-05 0.195865
0.00196722  9.49319e-05 0.19685
0.00198689  9.49951e-05 0.19784
0.00200676  9.5057e-05 0.198833
0.00202683  9.5119e-05 0.199826
0.0020471  9.51812e-05 0.200823
0.00206757  9.52434e-05 0.201825
0.00208825  9.53058e-05 0.202832
0.00210913  9.53683e-05 0.203843
0.00213022  9.54309e-05 0.204859
0.00215152  9.54936e-05 0.205881
0.00217304  9.55564e-05 0.206907
0.00219477  9.56193e-05 0.207938
0.00221672  9.56823e-05 0.208975
0.00223888  9.57455e-05 0.210017
0.00226127  9.58087e-05 0.211064
0.00228388  9.5872e-05 0.212116
0.00230672  9.59354e-05 0.213174
0.00232979  9.5999e-05 0.214237
0.00235309  9.60626e-05 0.215305
0.00237662  9.61263e-05 0.216379
0.00240038  9.61901e-05 0.217459
0.00242439  9.6254e-05 0.218543
0.00244863  9.63179e-05 0.219634
0.00247312  9.63818e-05 0.220729
0.00249785  9.64451e-05 0.221831
0.00252283  9.65084e-05 0.222937
0.00254806  9.65718e-05 0.224049
0.00257354  9.66353e-05 0.225167
0.00259927  9.66989e-05 0.22629
0.00262527  9.67625e-05 0.227419
0.00265152  9.68262e-05 0.228553
0.00267803  9.68899e-05 0.229693
0.00270481  9.69537e-05 0.230838
0.00273186  9.70175e-05 0.23199
0.00275918  9.70814e-05 0.233147
0.00278677  9.7143e-05 0.234309
0.00281464  9.71961e-05 0.235478
0.00284279  9.72478e-05 0.236652
0.00287121  9.72994e-05 0.237832
0.00289993  9.7351e-05 0.239019
0.00292893  9.74024e-05 0.240211
0.00295822  9.74538e-05 0.241409
0.0029878  9.75057e-05 0.242613
0.00301768  9.75577e-05 0.243823
0.00304785  9.76095e-05 0.245039
0.00307833  9.76613e-05 0.246261
0.00310911  9.77129e-05 0.247489
0.0031402  9.77645e-05 0.248723
0.00317161  9.78159e-05 0.249964
0.00320332  9.78672e-05 0.251211
0.00323536  9.79184e-05 0.252464
0.00326771  9.79695e-05 0.253723
0.00330039  9.80204e-05 0.254988
0.00333339  9.80712e-05 0.25626
0.00336672  9.81219e-05 0.257538
0.00340039  9.81724e-05 0.258823
0.0034344  9.82227e-05 0.260113
0.00346874  9.8273e-05 0.261411
0.00350343  9.8323e-05 0.262714
0.00353846  9.83729e-05 0.264025
0.00357385  9.84226e-05 0.265342
0.00360958  9.84722e-05 0.266665
0.00364568  9.85216e-05 0.267995
0.00368214  9.85707e-05 0.269332
0.00371896  9.86185e-05 0.270675
0.00375615  9.86627e-05 0.272025
0.00379371  9.87063e-05 0.273382
0.00383165  9.87496e-05 0.274745
0.00386996  9.87927e-05 0.276115
0.00390866  9.88355e-05 0.277492
0.00394775  9.8878e-05 0.278876
0.00398723  9.8925e-05 0.280267
0.0040271  9.89719e-05 0.281665
0.00406737  9.90185e-05 0.28307
0.00410804  9.90649e-05 0.284482
0.00414912  9.9111e-05 0.285901
0.00419062  9.91569e-05 0.287327
0.00423252  9.92024e-05 0.28876
0.00427485  9.92478e-05 0.2902
0.0043176  9.92928e-05 0.291647
0.00436077  9.93375e-05 0.293102
0.00440438  9.9382e-05 0.294563
0.00444842  9.94262e-05 0.296033
0.00449291  9.947e-05 0.297509
0.00453784  9.95136e-05 0.298993
0.00458321  9.95568e-05 0.300484
0.00462905  9.95997e-05 0.301983
0.00467534  9.96414e-05 0.303489
0.00472209  9.96825e-05 0.305003
0.00476931  9.97232e-05 0.306524
0.004817  9.97635e-05 0.308053
0.00486517  9.98035e-05 0.309589
0.00491383  9.98431e-05 0.311133
0.00496296  9.98881e-05 0.312685
0.00501259  9.99373e-05 0.314244
0.00506272  9.99861e-05 0.315811
0.00511335  0.000100035 0.317387
0.00516448  0.000100083 0.31897
0.00521613  0.000100131 0.32056
0.00526829  0.000100178 0.322159
0.00532097  0.000100226 0.323766
0.00537418  0.000100273 0.325381
0.00542792  0.000100319 0.327004
0.0054822  0.000100365 0.328635
0.00553702  0.000100411 0.330274
0.00559239  0.000100457 0.331921
0.00564832  0.000100503 0.333576
0.0057048  0.000100549 0.33524
0.00576185  0.000100594 0.336912
0.00581947  0.000100639 0.338592
0.00587766  0.000100684 0.340281
0.00593644  0.000100728 0.341978
0.0059958  0.000100772 0.343684
0.00605576  0.000100815 0.345398
0.00611632  0.000100858 0.347121
0.00617748  0.0001009 0.348852
0.00623926  0.000100942 0.350592
0.00630165  0.000100983 0.35234
0.00636466  0.000101024 0.354098
0.00642831  0.000101065 0.355864
0.00649259  0.000101105 0.357639
0.00655752  0.000101144 0.359422
0.0066231  0.000101183 0.361215
0.00668933  0.000101222 0.363017
0.00675622  0.00010126 0.364827
0.00682378  0.000101297 0.366647
0.00689202  0.000101334 0.368475
0.00696094  0.00010137 0.370313
0.00703055  0.000101406 0.37216
0.00710085  0.000101441 0.374016
0.00717186  0.000101475 0.375881
0.00724358  0.000101509 0.377756
0.00731602  0.000101543 0.37964
0.00738918  0.000101575 0.381534
0.00746307  0.000101625 0.383437
0.0075377  0.000101681 0.385349
0.00761308  0.000101737 0.387271
0.00768921  0.000101792 0.389202
0.0077661  0.000101847 0.391144
0.00784376  0.000101902 0.393094
0.0079222  0.000101956 0.395055
0.00800142  0.000102009 0.397025
0.00808144  0.000102062 0.399005
0.00816225  0.000102115 0.400995
0.00824387  0.000102167 0.402995
0.00832631  0.000102218 0.405005
0.00840957  0.000102269 0.407025
0.00849367  0.00010232 0.409055
0.00857861  0.00010237 0.411096
0.00866439  0.000102419 0.413146
0.00875104  0.000102468 0.415206
0.00883855  0.000102517 0.417277
0.00892693  0.000102564 0.419358
0.0090162  0.000102612 0.42145
0.00910636  0.000102658 0.423552
0.00919743  0.000102704 0.425664
0.0092894  0.000102752 0.427788
0.0093823  0.000102809 0.429921
0.00947612  0.000102867 0.432065
0.00957088  0.000102924 0.43422
0.00966659  0.000102981 0.436386
0.00976325  0.000103037 0.438562
0.00986089  0.000103092 0.44075
0.0099595  0.000103169 0.442948
0.0100591  0.000103248 0.445157
0.0101597  0.000103326 0.447377
0.0102613  0.000103404 0.449609
0.0103639  0.000103481 0.451851
0.0104675  0.000103559 0.454105
0.0105722  0.000103635 0.45637
0.0106779  0.000103712 0.458646
0.0107847  0.000103788 0.460933
0.0108926  0.000103864 0.463232
0.0110015  0.000103939 0.465542
0.0111115  0.000104014 0.467864
0.0112226  0.000104088 0.470198
0.0113348  0.000104162 0.472543
0.0114482  0.000104236 0.4749
0.0115627  0.000104309 0.477268
0.0116783  0.000104381 0.479649
0.0117951  0.000104453 0.482041
0.011913  0.000104525 0.484445
0.0120322  0.000104596 0.486861
0.0121525  0.000104666 0.48929
0.012274  0.000104736 0.49173
0.0123967  0.000104806 0.494182
0.0125207  0.000104875 0.496647
0.0126459  0.000104943 0.499124
0.0127724  0.000105011 0.501613
0.0129001  0.000105078 0.504115
0.0130291  0.000105145 0.50663
0.0131594  0.000105211 0.509157
0.013291  0.000105276 0.511696
0.0134239  0.000105341 0.514248
0.0135581  0.000105405 0.516813
0.0136937  0.000105468 0.51939
0.0138307  0.000105531 0.521981
0.013969  0.000105601 0.524584
0.0141086  0.000105686 0.527201
0.0142497  0.000105771 0.52983
0.0143922  0.000105855 0.532473
0.0145362  0.000105938 0.535128
0.0146815  0.000106022 0.537797
0.0148283  0.000106109 0.54048
0.0149766  0.000106219 0.543175
0.0151264  0.00010633 0.545884
0.0152776  0.000106441 0.548607
0.0154304  0.000106551 0.551343
0.0155847  0.000106661 0.554093
0.0157406  0.00010677 0.556856
0.015898  0.00010688 0.559634
0.016057  0.000106988 0.562425
0.0162175  0.000107097 0.56523
0.0163797  0.000107205 0.568049
0.0165435  0.000107313 0.570882
0.0167089  0.000107421 0.57373
0.016876  0.000107528 0.576591
0.0170448  0.000107635 0.579467
0.0172152  0.000107741 0.582357
0.0173874  0.000107847 0.585261
0.0175613  0.000107953 0.58818
0.0177369  0.000108058 0.591114
0.0179142  0.000108163 0.594062
0.0180934  0.000108267 0.597025
0.0182743  0.000108371 0.600003
0.0184571  0.000108474 0.602995
0.0186416  0.00010859 0.606003
0.018828  0.000108724 0.609025
0.0190163  0.000108857 0.612063
0.0192065  0.00010899 0.615115
0.0193986  0.000109123 0.618183
0.0195925  0.000109256 0.621266
0.0197885  0.000109394 0.624365
0.0199864  0.00010955 0.627479
0.0201862  0.000109705 0.630609
0.0203881  0.000109861 0.633754
0.020592  0.000110016 0.636915
0.0207979  0.000110172 0.640091
0.0210059  0.000110327 0.643284
0.0212159  0.000110482 0.646492
0.0214281  0.000110638 0.649717
0.0216424  0.000110793 0.652957
0.0218588  0.000110948 0.656214
0.0220774  0.000111102 0.659487
0.0222981  0.000111257 0.662776
0.0225211  0.000111412 0.666081
0.0227463  0.000111566 0.669403
0.0229738  0.000111721 0.672742
0.0232035  0.000111875 0.676098
0.0234356  0.000112029 0.67947
0.0236699  0.000112183 0.682859
0.0239066  0.000112337 0.686264
0.0241457  0.00011249 0.689687
0.0243871  0.000112643 0.693127
0.024631  0.000112796 0.696584
0.0248773  0.000112964 0.700058
0.0251261  0.000113136 0.703549
0.0253774  0.000113307 0.707058
0.0256311  0.000113478 0.710585
0.0258874  0.00011365 0.714129
0.0261463  0.000113821 0.717691
0.0264078  0.000113992 0.72127
0.0266719  0.000114162 0.724868
0.0269386  0.000114333 0.728483
0.027208  0.000114504 0.732116
0.02748  0.000114674 0.735768
0.0277548  0.000114845 0.739437
0.0280324  0.00011504 0.743125
0.0283127  0.000115248 0.746832
0.0285958  0.000115456 0.750556
0.0288818  0.000115664 0.7543
0.0291706  0.000115873 0.758062
0.0294623  0.000116081 0.761843
0.029757  0.0001163 0.765643
0.0300545  0.00011653 0.769461
0.0303551  0.00011676 0.773299
0.0306586  0.000116991 0.777156
0.0309652  0.000117222 0.781032
0.0312749  0.000117453 0.784927
0.0315876  0.000117684 0.788842
0.0319035  0.000117916 0.792776
0.0322225  0.000118148 0.79673
0.0325447  0.000118381 0.800704
0.0328702  0.000118614 0.804698
0.0331989  0.000118847 0.808711
0.0335309  0.00011908 0.812745
0.0338662  0.000119314 0.816799
0.0342049  0.000119548 0.820872
0.0345469  0.000119782 0.824966
0.0348924  0.000120016 0.829081
0.0352413  0.000120251 0.833216
0.0355937  0.000120486 0.837371
0.0359496  0.000120721 0.841548
0.0363091  0.000120956 0.845745
0.0366722  0.000121192 0.849963
0.037039  0.000121428 0.854203
0.0374093  0.000121687 0.858463
0.0377834  0.000121954 0.862745
0.0381613  0.000122221 0.867048
0.0385429  0.000122489 0.871372
0.0389283  0.000122757 0.875718
0.0393176  0.000123025 0.880086
0.0397108  0.000123308 0.884475
0.0401079  0.000123601 0.888886
0.040509  0.000123894 0.89332
0.040914  0.000124189 0.897775
0.0413232  0.000124484 0.902253
0.0417364  0.000124779 0.906753
0.0421538  0.000125076 0.911276
0.0425753  0.000125373 0.915821
0.0430011  0.00012567 0.920388
0.0434311  0.000125968 0.924979
0.0438654  0.000126267 0.929592
0.044304  0.000126567 0.934228
0.0447471  0.000126867 0.938888
0.0451946  0.000127168 0.94357
0.0456465  0.000127469 0.948277
0.046103  0.000127771 0.953006
0.046564  0.000128082 0.95776
0.0470296  0.00012841 0.962536
0.0474999  0.000128739 0.967337
0.0479749  0.000129068 0.972162
0.0484547  0.000129398 0.97701
0.0489392  0.000129729 0.981883
0.0494286  0.000130065 0.98678
0.0499229  0.000130424 0.991702
0.0504221  0.000130784 0.996648
0.0509264  0.000131144 1.00162
0.0514356  0.000131506 1.00661
0.05195  0.00013187 1.01164
0.0524695  0.000132234 1.01668
0.0529942  0.000132599 1.02175
0.0535241  0.000132965 1.02685
0.0540594  0.000133333 1.03197
0.0546  0.000133701 1.03712
0.055146  0.00013407 1.04229
0.0556974  0.000134445 1.04749
0.0562544  0.00013484 1.05271
0.0568169  0.00013524 1.05796
0.0573851  0.000135642 1.06324
0.0579589  0.000136045 1.06854
0.0585385  0.000136449 1.07387
0.0591239  0.000136854 1.07923
0.0597152  0.000137261 1.08461
0.0603123  0.000137669 1.09002
0.0609154  0.000138078 1.09546
0.0615246  0.000138489 1.10092
0.0621398  0.000138901 1.10641
0.0627612  0.000139314 1.11193
0.0633888  0.000139729 1.11747
0.0640227  0.000140145 1.12305
0.064663  0.000140562 1.12865
0.0653096  0.000140981 1.13428
0.0659627  0.000141401 1.13994
0.0666223  0.000141822 1.14562
0.0672885  0.000142245 1.15133
0.0679614  0.000142669 1.15708
0.068641  0.000143094 1.16285
0.0693275  0.00014352 1.16865
0.0700207  0.000143948 1.17448
0.0707209  0.000144377 1.18033
0.0714281  0.000144808 1.18622
0.0721424  0.00014524 1.19214
0.0728638  0.000145673 1.19808
0.0735925  0.000146107 1.20406
0.0743284  0.000146565 1.21006
0.0750717  0.000147068 1.2161
0.0758224  0.000147577 1.22216
0.0765806  0.000148087 1.22826
0.0773464  0.0001486 1.23439
0.0781199  0.000149115 1.24054
0.0789011  0.000149631 1.24673
0.0796901  0.00015015 1.25295
0.080487  0.00015067 1.2592
0.0812919  0.000151193 1.26548
0.0821048  0.000151717 1.27179
0.0829259  0.000152244 1.27813
0.0837551  0.000152773 1.28451
0.0845927  0.000153303 1.29091
0.0854386  0.000153836 1.29735
0.086293  0.000154371 1.30382
0.0871559  0.000154908 1.31033
0.0880275  0.000155447 1.31686
0.0889077  0.000155988 1.32343
0.0897968  0.000156531 1.33003
0.0906948  0.000157076 1.33666
0.0916017  0.000157623 1.34333
0.0925178  0.000158173 1.35003
0.0934429  0.000158747 1.35676
0.0943774  0.000159335 1.36353
0.0953211  0.000159925 1.37033
0.0962743  0.000160517 1.37716
0.0972371  0.000161112 1.38403
0.0982095  0.00016171 1.39094
0.0991916  0.000162309 1.39787
0.100183  0.000162912 1.40485
0.101185  0.000163517 1.41185
0.102197  0.000164124 1.41889
0.103219  0.000164734 1.42597
0.104251  0.000165346 1.43308
0.105294  0.000165961 1.44023
0.106347  0.000166578 1.44741
0.10741  0.000167198 1.45463
0.108484  0.00016782 1.46189
0.109569  0.000168445 1.46918
0.110665  0.000169072 1.47651
0.111772  0.000169702 1.48387
0.112889  0.000170335 1.49127
0.114018  0.00017097 1.49871
0.115158  0.000171608 1.50618
0.11631  0.000172248 1.5137
0.117473  0.00017289 1.52124
0.118648  0.000173536 1.52883
0.119834  0.000174184 1.53646
0.121033  0.000174834 1.54412
0.122243  0.000175488 1.55182
0.123465  0.000176143 1.55956
0.1247  0.000176802 1.56734
0.125947  0.000177463 1.57516
0.127206  0.000178126 1.58301
0.128478  0.000178793 1.59091
0.129763  0.000179462 1.59885
0.131061  0.000180133 1.60682
0.132372  0.000180807 1.61484
0.133695  0.000181484 1.62289
0.135032  0.000182164 1.63099
0.136383  0.000182846 1.63913
0.137746  0.000183531 1.6473
0.139124  0.000184224 1.65552
0.140515  0.000184956 1.66377
0.14192  0.000185701 1.67207
0.143339  0.000186448 1.6804
0.144773  0.000187199 1.68878
0.146221  0.000187953 1.6972
0.147683  0.00018871 1.70566
0.14916  0.000189495 1.71416
0.150651  0.000190291 1.7227
0.152158  0.000191092 1.73129
0.153679  0.000191895 1.73992
0.155216  0.000192703 1.7486
0.156768  0.000193514 1.75732
0.158336  0.000194328 1.76609
0.159919  0.000195147 1.7749
0.161518  0.000195849 1.78376
0.163134  0.000196546 1.79267
0.164765  0.000197243 1.80163
0.166413  0.000197943 1.81063
0.168077  0.000198644 1.81969
0.169757  0.000199347 1.8288
0.171455  0.000200051 1.83795
0.17317  0.000200757 1.84716
0.174901  0.000201464 1.85643
0.17665  0.000202173 1.86574
0.178417  0.000202884 1.87511
0.180201  0.000203596 1.88454
0.182003  0.00020431 1.89402
0.183823  0.000205025 1.90356
0.185661  0.000205741 1.91315
0.187518  0.000206459 1.9228
0.189393  0.000207178 1.93251
0.191287  0.000207899 1.94227
0.1932  0.000208621 1.95209
0.195132  0.000209344 1.96196
0.197083  0.000210068 1.9719
0.199054  0.000210805 1.98189
0.201045  0.000211545 1.99194
0.203055  0.000212286 2.00204
0.205086  0.000213029 2.01221
0.207136  0.000213773 2.02243
0.209208  0.000214518 2.03271
0.2113  0.000215264 2.04306
0.213413  0.00021625 2.05105
0.215547  0.000217402 2.05746
0.217702  0.000218564 2.06385
0.219879  0.000219734 2.07023
0.222078  0.000220914 2.07659
0.224299  0.000222104 2.08295
0.226542  0.000223303 2.08928
0.228807  0.000224512 2.09561
0.231095  0.000225731 2.10191
0.233406  0.00022696 2.1082
0.235741  0.000228199 2.11447
0.238098  0.000229448 2.12073
0.240479  0.000230708 2.12697
0.242884  0.000231978 2.13318
0.245313  0.000233258 2.13938
0.247766  0.000234553 2.14556
0.250243  0.000235864 2.15171
0.252746  0.000237186 2.15785
0.255273  0.000238519 2.16396
0.257826  0.000239863 2.17005
0.260404  0.000241219 2.17611
0.263008  0.000242586 2.18215
0.265638  0.000243965 2.18817
0.268295  0.000245356 2.19415
0.270978  0.000246758 2.20011
0.273687  0.000248173 2.20605
0.276424  0.0002496 2.21195
0.279189  0.000251051 2.21783
0.28198  0.000252544 2.22367
0.2848  0.000254051 2.22949
0.287648  0.000255571 2.23527
0.290525  0.000257104 2.24103
0.29343  0.000258651 2.24675
0.296364  0.000260212 2.25243
0.299328  0.000261796 2.25809
0.302321  0.000263393 2.2637
0.305344  0.000265004 2.26928
0.308398  0.00026663 2.27483
0.311482  0.00026827 2.28033
0.314597  0.000269925 2.2858
0.317743  0.000271595 2.29123
0.32092  0.00027328 2.29662
0.324129  0.00027498 2.30197
0.32737  0.000276695 2.30727
0.330644  0.000278426 2.31254
0.333951  0.000280173 2.31776
0.33729  0.000281936 2.32294
0.340663  0.000283714 2.32807
0.34407  0.00028551 2.33316
0.34751  0.000287321 2.33819
0.350985  0.00028915 2.34319
0.354495  0.000290995 2.34813
0.35804  0.000292857 2.35302
0.361621  0.000294737 2.35787
0.365237  0.000296634 2.36266
0.368889  0.000298549 2.36741
0.372578  0.000300487 2.3721
0.376304  0.000302455 2.37673
0.380067  0.000304441 2.38131
0.383868  0.000306446 2.38584
0.387706  0.00030847 2.39031
0.391583  0.000310513 2.39472
0.395499  0.000312577 2.39908
0.399454  0.000314668 2.40338
0.403449  0.000316778 2.40762
0.407483  0.000318909 2.41179
0.411558  0.00032106 2.41591
0.415674  0.000323232 2.41997
0.41983  0.000325353 2.42451
0.424029  0.000327226 2.43102
0.428269  0.00032911 2.43753
0.432552  0.000331004 2.44403
0.436877  0.000332908 2.45053
0.441246  0.000334823 2.45702
0.445658  0.000336748 2.4635
0.450115  0.000338684 2.46999
0.454616  0.00034063 2.47647
0.459162  0.000342586 2.48294
0.463754  0.000344554 2.48941
0.468391  0.00034654 2.49587
0.473075  0.000348539 2.50234
0.477806  0.000350547 2.50879
0.482584  0.000352566 2.51525
0.48741  0.000354595 2.5217
0.492284  0.000356634 2.52815
0.497207  0.000358689 2.53459
0.502179  0.000360757 2.54104
0.507201  0.000362834 2.54748
0.512273  0.000364921 2.55392
0.517396  0.000367018 2.56035
0.52257  0.000369124 2.56679
0.527795  0.00037124 2.57322
0.533073  0.000373366 2.57966
0.538404  0.000375501 2.58609
0.543788  0.000377646 2.59251
0.549226  0.000379799 2.59894
0.554718  0.000381962 2.60537
0.560265  0.000384142 2.61179
0.565868  0.000386334 2.61822
0.571527  0.000388536 2.62464
0.577242  0.000390747 2.63107
0.583014  0.000392966 2.63749
0.588844  0.000395194 2.64392
0.594733  0.000397431 2.65034
0.60068  0.000399677 2.65677
0.606687  0.00040193 2.66321
0.612754  0.000404192 2.66964
0.618881  0.000406462 2.67608
0.62507  0.00040874 2.68253
0.631321  0.000411026 2.68898
0.637634  0.000413319 2.69544
0.644011  0.000415511 2.70191
0.650451  0.000417638 2.70839
0.656955  0.000419768 2.71488
0.663525  0.000421899 2.72137
0.67016  0.000424033 2.72788
0.676862  0.000426168 2.7344
0.68363  0.000428305 2.74094
0.690466  0.000430442 2.74749
0.697371  0.000432581 2.75406
0.704345  0.00043472 2.76064
0.711388  0.000436859 2.76724
0.718502  0.000438998 2.77386
0.725687  0.000441137 2.78051
0.732944  0.000443277 2.78716
0.740273  0.000445415 2.79384
0.747676  0.000447566 2.80054
0.755153  0.00044972 2.80727
0.762705  0.000451872 2.81401
0.770332  0.000454022 2.82078
0.778035  0.00045617 2.82758
0.785815  0.000458315 2.8344
0.793673  0.000460457 2.84124
0.80161  0.000462595 2.84812
0.809626  0.00046473 2.85501
0.817722  0.00046686 2.86194
0.8259  0.000468986 2.8689
0.834159  0.000471107 2.87588
0.8425  0.000473223 2.8829
0.850925  0.000475333 2.88994
0.859435  0.000477438 2.89702
0.868029  0.000479536 2.90414
0.876709  0.000481627 2.91129
0.885476  0.000483711 2.91847
0.894331  0.000485787 2.92569
0.903274  0.000487856 2.93295
0.912307  0.000489916 2.94025
0.92143  0.000491968 2.94759
0.930644  0.000494014 2.95498
0.939951  0.000496058 2.9624
0.94935  0.000498092 2.96987
0.958844  0.000500116 2.97738
0.968432  0.000502129 2.98494
0.978117  0.000504131 2.99255
0.987898  0.000506123 3.0002
0.997777  0.000508107 3.00791
1.00775  0.00051008 3.01566
1.01783  0.00051204 3.02347
1.02801  0.000513987 3.03133
1.03829  0.00051592 3.03925
1.04867  0.00051784 3.04722
1.05916  0.000519745 3.05526
1.06975  0.000521636 3.06335
1.08045  0.000523511 3.0715
1.09125  0.000525371 3.07971
1.10217  0.000527215 3.08799
1.11319  0.000529043 3.09633
1.12432  0.000530854 3.10474
1.13556  0.000532648 3.11322
1.14692  0.000534424 3.12176
1.15839  0.000536182 3.13038
1.16997  0.000537921 3.13908
1.18167  0.000539642 3.14785
1.19349  0.000541343 3.15669
1.20542  0.000543025 3.16561
1.21748  0.000544687 3.17462
1.22965  0.000546328 3.1837
1.24195  0.000547949 3.19287
1.25437  0.000549548 3.20212
1.26691  0.000551126 3.21147
1.27958  0.000552682 3.2209
1.29238  0.000554215 3.23042
1.3053  0.000555726 3.24004
1.31835  0.000557213 3.24975
1.33154  0.000558678 3.25956
1.34485  0.000560118 3.26947
1.3583  0.000561534 3.27948
1.37188  0.000562926 3.2896
1.3856  0.000564293 3.29982
1.39946  0.00056564 3.31015
1.41345  0.000566966 3.32059
1.42759  0.000568267 3.33114
1.44186  0.000569542 3.34181
1.45628  0.00057079 3.35259
1.47085  0.000572012 3.3635
1.48555  0.000573208 3.37453
1.50041  0.000574381 3.38568
1.51541  0.000575526 3.39696
1.53057  0.000576643 3.40837
1.54587  0.000577733 3.41991
1.56133  0.000578794 3.43158
1.57695  0.000579828 3.4434
1.59271  0.000580833 3.45535
1.60864  0.000581809 3.46745
1.62473  0.000582756 3.47969
1.64098  0.000583674 3.49208
1.65739  0.000584563 3.50462
1.67396  0.000585422 3.51732
1.6907  0.000586251 3.53017
1.70761  0.000587051 3.54319
1.72468  0.000587821 3.55637
1.74193  0.00058856 3.56971
1.75935  0.000589269 3.58323
1.77694  0.000589948 3.59692
1.79471  0.000590597 3.61078
1.81266  0.000591215 3.62482
1.83078  0.000591803 3.63905
1.84909  0.00059236 3.65346
1.86758  0.000592891 3.66806
1.88626  0.000593394 3.68286
1.90512  0.000593866 3.69785
1.92417  0.000594308 3.71304
1.94341  0.000594719 3.72844
1.96285  0.0005951 3.74404
1.98248  0.000595451 3.75985
2.0023  0.000595773 3.77588
2.02232  0.000596064 3.79213
2.04255  0.000596325 3.8086
2.06297  0.000596556 3.8253
2.0836  0.000596756 3.84223
2.10444  0.000596926 3.85939
2.12548  0.000597066 3.87679
2.14674  0.000597176 3.89444
2.16821  0.000597256 3.91233
2.18989  0.000597306 3.93047
2.21179  0.000597326 3.94887
2.2339  0.000597318 3.96753
2.25624  0.000597279 3.98646
2.27881  0.000597212 4.00565
2.30159  0.000597116 4.02512
2.32461  0.000596991 4.04487
2.34786  0.000596838 4.0649
2.37134  0.000596656 4.08522
2.39505  0.000596447 4.10583
2.419  0.000596209 4.12674
2.44319  0.000595944 4.14795
2.46762  0.000595652 4.16948
2.4923  0.000595334 4.19131
2.51722  0.00059499 4.21346
2.54239  0.000594619 4.23594
2.56782  0.000594222 4.25875
2.59349  0.000593799 4.28189
2.61943  0.000593351 4.30537
2.64562  0.000592878 4.3292
2.67208  0.000592379 4.35338
2.6988  0.000591856 4.37791
2.72579  0.000591308 4.40281
2.75305  0.000590737 4.42808
2.78058  0.000590143 4.45372
2.80838  0.000589529 4.47974
2.83647  0.000588894 4.50615
2.86483  0.000588237 4.53295
2.89348  0.000587558 4.56015
2.92241  0.000586856 4.58776
2.95164  0.000586134 4.61578
2.98115  0.000585392 4.64421
3.01097  0.000584629 4.67308
3.04108  0.000583847 4.70237
3.07149  0.000583044 4.7321
3.1022  0.000582223 4.76228
3.13322  0.000581382 4.79291
3.16456  0.000580523 4.824
3.1962  0.000579645 4.85556
3.22816  0.00057875 4.88758
3.26045  0.000577837 4.9201
3.29305  0.000576907 4.95309
3.32598  0.000575961 4.98659
3.35924  0.000574998 5.02059
3.39283  0.00057402 5.05509
3.42676  0.000573026 5.09012
3.46103  0.000572017 5.12567
3.49564  0.000570993 5.16176
3.53059  0.000569955 5.19839
3.5659  0.000568903 5.23557
3.60156  0.000567838 5.27331
3.63758  0.00056676 5.31162
3.67395  0.000565669 5.3505
3.71069  0.000564566 5.38997
3.7478  0.000563454 5.43003
3.78528  0.000562331 5.47069
3.82313  0.000561197 5.51196
3.86136  0.000560051 5.55385
3.89997  0.000558896 5.59636
3.93897  0.00055773 5.63952
3.97836  0.000556556 5.68332
4.01815  0.000555373 5.72778
4.05833  0.000554181 5.7729
4.09891  0.00055298 5.8187
4.1399  0.000551771 5.86519
4.1813  0.000550554 5.91237
4.22311  0.000549329 5.96026
4.26534  0.000548097 6.00885
4.308  0.000546857 6.05818
4.35108  0.000545611 6.10824
4.39459  0.000544359 6.15905
4.43853  0.000543101 6.21061
4.48292  0.000541836 6.26294
4.52775  0.000540566 6.31605
4.57303  0.000539291 6.36995
4.61876  0.000538011 6.42465
4.66494  0.000536727 6.48016
4.71159  0.00053544 6.5365
4.75871  0.000534149 6.59366
4.8063  0.000532854 6.65168
4.85436  0.000531555 6.71055
4.9029  0.000530252 6.7703
4.95193  0.000528947 6.83092
5.00145  0.000527639 6.89245
5.05146  0.000526329 6.95487
5.10198  0.000525016 7.01822
5.153  0.000523701 7.08251
5.20453  0.000522383 7.14773
5.25657  0.000521063 7.21392
5.30914  0.000519741 7.28108
5.36223  0.000518418 7.34922
5.41585  0.000517093 7.41837
5.47001  0.000515767 7.48852
5.52471  0.000514439 7.55971
5.57996  0.000513111 7.63193
5.63576  0.000511783 7.70521
5.69212  0.000510455 7.77956
5.74904  0.000509125 7.855
5.80653  0.000507796 7.93153
5.86459  0.000506466 8.00919
5.92324  0.000505135 8.08797
5.98247  0.000503804 8.16789
6.0423  0.000502473 8.24898
6.10272  0.000501142 8.33125
6.16375  0.000499811 8.41471
6.22538  0.00049848 8.49939
6.28764  0.000497149 8.58528
6.35051  0.000495818 8.67243
6.41402  0.000494488 8.76083
6.47816  0.000493157 8.85052
6.54294  0.000491828 8.9415
6.60837  0.000490498 9.03379
6.67445  0.000489169 9.12742
6.7412  0.000487841 9.2224
6.80861  0.000486513 9.31875
6.8767  0.000485186 9.41649
6.94546  0.000483859 9.51563
7.01492  0.000482533 9.6162
7.08507  0.000481208 9.71822
7.15592  0.000479883 9.82171
7.22748  0.000478559 9.92669
7.29975  0.000477235 10.0332
7.37275  0.000475912 10.1412
7.44648  0.000474591 10.2508
7.52094  0.000473273 10.3619
7.59615  0.000471955 10.4746
7.67211  0.000470638 10.589
7.74883  0.000469322 10.705
7.82632  0.000468006 10.8226
7.90459  0.000466691 10.942
7.98363  0.000465377 11.063
8.06347  0.000464063 11.1858
8.1441  0.00046275 11.3103
8.22554  0.000461437 11.4367
8.3078  0.000460124 11.5648
8.39088  0.000458813 11.6948
8.47479  0.000457501 11.8266
8.55953  0.00045619 11.9603
8.64513  0.000454879 12.096
8.73158  0.000453569 12.2335
8.8189  0.000452259 12.3731
8.90709  0.000450949 12.5146
8.99616  0.000449639 12.6582
9.08612  0.00044833 12.8038
9.17698  0.000447021 12.9515
9.26875  0.000445711 13.1014
9.36144  0.000444404 13.2533
9.45505  0.000443096 13.4075
9.5496  0.000441789 13.5639
9.6451  0.000440481 13.7225
9.74155  0.000439174 13.8834
9.83896  0.000437866 14.0465
9.93735  0.000436558 14.2121
10.0367  0.000435251 14.38
10.1371  0.000433943 14.5503
10.2385  0.000432635 14.7231
10.3409  0.000431327 14.8983
10.4443  0.000430018 15.0761
10.5487  0.000428708 15.2564
10.6542  0.000427398 15.4394
10.7607  0.000426088 15.6249
10.8683  0.000424776 15.8132
10.977  0.000423465 16.0041
11.0868  0.000422152 16.1978
11.1977  0.000420839 16.3943
11.3096  0.000419525 16.5937
11.4227  0.00041821 16.7959
11.537  0.000416894 17.0011
11.6523  0.000415577 17.2092
11.7689  0.000414259 17.4203
11.8865  0.00041294 17.6345
12.0054  0.00041162 17.8518
12.1255  0.000410299 18.0723
12.2467  0.000408977 18.296
12.3692  0.000407654 18.5229
12.4929  0.00040633 18.7531
12.6178  0.000405004 18.9867
12.744  0.000403677 19.2237
12.8714  0.000402349 19.4642
13.0001  0.00040102 19.7082
13.1301  0.000399689 19.9557
13.2614  0.000398357 20.2069
13.3941  0.000397023 20.4617
13.528  0.000395688 20.7203
13.6633  0.000394351 20.9827
13.7999  0.000393013 21.2489
13.9379  0.000391674 21.5191
14.0773  0.000390334 21.7933
14.2181  0.000388993 22.0715
14.3602  0.000387651 22.3538
14.5038  0.000386307 22.6402
14.6489  0.000384962 22.931
14.7954  0.000383614 23.226
14.9433  0.000382266 23.5254
15.0928  0.000380917 23.8292
15.2437  0.000379565 24.1376
15.3961  0.000378212 24.4506
15.5501  0.000376858 24.7682
15.7056  0.000375502 25.0906
15.8626  0.000374144 25.4178
16.0213  0.000372784 25.7499
16.1815  0.000371423 26.087
16.3433  0.00037006 26.4291
16.5067  0.000368696 26.7764
16.6718  0.00036733 27.1289
16.8385  0.000365962 27.4867
17.0069  0.000364592 27.8499
17.177  0.000363221 28.2186
17.3487  0.000361848 28.5928
17.5222  0.000360474 28.9728
17.6974  0.000359098 29.3585
17.8744  0.00035772 29.75
18.0532  0.000356341 30.1475
18.2337  0.00035496 30.5511
18.416  0.000353578 30.9608
18.6002  0.000352194 31.3767
18.7862  0.000350809 31.7991
18.9741  0.000349424 32.2278
19.1638  0.000348036 32.6632
19.3554  0.000346647 33.1053
19.549  0.000345257 33.5542
19.7445  0.000343865 34.01
19.9419  0.000342473 34.4728
20.1413  0.000341078 34.9428
20.3427  0.000339683 35.42
20.5462  0.000338286 35.9047
20.7516  0.000336888 36.3969
20.9592  0.000335489 36.8967
21.1687  0.000334088 37.4043
21.3804  0.000332686 37.9197
21.5942  0.000331283 38.4432
21.8102  0.000329879 38.9749
22.0283  0.000328474 39.5148
22.2486  0.000327068 40.0632
22.4711  0.00032566 40.6201
22.6958  0.000324252 41.1858
22.9227  0.000322843 41.7603
23.1519  0.000321433 42.3439
23.3835  0.000320022 42.9366
23.6173  0.00031861 43.5388
23.8535  0.000317197 44.1505
24.092  0.000315784 44.772
24.3329  0.00031437 45.4034
24.5763  0.000312955 46.0449
24.822  0.00031154 46.6967
25.0702  0.000310124 47.359
25.3209  0.000308708 48.032
25.5742  0.000307291 48.7159
25.8299  0.000305874 49.4109
26.0882  0.000304457 50.1169
26.3491  0.000303039 50.8343
26.6126  0.000301621 51.5631
26.8787  0.000300203 52.3035
27.1475  0.000298785 53.0557
27.419  0.000297366 53.8197
27.6931  0.000295948 54.5957
27.9701  0.00029453 55.3839
28.2498  0.000293112 56.1845
28.5323  0.000291695 56.9975
28.8176  0.000290278 57.8234
29.1058  0.000288861 58.6625
29.3968  0.000287445 59.5151
29.6908  0.000286029 60.3818
29.9877  0.000284613 61.2628
30.2876  0.000283198 62.1586
30.5905  0.000281784 63.0696
30.8964  0.00028037 63.9963
31.2053  0.000278956 64.9391
31.5174  0.000277544 65.8985
31.8326  0.000255287 66.8749
32.1509  0.000253993 67.8689
32.4724  0.000252705 68.8808
32.7971  0.000251419 69.9109
33.1251  0.000250135 70.9598
33.4563  0.000248851 72.0277
33.7909  0.000247568 73.1151
34.1288  0.000246287 74.2224
34.4701  0.000245006 75.3501
34.8148  0.000243727 76.4986
35.1629  0.000242449 77.6684
35.5146  0.000241172 78.8598
35.8697  0.000239897 80.0735
36.2284  0.000238623 81.3095
36.5907  0.000237351 82.5681
36.9566  0.00023608 83.8493
37.3262  0.000234811 85.1533
37.6994  0.000233545 86.4802
38.0764  0.00023228 87.8301
38.4572  0.000231017 89.2031
38.8418  0.000229756 90.5993
39.2302  0.000228495 92.0187
39.6225  0.000227236 93.4615
40.0187  0.000225979 94.9277
40.4189  0.000224724 96.4174
40.8231  0.000223472 97.9314
41.2313  0.000222221 99.4701
41.6436  0.000220974 101.034
42.0601  0.000219729 102.624
42.4807  0.000218486 104.241
42.9055  0.000217246 105.885
43.3345  0.000216008 107.557
43.7679  0.000214773 109.258
44.2056  0.000213541 110.988
44.6476  0.000212312 112.748
45.0941  0.000211085 114.54
45.545  0.000209861 116.362
46.0005  0.000208641 118.217
46.4605  0.000207423 120.104
46.9251  0.000206208 122.024
47.3943  0.000204997 123.978
47.8683  0.000203789 125.966
48.347  0.000202584 127.988
48.8304  0.000201379 130.045
49.3187  0.000200177 132.138
49.8119  0.000198979 134.267
50.31  0.000197784 136.433
50.8131  0.000196593 138.636
51.3213  0.000195405 140.877
51.8345  0.000194221 143.156
52.3528  0.00019304 145.476
52.8764  0.000191863 147.835
53.4051  0.00019069 150.235
53.9392  0.000189521 152.678
54.4786  0.000188355 155.162
55.0234  0.000187194 157.691
55.5736  0.000186036 160.263
56.1293  0.000184882 162.881
56.6906  0.000183732 165.544
57.2575  0.000182586 168.255
57.8301  0.000181444 171.013
58.4084  0.000180306 173.819
58.9925  0.000179172 176.675
59.5824  0.000178042 179.582
60.1782  0.000176916 182.539
60.78  0.000175794 185.549
61.3878  0.000174677 188.611
62.0017  0.000173563 191.728
62.6217  0.000172454 194.9
63.2479  0.000171349 198.127
63.8804  0.000170248 201.411
64.5192  0.000169151 204.754
65.1644  0.000168058 208.155
65.816  0.000166968 211.617
66.4742  0.000165883 215.14
67.1389  0.000164802 218.725
67.8103  0.000163725 222.374
68.4884  0.000162652 226.087
69.1733  0.000161584 229.866
69.8651  0.000160521 233.713
70.5637  0.000159461 237.628
71.2693  0.000158407 241.613
71.982  0.000157356 245.668
72.7019  0.00015631 249.796
73.4289  0.000155269 253.997
74.1632  0.000154232 258.273
74.9048  0.000153201 262.626
75.6538  0.000152173 267.056
76.4104  0.000151151 271.566
77.1745  0.000150133 276.155
77.9462  0.000149119 280.827
78.7257  0.00014811 285.583
79.513  0.000147106 290.423
80.3081  0.000146107 295.35
81.1112  0.000145112 300.366
81.9223  0.000144121 305.471
82.7415  0.000143136 310.667
83.5689  0.000142155 315.957
84.4046  0.000141178 321.342
85.2486  0.000140207 326.823
86.1011  0.00013924 332.403
86.9621  0.000138278 338.083
87.8318  0.000137323 343.865
88.7101  0.000136371 349.751
89.5972  0.000135425 355.744
90.4932  0.000134483 361.843
91.3981  0.000133545 368.053
92.3121  0.000132611 374.375
93.2352  0.000131683 380.811
94.1675  0.000130759 387.362
95.1092  0.000129839 394.032
96.0603  0.000128925 400.822
97.0209  0.000128015 407.735
97.9911  0.00012711 414.773
98.971  0.000126209 421.938
99.9607  0.000125313 429.233
100.96  0.000124422 436.659
101.97  0.000123536 444.22
102.99  0.000122654 451.918
104.02  0.000121778 459.755
105.06  0.000120905 467.734
106.11  0.000120038 475.858
107.171  0.000119175 484.129
108.243  0.000118317 492.55
109.326  0.000117464 501.124
110.419  0.000116615 509.853
111.523  0.000115772 518.741
112.638  0.000114932 527.79
113.765  0.000114098 537.004
114.902  0.000113268 546.385
116.051  0.000112443 555.937
117.212  0.000111623 565.662
118.384  0.000110807 575.564
119.568  0.000109996 585.646
120.763  0.00010919 595.912
121.971  0.000108388 606.365
123.191  0.000107591 617.008
124.423  0.000106799 627.845
125.667  0.000106011 638.88
126.924  0.000105228 650.116
128.193  0.000104449 661.556
129.475  0.000103676 673.206
130.77  0.000102907 685.068
132.077  0.000102143 697.146
133.398  0.000101383 709.445
134.732  0.000100629 721.968
136.079  9.98782e-05 734.72
137.44  9.91323e-05 747.706
138.814  9.8391e-05 760.928
140.203  9.76544e-05 774.393
141.605  9.69223e-05 788.103
143.021  9.61948e-05 802.064
144.451  9.54717e-05 816.281
145.895  9.47531e-05 830.758
147.354  9.4039e-05 845.499
148.828  9.33293e-05 860.511
150.316  9.26242e-05 875.798
151.819  9.19235e-05 891.364
153.338  9.12272e-05 907.216
154.871  9.05353e-05 923.358
156.42  8.98479e-05 939.796
157.984  8.91648e-05 956.536
159.564  8.84861e-05 973.582
161.159  8.78118e-05 990.941
162.771  8.71415e-05 1008.62
164.399  8.64756e-05 1026.62
166.043  8.5814e-05 1044.95
167.703  8.51567e-05 1063.62
169.38  8.45038e-05 1082.63
171.074  8.38551e-05 1101.99
172.785  8.32108e-05 1121.71
174.512  8.25707e-05 1141.78
176.258  8.19349e-05 1162.23
178.02  8.13033e-05 1183.05
179.8  8.0676e-05 1204.26
181.598  8.00528e-05 1225.85
183.414  7.94339e-05 1247.84
185.248  7.88192e-05 1270.24
187.101  7.82087e-05 1293.04
188.972  7.76024e-05 1316.27
190.862  7.70003e-05 1339.92
192.77  7.64023e-05 1364.01
194.698  7.58084e-05 1388.54
196.645  7.52186e-05 1413.52
198.611  7.4633e-05 1438.97
200.598  7.40515e-05 1464.88
202.604  7.3474e-05 1491.26
204.63  7.29005e-05 1518.14
206.676  7.2331e-05 1545.5
208.743  7.17655e-05 1573.37
210.83  7.1204e-05 1601.76
212.938  7.06464e-05 1630.66
215.068  7.00927e-05 1660.1
217.218  6.9543e-05 1690.08
219.391  6.89971e-05 1720.61
221.584  6.84552e-05 1751.71
223.8  6.79171e-05 1783.38
226.038  6.73828e-05 1815.63
228.299  6.68524e-05 1848.47
230.582  6.63258e-05 1881.92
232.888  6.5803e-05 1915.98
235.216  6.52839e-05 1950.68
237.569  6.47686e-05 1986.01
239.944  6.4257e-05 2021.99
242.344  6.37492e-05 2058.64
244.767  6.3245e-05 2095.96
247.215  6.27445e-05 2133.96
249.687  6.22478e-05 2172.67
252.184  6.17546e-05 2212.09
254.706  6.12651e-05 2252.24
257.253  6.07792e-05 2293.13
259.825  6.02969e-05 2334.77
262.423  5.98181e-05 2377.18
265.048  5.93429e-05 2420.37
267.698  5.88712e-05 2464.35
270.375  5.84031e-05 2509.15
273.079  5.79385e-05 2554.77
275.81  5.74774e-05 2601.23
278.568  5.70198e-05 2648.55
281.354  5.65657e-05 2696.73
284.167  5.6115e-05 2745.81
287.009  5.56677e-05 2795.79
289.879  5.52238e-05 2846.69
292.778  5.47832e-05 2898.53
295.705  5.4346e-05 2951.33
298.662  5.39121e-05 3005.1
301.649  5.34816e-05 3059.85
304.666  5.30544e-05 3115.62
307.712  5.26304e-05 3172.41
310.789  5.22096e-05 3230.25
313.897  5.1792e-05 3289.16
317.036  5.13777e-05 3349.15
320.207  5.09665e-05 3410.24
323.409  5.05584e-05 3472.46
326.643  5.01535e-05 3535.83
329.909  4.97518e-05 3600.36
333.208  4.93531e-05 3666.08
336.54  4.89575e-05 3733.01
339.906  4.85649e-05 3801.18
343.305  4.81754e-05 3870.59
346.738  4.7789e-05 3941.29
350.205  4.74055e-05 4013.29
353.707  4.7025e-05 4086.61
357.244  4.66476e-05 4161.28
360.817  4.6273e-05 4237.33
364.425  4.59014e-05 4314.77
368.069  4.55327e-05 4393.64
371.75  4.51669e-05 4473.96
375.467  4.4804e-05 4555.76
379.222  4.4444e-05 4639.06
383.014  4.40866e-05 4723.9
386.844  4.37321e-05 4810.29
390.713  4.33803e-05 4898.28
394.62  4.30314e-05 4987.88
398.566  4.26853e-05 5079.13
402.552  4.23419e-05 5172.06
406.577  4.20013e-05 5266.69
410.643  4.16633e-05 5363.07
414.75  4.13281e-05 5461.21
418.897  4.09956e-05 5561.16
423.086  4.06657e-05 5662.95
427.317  4.03385e-05 5766.6
431.59  4.00139e-05 5872.16
435.906  3.96919e-05 5979.66
440.265  3.93726e-05 6089.13
444.668  3.90557e-05 6200.62
449.114  3.87415e-05 6314.15
453.605  3.84298e-05 6429.76
458.142  3.81206e-05 6547.49
462.723  3.78139e-05 6667.39
467.35  3.75098e-05 6789.48
472.024  3.72081e-05 6913.82
476.744  3.69089e-05 7040.43
481.511  3.66121e-05 7169.37
486.326  3.63177e-05 7300.68
491.19  3.60258e-05 7434.39
496.102  3.57362e-05 7570.55
501.063  3.5449e-05 7709.21
506.073  3.51641e-05 7850.41
511.134  3.48816e-05 7994.2
516.245  3.46014e-05 8140.62
521.408  3.43234e-05 8289.73
526.622  3.40478e-05 8441.57
531.888  3.37744e-05 8596.18
537.207  3.35032e-05 8753.63
542.579  3.32343e-05 8913.96
548.005  3.29676e-05 9077.22
553.485  3.27031e-05 9243.47
559.02  3.24408e-05 9412.75
564.61  3.21806e-05 9585.13
570.256  3.19226e-05 9760.66
575.959  3.16667e-05 9939.4
581.718  3.14129e-05 10121.4
587.535  3.11612e-05 10306.7
593.411  3.09115e-05 10495.5
599.345  3.06639e-05 10687.6
605.338  3.04184e-05 10883.3
611.392  3.01748e-05 11082.6
617.506  2.99333e-05 11285.5
623.681  2.96937e-05 11492.1
629.917  2.94561e-05 11702.5
636.217  2.92205e-05 11916.7
642.579  2.89868e-05 12134.9
649.005  2.87551e-05 12357
655.495  2.85252e-05 12583.2
662.05  2.82973e-05 12813.6
668.67  2.80713e-05 13048.1
675.357  2.78471e-05 13286.8
682.11  2.76248e-05 13529.9
688.931  2.74044e-05 13777.5
695.821  2.71858e-05 14029.5
702.779  2.69691e-05 14286.1
709.807  2.67541e-05 14547.3
716.905  2.6541e-05 14813.2
724.074  2.63296e-05 15084
731.315  2.61201e-05 15359.7
738.628  2.59122e-05 15640.4
746.014  2.57062e-05 15926.2
753.474  2.5502e-05 16217.1
761.009  2.52994e-05 16513.4
768.619  2.50986e-05 16815.2
776.305  2.48995e-05 17122.4
784.068  2.46915e-05 17435.2
791.909  2.44958e-05 17753.8
799.828  2.43018e-05 18078.3
807.826  2.41095e-05 18408.7
815.905  2.39187e-05 18745.2
824.064  2.37296e-05 19088
832.304  2.35421e-05 19437.1
840.627  2.33563e-05 19792.6
849.034  2.31719e-05 20154.8
857.524  2.29892e-05 20523.7
866.099  2.2808e-05 20899.5
874.76  2.26284e-05 21282.3
883.508  2.24503e-05 21672.3
892.343  2.22737e-05 22069.6
901.266  2.20986e-05 22474.4
910.279  2.1925e-05 22886.8
919.382  2.17529e-05 23307
928.575  2.15822e-05 23735
937.861  2.1413e-05 24171
947.24  2.12453e-05 24615.2
956.712  2.1079e-05 25067.6
966.279  2.09141e-05 25528.5
975.942  2.07506e-05 25997.9
985.702  2.05885e-05 26476.1
995.559  2.04278e-05 26963.1
