0.001  0.159593 6.3675e-05
0.00101  0.159882 6.39926e-05
0.0010201  0.160173 6.43118e-05
0.0010303  0.160466 6.46325e-05
0.0010406  0.160762 6.49549e-05
0.00105101  0.16106 6.52789e-05
0.00106152  0.16135 6.56044e-05
0.00107214  0.161583 6.59316e-05
0.00108286  0.161818 6.62605e-05
0.00109369  0.162054 6.6591e-05
0.00110462  0.162292 6.69231e-05
0.00111567  0.162531 6.72569e-05
0.00112683  0.162773 6.75923e-05
0.00113809  0.163016 6.79294e-05
0.00114947  0.163261 6.82682e-05
0.00116097  0.163507 6.86087e-05
0.00117258  0.163756 6.89509e-05
0.0011843  0.164006 6.92948e-05
0.00119615  0.164258 6.96404e-05
0.00120811  0.164511 6.99878e-05
0.00122019  0.164767 7.03368e-05
0.00123239  0.165024 7.06876e-05
0.00124472  0.165284 7.10402e-05
0.00125716  0.165545 7.13945e-05
0.00126973  0.165808 7.17506e-05
0.00128243  0.166073 7.21085e-05
0.00129526  0.16634 7.24681e-05
0.00130821  0.166608 7.28295e-05
0.00132129  0.166879 7.31928e-05
0.0013345  0.167104 7.35578e-05
0.00134785  0.167311 7.39247e-05
0.00136133  0.16752 7.42934e-05
0.00137494  0.16773 7.4664e-05
0.00138869  0.167941 7.50364e-05
0.00140258  0.168153 7.54106e-05
0.0014166  0.168367 7.57867e-05
0.00143077  0.168583 7.61647e-05
0.00144508  0.168799 7.65446e-05
0.00145953  0.169018 7.69264e-05
0.00147412  0.169237 7.731e-05
0.00148886  0.169458 7.76956e-05
0.00150375  0.16968 7.80703e-05
0.00151879  0.169904 7.84487e-05
0.00153398  0.170129 7.88318e-05
0.00154932  0.170356 7.92195e-05
0.00156481  0.170584 7.96119e-05
0.00158046  0.170814 8.00088e-05
0.00159626  0.171045 8.04102e-05
0.00161223  0.171277 8.0816e-05
0.00162835  0.171511 8.12262e-05
0.00164463  0.171747 8.16407e-05
0.00166108  0.171984 8.20594e-05
0.00167769  0.172223 8.24746e-05
0.00169447  0.172463 8.28801e-05
0.00171141  0.172704 8.32893e-05
0.00172852  0.172948 8.37022e-05
0.00174581  0.173193 8.41184e-05
0.00176327  0.173439 8.4538e-05
0.0017809  0.173687 8.49608e-05
0.00179871  0.173937 8.53865e-05
0.0018167  0.174188 8.58152e-05
0.00183486  0.174441 8.62465e-05
0.00185321  0.174696 8.66802e-05
0.00187174  0.174952 8.71163e-05
0.00189046  0.17521 8.7552e-05
0.00190937  0.17547 8.7989e-05
0.00192846  0.175731 8.8428e-05
0.00194774  0.175994 8.88691e-05
0.00196722  0.176259 8.93123e-05
0.00198689  0.176526 8.97576e-05
0.00200676  0.176727 9.02051e-05
0.00202683  0.176928 9.06548e-05
0.0020471  0.17713 9.11068e-05
0.00206757  0.177333 9.1561e-05
0.00208825  0.177536 9.20175e-05
0.00210913  0.177741 9.24763e-05
0.00213022  0.177948 9.29373e-05
0.00215152  0.178155 9.34006e-05
0.00217304  0.178363 9.38663e-05
0.00219477  0.178573 9.43344e-05
0.00221672  0.178783 9.48049e-05
0.00223888  0.178995 9.52778e-05
0.00226127  0.179208 9.57531e-05
0.00228388  0.179422 9.62308e-05
0.00230672  0.179637 9.67109e-05
0.00232979  0.179854 9.71934e-05
0.00235309  0.180071 9.76783e-05
0.00237662  0.18029 9.81655e-05
0.00240038  0.18051 9.86552e-05
0.00242439  0.180731 9.91473e-05
0.00244863  0.180953 9.96418e-05
0.00247312  0.181177 0.000100139
0.00249785  0.181402 0.000100638
0.00252283  0.181628 0.00010114
0.00254806  0.181855 0.000101645
0.00257354  0.182083 0.000102151
0.00259927  0.182313 0.000102661
0.00262527  0.182544 0.000103173
0.00265152  0.182774 0.000103687
0.00267803  0.182958 0.000104204
0.00270481  0.183142 0.000104724
0.00273186  0.183328 0.000105246
0.00275918  0.183514 0.000105771
0.00278677  0.183701 0.000106299
0.00281464  0.183889 0.000106829
0.00284279  0.184078 0.000107362
0.00287121  0.184267 0.000107897
0.00289993  0.184457 0.000108435
0.00292893  0.184648 0.000108976
0.00295822  0.18484 0.00010952
0.0029878  0.185033 0.000110066
0.00301768  0.185226 0.000110615
0.00304785  0.185421 0.000111167
0.00307833  0.185616 0.000111721
0.00310911  0.185812 0.000112278
0.0031402  0.186008 0.000112838
0.00317161  0.186206 0.000113401
0.00320332  0.186404 0.000113967
0.00323536  0.186603 0.000114535
0.00326771  0.186803 0.000115106
0.00330039  0.187004 0.00011568
0.00333339  0.187206 0.000116257
0.00336672  0.187408 0.000116837
0.00340039  0.187612 0.00011742
0.0034344  0.187816 0.000118006
0.00346874  0.188021 0.000118594
0.00350343  0.188227 0.000119186
0.00353846  0.188434 0.00011978
0.00357385  0.188641 0.000120377
0.00360958  0.18885 0.000120978
0.00364568  0.189059 0.000121581
0.00368214  0.189269 0.000122188
0.00371896  0.18948 0.000122797
0.00375615  0.189692 0.000123409
0.00379371  0.189905 0.000124025
0.00383165  0.190118 0.000124643
0.00386996  0.190333 0.000125265
0.00390866  0.190548 0.00012589
0.00394775  0.190764 0.000126518
0.00398723  0.190969 0.000127149
0.0040271  0.191147 0.000127783
0.00406737  0.191325 0.00012842
0.00410804  0.191504 0.000129061
0.00414912  0.191683 0.000129704
0.00419062  0.191863 0.000130351
0.00423252  0.192043 0.000131001
0.00427485  0.192224 0.000131655
0.0043176  0.192405 0.000132311
0.00436077  0.192587 0.000132971
0.00440438  0.192769 0.000133635
0.00444842  0.192952 0.000134301
0.00449291  0.193135 0.000134971
0.00453784  0.193319 0.000135644
0.00458321  0.193503 0.000136321
0.00462905  0.193687 0.000137
0.00467534  0.193872 0.000137684
0.00472209  0.194057 0.00013837
0.00476931  0.194243 0.000139061
0.004817  0.194429 0.000139754
0.00486517  0.194616 0.000140451
0.00491383  0.194803 0.000141152
0.00496296  0.194991 0.000141856
0.00501259  0.195179 0.000142563
0.00506272  0.195367 0.000143274
0.00511335  0.195556 0.000143989
0.00516448  0.195745 0.000144707
0.00521613  0.195935 0.000145429
0.00526829  0.196125 0.000146154
0.00532097  0.196309 0.000146883
0.00537418  0.196484 0.000147615
0.00542792  0.196659 0.000148352
0.0054822  0.196834 0.000149092
0.00553702  0.197009 0.000149835
0.00559239  0.197185 0.000150582
0.00564832  0.19736 0.000151334
0.0057048  0.197536 0.000152088
0.00576185  0.197713 0.000152847
0.00581947  0.197889 0.000153609
0.00587766  0.198066 0.000154375
0.00593644  0.198243 0.000155145
0.0059958  0.19842 0.000155919
0.00605576  0.198597 0.000156697
0.00611632  0.198774 0.000157478
0.00617748  0.198952 0.000158264
0.00623926  0.19913 0.000159053
0.00630165  0.199307 0.000159846
0.00636466  0.199485 0.000160643
0.00642831  0.199664 0.000161445
0.00649259  0.199842 0.00016225
0.00655752  0.20002 0.000163059
0.0066231  0.200199 0.000163872
0.00668933  0.200374 0.00016469
0.00675622  0.200549 0.000165511
0.00682378  0.200724 0.000166336
0.00689202  0.2009 0.000167166
0.00696094  0.201075 0.000168
0.00703055  0.20125 0.000168838
0.00710085  0.201426 0.00016968
0.00717186  0.201601 0.000170526
0.00724358  0.201776 0.000171377
0.00731602  0.201952 0.000172231
0.00738918  0.202127 0.00017309
0.00746307  0.202303 0.000173954
0.0075377  0.202478 0.000174821
0.00761308  0.202653 0.000175693
0.00768921  0.202829 0.000176569
0.0077661  0.203004 0.00017745
0.00784376  0.203179 0.000178335
0.0079222  0.203355 0.000179225
0.00800142  0.203532 0.000180118
0.00808144  0.20371 0.000181017
0.00816225  0.203889 0.00018192
0.00824387  0.204067 0.000182827
0.00832631  0.204245 0.000183739
0.00840957  0.204423 0.000184655
0.00849367  0.204601 0.000185576
0.00857861  0.204779 0.000186502
0.00866439  0.204957 0.000187432
0.00875104  0.205135 0.000188367
0.00883855  0.205312 0.000189306
0.00892693  0.20549 0.00019025
0.0090162  0.205667 0.000191199
0.00910636  0.205844 0.000192153
0.00919743  0.206021 0.000193111
0.0092894  0.206197 0.000194074
0.0093823  0.206374 0.000195042
0.00947612  0.20655 0.000196015
0.00957088  0.206726 0.000196993
0.00966659  0.206902 0.000197975
0.00976325  0.207077 0.000198963
0.00986089  0.207253 0.000199955
0.0099595  0.207428 0.000200952
0.0100591  0.207602 0.000201954
0.0101597  0.207777 0.000202962
0.0102613  0.207951 0.000203974
0.0103639  0.208125 0.000204991
0.0104675  0.208298 0.000206014
0.0105722  0.208471 0.000207041
0.0106779  0.208659 0.000208074
0.0107847  0.208852 0.000209111
0.0108926  0.209045 0.000210154
0.0110015  0.209238 0.000211202
0.0111115  0.20943 0.000212256
0.0112226  0.209622 0.000213314
0.0113348  0.209814 0.000214378
0.0114482  0.210006 0.000215447
0.0115627  0.210198 0.000216522
0.0116783  0.210389 0.000217602
0.0117951  0.21058 0.000218687
0.011913  0.21077 0.000219778
0.0120322  0.210961 0.000220874
0.0121525  0.211151 0.000221976
0.012274  0.21134 0.000223084
0.0123967  0.211529 0.000224196
0.0125207  0.211718 0.000225315
0.0126459  0.211906 0.000226439
0.0127724  0.212094 0.000227568
0.0129001  0.212282 0.000228703
0.0130291  0.212469 0.000229844
0.0131594  0.212656 0.00023099
0.013291  0.212856 0.000232142
0.0134239  0.213085 0.000233299
0.0135581  0.213315 0.000234462
0.0136937  0.213545 0.000235631
0.0138307  0.213774 0.000236806
0.013969  0.214004 0.000237986
0.0141086  0.214233 0.000239172
0.0142497  0.214462 0.000240365
0.0143922  0.214691 0.000241563
0.0145362  0.21492 0.000242768
0.0146815  0.215149 0.000243979
0.0148283  0.215377 0.000245196
0.0149766  0.215605 0.000246419
0.0151264  0.215834 0.000247649
0.0152776  0.216061 0.000248886
0.0154304  0.216289 0.000250129
0.0155847  0.216517 0.000251379
0.0157406  0.216744 0.000252635
0.015898  0.21697 0.000253899
0.016057  0.217197 0.000255169
0.0162175  0.217423 0.000256445
0.0163797  0.217649 0.000257729
0.0165435  0.217874 0.00025902
0.0167089  0.218099 0.000260318
0.016876  0.218324 0.000261622
0.0170448  0.218548 0.000262934
0.0172152  0.218772 0.000264253
0.0173874  0.218995 0.000265579
0.0175613  0.219218 0.000266912
0.0177369  0.21944 0.000268252
0.0179142  0.219662 0.000269599
0.0180934  0.219884 0.000270952
0.0182743  0.220104 0.000272313
0.0184571  0.220325 0.00027368
0.0186416  0.220544 0.000275053
0.018828  0.220763 0.000276433
0.0190163  0.220982 0.00027782
0.0192065  0.221199 0.000279213
0.0193986  0.221416 0.000280613
0.0195925  0.221633 0.00028202
0.0197885  0.221849 0.000283433
0.0199864  0.222107 0.000284852
0.0201862  0.222399 0.000286278
0.0203881  0.222692 0.000287711
0.020592  0.222984 0.000289151
0.0207979  0.223276 0.000290597
0.0210059  0.223568 0.000292051
0.0212159  0.223861 0.000293511
0.0214281  0.224153 0.000294978
0.0216424  0.224445 0.000296451
0.0218588  0.224737 0.000297932
0.0220774  0.225029 0.00029942
0.0222981  0.22532 0.000300915
0.0225211  0.225612 0.000302417
0.0227463  0.225904 0.000303926
0.0229738  0.226195 0.000305443
0.0232035  0.226486 0.000306967
0.0234356  0.226777 0.000308499
0.0236699  0.227068 0.000310038
0.0239066  0.227359 0.000311585
0.0241457  0.227649 0.00031314
0.0243871  0.227939 0.000314702
0.024631  0.228229 0.000316272
0.0248773  0.228518 0.00031785
0.0251261  0.228807 0.000319436
0.0253774  0.229096 0.00032103
0.0256311  0.229384 0.000322632
0.0258874  0.229672 0.000324241
0.0261463  0.229959 0.000325859
0.0264078  0.230246 0.000327485
0.0266719  0.230599 0.000329118
0.0269386  0.230988 0.00033076
0.027208  0.231377 0.00033241
0.02748  0.231767 0.000334068
0.0277548  0.232158 0.000335734
0.0280324  0.232549 0.000337409
0.0283127  0.23294 0.000339092
0.0285958  0.233332 0.000340782
0.0288818  0.233724 0.000342482
0.0291706  0.234117 0.000344189
0.0294623  0.23451 0.000345905
0.029757  0.234903 0.000347629
0.0300545  0.235297 0.000349362
0.0303551  0.235692 0.000351103
0.0306586  0.236087 0.000352853
0.0309652  0.236482 0.000354611
0.0312749  0.236877 0.000356378
0.0315876  0.237273 0.000358154
0.0319035  0.237669 0.000359938
0.0322225  0.238066 0.000361731
0.0325447  0.238462 0.000363534
0.0328702  0.238859 0.000365345
0.0331989  0.239257 0.000367165
0.0335309  0.239654 0.000368995
0.0338662  0.240052 0.000370834
0.0342049  0.24045 0.000372682
0.0345469  0.240848 0.000374539
0.0348924  0.241246 0.000376406
0.0352413  0.241645 0.000378282
0.0355937  0.242043 0.000380167
0.0359496  0.242442 0.000382062
0.0363091  0.242841 0.000383967
0.0366722  0.24324 0.000385881
0.037039  0.243639 0.000387804
0.0374093  0.244038 0.000389737
0.0377834  0.244437 0.00039168
0.0381613  0.244836 0.000393633
0.0385429  0.245235 0.000395595
0.0389283  0.245635 0.000397567
0.0393176  0.246034 0.000399549
0.0397108  0.246433 0.000401541
0.0401079  0.246942 0.000403542
0.040509  0.247465 0.000405554
0.040914  0.247989 0.000407576
0.0413232  0.248515 0.000409608
0.0417364  0.249041 0.00041165
0.0421538  0.249568 0.000413702
0.0425753  0.250097 0.000415765
0.0430011  0.250626 0.000417838
0.0434311  0.251157 0.000419921
0.0438654  0.251688 0.000422015
0.044304  0.252221 0.000424119
0.0447471  0.252755 0.000426233
0.0451946  0.253289 0.000428359
0.0456465  0.253825 0.000430494
0.046103  0.254362 0.000432641
0.046564  0.254899 0.000434798
0.0470296  0.255438 0.000436966
0.0474999  0.255977 0.000439144
0.0479749  0.256518 0.000441334
0.0484547  0.257059 0.000443534
0.0489392  0.257602 0.000445746
0.0494286  0.258145 0.000447968
0.0499229  0.258689 0.000450202
0.0504221  0.259234 0.000452446
0.0509264  0.25978 0.000454702
0.0514356  0.260326 0.000456969
0.05195  0.260874 0.000459247
0.0524695  0.261422 0.000461536
0.0529942  0.261971 0.000463837
0.0535241  0.262619 0.000466149
0.0540594  0.263269 0.000468473
0.0546  0.263922 0.000470809
0.055146  0.264576 0.000473156
0.0556974  0.265232 0.000475514
0.0562544  0.265889 0.000477885
0.0568169  0.266549 0.000480267
0.0573851  0.26721 0.000482661
0.0579589  0.267873 0.000485066
0.0585385  0.268537 0.000487484
0.0591239  0.269203 0.000489914
0.0597152  0.269871 0.000492356
0.0603123  0.270541 0.00049481
0.0609154  0.271212 0.000497277
0.0615246  0.271885 0.000499755
0.0621398  0.272559 0.000502246
0.0627612  0.273235 0.00050475
0.0633888  0.273913 0.000507266
0.0640227  0.274592 0.000509794
0.064663  0.275273 0.000512335
0.0653096  0.275956 0.000514889
0.0659627  0.27664 0.000517455
0.0666223  0.277371 0.000520034
0.0672885  0.278138 0.000522626
0.0679614  0.278908 0.000525231
0.068641  0.27968 0.000527849
0.0693275  0.280454 0.00053048
0.0700207  0.281231 0.000533124
0.0707209  0.28201 0.000535782
0.0714281  0.282791 0.000538452
0.0721424  0.283575 0.000541136
0.0728638  0.284361 0.000543833
0.0735925  0.28515 0.000546544
0.0743284  0.285941 0.000549268
0.0750717  0.286734 0.000552006
0.0758224  0.287529 0.000554758
0.0765806  0.288327 0.000557523
0.0773464  0.289127 0.000560302
0.0781199  0.28993 0.000563095
0.0789011  0.290734 0.000565902
0.0796901  0.291562 0.000568723
0.080487  0.292461 0.000571558
0.0812919  0.293362 0.000574407
0.0821048  0.294267 0.00057727
0.0829259  0.295175 0.000580147
0.0837551  0.296085 0.000583039
0.0845927  0.297 0.000585946
0.0854386  0.297917 0.000588867
0.086293  0.298838 0.000591802
0.0871559  0.299761 0.000594752
0.0880275  0.300688 0.000597717
0.0889077  0.301618 0.000600697
0.0897968  0.302552 0.000603691
0.0906948  0.303488 0.0006067
0.0916017  0.304428 0.000609725
0.0925178  0.305371 0.000612764
0.0934429  0.306317 0.000615819
0.0943774  0.307266 0.000618889
0.0953211  0.308219 0.000621974
0.0962743  0.309174 0.000625075
0.0972371  0.310133 0.000628191
0.0982095  0.311096 0.000631322
0.0991916  0.312061 0.000634469
0.100183  0.31303 0.000637632
0.101185  0.314001 0.000640811
0.102197  0.314976 0.000644006
0.103219  0.315954 0.000647216
0.104251  0.316936 0.000650443
0.105294  0.317921 0.000653685
0.106347  0.318941 0.000656944
0.10741  0.320031 0.00066022
0.108484  0.321126 0.000663511
0.109569  0.322225 0.000666819
0.110665  0.323328 0.000670144
0.111772  0.324435 0.000673485
0.112889  0.325546 0.000676844
0.114018  0.326662 0.000680218
0.115158  0.327782 0.00068361
0.11631  0.328906 0.000687019
0.117473  0.330035 0.000690445
0.118648  0.331168 0.000693888
0.119834  0.332305 0.000697348
0.121033  0.333446 0.000700826
0.122243  0.334592 0.000704322
0.123465  0.335742 0.000707834
0.1247  0.336896 0.000711364
0.125947  0.338054 0.000714912
0.127206  0.339217 0.000718477
0.128478  0.340384 0.00072206
0.129763  0.341556 0.00072566
0.131061  0.342732 0.000729278
0.132372  0.343912 0.000732914
0.133695  0.345197 0.000736567
0.135032  0.346498 0.000740238
0.136383  0.347804 0.000743928
0.137746  0.349116 0.000747635
0.139124  0.350433 0.000751361
0.140515  0.351756 0.000755106
0.14192  0.353085 0.000758869
0.143339  0.354419 0.000762651
0.144773  0.355759 0.000766453
0.146221  0.357104 0.000770273
0.147683  0.358455 0.000774114
0.14916  0.359812 0.000777974
0.150651  0.361174 0.000781855
0.152158  0.362542 0.000785756
0.153679  0.363916 0.000789678
0.155216  0.365295 0.000793621
0.156768  0.36668 0.000797586
0.158336  0.368071 0.000801572
0.159919  0.369468 0.000805581
0.161518  0.370871 0.000809612
0.163134  0.372279 0.000813666
0.164765  0.373693 0.000817744
0.166413  0.375113 0.000821846
0.168077  0.376539 0.000825971
0.169757  0.377971 0.000830122
0.171455  0.379408 0.000834298
0.17317  0.380852 0.000838498
0.174901  0.382301 0.000842724
0.17665  0.383757 0.000846975
0.178417  0.385218 0.000851251
0.180201  0.386685 0.000855553
0.182003  0.388159 0.000859881
0.183823  0.389638 0.000864235
0.185661  0.391123 0.000868615
0.187518  0.392614 0.000873021
0.189393  0.394112 0.000877454
0.191287  0.395615 0.000881913
0.1932  0.397125 0.0008864
0.195132  0.39864 0.000890913
0.197083  0.400162 0.000895453
0.199054  0.401715 0.00090002
0.201045  0.403416 0.000904615
0.203055  0.405124 0.000909236
0.205086  0.406841 0.000913886
0.207136  0.408565 0.000918082
0.209208  0.410296 0.000920979
0.2113  0.412036 0.000923869
0.213413  0.413784 0.000926753
0.215547  0.415539 0.000929631
0.217702  0.417303 0.000932502
0.219879  0.419075 0.000935366
0.222078  0.420855 0.000938223
0.224299  0.422643 0.000941072
0.226542  0.424439 0.000943914
0.228807  0.426244 0.000946747
0.231095  0.428057 0.000949572
0.233406  0.429878 0.000952388
0.235741  0.431707 0.000955196
0.238098  0.433545 0.000957994
0.240479  0.435391 0.000960783
0.242884  0.437245 0.000963563
0.245313  0.439108 0.000966332
0.247766  0.44098 0.000969091
0.250243  0.44286 0.000971839
0.252746  0.444749 0.000974576
0.255273  0.446646 0.000977302
0.257826  0.448552 0.000980016
0.260404  0.450466 0.000982718
0.263008  0.452389 0.000985408
0.265638  0.454321 0.000988085
0.268295  0.456262 0.00099075
0.270978  0.458211 0.000993401
0.273687  0.46017 0.000996039
0.276424  0.462137 0.000998663
0.279189  0.464113 0.00100127
0.28198  0.466098 0.00100387
0.2848  0.468092 0.00100645
0.287648  0.470095 0.00100901
0.290525  0.472107 0.00101156
0.29343  0.474129 0.00101409
0.296364  0.476159 0.0010166
0.299328  0.478199 0.0010191
0.302321  0.480247 0.00102158
0.305344  0.482305 0.00102405
0.308398  0.484372 0.00102649
0.311482  0.486449 0.00102892
0.314597  0.488535 0.00103132
0.317743  0.49063 0.00103371
0.32092  0.492735 0.00103608
0.324129  0.494849 0.00103843
0.32737  0.496972 0.00104076
0.330644  0.499105 0.00104306
0.333951  0.501248 0.00104535
0.33729  0.5034 0.00104761
0.340663  0.505562 0.00104985
0.34407  0.507734 0.00105207
0.34751  0.509915 0.00105427
0.350985  0.512106 0.00105645
0.354495  0.514307 0.00105889
0.35804  0.516518 0.00106203
0.361621  0.518739 0.00106516
0.365237  0.520969 0.0010683
0.368889  0.52321 0.00107143
0.372578  0.52546 0.00107457
0.376304  0.528374 0.00107771
0.380067  0.531356 0.00108084
0.383868  0.534368 0.00108398
0.387706  0.53741 0.00108712
0.391583  0.540483 0.00109026
0.395499  0.543587 0.0010934
0.399454  0.546789 0.00109655
0.403449  0.550094 0.00109969
0.407483  0.553431 0.00110283
0.411558  0.556803 0.00110598
0.415674  0.560207 0.00110913
0.41983  0.563646 0.00111228
0.424029  0.56712 0.00111543
0.428269  0.570628 0.00111858
0.432552  0.574171 0.00112174
0.436877  0.577749 0.00112489
0.441246  0.581364 0.00112805
0.445658  0.585014 0.00113121
0.450115  0.588701 0.00113438
0.454616  0.592425 0.00113754
0.459162  0.596187 0.00114071
0.463754  0.599985 0.00114388
0.468391  0.603822 0.00114706
0.473075  0.607454 0.00115023
0.477806  0.611064 0.00115342
0.482584  0.614711 0.0011566
0.48741  0.618394 0.00115979
0.492284  0.622114 0.00116298
0.497207  0.625871 0.00116618
0.502179  0.629666 0.00116938
0.507201  0.633498 0.00117258
0.512273  0.637369 0.00117579
0.517396  0.641279 0.00117901
0.52257  0.645228 0.00118223
0.527795  0.649216 0.00118545
0.533073  0.653277 0.00118868
0.538404  0.657401 0.00119192
0.543788  0.661566 0.00119516
0.549226  0.665773 0.0011984
0.554718  0.670022 0.00120166
0.560265  0.674313 0.00120492
0.565868  0.678648 0.00120818
0.571527  0.683026 0.00121146
0.577242  0.687447 0.00121474
0.583014  0.691913 0.00121803
0.588844  0.696424 0.00122133
0.594733  0.700411 0.00122463
0.60068  0.704166 0.00122795
0.606687  0.707959 0.00123127
0.612754  0.71179 0.00123461
0.618881  0.715659 0.00123795
0.62507  0.719567 0.0012413
0.631321  0.723513 0.00124466
0.637634  0.7275 0.00124804
0.644011  0.731526 0.00125142
0.650451  0.735592 0.00125481
0.656955  0.7397 0.00125822
0.663525  0.743854 0.00126164
0.67016  0.748082 0.00126507
0.676862  0.752353 0.00126851
0.68363  0.756666 0.00127197
0.690466  0.761022 0.00127544
0.697371  0.765422 0.00127892
0.704345  0.769866 0.00128242
0.711388  0.774355 0.00128594
0.718502  0.778888 0.00128946
0.725687  0.783467 0.00129301
0.732944  0.788092 0.00129657
0.740273  0.792762 0.00130015
0.747676  0.796778 0.00130374
0.755153  0.800244 0.00130735
0.762705  0.803745 0.00131099
0.770332  0.807281 0.00131464
0.778035  0.810852 0.00131831
0.785815  0.814459 0.00132199
0.793673  0.818102 0.0013257
0.80161  0.821813 0.00132943
0.809626  0.825568 0.00133318
0.817722  0.82936 0.00133696
0.8259  0.833189 0.00134075
0.834159  0.837058 0.00134457
0.8425  0.840965 0.00134841
0.850925  0.844911 0.00135228
0.859435  0.848896 0.00135617
0.868029  0.852921 0.00136009
0.876709  0.856987 0.00136403
0.885476  0.861093 0.001368
0.894331  0.86524 0.001372
0.903274  0.869429 0.00137602
0.912307  0.87366 0.00138007
0.92143  0.877933 0.00138416
0.930644  0.882249 0.00138827
0.939951  0.886094 0.00139241
0.94935  0.889241 0.00139659
0.958844  0.892419 0.00140079
0.968432  0.895629 0.00140503
0.978117  0.898871 0.0014093
0.987898  0.902146 0.00141361
0.997777  0.905453 0.00141795
1.00775  0.908793 0.00142233
1.01783  0.912167 0.00142674
1.02801  0.915575 0.0014312
1.03829  0.919016 0.00143569
1.04867  0.922492 0.00144021
1.05916  0.926003 0.00144478
1.06975  0.929583 0.00144939
1.08045  0.933201 0.00145404
1.09125  0.936856 0.00145874
1.10217  0.940547 0.00146347
1.11319  0.944275 0.00146826
1.12432  0.94804 0.00147308
1.13556  0.951843 0.00147795
1.14692  0.955684 0.00148287
1.15839  0.959564 0.00148784
1.16997  0.963482 0.00149285
1.18167  0.967078 0.00149792
1.19349  0.969774 0.00150303
1.20542  0.972497 0.0015082
1.21748  0.975247 0.00151342
1.22965  0.978025 0.00151869
1.24195  0.980831 0.00152401
1.25437  0.983664 0.00152939
1.26691  0.986526 0.00153483
1.27958  0.989417 0.00154033
1.29238  0.992337 0.00154588
1.3053  0.995285 0.00155149
1.31835  0.998264 0.00155717
1.33154  1.00129 0.0015629
1.34485  1.00436 0.0015687
1.3583  1.00747 0.00157456
1.37188  1.0106 0.00158048
1.3856  1.01377 0.00158647
1.39946  1.01697 0.00159253
1.41345  1.0202 0.00159866
1.42759  1.02346 0.00160485
1.44186  1.02676 0.00161112
1.45628  1.03009 0.00161745
1.47085  1.03345 0.00162386
1.48555  1.03663 0.00163034
1.50041  1.03856 0.0016369
1.51541  1.04052 0.00164353
1.53057  1.0425 0.00165023
1.54587  1.0445 0.00165702
1.56133  1.04652 0.00166389
1.57695  1.04856 0.00167083
1.59271  1.05062 0.00167786
1.60864  1.0527 0.00168497
1.62473  1.0548 0.00169216
1.64098  1.05692 0.00169944
1.65739  1.05906 0.0017068
1.67396  1.06123 0.00171426
1.6907  1.06341 0.0017218
1.70761  1.06562 0.00172943
1.72468  1.06785 0.00173715
1.74193  1.0701 0.00174497
1.75935  1.07238 0.00175288
1.77694  1.07467 0.00176089
1.79471  1.077 0.00176899
1.81266  1.07934 0.00177719
1.83078  1.08171 0.00178549
1.84909  1.0841 0.00179388
1.86758  1.08651 0.00180238
1.88626  1.08863 0.00181099
1.90512  1.09078 0.0018197
1.92417  1.09294 0.00182851
1.94341  1.09513 0.00183743
1.96285  1.09734 0.00184646
1.98248  1.09957 0.00185559
2.0023  1.10185 0.00186484
2.02232  1.10416 0.0018742
2.04255  1.10649 0.00188367
2.06297  1.10885 0.00189326
2.0836  1.11123 0.00190297
2.10444  1.11363 0.00191279
2.12548  1.11606 0.00192273
2.14674  1.11851 0.0019328
2.16821  1.12099 0.00194298
2.18989  1.12349 0.00195329
2.21179  1.12602 0.00196373
2.2339  1.12857 0.00197429
2.25624  1.13115 0.00198497
2.27881  1.13375 0.00199579
2.30159  1.13638 0.00200674
2.32461  1.13904 0.00201782
2.34786  1.14172 0.00202904
2.37134  1.14341 0.00204039
2.39505  1.14497 0.00205188
2.419  1.14655 0.00206351
2.44319  1.14815 0.00207528
2.46762  1.14976 0.00208719
2.4923  1.15139 0.00209925
2.51722  1.15303 0.00211145
2.54239  1.15469 0.0021238
2.56782  1.15637 0.00213629
2.59349  1.15807 0.00214894
2.61943  1.15978 0.00216173
2.64562  1.16151 0.00217469
2.67208  1.16327 0.00218779
2.6988  1.16506 0.00220106
2.72579  1.16686 0.00221448
2.75305  1.16869 0.00222806
2.78058  1.17053 0.0022418
2.80838  1.17239 0.00225571
2.83647  1.17427 0.00226978
2.86483  1.17617 0.00228402
2.89348  1.17808 0.00229843
2.92241  1.18002 0.00231301
2.95164  1.18197 0.00232777
2.98115  1.18331 0.00234269
3.01097  1.18443 0.0023578
3.04108  1.18556 0.00237308
3.07149  1.1867 0.00238854
3.1022  1.18785 0.00240419
3.13322  1.18902 0.00242002
3.16456  1.1902 0.00243604
3.1962  1.19139 0.00245224
3.22816  1.19259 0.00246864
3.26045  1.1938 0.00248523
3.29305  1.19503 0.00250201
3.32598  1.19626 0.002519
3.35924  1.19751 0.00253618
3.39283  1.19878 0.00255356
3.42676  1.20005 0.00257115
3.46103  1.20134 0.00258895
3.49564  1.20264 0.00260695
3.53059  1.20395 0.00262517
3.5659  1.20528 0.00264359
3.60156  1.20662 0.00266224
3.63758  1.20797 0.0026811
3.67395  1.20934 0.00270018
3.71069  1.21072 0.00271948
3.7478  1.21162 0.00273901
3.78528  1.21221 0.00275877
3.82313  1.21281 0.00277875
3.86136  1.21341 0.00279897
3.89997  1.21402 0.00281943
3.93897  1.21464 0.00284012
3.97836  1.21526 0.00286106
4.01815  1.21591 0.00288224
4.05833  1.21657 0.00290366
4.09891  1.21723 0.00292534
4.1399  1.21789 0.00294727
4.1813  1.21857 0.00296945
4.22311  1.21925 0.0029919
4.26534  1.21994 0.00301461
4.308  1.22063 0.00303758
4.35108  1.22133 0.00306082
4.39459  1.22204 0.00308433
4.43853  1.22276 0.00310812
4.48292  1.22348 0.00313219
4.52775  1.22421 0.00315653
4.57303  1.22495 0.00318117
4.61876  1.22569 0.00320609
4.66494  1.22644 0.0032313
4.71159  1.22693 0.00325682
4.75871  1.22713 0.00328263
4.8063  1.22732 0.00330874
4.85436  1.22751 0.00333516
4.9029  1.22771 0.00336189
4.95193  1.22791 0.00338894
5.00145  1.22811 0.0034163
5.05146  1.22831 0.00344399
5.10198  1.22851 0.003472
5.153  1.22872 0.00350034
5.20453  1.22893 0.00352902
5.25657  1.22914 0.00355804
5.30914  1.22935 0.0035874
5.36223  1.22958 0.0036171
5.41585  1.22981 0.00364716
5.47001  1.23004 0.00367757
5.52471  1.23027 0.00370835
5.57996  1.23051 0.00373949
5.63576  1.23075 0.003771
5.69212  1.23099 0.00380289
5.74904  1.23123 0.00383515
5.80653  1.23147 0.0038678
5.86459  1.23172 0.00390085
5.92324  1.23174 0.00393429
5.98247  1.23127 0.00396813
6.0423  1.2308 0.00400237
6.10272  1.23033 0.00403703
6.16375  1.22985 0.0040721
6.22538  1.22937 0.0041076
6.28764  1.22888 0.00414353
6.35051  1.22838 0.0041799
6.41402  1.22789 0.00421671
6.47816  1.22738 0.00425396
6.54294  1.22687 0.00429168
6.60837  1.22636 0.00432985
6.67445  1.22585 0.00436849
6.7412  1.22533 0.0044076
6.80861  1.22481 0.00444719
6.8767  1.22428 0.00448727
6.94546  1.22375 0.00452785
7.01492  1.22321 0.00456892
7.08507  1.22267 0.00461049
7.15592  1.22212 0.00465258
7.22748  1.22157 0.00469519
7.29975  1.22101 0.00473832
7.37275  1.22045 0.00478198
7.44648  1.21976 0.00482618
7.52094  1.2186 0.00487092
7.59615  1.21743 0.00491622
7.67211  1.21624 0.00496207
7.74883  1.21504 0.00500849
7.82632  1.21383 0.00505547
7.90459  1.21261 0.00510304
7.98363  1.21137 0.00515119
8.06347  1.21013 0.00519993
8.1441  1.20888 0.00524926
8.22554  1.20762 0.0052992
8.3078  1.20634 0.00534975
8.39088  1.20505 0.00540091
8.47479  1.20374 0.00545271
8.55953  1.20243 0.00550513
8.64513  1.2011 0.0055582
8.73158  1.19975 0.00561193
8.8189  1.1984 0.00566631
8.90709  1.19703 0.00572138
8.99616  1.19564 0.00577713
9.08612  1.19425 0.00583357
9.17698  1.19283 0.00589073
9.26875  1.19141 0.0059486
9.36144  1.18995 0.0060072
9.45505  1.18815 0.00606654
9.5496  1.18634 0.00612664
9.6451  1.18451 0.0061875
9.74155  1.18266 0.00624915
9.83896  1.18079 0.00631159
9.93735  1.1789 0.00637484
10.0367  1.17699 0.00643891
10.1371  1.17506 0.00650383
10.2385  1.17312 0.00656959
10.3409  1.17115 0.00663623
10.4443  1.16917 0.00670375
10.5487  1.16716 0.00677217
10.6542  1.16514 0.00684151
10.7607  1.1631 0.00691179
10.8683  1.16104 0.00698301
10.977  1.15897 0.00705521
11.0868  1.15687 0.0071284
11.1977  1.15474 0.00720259
11.3096  1.1526 0.00727782
11.4227  1.15044 0.00735409
11.537  1.14825 0.00743143
11.6523  1.14605 0.00750987
11.7689  1.14382 0.00758941
11.8865  1.14145 0.00767008
12.0054  1.13904 0.00775191
12.1255  1.13661 0.00783491
12.2467  1.13415 0.0079191
12.3692  1.13167 0.0080045
12.4929  1.12917 0.00809112
12.6178  1.12664 0.00817899
12.744  1.12409 0.00826813
12.8714  1.12151 0.00835855
13.0001  1.1189 0.00845028
13.1301  1.11627 0.00854333
13.2614  1.11361 0.00863773
13.3941  1.11093 0.00873351
13.528  1.10823 0.00883067
13.6633  1.1055 0.00892923
13.7999  1.10274 0.00902923
13.9379  1.09995 0.00913068
14.0773  1.09713 0.0092336
14.2181  1.09429 0.009338
14.3602  1.09142 0.00944392
14.5038  1.08852 0.00955137
14.6489  1.08559 0.00966038
14.7954  1.08263 0.00977096
14.9433  1.07985 0.00988314
15.0928  1.0771 0.00999694
15.2437  1.07433 0.0101124
15.3961  1.07152 0.0102295
15.5501  1.06869 0.0103484
15.7056  1.06583 0.010469
15.8626  1.06294 0.0105913
16.0213  1.06003 0.0107154
16.1815  1.05708 0.0108414
16.3433  1.05411 0.0109692
16.5067  1.0511 0.011099
16.6718  1.04807 0.0112306
16.8385  1.045 0.0113642
17.0069  1.04191 0.0114998
17.177  1.03878 0.0116375
17.3487  1.03562 0.0117772
17.5222  1.03243 0.0119189
17.6974  1.02921 0.0120628
17.8744  1.02596 0.0122089
18.0532  1.02267 0.0123572
18.2337  1.01935 0.0125076
18.416  1.016 0.0126604
18.6002  1.01261 0.0128155
18.7862  1.00929 0.0129729
18.9741  1.006 0.0131326
19.1638  1.00268 0.0132948
19.3554  0.999322 0.0134595
19.549  0.995932 0.0136266
19.7445  0.992508 0.0137963
19.9419  0.989051 0.0139685
20.1413  0.985564 0.0141434
20.3427  0.982041 0.014321
20.5462  0.978484 0.0145012
20.7516  0.974891 0.0146842
20.9592  0.971261 0.01487
21.1687  0.967596 0.0150586
21.3804  0.963894 0.0152501
21.5942  0.960155 0.0154445
21.8102  0.956378 0.0156419
22.0283  0.952564 0.0158424
22.2486  0.948712 0.016046
22.4711  0.944821 0.0162528
22.6958  0.940891 0.0164628
22.9227  0.936922 0.016676
23.1519  0.932913 0.0168926
23.3835  0.928864 0.0171127
23.6173  0.925083 0.0173362
23.8535  0.921584 0.0175632
24.092  0.91805 0.0177939
24.3329  0.914481 0.0180281
24.5763  0.910876 0.0182661
24.822  0.907235 0.0185078
25.0702  0.903557 0.0187533
25.3209  0.899843 0.0190027
25.5742  0.896091 0.0192559
25.8299  0.892302 0.0195131
26.0882  0.888475 0.0197742
26.3491  0.88461 0.0200395
26.6126  0.880708 0.0203088
26.8787  0.876769 0.0205823
27.1475  0.872791 0.0208601
27.419  0.868773 0.0211423
27.6931  0.864715 0.021429
27.9701  0.860616 0.0217203
28.2498  0.856476 0.0220163
28.5323  0.852295 0.0223172
28.8176  0.848072 0.0226231
29.1058  0.843806 0.0229341
29.3968  0.839498 0.0232503
29.6908  0.83544 0.0235719
29.9877  0.881717 0.023899
30.2876  0.876879 0.0242317
30.5905  0.872029 0.0245702
30.8964  0.86717 0.0249144
31.2053  0.862302 0.0252646
31.5174  0.857428 0.0256209
31.8326  0.852547 0.0259833
32.1509  0.847663 0.026352
32.4724  0.842775 0.026727
32.7971  0.837886 0.0271086
33.1251  0.832996 0.0274968
33.4563  0.828106 0.0278918
33.7909  0.823219 0.0282936
34.1288  0.818333 0.0287023
34.4701  0.813452 0.029118
34.8148  0.808575 0.0295408
35.1629  0.803722 0.0299706
35.5146  0.798919 0.0304075
35.8697  0.794122 0.0308517
36.2284  0.789334 0.0313031
36.5907  0.784394 0.0317617
36.9566  0.779454 0.0322277
37.3262  0.774524 0.032701
37.6994  0.769607 0.0331818
38.0764  0.764701 0.0336701
38.4572  0.759809 0.0341661
38.8418  0.754931 0.0346701
39.2302  0.750067 0.0351821
39.6225  0.745218 0.0357024
40.0187  0.740386 0.0362311
40.4189  0.735572 0.0367685
40.8231  0.730774 0.0373148
41.2313  0.72618 0.0378701
41.6436  0.721789 0.0384348
42.0601  0.717398 0.0390089
42.4807  0.713043 0.0395928
42.9055  0.708694 0.0401865
43.3345  0.704348 0.0407903
43.7679  0.699998 0.0414042
44.2056  0.695647 0.0420285
44.6476  0.691301 0.0426632
45.0941  0.686961 0.0433085
45.545  0.682627 0.0439646
46.0005  0.678301 0.0446317
46.4605  0.673983 0.0453098
46.9251  0.669673 0.0459992
47.3943  0.665373 0.0467
47.8683  0.661084 0.0474124
48.347  0.656805 0.0481366
48.8304  0.652537 0.0488729
49.3187  0.64829 0.0496214
49.8119  0.644075 0.0503824
50.31  0.639873 0.0511562
50.8131  0.635684 0.051943
51.3213  0.631478 0.052743
51.8345  0.627286 0.0535564
52.3528  0.623108 0.0543836
52.8764  0.618946 0.0552248
53.4051  0.614802 0.0560802
53.9392  0.610673 0.0569501
54.4786  0.606561 0.0578348
55.0234  0.602442 0.0587345
55.5736  0.59834 0.0596495
56.1293  0.594255 0.06058
56.6906  0.59021 0.0615263
57.2575  0.586188 0.0624887
57.8301  0.582184 0.0634675
58.4084  0.578199 0.0644629
58.9925  0.574232 0.0654753
59.5824  0.570285 0.0665049
60.1782  0.566356 0.0675521
60.78  0.562447 0.0686171
61.3878  0.558558 0.0697002
62.0017  0.554677 0.0708019
62.6217  0.550797 0.0719224
63.2479  0.546936 0.073062
63.8804  0.543096 0.0742212
64.5192  0.539234 0.0754003
65.1644  0.535328 0.0765995
65.816  0.531448 0.0778193
66.4742  0.527595 0.0790601
67.1389  0.523768 0.0803222
67.8103  0.519967 0.081606
68.4884  0.516192 0.0829119
69.1733  0.512443 0.0842403
69.8651  0.508719 0.0855915
70.5637  0.505026 0.0869661
71.2693  0.501373 0.0883644
71.982  0.497745 0.0897868
72.7019  0.494142 0.0912339
73.4289  0.490525 0.0927059
74.1632  0.486927 0.0942034
74.9048  0.483353 0.0957269
75.6538  0.479805 0.0972767
76.4104  0.476281 0.0988534
77.1745  0.472782 0.100457
77.9462  0.469306 0.102089
78.7257  0.465855 0.103749
79.513  0.462429 0.105439
80.3081  0.459027 0.107157
81.1112  0.455648 0.108905
81.9223  0.452294 0.110684
82.7415  0.448963 0.112494
83.5689  0.445655 0.114335
84.4046  0.442371 0.116208
85.2486  0.439118 0.118114
86.1011  0.43589 0.120053
86.9621  0.432684 0.122026
87.8318  0.429502 0.124033
88.7101  0.426341 0.126076
89.5972  0.423203 0.128154
90.4932  0.420088 0.130268
91.3981  0.416994 0.132419
92.3121  0.413922 0.134607
93.2352  0.410872 0.136834
94.1675  0.407844 0.139099
95.1092  0.404837 0.141404
96.0603  0.401851 0.143749
97.0209  0.398887 0.146135
97.9911  0.395944 0.148563
98.971  0.393022 0.151033
99.9607  0.390125 0.153546
100.96  0.387248 0.156103
101.97  0.384392 0.158705
102.99  0.381557 0.161352
104.02  0.378741 0.164046
105.06  0.375946 0.166787
106.11  0.373171 0.169576
107.171  0.370419 0.172414
108.243  0.367687 0.175302
109.326  0.364974 0.17824
110.419  0.362248 0.18123
111.523  0.35953 0.184273
112.638  0.356831 0.187369
113.765  0.354152 0.190519
114.902  0.351493 0.193725
116.051  0.348904 0.196988
117.212  0.346331 0.200308
118.384  0.343775 0.203687
119.568  0.341235 0.207126
120.763  0.338711 0.210625
121.971  0.336203 0.214186
123.191  0.333711 0.21781
124.423  0.331235 0.221498
125.667  0.328776 0.225251
126.924  0.326333 0.22907
128.193  0.323906 0.232958
129.475  0.321495 0.236913
130.77  0.319099 0.240939
132.077  0.31672 0.245037
133.398  0.314358 0.249206
134.732  0.312011 0.25345
136.079  0.309681 0.257768
137.44  0.307366 0.262164
138.814  0.305067 0.266637
140.203  0.302783 0.271189
141.605  0.300515 0.275822
143.021  0.298264 0.280537
144.451  0.296029 0.285336
145.895  0.29381 0.29022
147.354  0.291605 0.29519
148.828  0.289416 0.300249
150.316  0.287242 0.305398
151.819  0.285084 0.310638
153.338  0.28294 0.315971
154.871  0.280811 0.321398
156.42  0.278697 0.326922
157.984  0.276598 0.332544
159.564  0.274514 0.338265
161.159  0.272445 0.344089
162.771  0.27039 0.350015
164.399  0.26835 0.356046
166.043  0.266324 0.362185
167.703  0.264313 0.368432
169.38  0.262316 0.37479
171.074  0.260333 0.381261
172.785  0.258365 0.387847
174.512  0.256411 0.39455
176.258  0.254471 0.401373
178.02  0.252544 0.408317
179.8  0.250632 0.415386
181.598  0.248733 0.422582
183.414  0.246849 0.429906
185.248  0.244922 0.437362
187.101  0.242973 0.444952
188.972  0.241038 0.452679
190.862  0.239118 0.460545
192.77  0.237212 0.468554
194.698  0.23532 0.476707
196.645  0.233442 0.485007
198.611  0.231578 0.493459
200.598  0.229728 0.502063
202.604  0.227893 0.510825
204.63  0.226071 0.519745
206.676  0.224263 0.528829
208.743  0.222469 0.538078
210.83  0.220688 0.547496
212.938  0.21892 0.557087
215.068  0.217164 0.566853
217.218  0.215416 0.576797
219.391  0.213682 0.586924
221.584  0.211961 0.597236
223.8  0.210252 0.607737
226.038  0.208557 0.618431
228.299  0.206875 0.62932
230.582  0.205205 0.640408
232.888  0.203548 0.6517
235.216  0.201904 0.663198
237.569  0.200272 0.674907
239.944  0.198653 0.686829
242.344  0.197046 0.69897
244.767  0.195452 0.711332
247.215  0.19387 0.723919
249.687  0.192299 0.736734
252.184  0.190741 0.749781
254.706  0.189195 0.763065
257.253  0.187661 0.776588
259.825  0.186139 0.790355
262.423  0.184755 0.804369
265.048  0.183385 0.818635
267.698  0.182024 0.833157
270.375  0.180671 0.847938
273.079  0.179327 0.862983
275.81  0.177991 0.878295
278.568  0.176664 0.89388
281.354  0.175346 0.909742
284.167  0.174036 0.925884
287.009  0.172735 0.942312
289.879  0.171442 0.959029
292.778  0.170158 0.976041
295.705  0.168883 0.993351
298.662  0.167615 1.01097
301.649  0.166357 1.02889
304.666  0.165106 1.04712
307.712  0.163865 1.06568
310.789  0.162631 1.08457
313.897  0.161406 1.10378
317.036  0.160189 1.12334
320.207  0.158981 1.14324
323.409  0.157781 1.1635
326.643  0.156589 1.18411
329.909  0.155406 1.20509
333.208  0.154231 1.22644
336.54  0.153064 1.24817
339.906  0.151905 1.27029
343.305  0.150754 1.29281
346.738  0.149612 1.31572
350.205  0.148477 1.33904
353.707  0.147351 1.36278
357.244  0.146232 1.38694
360.817  0.145121 1.41153
364.425  0.144016 1.43656
368.069  0.142916 1.46203
371.75  0.141824 1.48795
375.467  0.14074 1.51434
379.222  0.139664 1.54119
383.014  0.138596 1.56852
386.844  0.137536 1.59633
390.713  0.136483 1.62464
394.62  0.135439 1.65346
398.566  0.134402 1.68279
402.552  0.133373 1.71264
406.577  0.132351 1.74302
410.643  0.131337 1.77394
414.75  0.130331 1.80542
418.897  0.129333 1.83745
423.086  0.128341 1.87006
427.317  0.127358 1.90325
431.59  0.126381 1.93703
435.906  0.125412 1.97141
440.265  0.124451 2.00641
444.668  0.123496 2.04203
449.114  0.122549 2.07829
453.605  0.121609 2.11519
458.142  0.120676 2.15275
462.723  0.11975 2.19098
467.35  0.118832 2.22989
472.024  0.11792 2.2695
476.744  0.117015 2.30981
481.511  0.116117 2.35084
486.326  0.115226 2.3926
491.19  0.114342 2.43511
496.102  0.113465 2.47837
501.063  0.112594 2.52241
506.073  0.11173 2.56723
511.134  0.110873 2.61285
516.245  0.110023 2.65928
521.408  0.109176 2.70655
526.622  0.108336 2.75465
531.888  0.107503 2.80362
537.207  0.106628 2.85345
542.579  0.105808 2.90418
548.005  0.104995 2.95581
553.485  0.104188 3.00837
559.02  0.103387 3.06186
564.61  0.102592 3.1163
570.256  0.101804 3.17172
575.959  0.101021 3.22813
581.718  0.100245 3.28554
587.535  0.0994748 3.34398
593.411  0.0987107 3.40345
599.345  0.0979526 3.46399
605.338  0.0972004 3.52561
611.392  0.0964542 3.58833
617.506  0.0957138 3.65217
623.681  0.0949793 3.71714
629.917  0.0942506 3.78327
636.217  0.0935277 3.85059
642.579  0.0928105 3.9191
649.005  0.092099 3.98883
655.495  0.0913932 4.0598
662.05  0.0906931 4.13204
668.67  0.0899985 4.20556
675.357  0.0893095 4.28039
682.11  0.088626 4.35656
688.931  0.087948 4.43408
695.821  0.0872755 4.51298
702.779  0.0866083 4.59328
709.807  0.0859466 4.67502
716.905  0.0852902 4.7582
724.074  0.0846391 4.84287
731.315  0.0839933 4.92904
738.628  0.0833527 5.01675
746.014  0.0827173 5.10601
753.474  0.0820871 5.19686
761.009  0.0814613 5.28933
768.619  0.0808403 5.38344
776.305  0.0802243 5.47922
784.068  0.0796134 5.5767
791.909  0.0790073 5.67591
799.828  0.0784062 5.77689
807.826  0.07781 5.87966
815.905  0.0772187 5.98426
824.064  0.0766321 6.09071
832.304  0.0760503 6.19905
840.627  0.0754732 6.30931
849.034  0.0749009 6.42153
857.524  0.0743332 6.53574
866.099  0.0737701 6.65198
874.76  0.0732116 6.77027
883.508  0.0726577 6.89066
892.343  0.0721083 7.01319
901.266  0.0715634 7.13788
910.279  0.071023 7.26479
919.382  0.0704869 7.39394
928.575  0.0699553 7.52537
937.861  0.069428 7.65913
947.24  0.068905 7.79526
956.712  0.0683863 7.93379
966.279  0.0678719 8.07478
975.942  0.0673617 8.21825
985.702  0.0668557 8.36426
995.559  0.0663538 8.51285
