0.001  0.0283234 0.000141938
0.00101  0.028384 0.000142646
0.0010201  0.0284448 0.000143358
0.0010303  0.0285059 0.000144073
0.0010406  0.0285672 0.000144791
0.00105101  0.0286288 0.000145513
0.00106152  0.0286906 0.000146239
0.00107214  0.0287527 0.000146969
0.00108286  0.028815 0.000147702
0.00109369  0.0288777 0.000148438
0.00110462  0.0289405 0.000149179
0.00111567  0.0290037 0.000149923
0.00112683  0.029067 0.00015067
0.00113809  0.0291307 0.000151422
0.00114947  0.0291942 0.000152177
0.00116097  0.0292567 0.000152936
0.00117258  0.0293194 0.000153699
0.0011843  0.0293824 0.000154465
0.00119615  0.0294456 0.000155236
0.00120811  0.0295091 0.00015601
0.00122019  0.0295729 0.000156788
0.00123239  0.0296369 0.00015757
0.00124472  0.0297011 0.000158356
0.00125716  0.0297656 0.000159146
0.00126973  0.0298303 0.000159939
0.00128243  0.0298953 0.000160737
0.00129526  0.0299606 0.000161539
0.00130821  0.0300261 0.000162344
0.00132129  0.0300918 0.000163154
0.0013345  0.0301578 0.000163968
0.00134785  0.0302241 0.000164786
0.00136133  0.0302906 0.000165608
0.00137494  0.0303574 0.000166434
0.00138869  0.0304244 0.000167264
0.00140258  0.0304917 0.000168098
0.0014166  0.0305593 0.000168936
0.00143077  0.0306271 0.000169779
0.00144508  0.0306948 0.000170626
0.00145953  0.0307628 0.000171477
0.00147412  0.030831 0.000172332
0.00148886  0.0308994 0.000173191
0.00150375  0.0309681 0.000174055
0.00151879  0.0310371 0.000174923
0.00153398  0.0311063 0.000175796
0.00154932  0.0311758 0.000176672
0.00156481  0.0312455 0.000177554
0.00158046  0.0313155 0.000178439
0.00159626  0.0313858 0.000179329
0.00161223  0.0314563 0.000180223
0.00162835  0.0315271 0.000181122
0.00164463  0.0315981 0.000182026
0.00166108  0.0316694 0.000182934
0.00167769  0.031741 0.000183846
0.00169447  0.0318128 0.000184763
0.00171141  0.0318849 0.000185684
0.00172852  0.0319574 0.00018661
0.00174581  0.0320304 0.000187541
0.00176327  0.0321036 0.000188477
0.0017809  0.0321771 0.000189417
0.00179871  0.0322508 0.000190361
0.0018167  0.0323249 0.000191311
0.00183486  0.0323992 0.000192265
0.00185321  0.0324737 0.000193224
0.00187174  0.0325485 0.000194187
0.00189046  0.0326236 0.000195156
0.00190937  0.032699 0.000196129
0.00192846  0.0327746 0.000197108
0.00194774  0.0328505 0.000198091
0.00196722  0.0329267 0.000199079
0.00198689  0.0330032 0.000200072
0.00200676  0.0330799 0.000201069
0.00202683  0.0331569 0.000202072
0.0020471  0.0332341 0.00020308
0.00206757  0.0333116 0.000204093
0.00208825  0.0333894 0.000205111
0.00210913  0.0334675 0.000206134
0.00213022  0.0335459 0.000207162
0.00215152  0.0336245 0.000208195
0.00217304  0.0337034 0.000209233
0.00219477  0.0337825 0.000210277
0.00221672  0.0338619 0.000211326
0.00223888  0.0339416 0.00021238
0.00226127  0.0340216 0.000213439
0.00228388  0.0341019 0.000214503
0.00230672  0.0341837 0.000215573
0.00232979  0.0342666 0.000216648
0.00235309  0.0343498 0.000217729
0.00237662  0.0344334 0.000218815
0.00240038  0.0345172 0.000219906
0.00242439  0.0346013 0.000221003
0.00244863  0.0346857 0.000222106
0.00247312  0.0347704 0.000223214
0.00249785  0.0348555 0.000224327
0.00252283  0.0349408 0.000225446
0.00254806  0.0350264 0.000226571
0.00257354  0.0351123 0.000227701
0.00259927  0.0351985 0.000228837
0.00262527  0.0352849 0.000229978
0.00265152  0.0353717 0.000231125
0.00267803  0.0354588 0.000232277
0.00270481  0.0355462 0.000233435
0.00273186  0.0356339 0.000234599
0.00275918  0.0357218 0.000235768
0.00278677  0.0358101 0.000236944
0.00281464  0.0358987 0.000238125
0.00284279  0.0359876 0.000239312
0.00287121  0.0360775 0.000240505
0.00289993  0.0361715 0.000241704
0.00292893  0.0362659 0.000242909
0.00295822  0.0363606 0.000244121
0.0029878  0.0364556 0.000245339
0.00301768  0.036538 0.000246478
0.00304785  0.0366823 0.000246772
0.00307833  0.0368578 0.000247072
0.00310911  0.037035 0.000247378
0.0031402  0.037214 0.000247689
0.00317161  0.0373949 0.000248005
0.00320332  0.0375776 0.000248326
0.00323536  0.0377621 0.000248652
0.00326771  0.0379487 0.000248983
0.00330039  0.0381371 0.000249319
0.00333339  0.0383276 0.00024966
0.00336672  0.0385201 0.000250006
0.00340039  0.0387147 0.000250356
0.0034344  0.0389114 0.000250711
0.00346874  0.0391102 0.000251069
0.00350343  0.0393111 0.000251433
0.00353846  0.0395143 0.0002518
0.00357385  0.0397196 0.000252171
0.00360958  0.0399273 0.000252545
0.00364568  0.0401372 0.000252924
0.00368214  0.0403495 0.000253305
0.00371896  0.0405641 0.00025369
0.00375615  0.0407812 0.000254078
0.00379371  0.0410006 0.000254469
0.00383165  0.0412225 0.000254862
0.00386996  0.0414469 0.000255259
0.00390866  0.0416739 0.000255658
0.00394775  0.0419033 0.00025606
0.00398723  0.0421354 0.000256464
0.0040271  0.0423701 0.000256871
0.00406737  0.0426074 0.00025728
0.00410804  0.0428474 0.000257692
0.00414912  0.0430901 0.000258106
0.00419062  0.0433355 0.000258523
0.00423252  0.0435837 0.000258942
0.00427485  0.0438346 0.000259363
0.0043176  0.0440918 0.000259786
0.00436077  0.0443564 0.000260212
0.00440438  0.044624 0.00026064
0.00444842  0.0448946 0.00026107
0.00449291  0.045166 0.000261503
0.00453784  0.0454129 0.000261938
0.00458321  0.0456623 0.000262375
0.00462905  0.0459142 0.000262814
0.00467534  0.0461687 0.000263256
0.00472209  0.0464258 0.0002637
0.00476931  0.0466854 0.000264147
0.004817  0.0469477 0.000264596
0.00486517  0.0472126 0.000265048
0.00491383  0.0474801 0.000265501
0.00496296  0.0477502 0.000265958
0.00501259  0.048023 0.000266416
0.00506272  0.0482983 0.000266877
0.00511335  0.0485763 0.00026734
0.00516448  0.048857 0.000267806
0.00521613  0.0491402 0.000268274
0.00526829  0.0494261 0.000268744
0.00532097  0.0497145 0.000269217
0.00537418  0.0500056 0.000269692
0.00542792  0.0502992 0.000270169
0.0054822  0.0505954 0.000270648
0.00553702  0.0508941 0.00027113
0.00559239  0.0511954 0.000271614
0.00564832  0.0514992 0.0002721
0.0057048  0.0518054 0.000272589
0.00576185  0.0521194 0.00027308
0.00581947  0.0524411 0.000273573
0.00587766  0.0527652 0.000274068
0.00593644  0.0530918 0.000274566
0.0059958  0.0534199 0.000275066
0.00605576  0.0537457 0.000275568
0.00611632  0.0540738 0.000276073
0.00617748  0.0544042 0.00027658
0.00623926  0.0547369 0.000277089
0.00630165  0.0550719 0.000277601
0.00636466  0.0554092 0.000278115
0.00642831  0.0557488 0.000278632
0.00649259  0.0560908 0.000279151
0.00655752  0.0564352 0.000279673
0.0066231  0.0567819 0.000280198
0.00668933  0.0571311 0.000280725
0.00675622  0.0574826 0.000281255
0.00682378  0.0578366 0.000281788
0.00689202  0.0581931 0.000282323
0.00696094  0.058552 0.000282862
0.00703055  0.0589134 0.000283403
0.00710085  0.0592773 0.000283947
0.00717186  0.0596437 0.000284493
0.00724358  0.0600128 0.000285043
0.00731602  0.0603844 0.000285595
0.00738918  0.0607586 0.000286151
0.00746307  0.0611354 0.000286709
0.0075377  0.0615146 0.00028727
0.00761308  0.0618963 0.000287835
0.00768921  0.0622806 0.000288402
0.0077661  0.0626677 0.000288972
0.00784376  0.0630575 0.000289545
0.0079222  0.0634501 0.000290122
0.00800142  0.0638453 0.000290701
0.00808144  0.0642433 0.000291284
0.00816225  0.0646441 0.00029187
0.00824387  0.0650477 0.000292459
0.00832631  0.065454 0.000293051
0.00840957  0.0658632 0.000293646
0.00849367  0.0662752 0.000294245
0.00857861  0.06669 0.000294848
0.00866439  0.0671174 0.000295453
0.00875104  0.0675507 0.000296062
0.00883855  0.0679871 0.000296675
0.00892693  0.0684265 0.000297291
0.0090162  0.068869 0.000297911
0.00910636  0.0693147 0.000298534
0.00919743  0.0697634 0.00029916
0.0092894  0.0702153 0.000299791
0.0093823  0.0706702 0.000300424
0.00947612  0.0711282 0.000301062
0.00957088  0.0715894 0.000301703
0.00966659  0.0720537 0.000302348
0.00976325  0.0725211 0.000302997
0.00986089  0.0729916 0.00030365
0.0099595  0.0734652 0.000304307
0.0100591  0.073942 0.000304967
0.0101597  0.0744219 0.000305631
0.0102613  0.074905 0.0003063
0.0103639  0.0753913 0.000306972
0.0104675  0.0758807 0.000307648
0.0105722  0.0763732 0.000308329
0.0106779  0.076869 0.000309013
0.0107847  0.0773679 0.000309702
0.0108926  0.0778701 0.000310395
0.0110015  0.0783754 0.000311092
0.0111115  0.0788839 0.000311793
0.0112226  0.0793957 0.000312499
0.0113348  0.0799107 0.000313209
0.0114482  0.0804289 0.000313923
0.0115627  0.0809591 0.000314642
0.0116783  0.0814941 0.000315365
0.0117951  0.0820325 0.000316093
0.011913  0.0825743 0.000316826
0.0120322  0.0831192 0.000317563
0.0121525  0.0836671 0.000318304
0.012274  0.0842185 0.000319051
0.0123967  0.0847733 0.000319802
0.0125207  0.0853314 0.000320557
0.0126459  0.085893 0.000321318
0.0127724  0.086458 0.000322083
0.0129001  0.0870265 0.000322854
0.0130291  0.0875984 0.000323629
0.0131594  0.0881737 0.000324409
0.013291  0.0887524 0.000325194
0.0134239  0.0893346 0.000325984
0.0135581  0.0899203 0.000326779
0.0136937  0.0905094 0.00032758
0.0138307  0.091102 0.000328386
0.013969  0.0916981 0.000329196
0.0141086  0.0922977 0.000330012
0.0142497  0.0929007 0.000330834
0.0143922  0.0935108 0.00033166
0.0145362  0.0941292 0.000332493
0.0146815  0.0947512 0.00033333
0.0148283  0.0953768 0.000334173
0.0149766  0.0960061 0.000335021
0.0151264  0.0966393 0.000335875
0.0152776  0.0972761 0.000336735
0.0154304  0.0979167 0.0003376
0.0155847  0.098561 0.000338471
0.0157406  0.099209 0.000339347
0.015898  0.0998607 0.000340229
0.016057  0.100516 0.000341117
0.0162175  0.101175 0.000342011
0.0163797  0.101838 0.000342911
0.0165435  0.102505 0.000343816
0.0167089  0.103176 0.000344728
0.016876  0.10385 0.000345645
0.0170448  0.104528 0.000346569
0.0172152  0.105211 0.000347498
0.0173874  0.105906 0.000348434
0.0175613  0.106606 0.000349376
0.0177369  0.107309 0.000350324
0.0179142  0.108016 0.000351278
0.0180934  0.108727 0.000352238
0.0182743  0.109443 0.000353205
0.0184571  0.110162 0.000354178
0.0186416  0.110886 0.000355157
0.018828  0.111614 0.000356143
0.0190163  0.112345 0.000357135
0.0192065  0.113081 0.000358134
0.0193986  0.113821 0.000359139
0.0195925  0.114564 0.000360151
0.0197885  0.115312 0.00036117
0.0199864  0.116064 0.000362195
0.0201862  0.116819 0.000363226
0.0203881  0.117579 0.000364265
0.020592  0.118342 0.00036531
0.0207979  0.119109 0.000366362
0.0210059  0.119881 0.000367421
0.0212159  0.120656 0.000368487
0.0214281  0.121435 0.00036956
0.0216424  0.122217 0.000370639
0.0218588  0.123004 0.000371726
0.0220774  0.123795 0.00037282
0.0222981  0.12459 0.000373921
0.0225211  0.12539 0.000375029
0.0227463  0.126193 0.000376144
0.0229738  0.127003 0.000377266
0.0232035  0.127826 0.000378396
0.0234356  0.128653 0.000379533
0.0236699  0.129485 0.000380677
0.0239066  0.130322 0.000381829
0.0241457  0.131164 0.000382988
0.0243871  0.132011 0.000384155
0.024631  0.132863 0.000385329
0.0248773  0.13372 0.00038651
0.0251261  0.134583 0.000387699
0.0253774  0.135451 0.000388896
0.0256311  0.136324 0.0003901
0.0258874  0.137203 0.000391311
0.0261463  0.138088 0.00039253
0.0264078  0.138978 0.000393756
0.0266719  0.139874 0.00039499
0.0269386  0.140777 0.000396232
0.027208  0.141685 0.000397481
0.02748  0.142599 0.000398737
0.0277548  0.143517 0.000400002
0.0280324  0.144438 0.000401274
0.0283127  0.145362 0.000402555
0.0285958  0.146287 0.000403843
0.0288818  0.147221 0.000405139
0.0291706  0.148156 0.000406444
0.0294623  0.149089 0.000407757
0.029757  0.150018 0.000409078
0.0300545  0.150942 0.000410408
0.0303551  0.151861 0.000411746
0.0306586  0.152773 0.000413094
0.0309652  0.153679 0.00041445
0.0312749  0.15458 0.000415816
0.0315876  0.155476 0.00041719
0.0319035  0.156367 0.000418574
0.0322225  0.157253 0.000419968
0.0325447  0.158135 0.000421372
0.0328702  0.159013 0.000422785
0.0331989  0.159887 0.000424209
0.0335309  0.160759 0.000425642
0.0338662  0.161628 0.000427087
0.0342049  0.162495 0.000428542
0.0345469  0.163361 0.000430008
0.0348924  0.164226 0.000431484
0.0352413  0.165092 0.000432972
0.0355937  0.165958 0.00043447
0.0359496  0.166827 0.000435979
0.0363091  0.167697 0.000437499
0.0366722  0.168572 0.00043903
0.037039  0.169451 0.000440572
0.0374093  0.170336 0.000442125
0.0377834  0.171223 0.000443689
0.0381613  0.172117 0.000445264
0.0385429  0.173017 0.000446851
0.0389283  0.173923 0.000448448
0.0393176  0.174836 0.000450057
0.0397108  0.175754 0.000451677
0.0401079  0.176677 0.000453309
0.040509  0.177606 0.000454951
0.040914  0.17854 0.000456605
0.0413232  0.179479 0.00045827
0.0417364  0.180421 0.000459946
0.0421538  0.181368 0.000461634
0.0425753  0.182318 0.000463333
0.0430011  0.183271 0.000465043
0.0434311  0.184244 0.000466764
0.0438654  0.185219 0.000468497
0.044304  0.186196 0.000470242
0.0447471  0.187174 0.000471998
0.0451946  0.188153 0.000473765
0.0456465  0.189133 0.000475545
0.046103  0.190113 0.000477336
0.046564  0.191093 0.000479139
0.0470296  0.192074 0.000480954
0.0474999  0.193056 0.000482781
0.0479749  0.194038 0.00048462
0.0484547  0.195022 0.000486471
0.0489392  0.196006 0.000488334
0.0494286  0.196991 0.00049021
0.0499229  0.197978 0.000492098
0.0504221  0.198965 0.000493998
0.0509264  0.199954 0.00049591
0.0514356  0.200945 0.000497836
0.05195  0.201938 0.000499773
0.0524695  0.202932 0.000501724
0.0529942  0.203928 0.000503687
0.0535241  0.204927 0.000505662
0.0540594  0.205927 0.000507651
0.0546  0.20693 0.000509652
0.055146  0.207934 0.000511667
0.0556974  0.208939 0.000513694
0.0562544  0.209946 0.000515735
0.0568169  0.210955 0.000517788
0.0573851  0.211965 0.000519854
0.0579589  0.212977 0.000521934
0.0585385  0.213989 0.000524027
0.0591239  0.215003 0.000526133
0.0597152  0.216017 0.000528252
0.0603123  0.217033 0.000530385
0.0609154  0.218049 0.000532531
0.0615246  0.219066 0.000534691
0.0621398  0.220083 0.000536864
0.0627612  0.221102 0.000539051
0.0633888  0.22212 0.000541251
0.0640227  0.22314 0.000543466
0.064663  0.22416 0.000545693
0.0653096  0.22518 0.000547935
0.0659627  0.2262 0.000550191
0.0666223  0.227221 0.00055246
0.0672885  0.228243 0.000554744
0.0679614  0.229264 0.000557041
0.068641  0.230286 0.000559353
0.0693275  0.231308 0.000561679
0.0700207  0.232329 0.00056402
0.0707209  0.233351 0.000566374
0.0714281  0.234371 0.000568743
0.0721424  0.235392 0.000571127
0.0728638  0.236411 0.000573525
0.0735925  0.23743 0.000575937
0.0743284  0.238447 0.000578364
0.0750717  0.239463 0.000580806
0.0758224  0.240478 0.000583263
0.0765806  0.241492 0.000585735
0.0773464  0.242504 0.000588221
0.0781199  0.243515 0.000590723
0.0789011  0.244524 0.000593239
0.0796901  0.245532 0.000595771
0.080487  0.246539 0.000598318
0.0812919  0.247545 0.00060088
0.0821048  0.24855 0.000603457
0.0829259  0.249554 0.00060605
0.0837551  0.250557 0.000608658
0.0845927  0.251558 0.000611282
0.0854386  0.252557 0.000613921
0.086293  0.25356 0.000616577
0.0871559  0.254569 0.000619248
0.0880275  0.255576 0.000621935
0.0889077  0.256579 0.000624637
0.0897968  0.257579 0.000627356
0.0906948  0.258576 0.000630091
0.0916017  0.259569 0.000632842
0.0925178  0.260558 0.00063561
0.0934429  0.261542 0.000638394
0.0943774  0.262523 0.000641194
0.0953211  0.263499 0.000644011
0.0962743  0.264471 0.000646844
0.0972371  0.265439 0.000649695
0.0982095  0.266402 0.000652562
0.0991916  0.267362 0.000655447
0.100183  0.268316 0.000658348
0.101185  0.269267 0.000661266
0.102197  0.270213 0.000664202
0.103219  0.271154 0.000667155
0.104251  0.272091 0.000670126
0.105294  0.273023 0.000673115
0.106347  0.273949 0.000676121
0.10741  0.27487 0.000679145
0.108484  0.275787 0.000682187
0.109569  0.276698 0.000685247
0.110665  0.277605 0.000688326
0.111772  0.278506 0.000691423
0.112889  0.279401 0.000694538
0.114018  0.28029 0.000697672
0.115158  0.281176 0.000700825
0.11631  0.282059 0.000703996
0.117473  0.282936 0.000707187
0.118648  0.283806 0.000710396
0.119834  0.284669 0.000713625
0.121033  0.285526 0.000716873
0.122243  0.286375 0.000720141
0.123465  0.287217 0.000723429
0.1247  0.288052 0.000726737
0.125947  0.288879 0.000730064
0.127206  0.289698 0.000733412
0.128478  0.290508 0.00073678
0.129763  0.291311 0.000740169
0.131061  0.292105 0.000743579
0.132372  0.29289 0.000747009
0.133695  0.293666 0.000750461
0.135032  0.294433 0.000753934
0.136383  0.295191 0.000757428
0.137746  0.29594 0.000760945
0.139124  0.296679 0.000764483
0.140515  0.297408 0.000768044
0.14192  0.298127 0.000771627
0.143339  0.298836 0.000775233
0.144773  0.299538 0.000778862
0.146221  0.30023 0.000782513
0.147683  0.300911 0.000786189
0.14916  0.30158 0.000789888
0.150651  0.302239 0.000793611
0.152158  0.302886 0.000797358
0.153679  0.303522 0.00080113
0.155216  0.304147 0.000804927
0.156768  0.304761 0.000808749
0.158336  0.305363 0.000812596
0.159919  0.305955 0.000816469
0.161518  0.306536 0.000820368
0.163134  0.307107 0.000824293
0.164765  0.307667 0.000828244
0.166413  0.308217 0.000832223
0.168077  0.308756 0.000836229
0.169757  0.309285 0.000840262
0.171455  0.309803 0.000844324
0.17317  0.310312 0.000848414
0.174901  0.310811 0.000852532
0.17665  0.311298 0.00085668
0.178417  0.311772 0.000860857
0.180201  0.312234 0.000865064
0.182003  0.312684 0.0008693
0.183823  0.31312 0.000873568
0.185661  0.313544 0.000877867
0.187518  0.313955 0.000882197
0.189393  0.314352 0.000886559
0.191287  0.314737 0.000890954
0.1932  0.315108 0.000895381
0.195132  0.315466 0.000899842
0.197083  0.315811 0.000904337
0.199054  0.316143 0.000908866
0.201045  0.316462 0.00091343
0.203055  0.316767 0.00091803
0.205086  0.317058 0.000922665
0.207136  0.317336 0.000927337
0.209208  0.317601 0.000932046
0.2113  0.317852 0.000936792
0.213413  0.31809 0.000941577
0.215547  0.318316 0.000946401
0.217702  0.318528 0.000951265
0.219879  0.318729 0.000956168
0.222078  0.318919 0.000961112
0.224299  0.319097 0.000966098
0.226542  0.319265 0.000971125
0.228807  0.319422 0.000976195
0.231095  0.319571 0.000981309
0.233406  0.319708 0.000986466
0.235741  0.319833 0.000991669
0.238098  0.319944 0.000996916
0.240479  0.320042 0.00100221
0.242884  0.320125 0.00100755
0.245313  0.320194 0.00101294
0.247766  0.32025 0.00101838
0.250243  0.320294 0.00102387
0.252746  0.320326 0.0010294
0.255273  0.320346 0.00103499
0.257826  0.320356 0.00104063
0.260404  0.320356 0.00104632
0.263008  0.320346 0.00105207
0.265638  0.320326 0.00105787
0.268295  0.320298 0.00106373
0.270978  0.320261 0.00106964
0.273687  0.320216 0.00107561
0.276424  0.320161 0.00108164
0.279189  0.320096 0.00108773
0.28198  0.320019 0.00109387
0.2848  0.319931 0.00110008
0.287648  0.319831 0.00110635
0.290525  0.319722 0.00111269
0.29343  0.319602 0.00111909
0.296364  0.319472 0.00112555
0.299328  0.319334 0.00113208
0.302321  0.319187 0.00113868
0.305344  0.319033 0.00114534
0.308398  0.318872 0.00115208
0.311482  0.318702 0.00115888
0.314597  0.318525 0.00116576
0.317743  0.31834 0.00117272
0.32092  0.318148 0.00117974
0.324129  0.317948 0.00118684
0.32737  0.317741 0.00119402
0.330644  0.317526 0.00120128
0.333951  0.317303 0.00120862
0.33729  0.317074 0.00121604
0.340663  0.316837 0.00122354
0.34407  0.316593 0.00123112
0.34751  0.316343 0.00123879
0.350985  0.316086 0.00124655
0.354495  0.315822 0.0012544
0.35804  0.315552 0.00126233
0.361621  0.315277 0.00127035
0.365237  0.314995 0.00127847
0.368889  0.314708 0.00128668
0.372578  0.314417 0.00129499
0.376304  0.314121 0.00130339
0.380067  0.313821 0.00131189
0.383868  0.313517 0.00132049
0.387706  0.313208 0.00132919
0.391583  0.312895 0.001338
0.395499  0.312577 0.00134691
0.399454  0.312255 0.00135593
0.403449  0.311928 0.00136506
0.407483  0.311596 0.00137429
0.411558  0.311261 0.00138364
0.415674  0.310921 0.0013931
0.41983  0.310576 0.00140268
0.424029  0.310228 0.00141237
0.428269  0.309875 0.00142219
0.432552  0.30952 0.00143212
0.436877  0.309162 0.00144218
0.441246  0.3088 0.00145237
0.445658  0.308434 0.00146268
0.450115  0.308064 0.00147312
0.454616  0.307689 0.00148369
0.459162  0.30731 0.00149439
0.463754  0.306927 0.00150524
0.468391  0.306541 0.00151622
0.473075  0.306151 0.00152734
0.477806  0.305757 0.0015386
0.482584  0.305361 0.00155
0.48741  0.30496 0.00156156
0.492284  0.304557 0.00157326
0.497207  0.304151 0.00158512
0.502179  0.303741 0.00159713
0.507201  0.303329 0.0016093
0.512273  0.302914 0.00162162
0.517396  0.302496 0.00163411
0.52257  0.302076 0.00164676
0.527795  0.301653 0.00165958
0.533073  0.301227 0.00167257
0.538404  0.300799 0.00168573
0.543788  0.300369 0.00169907
0.549226  0.299936 0.00171258
0.554718  0.2995 0.00172627
0.560265  0.299061 0.00174015
0.565868  0.29862 0.00175422
0.571527  0.298175 0.00176847
0.577242  0.297729 0.00178292
0.583014  0.29728 0.00179756
0.588844  0.296828 0.0018124
0.594733  0.296372 0.00182745
0.60068  0.295912 0.00184269
0.606687  0.295448 0.00185815
0.612754  0.29498 0.00187382
0.618881  0.294508 0.0018897
0.62507  0.294032 0.00190581
0.631321  0.293552 0.00192213
0.637634  0.293067 0.00193868
0.644011  0.292579 0.00195546
0.650451  0.292087 0.00197248
0.656955  0.29159 0.00198973
0.663525  0.291089 0.00200722
0.67016  0.290584 0.00202496
0.676862  0.290075 0.00204294
0.68363  0.289561 0.00206118
0.690466  0.289043 0.00207968
0.697371  0.288521 0.00209843
0.704345  0.287995 0.00211746
0.711388  0.287464 0.00213675
0.718502  0.28693 0.00215632
0.725687  0.286392 0.00217616
0.732944  0.28585 0.00219629
0.740273  0.285305 0.0022167
0.747676  0.284756 0.00223741
0.755153  0.284203 0.00225841
0.762705  0.283646 0.00227972
0.770332  0.283085 0.00230133
0.778035  0.28252 0.00232325
0.785815  0.281949 0.00234549
0.793673  0.281374 0.00236805
0.80161  0.280792 0.00239094
0.809626  0.280204 0.00241416
0.817722  0.279609 0.00243772
0.8259  0.279007 0.00246162
0.834159  0.278397 0.00248587
0.8425  0.27778 0.00251048
0.850925  0.277155 0.00253545
0.859435  0.276524 0.00256078
0.868029  0.275888 0.00258649
0.876709  0.275247 0.00261257
0.885476  0.2746 0.00263904
0.894331  0.273948 0.00266591
0.903274  0.273291 0.00269317
0.912307  0.272629 0.00272083
0.92143  0.271962 0.00274891
0.930644  0.271291 0.0027774
0.939951  0.270615 0.00280632
0.94935  0.269935 0.00283568
0.958844  0.269249 0.00286547
0.968432  0.268559 0.0028957
0.978117  0.267863 0.00292639
0.987898  0.267162 0.00295754
0.997777  0.266456 0.00298916
1.00775  0.265744 0.00302126
1.01783  0.265025 0.00305383
1.02801  0.264301 0.0030869
1.03829  0.26357 0.00312047
1.04867  0.262832 0.00315455
1.05916  0.26209 0.00318914
1.06975  0.261341 0.00322426
1.08045  0.260585 0.00325991
1.09125  0.259823 0.0032961
1.10217  0.259054 0.00333284
1.11319  0.258278 0.00337015
1.12432  0.257497 0.00340802
1.13556  0.256709 0.00344646
1.14692  0.255916 0.0034855
1.15839  0.255118 0.00352513
1.16997  0.254314 0.00356537
1.18167  0.253505 0.00360623
1.19349  0.252691 0.00364772
1.20542  0.251871 0.00368984
1.21748  0.251046 0.00373261
1.22965  0.250215 0.00377604
1.24195  0.24938 0.00382014
1.25437  0.248539 0.00386492
1.26691  0.247693 0.00391039
1.27958  0.246842 0.00395657
1.29238  0.245985 0.00400346
1.3053  0.245123 0.00405108
1.31835  0.244255 0.00409945
1.33154  0.24338 0.00414856
1.34485  0.2425 0.00419843
1.3583  0.241613 0.00424909
1.37188  0.24072 0.00430053
1.3856  0.239822 0.00435277
1.39946  0.23892 0.00440583
1.41345  0.238014 0.00445971
1.42759  0.237106 0.00451444
1.44186  0.236198 0.00457001
1.45628  0.235289 0.00462645
1.47085  0.234381 0.00468377
1.48555  0.233475 0.00474198
1.50041  0.232572 0.0048011
1.51541  0.231673 0.00486113
1.53057  0.230778 0.0049221
1.54587  0.229885 0.00498401
1.56133  0.228995 0.00504688
1.57695  0.228107 0.00511073
1.59271  0.227221 0.00517556
1.60864  0.226335 0.0052414
1.62473  0.225449 0.00530825
1.64098  0.224562 0.00537613
1.65739  0.223674 0.00544506
1.67396  0.222783 0.00551505
1.6907  0.22189 0.00558611
1.70761  0.220995 0.00565826
1.72468  0.220099 0.00573151
1.74193  0.2192 0.0058059
1.75935  0.2183 0.00588143
1.77694  0.217397 0.00595812
1.79471  0.216491 0.00603599
1.81266  0.215584 0.00611507
1.83078  0.214672 0.00619537
1.84909  0.213758 0.00627691
1.86758  0.212839 0.00635971
1.88626  0.211914 0.0064438
1.90512  0.210984 0.00652919
1.92417  0.210047 0.00661591
1.94341  0.209103 0.00670398
1.96285  0.20815 0.00679343
1.98248  0.207189 0.00688427
2.0023  0.20622 0.00697654
2.02232  0.205244 0.00707025
2.04255  0.204263 0.00716545
2.06297  0.203276 0.00726214
2.0836  0.202284 0.00736036
2.10444  0.201289 0.00746013
2.12548  0.20029 0.00756149
2.14674  0.199287 0.00766446
2.16821  0.198279 0.00776908
2.18989  0.197265 0.00787536
2.21179  0.196245 0.00798335
2.2339  0.195217 0.00809308
2.25624  0.194182 0.00820457
2.27881  0.193137 0.00831787
2.30159  0.192084 0.008433
2.32461  0.191023 0.00855001
2.34786  0.189954 0.00866891
2.37134  0.188876 0.00878977
2.39505  0.18779 0.0089126
2.419  0.186697 0.00903744
2.44319  0.185599 0.00916433
2.46762  0.184501 0.00929331
2.4923  0.183408 0.0094244
2.51722  0.182323 0.00955764
2.54239  0.181253 0.00969306
2.56782  0.180201 0.00983071
2.59349  0.179165 0.00997062
2.61943  0.178142 0.0101128
2.64562  0.177128 0.0102574
2.67208  0.176119 0.0104043
2.6988  0.17511 0.0105536
2.72579  0.1741 0.0107054
2.75305  0.173088 0.0108596
2.78058  0.172078 0.0110164
2.80838  0.17107 0.0111758
2.83647  0.170068 0.0113377
2.86483  0.169072 0.0115023
2.89348  0.168085 0.0116696
2.92241  0.167103 0.0118396
2.95164  0.166127 0.0120124
2.98115  0.165155 0.012188
3.01097  0.164185 0.0123664
3.04108  0.163217 0.0125478
3.07149  0.162251 0.0127321
3.1022  0.161287 0.0129194
3.13322  0.160326 0.0131097
3.16456  0.159368 0.0133032
3.1962  0.158413 0.0134998
3.22816  0.15746 0.0136996
3.26045  0.156511 0.0139027
3.29305  0.155564 0.0141092
3.32598  0.154621 0.014319
3.35924  0.153682 0.0145323
3.39283  0.152745 0.0147491
3.42676  0.151812 0.0149695
3.46103  0.150883 0.0151935
3.49564  0.149957 0.0154212
3.53059  0.149035 0.0156526
3.5659  0.148117 0.0158879
3.60156  0.147202 0.016127
3.63758  0.146291 0.0163701
3.67395  0.145383 0.0166172
3.71069  0.144479 0.0168684
3.7478  0.143581 0.0171237
3.78528  0.142693 0.0173833
3.82313  0.141808 0.0176471
3.86136  0.140931 0.017915
3.89997  0.140054 0.0181877
3.93897  0.139181 0.0184648
3.97836  0.138312 0.0187466
4.01815  0.137446 0.019033
4.05833  0.136585 0.0193242
4.09891  0.135728 0.0196202
4.1399  0.134875 0.019921
4.1813  0.134025 0.0202269
4.22311  0.133179 0.0205378
4.26534  0.132337 0.0208539
4.308  0.131499 0.0211752
4.35108  0.130665 0.0215018
4.39459  0.129834 0.0218339
4.43853  0.129006 0.0221716
4.48292  0.128182 0.0225148
4.52775  0.127359 0.0228639
4.57303  0.126538 0.0232188
4.61876  0.12572 0.0235796
4.66494  0.124906 0.0239466
4.71159  0.124095 0.0243198
4.75871  0.123287 0.0246992
4.8063  0.122483 0.0250851
4.85436  0.121683 0.0254776
4.9029  0.120886 0.0258766
4.95193  0.120093 0.0262824
5.00145  0.119304 0.026695
5.05146  0.118519 0.0271145
5.10198  0.117739 0.0275411
5.153  0.116962 0.0279748
5.20453  0.116189 0.0284157
5.25657  0.115421 0.0288639
5.30914  0.114657 0.0293196
5.36223  0.113898 0.0297828
5.41585  0.113142 0.0302537
5.47001  0.112391 0.0307325
5.52471  0.111645 0.0312194
5.57996  0.110903 0.0317145
5.63576  0.110165 0.0322181
5.69212  0.109432 0.0327304
5.74904  0.108703 0.0332516
5.80653  0.107978 0.0337819
5.86459  0.107258 0.0343215
5.92324  0.106542 0.0348706
5.98247  0.105831 0.0354296
6.0423  0.107807 0.0359986
6.10272  0.107071 0.0365778
6.16375  0.106337 0.0371674
6.22538  0.105606 0.0377676
6.28764  0.104878 0.0383786
6.35051  0.104154 0.0390007
6.41402  0.103433 0.0396339
6.47816  0.102715 0.0402787
6.54294  0.102001 0.040935
6.60837  0.10129 0.0416032
6.67445  0.100583 0.0422836
6.7412  0.0998794 0.0429762
6.80861  0.0991792 0.0436814
6.8767  0.0984826 0.0443992
6.94546  0.0977896 0.0451297
7.01492  0.0971002 0.0458731
7.08507  0.0964193 0.0466295
7.15592  0.0957453 0.047399
7.22748  0.0950749 0.0481818
7.29975  0.0944032 0.0489779
7.37275  0.0937182 0.0497874
7.44648  0.0930372 0.0506105
7.52094  0.0923601 0.0514473
7.59615  0.091687 0.0522978
7.67211  0.0910178 0.0531624
7.74883  0.0903526 0.0540414
7.82632  0.0896914 0.0549351
7.90459  0.0890342 0.0558439
7.98363  0.0883811 0.056768
8.06347  0.0877319 0.0577078
8.1441  0.0870867 0.0586636
8.22554  0.0864456 0.059636
8.3078  0.0858196 0.0606251
8.39088  0.0852001 0.0616314
8.47479  0.0845848 0.0626553
8.55953  0.083977 0.0636971
8.64513  0.0833726 0.0647572
8.73158  0.0827717 0.0658357
8.8189  0.082173 0.066933
8.90709  0.0815774 0.0680493
8.99616  0.0809852 0.069185
9.08612  0.0803964 0.0703403
9.17698  0.079811 0.0715156
9.26875  0.0792291 0.072711
9.36144  0.0786507 0.073927
9.45505  0.0780741 0.0751652
9.5496  0.0775024 0.0764234
9.6451  0.0769343 0.077703
9.74155  0.0763696 0.0790045
9.83896  0.0758084 0.0803284
9.93735  0.0752528 0.081675
10.0367  0.074702 0.0830448
10.1371  0.0741547 0.0844382
10.2385  0.0736099 0.0858556
10.3409  0.0730657 0.0872975
10.4443  0.0725251 0.0887643
10.5487  0.0719879 0.0902566
10.6542  0.0714543 0.0917747
10.7607  0.0709242 0.0933192
10.8683  0.0703976 0.0948906
10.977  0.0698737 0.0964892
11.0868  0.0693512 0.0981155
11.1977  0.0688321 0.0997702
11.3096  0.0683171 0.101454
11.4227  0.0678082 0.103166
11.537  0.067303 0.104908
11.6523  0.0668013 0.106681
11.7689  0.0663031 0.108484
11.8865  0.0658083 0.110319
12.0054  0.0652778 0.112185
12.1255  0.0647902 0.114084
12.2467  0.064306 0.116016
12.3692  0.0638252 0.117982
12.4929  0.0633455 0.119981
12.6178  0.0628678 0.122016
12.744  0.0623935 0.124086
12.8714  0.0619227 0.126191
13.0001  0.0614527 0.128334
13.1301  0.060985 0.130514
13.2614  0.0605209 0.132731
13.3941  0.0600603 0.134988
13.528  0.0596032 0.137283
13.6633  0.0591496 0.139619
13.7999  0.0586995 0.141996
13.9379  0.0582527 0.144414
14.0773  0.0578094 0.146874
14.2181  0.0573708 0.149377
14.3602  0.0569366 0.151924
14.5038  0.0565057 0.154515
14.6489  0.0560772 0.157152
14.7954  0.0556476 0.159834
14.9433  0.0552213 0.162564
15.0928  0.0547983 0.165341
15.2437  0.0543786 0.168167
15.3961  0.0539621 0.171042
15.5501  0.0535488 0.173968
15.7056  0.0531387 0.176945
15.8626  0.0527317 0.179974
16.0213  0.0523279 0.183056
16.1815  0.0519272 0.186192
16.3433  0.0515296 0.189383
16.5067  0.0511351 0.19263
16.6718  0.0507436 0.195934
16.8385  0.0503552 0.199295
17.0069  0.0499698 0.202716
17.177  0.0495885 0.206197
17.3487  0.0492102 0.209738
17.5222  0.0488348 0.213342
17.6974  0.0484623 0.217009
17.8744  0.0480927 0.22074
18.0532  0.047726 0.224536
18.2337  0.0473621 0.228399
18.416  0.047001 0.23233
18.6002  0.0466427 0.236329
18.7862  0.0462871 0.240398
18.9741  0.0459344 0.244538
19.1638  0.0455843 0.248751
19.3554  0.045237 0.253037
19.549  0.0448924 0.257399
19.7445  0.0445504 0.261837
19.9419  0.0442113 0.266352
20.1413  0.0438752 0.270947
20.3427  0.0435416 0.275622
20.5462  0.0432106 0.280379
20.7516  0.0428822 0.285219
20.9592  0.0425563 0.290144
21.1687  0.0422329 0.295156
21.3804  0.0419122 0.300255
21.5942  0.041594 0.305445
21.8102  0.0412784 0.310725
22.0283  0.040965 0.316098
22.2486  0.0406492 0.321565
22.4711  0.0403359 0.327129
22.6958  0.040025 0.33279
22.9227  0.0397165 0.338551
23.1519  0.0394109 0.344414
23.3835  0.0391087 0.35038
23.6173  0.0388089 0.356451
23.8535  0.0385113 0.362629
24.092  0.0382159 0.368916
24.3329  0.0379228 0.375314
24.5763  0.0376318 0.381825
24.822  0.037343 0.388451
25.0702  0.0370565 0.395193
25.3209  0.0367721 0.402055
25.5742  0.0364898 0.409038
25.8299  0.0362097 0.416145
26.0882  0.0359317 0.423376
26.3491  0.0356558 0.430736
26.6126  0.0353821 0.438226
26.8787  0.0351104 0.445847
27.1475  0.0348407 0.453604
27.419  0.0345732 0.461498
27.6931  0.0343076 0.469531
27.9701  0.0340441 0.477706
28.2498  0.0337826 0.486025
28.5323  0.0335231 0.494492
28.8176  0.0332658 0.503109
29.1058  0.0330105 0.511878
29.3968  0.0327571 0.520802
29.6908  0.0325056 0.529884
29.9877  0.0322561 0.539126
30.2876  0.0320085 0.548533
30.5905  0.0317627 0.558105
30.8964  0.0315189 0.567847
31.2053  0.0312769 0.577762
31.5174  0.0310368 0.587852
31.8326  0.0307985 0.59812
32.1509  0.030562 0.60857
32.4724  0.0303274 0.619205
32.7971  0.0300945 0.630027
33.1251  0.0298634 0.641041
33.4563  0.0296341 0.65225
33.7909  0.0294066 0.663656
34.1288  0.0291808 0.675265
34.4701  0.0289568 0.687079
34.8148  0.0287344 0.699102
35.1629  0.0285138 0.711339
35.5146  0.0282949 0.723793
35.8697  0.0280777 0.736469
36.2284  0.0278621 0.749372
36.5907  0.0276482 0.762504
36.9566  0.0274359 0.775872
37.3262  0.027216 0.789479
37.6994  0.0269968 0.80333
38.0764  0.0267793 0.817429
38.4572  0.0265635 0.831782
38.8418  0.0263493 0.846394
39.2302  0.0261369 0.861269
39.6225  0.0259261 0.876412
40.0187  0.025717 0.891829
40.4189  0.0255095 0.907526
40.8231  0.0253036 0.923507
41.2313  0.0250993 0.939778
41.6436  0.0248966 0.956345
42.0601  0.0246956 0.973213
42.4807  0.024496 0.990389
42.9055  0.0242981 1.00788
43.3345  0.0241013 1.02569
43.7679  0.0239057 1.04382
44.2056  0.0237116 1.06228
44.6476  0.0235191 1.08108
45.0941  0.0233281 1.10023
45.545  0.0231385 1.11972
46.0005  0.0229505 1.13957
46.4605  0.0227639 1.15978
46.9251  0.0225789 1.18036
47.3943  0.0223952 1.20132
47.8683  0.022213 1.22266
48.347  0.0220323 1.24439
48.8304  0.021853 1.26651
49.3187  0.021675 1.28903
49.8119  0.0214985 1.31197
50.31  0.0213234 1.33532
50.8131  0.0211496 1.35909
51.3213  0.0209773 1.38329
51.8345  0.0208062 1.40792
52.3528  0.0206407 1.433
52.8764  0.0204866 1.45852
53.4051  0.0203336 1.48451
53.9392  0.0201816 1.51095
54.4786  0.0200306 1.53787
55.0234  0.0198806 1.56527
55.5736  0.0197316 1.59315
56.1293  0.0195836 1.62153
56.6906  0.0194365 1.65041
57.2575  0.0192904 1.6798
57.8301  0.0191454 1.7097
58.4084  0.0190013 1.74014
58.9925  0.0188581 1.77111
59.5824  0.018716 1.80262
60.1782  0.0185748 1.83468
60.78  0.0184346 1.8673
61.3878  0.0182953 1.90049
62.0017  0.018157 1.93427
62.6217  0.0180197 1.96864
63.2479  0.0178833 2.00361
63.8804  0.0177479 2.0392
64.5192  0.0176134 2.07542
65.1644  0.0174799 2.11228
65.816  0.0173473 2.14979
66.4742  0.0172157 2.18797
67.1389  0.017085 2.22682
67.8103  0.0169552 2.26637
68.4884  0.0168263 2.30662
69.1733  0.0166984 2.34758
69.8651  0.0165713 2.38927
70.5637  0.0164452 2.43171
71.2693  0.01632 2.47489
71.982  0.0161957 2.51885
72.7019  0.0160722 2.56358
73.4289  0.0159493 2.60911
74.1632  0.0158271 2.65544
74.9048  0.0157059 2.7026
75.6538  0.0155855 2.7506
76.4104  0.015466 2.79944
77.1745  0.0153473 2.84915
77.9462  0.0152296 2.89975
78.7257  0.0151127 2.95125
79.513  0.0149967 3.00365
80.3081  0.0148815 3.057
81.1112  0.0147673 3.11129
81.9223  0.0146538 3.16654
82.7415  0.0145412 3.22278
83.5689  0.0144295 3.28003
84.4046  0.0143186 3.33829
85.2486  0.0142085 3.39759
86.1011  0.0140993 3.45794
86.9621  0.0139909 3.51938
87.8318  0.0138833 3.5819
88.7101  0.0137765 3.64555
89.5972  0.0136705 3.71032
90.4932  0.0135654 3.77625
91.3981  0.013461 3.84336
92.3121  0.0133574 3.91166
93.2352  0.0132546 3.98117
94.1675  0.0131527 4.05193
95.1092  0.0130514 4.12394
96.0603  0.012951 4.19724
97.0209  0.0128514 4.27185
97.9911  0.0127525 4.34778
98.971  0.0126543 4.42506
99.9607  0.012557 4.50373
100.96  0.0124603 4.58379
101.97  0.0123645 4.66528
102.99  0.0122694 4.74823
104.02  0.0121749 4.83265
105.06  0.012081 4.91858
106.11  0.0119878 5.00604
107.171  0.0118954 5.09506
108.243  0.0118036 5.18566
109.326  0.0117126 5.27789
110.419  0.0116223 5.37175
111.523  0.0115328 5.46729
112.638  0.0114439 5.56454
113.765  0.0113557 5.66352
114.902  0.0112682 5.76427
116.051  0.0111814 5.86681
117.212  0.0110953 5.97118
118.384  0.0110099 6.07741
119.568  0.0109251 6.18553
120.763  0.010841 6.2956
121.971  0.0107576 6.40761
123.191  0.0106749 6.52163
124.423  0.0105928 6.63767
125.667  0.0105113 6.75578
126.924  0.0104305 6.876
128.193  0.0103504 6.99836
129.475  0.0102709 7.12289
130.77  0.010192 7.24965
132.077  0.0101138 7.37866
133.398  0.0100361 7.50997
134.732  0.00995915 7.64362
136.079  0.00988277 7.77965
137.44  0.009807 7.91809
138.814  0.00973185 8.059
140.203  0.00965729 8.20242
141.605  0.00958333 8.34839
143.021  0.00950997 8.49696
144.451  0.0094372 8.64816
145.895  0.00936502 8.80206
147.354  0.00929342 8.9587
148.828  0.0092224 9.11811
150.316  0.00915195 9.28037
151.819  0.00908207 9.4455
153.338  0.00901265 9.61357
154.871  0.00894379 9.78463
156.42  0.00887549 9.95873
157.984  0.00880774 10.1359
159.564  0.00874054 10.3163
161.159  0.00867389 10.4998
162.771  0.00860777 10.6866
164.399  0.0085422 10.8767
166.043  0.00847715 11.0702
167.703  0.00841264 11.2671
169.38  0.00834866 11.4675
171.074  0.00828519 11.6715
172.785  0.00822225 11.8791
174.512  0.00815982 12.0903
176.258  0.0080979 12.3054
178.02  0.00803649 12.5242
179.8  0.00797558 12.7469
181.598  0.00791517 12.9735
183.414  0.00785526 13.2042
185.248  0.00779584 13.4389
187.101  0.00773692 13.6778
188.972  0.00767848 13.9209
190.862  0.00762052 14.1683
192.77  0.00756304 14.4201
194.698  0.00750603 14.6764
196.645  0.0074495 14.9371
198.611  0.00739343 15.2025
200.598  0.00733783 15.4726
202.604  0.00728269 15.7474
204.63  0.00722801 16.0271
206.676  0.00717378 16.3117
208.743  0.00712 16.6013
210.83  0.00706666 16.8961
212.938  0.00701378 17.196
215.068  0.00696133 17.5012
217.218  0.00690932 17.8118
219.391  0.00685774 18.1279
221.584  0.00680659 18.4495
223.8  0.00675587 18.7768
226.038  0.00670557 19.1098
228.299  0.00665569 19.4487
230.582  0.00660623 19.7936
232.888  0.00655719 20.1445
235.216  0.00650857 20.5015
237.569  0.00646035 20.8649
239.944  0.00641253 21.2346
242.344  0.00636511 21.6108
244.767  0.00631809 21.9935
247.215  0.00627147 22.383
249.687  0.00622524 22.7793
252.184  0.0061794 23.1826
254.706  0.00613394 23.5929
257.253  0.00608886 24.0104
259.825  0.00604416 24.4351
262.423  0.00599984 24.8673
265.048  0.00595589 25.3071
267.698  0.00591232 25.7545
270.375  0.00586911 26.2098
273.079  0.00582626 26.6729
275.81  0.00578378 27.1442
278.568  0.00574165 27.6236
281.354  0.00569988 28.1114
284.167  0.00565846 28.6077
287.009  0.0056174 29.1127
289.879  0.00557668 29.6264
292.778  0.0055363 30.149
295.705  0.00549626 30.6807
298.662  0.00545657 31.2217
301.649  0.00541721 31.772
304.666  0.00537818 32.3319
307.712  0.00533949 32.9015
310.789  0.00530112 33.4809
313.897  0.00526308 34.0704
317.036  0.00522536 34.67
320.207  0.00518797 35.2801
323.409  0.0051509 35.9006
326.643  0.00511414 36.5319
329.909  0.00507769 37.1741
333.208  0.00504156 37.8274
336.54  0.00500574 38.4919
339.906  0.00497023 39.1679
343.305  0.00493502 39.8555
346.738  0.00490012 40.5549
350.205  0.00486552 41.2664
353.707  0.00483122 41.9901
357.244  0.00479721 42.7262
360.817  0.0047635 43.4749
364.425  0.00473008 44.2365
368.069  0.00469695 45.0111
371.75  0.00466411 45.799
375.467  0.00463155 46.6004
379.222  0.00459928 47.4154
383.014  0.00456729 48.2444
386.844  0.00453558 49.0876
390.713  0.00450415 49.9451
394.62  0.004473 50.8173
398.566  0.00444211 51.7043
402.552  0.0044115 52.6064
406.577  0.00438115 53.5238
410.643  0.00435108 54.4568
414.75  0.00432126 55.4057
418.897  0.00429171 56.3707
423.086  0.00426242 57.352
427.317  0.00423338 58.35
431.59  0.0042046 59.3648
435.906  0.00417607 60.3969
440.265  0.0041478 61.4463
444.668  0.00411977 62.5135
449.114  0.00409199 63.5987
453.605  0.00406446 64.7021
458.142  0.00403717 65.8242
462.723  0.00401012 66.9651
467.35  0.00398331 68.1252
472.024  0.00395673 69.3048
476.744  0.00393039 70.5042
481.511  0.00390429 71.7237
486.326  0.00387841 72.9636
491.19  0.00385277 74.2243
496.102  0.00382735 75.506
501.063  0.00380216 76.8092
506.073  0.00377719 78.1341
511.134  0.00375244 79.4811
516.245  0.00372792 80.8505
521.408  0.00370361 82.2427
526.622  0.00367952 83.6581
531.888  0.00365565 85.0969
537.207  0.00363199 86.5596
542.579  0.00360854 88.0466
548.005  0.0035853 89.5581
553.485  0.00356228 91.0947
559.02  0.00353946 92.6566
564.61  0.00351684 94.2444
570.256  0.00349443 95.8583
575.959  0.00347223 97.4987
581.718  0.00345022 99.1662
587.535  0.00342842 100.861
593.411  0.00340681 102.584
599.345  0.0033854 104.335
605.338  0.00336418 106.114
611.392  0.00334316 107.923
617.506  0.00332233 109.761
623.681  0.00330169 111.629
629.917  0.00328124 113.528
636.217  0.00326098 115.458
642.579  0.0032409 117.419
649.005  0.00322101 119.412
655.495  0.00320131 121.437
662.05  0.00318178 123.495
668.67  0.00316244 125.586
675.357  0.00314327 127.711
682.11  0.00312429 129.871
688.931  0.00310548 132.065
695.821  0.00308684 134.294
702.779  0.00306838 136.56
709.807  0.0030501 138.862
716.905  0.00303198 141.2
724.074  0.00301403 143.577
731.315  0.00299625 145.991
738.628  0.00297864 148.444
746.014  0.0029612 150.936
753.474  0.00294392 153.467
761.009  0.00292681 156.039
768.619  0.00290985 158.652
776.305  0.00289306 161.307
784.068  0.00287643 164.003
791.909  0.00285995 166.742
799.828  0.00284364 169.524
807.826  0.00282748 172.351
815.905  0.00281147 175.221
824.064  0.00279562 178.137
832.304  0.00277992 181.099
840.627  0.00276437 184.108
849.034  0.00274898 187.163
857.524  0.00273373 190.266
866.099  0.00271863 193.418
874.76  0.00270367 196.619
883.508  0.00268886 199.87
892.343  0.0026742 203.171
901.266  0.00265968 206.524
910.279  0.0026453 209.928
919.382  0.00263106 213.385
928.575  0.00261696 216.896
937.861  0.002603 220.461
947.24  0.00258917 224.081
956.712  0.00257548 227.756
966.279  0.00256193 231.488
975.942  0.00254851 235.277
985.702  0.00253523 239.124
995.559  0.00252208 243.03
