0.001  1.63501e-05 0.753149
0.00101  1.6366e-05 0.756906
0.0010201  1.63821e-05 0.760681
0.0010303  1.63983e-05 0.764475
0.0010406  1.64145e-05 0.768288
0.00105101  1.64309e-05 0.772119
0.00106152  1.64473e-05 0.77597
0.00107214  1.64639e-05 0.779841
0.00108286  1.64805e-05 0.78373
0.00109369  1.64973e-05 0.787639
0.00110462  1.65139e-05 0.791567
0.00111567  1.65291e-05 0.795515
0.00112683  1.65443e-05 0.799483
0.00113809  1.65578e-05 0.803471
0.00114947  1.65711e-05 0.807478
0.00116097  1.65845e-05 0.811505
0.00117258  1.6598e-05 0.815553
0.0011843  1.661e-05 0.81962
0.00119615  1.66219e-05 0.823708
0.00120811  1.66338e-05 0.827817
0.00122019  1.66458e-05 0.831945
0.00123239  1.66578e-05 0.836095
0.00124472  1.66699e-05 0.840265
0.00125716  1.6682e-05 0.844456
0.00126973  1.66942e-05 0.848667
0.00128243  1.67064e-05 0.8529
0.00129526  1.67186e-05 0.857154
0.00130821  1.67309e-05 0.861429
0.00132129  1.67433e-05 0.865726
0.0013345  1.67557e-05 0.870044
0.00134785  1.67681e-05 0.874383
0.00136133  1.67806e-05 0.878744
0.00137494  1.67932e-05 0.883127
0.00138869  1.68058e-05 0.887531
0.00140258  1.68184e-05 0.891958
0.0014166  1.68311e-05 0.896407
0.00143077  1.68438e-05 0.900878
0.00144508  1.68566e-05 0.905371
0.00145953  1.68695e-05 0.909886
0.00147412  1.68821e-05 0.914425
0.00148886  1.68938e-05 0.918985
0.00150375  1.69054e-05 0.923417
0.00151879  1.69157e-05 0.927893
0.00153398  1.6926e-05 0.932424
0.00154932  1.69363e-05 0.93701
0.00156481  1.69466e-05 0.941651
0.00158046  1.69562e-05 0.946345
0.00159626  1.69659e-05 0.951093
0.00161223  1.69756e-05 0.955893
0.00162835  1.69853e-05 0.960745
0.00164463  1.6995e-05 0.965647
0.00166108  1.70047e-05 0.9706
0.00167769  1.70144e-05 0.975511
0.00169447  1.70241e-05 0.980307
0.00171141  1.70339e-05 0.985148
0.00172852  1.70436e-05 0.990031
0.00174581  1.70534e-05 0.994954
0.00176327  1.70632e-05 0.999917
0.0017809  1.7073e-05 1.00492
0.00179871  1.70828e-05 1.00995
0.0018167  1.70926e-05 1.01502
0.00183486  1.71024e-05 1.02012
0.00185321  1.71122e-05 1.02526
0.00187174  1.7122e-05 1.03041
0.00189046  1.71319e-05 1.03557
0.00190937  1.71417e-05 1.04073
0.00192846  1.71516e-05 1.04593
0.00194774  1.71615e-05 1.05115
0.00196722  1.71712e-05 1.05639
0.00198689  1.71809e-05 1.06165
0.00200676  1.71907e-05 1.06695
0.00202683  1.72004e-05 1.07227
0.0020471  1.72101e-05 1.07761
0.00206757  1.72199e-05 1.08299
0.00208825  1.72296e-05 1.08838
0.00210913  1.72393e-05 1.09381
0.00213022  1.72491e-05 1.09926
0.00215152  1.72588e-05 1.10474
0.00217304  1.72685e-05 1.11025
0.00219477  1.72783e-05 1.11579
0.00221672  1.72875e-05 1.12135
0.00223888  1.72962e-05 1.12695
0.00226127  1.73046e-05 1.13257
0.00228388  1.73121e-05 1.13822
0.00230672  1.73196e-05 1.1439
0.00232979  1.7327e-05 1.1496
0.00235309  1.73345e-05 1.15534
0.00237662  1.7342e-05 1.1611
0.00240038  1.73495e-05 1.1669
0.00242439  1.7357e-05 1.17272
0.00244863  1.73645e-05 1.17857
0.00247312  1.73719e-05 1.18444
0.00249785  1.73793e-05 1.19035
0.00252283  1.73866e-05 1.19629
0.00254806  1.7394e-05 1.20225
0.00257354  1.74013e-05 1.20825
0.00259927  1.74085e-05 1.21427
0.00262527  1.74158e-05 1.22033
0.00265152  1.7423e-05 1.22642
0.00267803  1.74301e-05 1.23253
0.00270481  1.74373e-05 1.23868
0.00273186  1.74444e-05 1.24486
0.00275918  1.74514e-05 1.25107
0.00278677  1.74584e-05 1.25731
0.00281464  1.74654e-05 1.26358
0.00284279  1.74723e-05 1.26988
0.00287121  1.74792e-05 1.27621
0.00289993  1.74861e-05 1.28258
0.00292893  1.74929e-05 1.28897
0.00295822  1.74994e-05 1.2954
0.0029878  1.75057e-05 1.30186
0.00301768  1.75118e-05 1.30836
0.00304785  1.75175e-05 1.31488
0.00307833  1.75231e-05 1.32144
0.00310911  1.75287e-05 1.32803
0.0031402  1.75345e-05 1.33465
0.00317161  1.75409e-05 1.34131
0.00320332  1.75472e-05 1.348
0.00323536  1.75534e-05 1.35472
0.00326771  1.75596e-05 1.36148
0.00330039  1.75657e-05 1.36827
0.00333339  1.75718e-05 1.37509
0.00336672  1.75778e-05 1.38195
0.00340039  1.75838e-05 1.38885
0.0034344  1.75897e-05 1.39577
0.00346874  1.75955e-05 1.40273
0.00350343  1.76013e-05 1.40973
0.00353846  1.7607e-05 1.41676
0.00357385  1.76126e-05 1.42383
0.00360958  1.76181e-05 1.43093
0.00364568  1.76236e-05 1.43806
0.00368214  1.7629e-05 1.44524
0.00371896  1.76343e-05 1.45244
0.00375615  1.76395e-05 1.45969
0.00379371  1.76445e-05 1.46697
0.00383165  1.76494e-05 1.47429
0.00386996  1.76542e-05 1.48164
0.00390866  1.7659e-05 1.48903
0.00394775  1.76654e-05 1.49646
0.00398723  1.76718e-05 1.50392
0.0040271  1.76783e-05 1.51142
0.00406737  1.76846e-05 1.51896
0.00410804  1.76909e-05 1.52653
0.00414912  1.76971e-05 1.53415
0.00419062  1.77032e-05 1.5418
0.00423252  1.77093e-05 1.54949
0.00427485  1.77153e-05 1.55722
0.0043176  1.77212e-05 1.56498
0.00436077  1.7727e-05 1.57279
0.00440438  1.77328e-05 1.58063
0.00444842  1.77385e-05 1.58852
0.00449291  1.77442e-05 1.59644
0.00453784  1.77499e-05 1.6044
0.00458321  1.77555e-05 1.6124
0.00462905  1.7761e-05 1.62044
0.00467534  1.77664e-05 1.62853
0.00472209  1.77718e-05 1.63665
0.00476931  1.7777e-05 1.64481
0.004817  1.77822e-05 1.65301
0.00486517  1.77873e-05 1.66126
0.00491383  1.77923e-05 1.66954
0.00496296  1.77971e-05 1.67787
0.00501259  1.78019e-05 1.68624
0.00506272  1.78066e-05 1.69465
0.00511335  1.78112e-05 1.7031
0.00516448  1.78157e-05 1.7116
0.00521613  1.782e-05 1.72013
0.00526829  1.78243e-05 1.72871
0.00532097  1.78285e-05 1.73733
0.00537418  1.78325e-05 1.746
0.00542792  1.78364e-05 1.75471
0.0054822  1.78403e-05 1.76346
0.00553702  1.7844e-05 1.77225
0.00559239  1.78475e-05 1.78109
0.00564832  1.7851e-05 1.78998
0.0057048  1.78543e-05 1.7989
0.00576185  1.78576e-05 1.80787
0.00581947  1.78606e-05 1.81689
0.00587766  1.78642e-05 1.82595
0.00593644  1.78708e-05 1.83506
0.0059958  1.78774e-05 1.84421
0.00605576  1.78844e-05 1.85341
0.00611632  1.78914e-05 1.86265
0.00617748  1.78983e-05 1.87194
0.00623926  1.79052e-05 1.88128
0.00630165  1.79119e-05 1.89066
0.00636466  1.79185e-05 1.90009
0.00642831  1.79251e-05 1.90957
0.00649259  1.79315e-05 1.91909
0.00655752  1.79379e-05 1.92867
0.0066231  1.79441e-05 1.93828
0.00668933  1.79502e-05 1.94795
0.00675622  1.79562e-05 1.95767
0.00682378  1.79622e-05 1.96743
0.00689202  1.79679e-05 1.97724
0.00696094  1.79736e-05 1.98711
0.00703055  1.79792e-05 1.99702
0.00710085  1.79846e-05 2.00698
0.00717186  1.79899e-05 2.01699
0.00724358  1.79951e-05 2.02705
0.00731602  1.80002e-05 2.03716
0.00738918  1.80057e-05 2.04732
0.00746307  1.80116e-05 2.05753
0.0075377  1.80178e-05 2.06779
0.00761308  1.80248e-05 2.0781
0.00768921  1.80317e-05 2.08847
0.0077661  1.80384e-05 2.09888
0.00784376  1.80462e-05 2.10935
0.0079222  1.80572e-05 2.11987
0.00800142  1.8068e-05 2.13044
0.00808144  1.80788e-05 2.14107
0.00816225  1.80895e-05 2.15175
0.00824387  1.81001e-05 2.16248
0.00832631  1.81107e-05 2.17326
0.00840957  1.81211e-05 2.1841
0.00849367  1.81315e-05 2.195
0.00857861  1.81418e-05 2.20594
0.00866439  1.81519e-05 2.21695
0.00875104  1.8162e-05 2.228
0.00883855  1.8172e-05 2.23912
0.00892693  1.81819e-05 2.25028
0.0090162  1.81917e-05 2.26151
0.00910636  1.82014e-05 2.27279
0.00919743  1.8211e-05 2.28412
0.0092894  1.82205e-05 2.29551
0.0093823  1.82299e-05 2.30696
0.00947612  1.82392e-05 2.31847
0.00957088  1.82484e-05 2.33003
0.00966659  1.82574e-05 2.34165
0.00976325  1.82663e-05 2.35333
0.00986089  1.82752e-05 2.36507
0.0099595  1.82839e-05 2.37687
0.0100591  1.82925e-05 2.38872
0.0101597  1.83009e-05 2.40063
0.0102613  1.83093e-05 2.41261
0.0103639  1.83175e-05 2.42464
0.0104675  1.83255e-05 2.43673
0.0105722  1.83335e-05 2.44889
0.0106779  1.83413e-05 2.4611
0.0107847  1.8349e-05 2.47337
0.0108926  1.83565e-05 2.48571
0.0110015  1.83639e-05 2.49811
0.0111115  1.83725e-05 2.51057
0.0112226  1.83816e-05 2.52309
0.0113348  1.83918e-05 2.53567
0.0114482  1.84029e-05 2.54832
0.0115627  1.8414e-05 2.56103
0.0116783  1.84249e-05 2.5738
0.0117951  1.84384e-05 2.58664
0.011913  1.84544e-05 2.59954
0.0120322  1.84703e-05 2.61251
0.0121525  1.84862e-05 2.62554
0.012274  1.8502e-05 2.63863
0.0123967  1.85177e-05 2.65179
0.0125207  1.85333e-05 2.66502
0.0126459  1.85489e-05 2.67831
0.0127724  1.85643e-05 2.69167
0.0129001  1.85797e-05 2.70509
0.0130291  1.85951e-05 2.71858
0.0131594  1.86103e-05 2.73214
0.013291  1.86254e-05 2.74577
0.0134239  1.86405e-05 2.75946
0.0135581  1.86555e-05 2.77323
0.0136937  1.86703e-05 2.78706
0.0138307  1.86851e-05 2.80096
0.013969  1.86998e-05 2.81493
0.0141086  1.87143e-05 2.82897
0.0142497  1.87288e-05 2.84308
0.0143922  1.87432e-05 2.85726
0.0145362  1.87575e-05 2.87151
0.0146815  1.87716e-05 2.88583
0.0148283  1.87877e-05 2.90022
0.0149766  1.88043e-05 2.91469
0.0151264  1.88226e-05 2.92922
0.0152776  1.8842e-05 2.94383
0.0154304  1.88614e-05 2.95852
0.0155847  1.88807e-05 2.97327
0.0157406  1.89025e-05 2.9881
0.015898  1.89259e-05 3.003
0.016057  1.89493e-05 3.01798
0.0162175  1.89727e-05 3.03303
0.0163797  1.8996e-05 3.04816
0.0165435  1.90193e-05 3.06336
0.0167089  1.90426e-05 3.07864
0.016876  1.90658e-05 3.094
0.0170448  1.9089e-05 3.10943
0.0172152  1.91122e-05 3.12494
0.0173874  1.91353e-05 3.14052
0.0175613  1.91584e-05 3.15619
0.0177369  1.91814e-05 3.17193
0.0179142  1.92044e-05 3.18775
0.0180934  1.92273e-05 3.20365
0.0182743  1.92502e-05 3.21962
0.0184571  1.9273e-05 3.23568
0.0186416  1.92958e-05 3.25182
0.018828  1.93185e-05 3.26804
0.0190163  1.93411e-05 3.28434
0.0192065  1.93637e-05 3.30072
0.0193986  1.93862e-05 3.31718
0.0195925  1.94093e-05 3.33373
0.0197885  1.94351e-05 3.35035
0.0199864  1.94609e-05 3.36706
0.0201862  1.94866e-05 3.38386
0.0203881  1.95123e-05 3.40073
0.020592  1.95379e-05 3.41769
0.0207979  1.95635e-05 3.43474
0.0210059  1.95891e-05 3.45187
0.0212159  1.96146e-05 3.46909
0.0214281  1.96401e-05 3.48639
0.0216424  1.96655e-05 3.50378
0.0218588  1.96909e-05 3.52125
0.0220774  1.97164e-05 3.53882
0.0222981  1.97447e-05 3.55647
0.0225211  1.97731e-05 3.5742
0.0227463  1.98046e-05 3.59203
0.0229738  1.98366e-05 3.60995
0.0232035  1.98686e-05 3.62795
0.0234356  1.99006e-05 3.64604
0.0236699  1.99359e-05 3.66423
0.0239066  1.99717e-05 3.6825
0.0241457  2.00076e-05 3.70087
0.0243871  2.00435e-05 3.71933
0.024631  2.00795e-05 3.73788
0.0248773  2.01154e-05 3.75652
0.0251261  2.01514e-05 3.77526
0.0253774  2.01875e-05 3.79409
0.0256311  2.02236e-05 3.81301
0.0258874  2.02596e-05 3.83203
0.0261463  2.02958e-05 3.85114
0.0264078  2.03319e-05 3.87035
0.0266719  2.03681e-05 3.88965
0.0269386  2.04042e-05 3.90905
0.027208  2.04405e-05 3.92855
0.02748  2.04767e-05 3.94814
0.0277548  2.05129e-05 3.96783
0.0280324  2.05492e-05 3.98762
0.0283127  2.05854e-05 4.00751
0.0285958  2.06217e-05 4.0275
0.0288818  2.0658e-05 4.04759
0.0291706  2.06943e-05 4.06777
0.0294623  2.07309e-05 4.08806
0.029757  2.07698e-05 4.10845
0.0300545  2.08086e-05 4.12894
0.0303551  2.08503e-05 4.14953
0.0306586  2.08922e-05 4.17023
0.0309652  2.09342e-05 4.19103
0.0312749  2.09761e-05 4.21193
0.0315876  2.10222e-05 4.23294
0.0319035  2.10686e-05 4.25405
0.0322225  2.1115e-05 4.27527
0.0325447  2.11616e-05 4.29659
0.0328702  2.12083e-05 4.31802
0.0331989  2.1255e-05 4.33956
0.0335309  2.13018e-05 4.3612
0.0338662  2.13488e-05 4.38295
0.0342049  2.13958e-05 4.40481
0.0345469  2.14429e-05 4.42678
0.0348924  2.149e-05 4.44886
0.0352413  2.15373e-05 4.47105
0.0355937  2.15846e-05 4.49335
0.0359496  2.1632e-05 4.51576
0.0363091  2.16795e-05 4.53828
0.0366722  2.17271e-05 4.56092
0.037039  2.17762e-05 4.58366
0.0374093  2.18259e-05 4.60653
0.0377834  2.1877e-05 4.6295
0.0381613  2.19293e-05 4.65259
0.0385429  2.19818e-05 4.6758
0.0389283  2.20343e-05 4.69912
0.0393176  2.20894e-05 4.72256
0.0397108  2.2147e-05 4.74611
0.0401079  2.22047e-05 4.76978
0.040509  2.22626e-05 4.79357
0.040914  2.23206e-05 4.81748
0.0413232  2.23788e-05 4.8415
0.0417364  2.24372e-05 4.86565
0.0421538  2.24957e-05 4.88992
0.0425753  2.25544e-05 4.91431
0.0430011  2.26132e-05 4.93882
0.0434311  2.26722e-05 4.96345
0.0438654  2.27313e-05 4.98821
0.044304  2.27915e-05 5.01309
0.0447471  2.28532e-05 5.03809
0.0451946  2.29156e-05 5.06322
0.0456465  2.29803e-05 5.08847
0.046103  2.30452e-05 5.11385
0.046564  2.31104e-05 5.13935
0.0470296  2.31757e-05 5.16498
0.0474999  2.32412e-05 5.19075
0.0479749  2.33069e-05 5.21663
0.0484547  2.33728e-05 5.24265
0.0489392  2.34389e-05 5.2688
0.0494286  2.35052e-05 5.29508
0.0499229  2.35717e-05 5.32149
0.0504221  2.36384e-05 5.34803
0.0509264  2.37054e-05 5.3747
0.0514356  2.37725e-05 5.40151
0.05195  2.38398e-05 5.42845
0.0524695  2.39073e-05 5.45552
0.0529942  2.3975e-05 5.48273
0.0535241  2.40428e-05 5.51008
0.0540594  2.41109e-05 5.53756
0.0546  2.41792e-05 5.56518
0.055146  2.42477e-05 5.59294
0.0556974  2.43164e-05 5.62083
0.0562544  2.43852e-05 5.64887
0.0568169  2.44543e-05 5.67704
0.0573851  2.45235e-05 5.70536
0.0579589  2.4593e-05 5.73381
0.0585385  2.46626e-05 5.76241
0.0591239  2.47391e-05 5.79115
0.0597152  2.48188e-05 5.82003
0.0603123  2.48997e-05 5.84906
0.0609154  2.4983e-05 5.87823
0.0615246  2.50666e-05 5.90755
0.0621398  2.51505e-05 5.93701
0.0627612  2.52348e-05 5.96663
0.0633888  2.53193e-05 5.99638
0.0640227  2.54042e-05 6.02629
0.064663  2.54894e-05 6.05635
0.0653096  2.55749e-05 6.08655
0.0659627  2.56607e-05 6.11691
0.0666223  2.57469e-05 6.14742
0.0672885  2.58334e-05 6.17808
0.0679614  2.59202e-05 6.20889
0.068641  2.60073e-05 6.23986
0.0693275  2.60947e-05 6.27098
0.0700207  2.61825e-05 6.30226
0.0707209  2.62706e-05 6.33369
0.0714281  2.6359e-05 6.36528
0.0721424  2.64478e-05 6.39703
0.0728638  2.65369e-05 6.42893
0.0735925  2.66265e-05 6.461
0.0743284  2.6719e-05 6.49322
0.0750717  2.68119e-05 6.52561
0.0758224  2.69081e-05 6.55815
0.0765806  2.7005e-05 6.59086
0.0773464  2.71024e-05 6.62374
0.0781199  2.72001e-05 6.65677
0.0789011  2.72983e-05 6.68997
0.0796901  2.73968e-05 6.72334
0.080487  2.74958e-05 6.75687
0.0812919  2.75951e-05 6.79057
0.0821048  2.76948e-05 6.82444
0.0829259  2.7795e-05 6.85848
0.0837551  2.78955e-05 6.89268
0.0845927  2.79964e-05 6.92706
0.0854386  2.80978e-05 6.96161
0.086293  2.81995e-05 6.99633
0.0871559  2.83016e-05 7.03123
0.0880275  2.84042e-05 7.0663
0.0889077  2.85071e-05 7.10154
0.0897968  2.86105e-05 7.13696
0.0906948  2.87143e-05 7.17255
0.0916017  2.88184e-05 7.20833
0.0925178  2.8923e-05 7.24428
0.0934429  2.9028e-05 7.28041
0.0943774  2.91334e-05 7.31672
0.0953211  2.92392e-05 7.35321
0.0962743  2.93455e-05 7.38989
0.0972371  2.94521e-05 7.42675
0.0982095  2.95592e-05 7.46379
0.0991916  2.96666e-05 7.50102
0.100183  2.97745e-05 7.53843
0.101185  2.98828e-05 7.57603
0.102197  2.99916e-05 7.61381
0.103219  3.01007e-05 7.65179
0.104251  3.02103e-05 7.68995
0.105294  3.03203e-05 7.7283
0.106347  3.04307e-05 7.76684
0.10741  3.05415e-05 7.80558
0.108484  3.06528e-05 7.84451
0.109569  3.07645e-05 7.88363
0.110665  3.08779e-05 7.92295
0.111772  3.09946e-05 7.96246
0.112889  3.11125e-05 8.00218
0.114018  3.12352e-05 8.04209
0.115158  3.13584e-05 8.0822
0.11631  3.14821e-05 8.12251
0.117473  3.1607e-05 8.16302
0.118648  3.17377e-05 8.20374
0.119834  3.1869e-05 8.24466
0.121033  3.20009e-05 8.28579
0.122243  3.21334e-05 8.32713
0.123465  3.22665e-05 8.36867
0.1247  3.24002e-05 8.41042
0.125947  3.25345e-05 8.45237
0.127206  3.26694e-05 8.49453
0.128478  3.28049e-05 8.5369
0.129763  3.2941e-05 8.57948
0.131061  3.30777e-05 8.62226
0.132372  3.3215e-05 8.66526
0.133695  3.33529e-05 8.70846
0.135032  3.34915e-05 8.75187
0.136383  3.36306e-05 8.7955
0.137746  3.37704e-05 8.83934
0.139124  3.39108e-05 8.8834
0.140515  3.40518e-05 8.92768
0.14192  3.41935e-05 8.97218
0.143339  3.43358e-05 9.01691
0.144773  3.44787e-05 9.06187
0.146221  3.46222e-05 9.10706
0.147683  3.47664e-05 9.15249
0.14916  3.49113e-05 9.19816
0.150651  3.50479e-05 9.24407
0.152158  3.51708e-05 9.29022
0.153679  3.5294e-05 9.33663
0.155216  3.54174e-05 9.38329
0.156768  3.55416e-05 9.43021
0.158336  3.5668e-05 9.47739
0.159919  3.57947e-05 9.52483
0.161518  3.59216e-05 9.57254
0.163134  3.60489e-05 9.62052
0.164765  3.61764e-05 9.66877
0.166413  3.63042e-05 9.71731
0.168077  3.64322e-05 9.76613
0.169757  3.65605e-05 9.81525
0.171455  3.66891e-05 9.86465
0.17317  3.6818e-05 9.91434
0.174901  3.69471e-05 9.96432
0.17665  3.70764e-05 10.0146
0.178417  3.7206e-05 10.0652
0.180201  3.73359e-05 10.116
0.182003  3.74659e-05 10.1672
0.183823  3.75962e-05 10.2186
0.185661  3.77268e-05 10.2704
0.187518  3.78575e-05 10.3225
0.189393  3.79885e-05 10.3748
0.191287  3.81328e-05 10.4237
0.1932  3.83285e-05 10.458
0.195132  3.85258e-05 10.4923
0.197083  3.87258e-05 10.5266
0.199054  3.89277e-05 10.5609
0.201045  3.91313e-05 10.5951
0.203055  3.93363e-05 10.6292
0.205086  3.9543e-05 10.6633
0.207136  3.97513e-05 10.6974
0.209208  3.99613e-05 10.7314
0.2113  4.01728e-05 10.7653
0.213413  4.03861e-05 10.7992
0.215547  4.0601e-05 10.833
0.217702  4.08176e-05 10.8668
0.219879  4.1036e-05 10.9005
0.222078  4.12584e-05 10.9341
0.224299  4.14837e-05 10.9676
0.226542  4.17128e-05 11.0011
0.228807  4.1946e-05 11.0345
0.231095  4.21811e-05 11.0678
0.233406  4.24181e-05 11.101
0.235741  4.26577e-05 11.1341
0.238098  4.29002e-05 11.1671
0.240479  4.31447e-05 11.2
0.242884  4.33913e-05 11.2328
0.245313  4.36398e-05 11.2655
0.247766  4.38904e-05 11.2981
0.250243  4.41431e-05 11.3306
0.252746  4.43979e-05 11.3629
0.255273  4.46549e-05 11.3951
0.257826  4.4914e-05 11.4273
0.260404  4.51753e-05 11.4592
0.263008  4.54387e-05 11.4911
0.265638  4.57044e-05 11.5228
0.268295  4.59724e-05 11.5544
0.270978  4.62426e-05 11.5858
0.273687  4.65151e-05 11.6171
0.276424  4.679e-05 11.6482
0.279189  4.70672e-05 11.6792
0.28198  4.73468e-05 11.71
0.2848  4.76288e-05 11.7406
0.287648  4.79133e-05 11.7711
0.290525  4.82002e-05 11.8014
0.29343  4.84895e-05 11.8315
0.296364  4.87825e-05 11.8615
0.299328  4.90783e-05 11.8913
0.302321  4.93777e-05 11.9208
0.305344  4.96804e-05 11.9502
0.308398  4.99858e-05 11.9794
0.311482  5.02939e-05 12.0084
0.314597  5.06056e-05 12.0372
0.317743  5.09207e-05 12.0657
0.32092  5.12387e-05 12.0941
0.324129  5.15595e-05 12.1222
0.32737  5.18831e-05 12.1502
0.330644  5.22097e-05 12.1778
0.333951  5.25392e-05 12.2053
0.33729  5.28716e-05 12.2325
0.340663  5.32071e-05 12.2595
0.34407  5.35456e-05 12.2863
0.34751  5.38871e-05 12.3127
0.350985  5.42318e-05 12.339
0.354495  5.45796e-05 12.365
0.35804  5.49306e-05 12.3907
0.361621  5.52848e-05 12.4161
0.365237  5.56423e-05 12.4413
0.368889  5.60033e-05 12.4662
0.372578  5.63684e-05 12.4908
0.376304  5.67369e-05 12.5151
0.380067  5.71099e-05 12.5392
0.383868  5.74863e-05 12.5629
0.387706  5.78663e-05 12.5864
0.391583  5.82499e-05 12.6096
0.395499  5.86e-05 12.6409
0.399454  5.89329e-05 12.6764
0.403449  5.92675e-05 12.7119
0.407483  5.96039e-05 12.7474
0.411558  5.99422e-05 12.7828
0.415674  6.02821e-05 12.8183
0.41983  6.06239e-05 12.8538
0.424029  6.09674e-05 12.8892
0.428269  6.13127e-05 12.9246
0.432552  6.16597e-05 12.9601
0.436877  6.20084e-05 12.9955
0.441246  6.23589e-05 13.0309
0.445658  6.27121e-05 13.0663
0.450115  6.30669e-05 13.1017
0.454616  6.34244e-05 13.1371
0.459162  6.37838e-05 13.1725
0.463754  6.41449e-05 13.2079
0.468391  6.45076e-05 13.2433
0.473075  6.48721e-05 13.2787
0.477806  6.52382e-05 13.3142
0.482584  6.56059e-05 13.3496
0.48741  6.59753e-05 13.385
0.492284  6.63462e-05 13.4204
0.497207  6.67188e-05 13.4559
0.502179  6.7093e-05 13.4913
0.507201  6.74687e-05 13.5268
0.512273  6.7846e-05 13.5622
0.517396  6.82248e-05 13.5977
0.52257  6.86051e-05 13.6331
0.527795  6.89872e-05 13.6686
0.533073  6.93705e-05 13.7041
0.538404  6.97554e-05 13.7396
0.543788  7.01416e-05 13.7751
0.549226  7.05293e-05 13.8106
0.554718  7.09184e-05 13.8462
0.560265  7.13088e-05 13.8817
0.565868  7.17007e-05 13.9173
0.571527  7.20938e-05 13.953
0.577242  7.24883e-05 13.9887
0.583014  7.2884e-05 14.0244
0.588844  7.32816e-05 14.0601
0.594733  7.36822e-05 14.096
0.60068  7.4082e-05 14.1318
0.606687  7.44539e-05 14.1678
0.612754  7.48264e-05 14.2037
0.618881  7.51991e-05 14.2398
0.62507  7.55722e-05 14.2759
0.631321  7.59454e-05 14.3122
0.637634  7.63187e-05 14.3485
0.644011  7.66922e-05 14.3848
0.650451  7.70658e-05 14.4213
0.656955  7.74393e-05 14.4579
0.663525  7.78128e-05 14.4946
0.67016  7.81862e-05 14.5314
0.676862  7.85595e-05 14.5683
0.68363  7.89325e-05 14.6054
0.690466  7.93053e-05 14.6425
0.697371  7.96778e-05 14.6798
0.704345  8.00499e-05 14.7173
0.711388  8.04216e-05 14.7548
0.718502  8.07928e-05 14.7925
0.725687  8.11634e-05 14.8304
0.732944  8.15334e-05 14.8684
0.740273  8.19034e-05 14.9065
0.747676  8.22729e-05 14.9448
0.755153  8.26422e-05 14.9832
0.762705  8.30111e-05 15.0218
0.770332  8.33792e-05 15.0606
0.778035  8.37463e-05 15.0995
0.785815  8.41128e-05 15.1386
0.793673  8.44789e-05 15.1779
0.80161  8.48438e-05 15.2174
0.809626  8.52074e-05 15.2571
0.817722  8.55698e-05 15.2969
0.8259  8.59308e-05 15.337
0.834159  8.62905e-05 15.3773
0.8425  8.66486e-05 15.4178
0.850925  8.70051e-05 15.4585
0.859435  8.73601e-05 15.4994
0.868029  8.77133e-05 15.5406
0.876709  8.80647e-05 15.582
0.885476  8.84143e-05 15.6237
0.894331  8.8762e-05 15.6656
0.903274  8.91077e-05 15.7077
0.912307  8.94514e-05 15.7502
0.92143  8.97929e-05 15.7929
0.930644  9.01322e-05 15.8358
0.939951  9.04692e-05 15.8791
0.94935  9.08039e-05 15.9227
0.958844  9.11361e-05 15.9665
0.968432  9.14659e-05 16.0107
0.978117  9.17931e-05 16.0551
0.987898  9.21176e-05 16.0999
0.997777  9.24394e-05 16.145
1.00775  9.27584e-05 16.1905
1.01783  9.30746e-05 16.2363
1.02801  9.33878e-05 16.2824
1.03829  9.3698e-05 16.329
1.04867  9.40051e-05 16.3758
1.05916  9.4309e-05 16.4231
1.06975  9.46097e-05 16.4707
1.08045  9.49071e-05 16.5188
1.09125  9.52012e-05 16.5672
1.10217  9.54918e-05 16.6161
1.11319  9.57796e-05 16.6654
1.12432  9.60639e-05 16.7151
1.13556  9.63453e-05 16.7652
1.14692  9.66232e-05 16.8158
1.15839  9.68974e-05 16.8669
1.16997  9.71677e-05 16.9184
1.18167  9.74349e-05 16.9704
1.19349  9.76982e-05 17.0229
1.20542  9.79575e-05 17.0759
1.21748  9.82127e-05 17.1294
1.22965  9.84638e-05 17.1835
1.24195  9.87106e-05 17.2381
1.25437  9.89531e-05 17.2932
1.26691  9.91913e-05 17.3489
1.27958  9.94251e-05 17.4051
1.29238  9.96544e-05 17.4619
1.3053  9.98792e-05 17.5194
1.31835  0.000100099 17.5774
1.33154  0.000100315 17.636
1.34485  0.000100526 17.6953
1.3583  0.000100732 17.7552
1.37188  0.000100934 17.8158
1.3856  0.00010113 17.877
1.39946  0.000101322 17.939
1.41345  0.000101509 18.0016
1.42759  0.00010169 18.0649
1.44186  0.000101867 18.129
1.45628  0.000102039 18.1938
1.47085  0.000102205 18.2593
1.48555  0.000102368 18.3257
1.50041  0.000102524 18.3928
1.51541  0.000102677 18.4607
1.53057  0.000102824 18.5294
1.54587  0.000102966 18.5989
1.56133  0.000103103 18.6693
1.57695  0.000103235 18.7406
1.59271  0.000103361 18.8127
1.60864  0.000103482 18.8857
1.62473  0.000103598 18.9597
1.64098  0.000103709 19.0345
1.65739  0.000103814 19.1103
1.67396  0.000103913 19.1871
1.6907  0.000104008 19.2649
1.70761  0.000104096 19.3436
1.72468  0.00010418 19.4234
1.74193  0.000104257 19.5042
1.75935  0.00010433 19.5861
1.77694  0.000104397 19.6691
1.79471  0.000104458 19.7531
1.81266  0.000104514 19.8383
1.83078  0.000104565 19.9246
1.84909  0.00010461 20.012
1.86758  0.000104649 20.1007
1.88626  0.000104683 20.1905
1.90512  0.000104712 20.2816
1.92417  0.000104735 20.3739
1.94341  0.000104753 20.4674
1.96285  0.000104765 20.5623
1.98248  0.000104773 20.6584
2.0023  0.000104775 20.7559
2.02232  0.000104772 20.8548
2.04255  0.000104763 20.955
2.06297  0.000104749 21.0566
2.0836  0.00010473 21.1597
2.10444  0.000104706 21.2642
2.12548  0.000104676 21.3702
2.14674  0.000104642 21.4777
2.16821  0.000104602 21.5868
2.18989  0.000104557 21.6974
2.21179  0.000104508 21.8095
2.2339  0.000104453 21.9233
2.25624  0.000104394 22.0387
2.27881  0.000104331 22.1558
2.30159  0.000104262 22.2746
2.32461  0.000104189 22.3951
2.34786  0.000104111 22.5174
2.37134  0.000104029 22.6415
2.39505  0.000103942 22.7673
2.419  0.000103851 22.895
2.44319  0.000103755 23.0246
2.46762  0.000103654 23.1561
2.4923  0.000103549 23.2895
2.51722  0.00010344 23.4249
2.54239  0.000103327 23.5623
2.56782  0.000103209 23.7017
2.59349  0.000103087 23.8432
2.61943  0.000102961 23.9867
2.64562  0.000102831 24.1325
2.67208  0.000102697 24.2803
2.6988  0.000102559 24.4304
2.72579  0.000102417 24.5828
2.75305  0.000102272 24.7374
2.78058  0.000102123 24.8943
2.80838  0.00010197 25.0535
2.83647  0.000101813 25.2152
2.86483  0.000101653 25.3793
2.89348  0.00010149 25.5458
2.92241  0.000101323 25.7148
2.95164  0.000101153 25.8864
2.98115  0.00010098 26.0606
3.01097  0.000100804 26.2374
3.04108  0.000100626 26.4168
3.07149  0.000100444 26.599
3.1022  0.000100259 26.7839
3.13322  0.000100072 26.9716
3.16456  9.98815e-05 27.1621
3.1962  9.96888e-05 27.3555
3.22816  9.94933e-05 27.5518
3.26045  9.92954e-05 27.7511
3.29305  9.90949e-05 27.9534
3.32598  9.8892e-05 28.1587
3.35924  9.86867e-05 28.3672
3.39283  9.84791e-05 28.5788
3.42676  9.82694e-05 28.7936
3.46103  9.80574e-05 29.0117
3.49564  9.78434e-05 29.233
3.53059  9.76274e-05 29.4577
3.5659  9.74094e-05 29.6858
3.60156  9.71896e-05 29.9174
3.63758  9.69679e-05 30.1524
3.67395  9.67445e-05 30.391
3.71069  9.65195e-05 30.6332
3.7478  9.62929e-05 30.8791
3.78528  9.6065e-05 31.1286
3.82313  9.58356e-05 31.382
3.86136  9.56047e-05 31.6391
3.89997  9.53725e-05 31.9002
3.93897  9.51391e-05 32.1652
3.97836  9.49046e-05 32.4341
4.01815  9.46688e-05 32.7072
4.05833  9.44319e-05 32.9843
4.09891  9.41938e-05 33.2656
4.1399  9.39548e-05 33.5511
4.1813  9.37147e-05 33.841
4.22311  9.34737e-05 34.1352
4.26534  9.32317e-05 34.4338
4.308  9.2989e-05 34.7369
4.35108  9.27454e-05 35.0445
4.39459  9.25011e-05 35.3568
4.43853  9.22562e-05 35.6738
4.48292  9.20107e-05 35.9955
4.52775  9.17646e-05 36.322
4.57303  9.15181e-05 36.6534
4.61876  9.12711e-05 36.9897
4.66494  9.10236e-05 37.3311
4.71159  9.07756e-05 37.6776
4.75871  9.05271e-05 38.0292
4.8063  9.02783e-05 38.3861
4.85436  9.00292e-05 38.7483
4.9029  8.97797e-05 39.1159
4.95193  8.95299e-05 39.489
5.00145  8.92799e-05 39.8677
5.05146  8.90296e-05 40.2519
5.10198  8.87791e-05 40.6419
5.153  8.85285e-05 41.0377
5.20453  8.82777e-05 41.4393
5.25657  8.80267e-05 41.8469
5.30914  8.77757e-05 42.2605
5.36223  8.75246e-05 42.6803
5.41585  8.72734e-05 43.1062
5.47001  8.70222e-05 43.5385
5.52471  8.6771e-05 43.9771
5.57996  8.65198e-05 44.4223
5.63576  8.62686e-05 44.874
5.69212  8.60175e-05 45.3324
5.74904  8.57664e-05 45.7975
5.80653  8.55153e-05 46.2695
5.86459  8.52643e-05 46.7484
5.92324  8.50138e-05 47.2344
5.98247  8.47634e-05 47.7275
6.0423  8.45133e-05 48.2279
6.10272  8.42634e-05 48.7356
6.16375  8.40136e-05 49.2508
6.22538  8.3764e-05 49.7736
6.28764  8.35145e-05 50.304
6.35051  8.32652e-05 50.8422
6.41402  8.3016e-05 51.3883
6.47816  8.2767e-05 51.9424
6.54294  8.25182e-05 52.5046
6.60837  8.22696e-05 53.0751
6.67445  8.20212e-05 53.6539
6.7412  8.17729e-05 54.2411
6.80861  8.15249e-05 54.837
6.8767  8.1277e-05 55.4415
6.94546  8.10293e-05 56.0549
7.01492  8.07818e-05 56.6773
7.08507  8.05345e-05 57.3087
7.15592  8.02874e-05 57.9494
7.22748  8.00405e-05 58.5994
7.29975  7.97937e-05 59.259
7.37275  7.95472e-05 59.9281
7.44648  7.9301e-05 60.607
7.52094  7.9055e-05 61.2958
7.59615  7.88093e-05 61.9947
7.67211  7.85638e-05 62.7038
7.74883  7.83185e-05 63.4232
7.82632  7.80733e-05 64.1531
7.90459  7.78285e-05 64.8936
7.98363  7.75838e-05 65.645
8.06347  7.73393e-05 66.4073
8.1441  7.70949e-05 67.1807
8.22554  7.68507e-05 67.9654
8.3078  7.66066e-05 68.7616
8.39088  7.63626e-05 69.5694
8.47479  7.61188e-05 70.389
8.55953  7.58751e-05 71.2205
8.64513  7.56314e-05 72.0642
8.73158  7.53879e-05 72.9202
8.8189  7.51445e-05 73.7887
8.90709  7.49012e-05 74.6699
8.99616  7.46579e-05 75.564
9.08612  7.44148e-05 76.4712
9.17698  7.41717e-05 77.3916
9.26875  7.39286e-05 78.3255
9.36144  7.36856e-05 79.2731
9.45505  7.34427e-05 80.2346
9.5496  7.31998e-05 81.2101
9.6451  7.29569e-05 82.1999
9.74155  7.27141e-05 83.2043
9.83896  7.24713e-05 84.2234
9.93735  7.22285e-05 85.2574
10.0367  7.19857e-05 86.3067
10.1371  7.17429e-05 87.3713
10.2385  7.15e-05 88.4517
10.3409  7.12572e-05 89.5479
10.4443  7.10143e-05 90.6603
10.5487  7.07714e-05 91.7891
10.6542  7.05285e-05 92.9345
10.7607  7.02855e-05 94.0968
10.8683  7.00425e-05 95.2763
10.977  6.97994e-05 96.4732
11.0868  6.95564e-05 97.6878
11.1977  6.93133e-05 98.9203
11.3096  6.90703e-05 100.171
11.4227  6.88272e-05 101.441
11.537  6.85841e-05 102.729
11.6523  6.83409e-05 104.036
11.7689  6.80976e-05 105.363
11.8865  6.78543e-05 106.71
12.0054  6.76109e-05 108.076
12.1255  6.73675e-05 109.463
12.2467  6.71239e-05 110.871
12.3692  6.68802e-05 112.3
12.4929  6.66364e-05 113.75
12.6178  6.63924e-05 115.222
12.744  6.61483e-05 116.715
12.8714  6.59042e-05 118.232
13.0001  6.56598e-05 119.771
13.1301  6.54154e-05 121.333
13.2614  6.51708e-05 122.919
13.3941  6.4926e-05 124.528
13.528  6.46811e-05 126.162
13.6633  6.44361e-05 127.821
13.7999  6.41909e-05 129.504
13.9379  6.39456e-05 131.213
14.0773  6.37001e-05 132.948
14.2181  6.34545e-05 134.71
14.3602  6.32087e-05 136.498
14.5038  6.29628e-05 138.313
14.6489  6.27167e-05 140.156
14.7954  6.24705e-05 142.027
14.9433  6.22242e-05 143.927
15.0928  6.19778e-05 145.856
15.2437  6.17313e-05 147.814
15.3961  6.14846e-05 149.802
15.5501  6.12378e-05 151.821
15.7056  6.09909e-05 153.871
15.8626  6.07439e-05 155.952
16.0213  6.04967e-05 158.066
16.1815  6.02494e-05 160.212
16.3433  6.00019e-05 162.391
16.5067  5.97543e-05 164.604
16.6718  5.95066e-05 166.851
16.8385  5.92587e-05 169.133
17.0069  5.90106e-05 171.45
17.177  5.87625e-05 173.804
17.3487  5.85142e-05 176.194
17.5222  5.82658e-05 178.622
17.6974  5.80172e-05 181.087
17.8744  5.77686e-05 183.591
18.0532  5.75198e-05 186.134
18.2337  5.72709e-05 188.718
18.416  5.70219e-05 191.341
18.6002  5.67728e-05 194.006
18.7862  5.65236e-05 196.714
18.9741  5.62744e-05 199.464
19.1638  5.6025e-05 202.257
19.3554  5.57755e-05 205.095
19.549  5.5526e-05 207.977
19.7445  5.52764e-05 210.905
19.9419  5.50268e-05 213.88
20.1413  5.47771e-05 216.902
20.3427  5.45273e-05 219.972
20.5462  5.42775e-05 223.091
20.7516  5.40277e-05 226.26
20.9592  5.37778e-05 229.479
21.1687  5.35279e-05 232.749
21.3804  5.3278e-05 236.072
21.5942  5.30281e-05 239.448
21.8102  5.27781e-05 242.878
22.0283  5.25282e-05 246.364
22.2486  5.22783e-05 249.906
22.4711  5.20285e-05 253.506
22.6958  5.17787e-05 257.164
22.9227  5.15291e-05 260.881
23.1519  5.12794e-05 264.66
23.3835  5.10298e-05 268.501
23.6173  5.07803e-05 272.405
23.8535  5.05309e-05 276.373
24.092  5.02815e-05 280.407
24.3329  5.00323e-05 284.506
24.5763  4.97831e-05 288.673
24.822  4.9534e-05 292.908
25.0702  4.92851e-05 297.212
25.3209  4.90362e-05 301.585
25.5742  4.87875e-05 306.029
25.8299  4.85389e-05 310.545
26.0882  4.82905e-05 315.133
26.3491  4.80423e-05 319.795
26.6126  4.77942e-05 324.53
26.8787  4.75463e-05 329.342
27.1475  4.72986e-05 334.232
27.419  4.7051e-05 339.202
27.6931  4.68037e-05 344.254
27.9701  4.65566e-05 349.391
28.2498  4.63097e-05 354.616
28.5323  4.60631e-05 359.93
28.8176  4.58167e-05 365.337
29.1058  4.55706e-05 370.839
29.3968  4.53248e-05 376.439
29.6908  4.50792e-05 382.139
29.9877  4.20305e-05 387.943
30.2876  4.18017e-05 393.852
30.5905  4.1574e-05 399.87
30.8964  4.13465e-05 405.999
31.2053  4.11194e-05 412.241
31.5174  4.08925e-05 418.598
31.8326  4.0666e-05 425.073
32.1509  4.04399e-05 431.669
32.4724  4.02141e-05 438.388
32.7971  3.99886e-05 445.233
33.1251  3.97635e-05 452.207
33.4563  3.95388e-05 459.312
33.7909  3.93144e-05 466.551
34.1288  3.90905e-05 473.925
34.4701  3.8867e-05 481.435
34.8148  3.86439e-05 489.082
35.1629  3.84213e-05 496.866
35.5146  3.81991e-05 504.788
35.8697  3.79773e-05 512.849
36.2284  3.77561e-05 521.049
36.5907  3.75351e-05 529.39
36.9566  3.73144e-05 537.871
37.3262  3.70943e-05 546.494
37.6994  3.68747e-05 555.258
38.0764  3.66556e-05 564.167
38.4572  3.6437e-05 573.224
38.8418  3.62191e-05 582.432
39.2302  3.60016e-05 591.795
39.6225  3.57848e-05 601.318
40.0187  3.55685e-05 611.003
40.4189  3.53529e-05 620.855
40.8231  3.51378e-05 630.879
41.2313  3.49233e-05 641.078
41.6436  3.47094e-05 651.457
42.0601  3.44962e-05 662.02
42.4807  3.42836e-05 672.772
42.9055  3.40716e-05 683.715
43.3345  3.38602e-05 694.854
43.7679  3.36496e-05 706.19
44.2056  3.34395e-05 717.727
44.6476  3.32302e-05 729.469
45.0941  3.30215e-05 741.417
45.545  3.28135e-05 753.577
46.0005  3.26058e-05 765.95
46.4605  3.23988e-05 778.541
46.9251  3.21925e-05 791.352
47.3943  3.19869e-05 804.387
47.8683  3.17821e-05 817.65
48.347  3.15781e-05 831.146
48.8304  3.13748e-05 844.878
49.3187  3.11722e-05 858.852
49.8119  3.09704e-05 873.072
50.31  3.07694e-05 887.542
50.8131  3.05691e-05 902.268
51.3213  3.03696e-05 917.255
51.8345  3.01709e-05 932.508
52.3528  2.9973e-05 948.031
52.8764  2.97759e-05 963.831
53.4051  2.95796e-05 979.912
53.9392  2.93841e-05 996.279
54.4786  2.91893e-05 1012.94
55.0234  2.89954e-05 1029.89
55.5736  2.88023e-05 1047.15
56.1293  2.861e-05 1064.72
56.6906  2.84186e-05 1082.6
57.2575  2.82279e-05 1100.79
57.8301  2.80381e-05 1119.32
58.4084  2.78491e-05 1138.17
58.9925  2.7661e-05 1157.36
59.5824  2.74738e-05 1176.89
60.1782  2.72873e-05 1196.77
60.78  2.71018e-05 1217.01
61.3878  2.69169e-05 1237.61
62.0017  2.67327e-05 1258.57
62.6217  2.65495e-05 1279.91
63.2479  2.6367e-05 1301.64
63.8804  2.61855e-05 1323.75
64.5192  2.60048e-05 1346.26
65.1644  2.58249e-05 1369.17
65.816  2.5646e-05 1392.5
66.4742  2.54679e-05 1416.24
67.1389  2.52907e-05 1440.41
67.8103  2.51143e-05 1465.02
68.4884  2.49388e-05 1490.07
69.1733  2.47642e-05 1515.57
69.8651  2.45905e-05 1541.53
70.5637  2.44176e-05 1567.95
71.2693  2.42456e-05 1594.85
71.982  2.40745e-05 1622.24
72.7019  2.39043e-05 1650.12
73.4289  2.3735e-05 1678.51
74.1632  2.35665e-05 1707.4
74.9048  2.3399e-05 1736.82
75.6538  2.32323e-05 1766.77
76.4104  2.30666e-05 1797.26
77.1745  2.29017e-05 1828.3
77.9462  2.27377e-05 1859.9
78.7257  2.25746e-05 1892.07
79.513  2.24124e-05 1924.82
80.3081  2.22511e-05 1958.17
81.1112  2.20907e-05 1992.12
81.9223  2.19314e-05 2026.69
82.7415  2.1773e-05 2061.88
83.5689  2.16154e-05 2097.71
84.4046  2.14587e-05 2134.19
85.2486  2.13029e-05 2171.33
86.1011  2.11478e-05 2209.14
86.9621  2.09936e-05 2247.64
87.8318  2.08403e-05 2286.84
88.7101  2.06878e-05 2326.75
89.5972  2.05362e-05 2367.39
90.4932  2.03855e-05 2408.76
91.3981  2.02356e-05 2450.89
92.3121  2.00866e-05 2493.78
93.2352  1.99385e-05 2537.45
94.1675  1.97913e-05 2581.92
95.1092  1.96449e-05 2627.2
96.0603  1.94994e-05 2673.3
97.0209  1.93547e-05 2720.24
97.9911  1.92109e-05 2768.03
98.971  1.9068e-05 2816.7
99.9607  1.89259e-05 2866.25
100.96  1.87847e-05 2916.7
101.97  1.86444e-05 2968.08
102.99  1.85049e-05 3020.39
104.02  1.83663e-05 3073.66
105.06  1.82285e-05 3127.89
106.11  1.80915e-05 3183.12
107.171  1.79555e-05 3239.36
108.243  1.78202e-05 3296.62
109.326  1.76858e-05 3354.93
110.419  1.75523e-05 3414.3
111.523  1.74196e-05 3474.76
112.638  1.72877e-05 3536.32
113.765  1.71567e-05 3599.01
114.902  1.70266e-05 3662.84
116.051  1.68973e-05 3727.84
117.212  1.67688e-05 3794.03
118.384  1.66411e-05 3861.43
119.568  1.65143e-05 3930.06
120.763  1.63883e-05 3999.95
121.971  1.62631e-05 4071.12
123.191  1.61388e-05 4143.6
124.423  1.60153e-05 4217.4
125.667  1.58926e-05 4292.55
126.924  1.57708e-05 4369.08
128.193  1.56497e-05 4447.01
129.475  1.55294e-05 4526.37
130.77  1.54099e-05 4607.18
132.077  1.52912e-05 4689.47
133.398  1.51733e-05 4773.28
134.732  1.50562e-05 4858.62
136.079  1.49398e-05 4945.53
137.44  1.48242e-05 5034.03
138.814  1.47095e-05 5124.15
140.203  1.45955e-05 5215.93
141.605  1.44822e-05 5309.39
143.021  1.43697e-05 5404.57
144.451  1.4258e-05 5501.5
145.895  1.41471e-05 5600.21
147.354  1.40369e-05 5700.73
148.828  1.39275e-05 5803.09
150.316  1.38189e-05 5907.34
151.819  1.3711e-05 6013.5
153.338  1.36038e-05 6121.61
154.871  1.34973e-05 6231.71
156.42  1.33916e-05 6343.83
157.984  1.32867e-05 6458.02
159.564  1.31825e-05 6574.3
161.159  1.3079e-05 6692.72
162.771  1.29763e-05 6813.32
164.399  1.28743e-05 6936.14
166.043  1.2773e-05 7061.21
167.703  1.26724e-05 7188.59
169.38  1.25726e-05 7318.31
171.074  1.24734e-05 7450.41
172.785  1.2375e-05 7584.95
174.512  1.22773e-05 7721.96
176.258  1.21803e-05 7861.49
178.02  1.20839e-05 8003.59
179.8  1.19883e-05 8148.31
181.598  1.18934e-05 8295.69
183.414  1.17992e-05 8445.78
185.248  1.17056e-05 8598.64
187.101  1.16128e-05 8754.31
188.972  1.15206e-05 8912.84
190.862  1.14291e-05 9074.29
192.77  1.13382e-05 9238.72
194.698  1.12481e-05 9406.17
196.645  1.11586e-05 9576.71
198.611  1.10697e-05 9750.39
200.598  1.09816e-05 9927.27
202.604  1.0894e-05 10107.4
204.63  1.08072e-05 10290.9
206.676  1.07209e-05 10477.7
208.743  1.06353e-05 10668
210.83  1.05504e-05 10861.7
212.938  1.04661e-05 11059.1
215.068  1.03824e-05 11260.1
217.218  1.02994e-05 11464.7
219.391  1.02169e-05 11673.2
221.584  1.01351e-05 11885.5
223.8  1.0054e-05 12101.7
226.038  9.9734e-06 12321.9
228.299  9.89346e-06 12546.1
230.582  9.81413e-06 12774.5
232.888  9.7354e-06 13007.1
235.216  9.65727e-06 13243.9
237.569  9.57975e-06 13485.2
239.944  9.50282e-06 13730.8
242.344  9.42647e-06 13981
244.767  9.35071e-06 14235.8
247.215  9.27554e-06 14495.3
249.687  9.20094e-06 14759.6
252.184  9.12692e-06 15028.8
254.706  9.05348e-06 15302.9
257.253  8.98061e-06 15582
259.825  8.90831e-06 15866.3
262.423  8.83656e-06 16155.9
265.048  8.76538e-06 16450.7
267.698  8.69474e-06 16751
270.375  8.62466e-06 17056.9
273.079  8.55512e-06 17368.3
275.81  8.48612e-06 17685.5
278.568  8.41767e-06 18008.5
281.354  8.34975e-06 18337.5
284.167  8.28237e-06 18672.6
287.009  8.21552e-06 19013.8
289.879  8.14919e-06 19361.3
292.778  8.08338e-06 19715.2
295.705  8.01809e-06 20075.6
298.662  7.95332e-06 20442.6
301.649  7.88906e-06 20816.4
304.666  7.82531e-06 21197.1
307.712  7.76207e-06 21584.8
310.789  7.69933e-06 21979.6
313.897  7.63708e-06 22381.7
317.036  7.57534e-06 22791.1
320.207  7.51408e-06 23208.2
323.409  7.45332e-06 23632.9
326.643  7.39303e-06 24065.4
329.909  7.33323e-06 24505.8
333.208  7.27391e-06 24954.4
336.54  7.21506e-06 25411.2
339.906  7.15668e-06 25876.4
343.305  7.09877e-06 26350.2
346.738  7.04133e-06 26832.6
350.205  6.98434e-06 27324
353.707  6.92781e-06 27824.4
357.244  6.87173e-06 28334
360.817  6.81608e-06 28852.9
364.425  6.76088e-06 29381.4
368.069  6.70612e-06 29919.6
371.75  6.65181e-06 30467.7
375.467  6.59795e-06 31025.8
379.222  6.54452e-06 31594.3
383.014  6.49153e-06 32173.1
386.844  6.43897e-06 32762.6
390.713  6.38683e-06 33362.9
394.62  6.33513e-06 33974.3
398.566  6.28385e-06 34596.8
402.552  6.23299e-06 35230.8
406.577  6.18254e-06 35876.5
410.643  6.13251e-06 36534
414.75  6.08288e-06 37203.5
418.897  6.03367e-06 37885.3
423.086  5.98485e-06 38579.7
427.317  5.93644e-06 39286.8
431.59  5.88843e-06 40006.8
435.906  5.84081e-06 40740.1
440.265  5.79358e-06 41486.8
444.668  5.74674e-06 42247.2
449.114  5.7003e-06 43021.6
453.605  5.65423e-06 43810.1
458.142  5.60855e-06 44613.1
462.723  5.56324e-06 45430.8
467.35  5.51831e-06 46263.5
472.024  5.47375e-06 47111.5
476.744  5.42956e-06 47974.9
481.511  5.38574e-06 48854.2
486.326  5.34227e-06 49749.6
491.19  5.29917e-06 50661.4
496.102  5.25643e-06 51589.9
501.063  5.21403e-06 52535.4
506.073  5.17199e-06 53498.2
511.134  5.13031e-06 54478.5
516.245  5.08897e-06 55476.9
521.408  5.04797e-06 56493.4
526.622  5.00732e-06 57528.6
531.888  4.967e-06 58582.6
537.207  4.92477e-06 59656
542.579  4.88514e-06 60748.9
548.005  4.84584e-06 61861.8
553.485  4.80687e-06 62995
559.02  4.76822e-06 64149
564.61  4.72989e-06 65324
570.256  4.69188e-06 66520.5
575.959  4.65419e-06 67738.9
581.718  4.61682e-06 68979.5
587.535  4.57975e-06 70242.8
593.411  4.54299e-06 71529.1
599.345  4.50654e-06 72839
605.338  4.4704e-06 74172.7
611.392  4.43455e-06 75530.8
617.506  4.39901e-06 76913.7
623.681  4.36377e-06 78321.7
629.917  4.32882e-06 79755.4
636.217  4.29417e-06 81215.1
642.579  4.2598e-06 82701.4
649.005  4.22573e-06 84214.7
655.495  4.19194e-06 85755.4
662.05  4.15844e-06 87324.1
668.67  4.12522e-06 88921.2
675.357  4.09229e-06 90547.3
682.11  4.05963e-06 92202.9
688.931  4.02725e-06 93888.5
695.821  3.99514e-06 95604.7
702.779  3.96331e-06 97352.2
709.807  3.93174e-06 99131.4
716.905  3.90045e-06 100943
724.074  3.86942e-06 102788
731.315  3.83865e-06 104666
738.628  3.80815e-06 106579
746.014  3.77791e-06 108526
753.474  3.74792e-06 110509
761.009  3.7182e-06 112529
768.619  3.68872e-06 114586
776.305  3.6595e-06 116680
784.068  3.63053e-06 118813
791.909  3.6018e-06 120985
799.828  3.57332e-06 123198
807.826  3.54509e-06 125451
815.905  3.51709e-06 127747
824.064  3.48934e-06 130085
832.304  3.46182e-06 132466
840.627  3.43454e-06 134892
849.034  3.40749e-06 137364
857.524  3.38068e-06 139881
866.099  3.35409e-06 142445
874.76  3.32773e-06 145058
883.508  3.3016e-06 147719
892.343  3.27569e-06 150429
901.266  3.25001e-06 153190
910.279  3.22454e-06 156002
919.382  3.19929e-06 158867
928.575  3.17427e-06 161785
937.861  3.14945e-06 164757
947.24  3.12485e-06 167784
956.712  3.10046e-06 170867
966.279  3.07628e-06 174008
975.942  3.05231e-06 177206
985.702  3.02854e-06 180464
995.559  3.00498e-06 183782
