0.001  1.49863e-06 1.33457
0.00101  1.5061e-06 1.34123
0.0010201  1.51361e-06 1.34792
0.0010303  1.52116e-06 1.35464
0.0010406  1.52875e-06 1.3614
0.00105101  1.53637e-06 1.36819
0.00106152  1.54404e-06 1.37501
0.00107214  1.55174e-06 1.38187
0.00108286  1.55948e-06 1.38876
0.00109369  1.56725e-06 1.39569
0.00110462  1.57507e-06 1.40265
0.00111567  1.58293e-06 1.40964
0.00112683  1.59082e-06 1.41667
0.00113809  1.59876e-06 1.42374
0.00114947  1.60673e-06 1.43084
0.00116097  1.61474e-06 1.43798
0.00117258  1.6228e-06 1.44515
0.0011843  1.63089e-06 1.45236
0.00119615  1.63903e-06 1.4596
0.00120811  1.6472e-06 1.46688
0.00122019  1.65542e-06 1.4742
0.00123239  1.66367e-06 1.48155
0.00124472  1.67197e-06 1.48894
0.00125716  1.68031e-06 1.49636
0.00126973  1.68869e-06 1.50383
0.00128243  1.69711e-06 1.51133
0.00129526  1.70558e-06 1.51887
0.00130821  1.71408e-06 1.52644
0.00132129  1.72263e-06 1.53405
0.0013345  1.73122e-06 1.54171
0.00134785  1.73986e-06 1.5494
0.00136133  1.74854e-06 1.55712
0.00137494  1.75726e-06 1.56489
0.00138869  1.76602e-06 1.57269
0.00140258  1.77483e-06 1.58054
0.0014166  1.78368e-06 1.58842
0.00143077  1.79258e-06 1.59634
0.00144508  1.80152e-06 1.6043
0.00145953  1.8105e-06 1.61231
0.00147412  1.81953e-06 1.62035
0.00148886  1.82861e-06 1.62843
0.00150375  1.83773e-06 1.63655
0.00151879  1.84689e-06 1.64471
0.00153398  1.85611e-06 1.65292
0.00154932  1.86536e-06 1.66116
0.00156481  1.87467e-06 1.66944
0.00158046  1.88402e-06 1.67777
0.00159626  1.89341e-06 1.68614
0.00161223  1.90286e-06 1.69455
0.00162835  1.91235e-06 1.703
0.00164463  1.92189e-06 1.71149
0.00166108  1.93147e-06 1.72003
0.00167769  1.9411e-06 1.72861
0.00169447  1.95079e-06 1.73723
0.00171141  1.96052e-06 1.7459
0.00172852  1.97029e-06 1.7546
0.00174581  1.98012e-06 1.76335
0.00176327  1.99e-06 1.77215
0.0017809  1.99992e-06 1.78099
0.00179871  2.0099e-06 1.78987
0.0018167  2.01992e-06 1.7988
0.00183486  2.03e-06 1.80777
0.00185321  2.04012e-06 1.81678
0.00187174  2.0503e-06 1.82585
0.00189046  2.06052e-06 1.83495
0.00190937  2.0708e-06 1.8441
0.00192846  2.08113e-06 1.8533
0.00194774  2.09151e-06 1.86254
0.00196722  2.10194e-06 1.87183
0.00198689  2.11242e-06 1.88117
0.00200676  2.12296e-06 1.89055
0.00202683  2.13355e-06 1.89998
0.0020471  2.14419e-06 1.90946
0.00206757  2.15488e-06 1.91898
0.00208825  2.16563e-06 1.92855
0.00210913  2.17643e-06 1.93817
0.00213022  2.18729e-06 1.94784
0.00215152  2.19819e-06 1.95755
0.00217304  2.20916e-06 1.96732
0.00219477  2.22018e-06 1.97713
0.00221672  2.23125e-06 1.98699
0.00223888  2.24238e-06 1.9969
0.00226127  2.25356e-06 2.00686
0.00228388  2.2648e-06 2.01687
0.00230672  2.2761e-06 2.02693
0.00232979  2.28745e-06 2.03704
0.00235309  2.29886e-06 2.0472
0.00237662  2.31032e-06 2.05741
0.00240038  2.32185e-06 2.06767
0.00242439  2.33343e-06 2.07798
0.00244863  2.34507e-06 2.08834
0.00247312  2.35676e-06 2.09876
0.00249785  2.36852e-06 2.10923
0.00252283  2.38033e-06 2.11975
0.00254806  2.3922e-06 2.13032
0.00257354  2.40413e-06 2.14094
0.00259927  2.41612e-06 2.15162
0.00262527  2.42817e-06 2.16235
0.00265152  2.44029e-06 2.17314
0.00267803  2.45246e-06 2.18398
0.00270481  2.46469e-06 2.19487
0.00273186  2.47698e-06 2.20582
0.00275918  2.48933e-06 2.21682
0.00278677  2.50175e-06 2.22787
0.00281464  2.51423e-06 2.23899
0.00284279  2.52677e-06 2.25015
0.00287121  2.53937e-06 2.26138
0.00289993  2.55204e-06 2.27265
0.00292893  2.56476e-06 2.28399
0.00295822  2.57756e-06 2.29538
0.0029878  2.59041e-06 2.30683
0.00301768  2.60333e-06 2.31834
0.00304785  2.61632e-06 2.3299
0.00307833  2.62937e-06 2.34152
0.00310911  2.64248e-06 2.3532
0.0031402  2.65566e-06 2.36493
0.00317161  2.6689e-06 2.37673
0.00320332  2.68222e-06 2.38858
0.00323536  2.69559e-06 2.4005
0.00326771  2.70904e-06 2.41247
0.00330039  2.72255e-06 2.4245
0.00333339  2.73613e-06 2.43659
0.00336672  2.74977e-06 2.44875
0.00340039  2.76349e-06 2.46096
0.0034344  2.77727e-06 2.47323
0.00346874  2.79112e-06 2.48557
0.00350343  2.80504e-06 2.49796
0.00353846  2.81904e-06 2.51042
0.00357385  2.8331e-06 2.52294
0.00360958  2.84723e-06 2.53553
0.00364568  2.86143e-06 2.54817
0.00368214  2.8757e-06 2.56088
0.00371896  2.89004e-06 2.57366
0.00375615  2.90445e-06 2.58649
0.00379371  2.91894e-06 2.59939
0.00383165  2.9335e-06 2.61236
0.00386996  2.94813e-06 2.62539
0.00390866  2.96283e-06 2.63848
0.00394775  2.97761e-06 2.65164
0.00398723  2.99246e-06 2.66486
0.0040271  3.00739e-06 2.67815
0.00406737  3.02239e-06 2.69151
0.00410804  3.03746e-06 2.70494
0.00414912  3.05261e-06 2.71843
0.00419062  3.06784e-06 2.73199
0.00423252  3.08314e-06 2.74561
0.00427485  3.09851e-06 2.75931
0.0043176  3.11397e-06 2.77307
0.00436077  3.1295e-06 2.7869
0.00440438  3.14511e-06 2.8008
0.00444842  3.16079e-06 2.81477
0.00449291  3.17656e-06 2.8288
0.00453784  3.1924e-06 2.84291
0.00458321  3.20833e-06 2.85709
0.00462905  3.22433e-06 2.87134
0.00467534  3.24041e-06 2.88566
0.00472209  3.25657e-06 2.90006
0.00476931  3.27281e-06 2.91452
0.004817  3.28914e-06 2.92906
0.00486517  3.30554e-06 2.94367
0.00491383  3.32203e-06 2.95835
0.00496296  3.3386e-06 2.9731
0.00501259  3.35525e-06 2.98793
0.00506272  3.37198e-06 3.00283
0.00511335  3.3888e-06 3.01781
0.00516448  3.4057e-06 3.03286
0.00521613  3.42269e-06 3.04799
0.00526829  3.43976e-06 3.06319
0.00532097  3.45691e-06 3.07847
0.00537418  3.47416e-06 3.09382
0.00542792  3.49148e-06 3.10925
0.0054822  3.5089e-06 3.12476
0.00553702  3.5264e-06 3.14034
0.00559239  3.54399e-06 3.15601
0.00564832  3.56166e-06 3.17175
0.0057048  3.57943e-06 3.18757
0.00576185  3.59728e-06 3.20346
0.00581947  3.61522e-06 3.21944
0.00587766  3.63325e-06 3.2355
0.00593644  3.65137e-06 3.25164
0.0059958  3.66958e-06 3.26785
0.00605576  3.68789e-06 3.28415
0.00611632  3.70628e-06 3.30053
0.00617748  3.72477e-06 3.31699
0.00623926  3.74334e-06 3.33354
0.00630165  3.76201e-06 3.35016
0.00636466  3.78078e-06 3.36687
0.00642831  3.79963e-06 3.38366
0.00649259  3.81858e-06 3.40054
0.00655752  3.83763e-06 3.4175
0.0066231  3.85677e-06 3.43455
0.00668933  3.87601e-06 3.45168
0.00675622  3.89534e-06 3.46889
0.00682378  3.91477e-06 3.48619
0.00689202  3.93429e-06 3.50358
0.00696094  3.95391e-06 3.52105
0.00703055  3.97363e-06 3.53862
0.00710085  3.99345e-06 3.55626
0.00717186  4.01337e-06 3.574
0.00724358  4.03339e-06 3.59183
0.00731602  4.0535e-06 3.60974
0.00738918  4.07372e-06 3.62775
0.00746307  4.09404e-06 3.64584
0.0075377  4.11446e-06 3.66402
0.00761308  4.13498e-06 3.6823
0.00768921  4.1556e-06 3.70066
0.0077661  4.17633e-06 3.71912
0.00784376  4.19716e-06 3.73767
0.0079222  4.21809e-06 3.75631
0.00800142  4.23913e-06 3.77505
0.00808144  4.26027e-06 3.79387
0.00816225  4.28152e-06 3.8128
0.00824387  4.30288e-06 3.83181
0.00832631  4.32434e-06 3.85092
0.00840957  4.34591e-06 3.87013
0.00849367  4.36758e-06 3.88943
0.00857861  4.38936e-06 3.90883
0.00866439  4.41126e-06 3.92833
0.00875104  4.43326e-06 3.94792
0.00883855  4.45537e-06 3.96761
0.00892693  4.47759e-06 3.9874
0.0090162  4.49992e-06 4.00729
0.00910636  4.52237e-06 4.02727
0.00919743  4.54492e-06 4.04736
0.0092894  4.56759e-06 4.06755
0.0093823  4.59037e-06 4.08783
0.00947612  4.61327e-06 4.10822
0.00957088  4.63628e-06 4.12871
0.00966659  4.6594e-06 4.1493
0.00976325  4.68264e-06 4.17
0.00986089  4.70599e-06 4.1908
0.0099595  4.72946e-06 4.2117
0.0100591  4.75305e-06 4.2327
0.0101597  4.77676e-06 4.25381
0.0102613  4.80058e-06 4.27503
0.0103639  4.82453e-06 4.29635
0.0104675  4.84859e-06 4.31778
0.0105722  4.87277e-06 4.33932
0.0106779  4.89707e-06 4.36096
0.0107847  4.9215e-06 4.38271
0.0108926  4.94605e-06 4.40457
0.0110015  4.97071e-06 4.42654
0.0111115  4.99551e-06 4.44861
0.0112226  5.02042e-06 4.4708
0.0113348  5.04546e-06 4.4931
0.0114482  5.07063e-06 4.51551
0.0115627  5.09592e-06 4.53803
0.0116783  5.12133e-06 4.56066
0.0117951  5.14687e-06 4.58341
0.011913  5.17255e-06 4.60627
0.0120322  5.19834e-06 4.62924
0.0121525  5.22427e-06 4.65233
0.012274  5.25033e-06 4.67554
0.0123967  5.27651e-06 4.69885
0.0125207  5.30283e-06 4.72229
0.0126459  5.32928e-06 4.74584
0.0127724  5.35586e-06 4.76951
0.0129001  5.38257e-06 4.7933
0.0130291  5.40942e-06 4.81721
0.0131594  5.4364e-06 4.84124
0.013291  5.46351e-06 4.86538
0.0134239  5.49076e-06 4.88965
0.0135581  5.51815e-06 4.91404
0.0136937  5.54567e-06 4.93855
0.0138307  5.57333e-06 4.96318
0.013969  5.60113e-06 4.98793
0.0141086  5.62906e-06 5.01281
0.0142497  5.65714e-06 5.03781
0.0143922  5.68535e-06 5.06293
0.0145362  5.71371e-06 5.08818
0.0146815  5.74221e-06 5.11356
0.0148283  5.77085e-06 5.13906
0.0149766  5.79963e-06 5.16469
0.0151264  5.82855e-06 5.19045
0.0152776  5.85762e-06 5.21634
0.0154304  5.88684e-06 5.24235
0.0155847  5.9162e-06 5.2685
0.0157406  5.94571e-06 5.29478
0.015898  5.97536e-06 5.32119
0.016057  6.00516e-06 5.34773
0.0162175  6.03512e-06 5.37441
0.0163797  6.06522e-06 5.40122
0.0165435  6.09547e-06 5.42817
0.0167089  6.12587e-06 5.45525
0.016876  6.15642e-06 5.48246
0.0170448  6.18713e-06 5.50981
0.0172152  6.21799e-06 5.53729
0.0173874  6.249e-06 5.56491
0.0175613  6.28017e-06 5.59266
0.0177369  6.31149e-06 5.62055
0.0179142  6.34297e-06 5.64857
0.0180934  6.3746e-06 5.67673
0.0182743  6.4064e-06 5.70503
0.0184571  6.43835e-06 5.73346
0.0186416  6.47046e-06 5.76204
0.018828  6.50273e-06 5.79076
0.0190163  6.53517e-06 5.81963
0.0192065  6.56776e-06 5.84864
0.0193986  6.60052e-06 5.8778
0.0195925  6.63344e-06 5.90711
0.0197885  6.66652e-06 5.93658
0.0199864  6.69977e-06 5.9662
0.0201862  6.73199e-06 5.99597
0.0203881  6.76079e-06 6.02591
0.020592  6.78967e-06 6.05601
0.0207979  6.81865e-06 6.08627
0.0210059  6.84772e-06 6.1167
0.0212159  6.87688e-06 6.1473
0.0214281  6.90613e-06 6.17807
0.0216424  6.93547e-06 6.20901
0.0218588  6.96491e-06 6.24013
0.0220774  6.99442e-06 6.27143
0.0222981  7.02403e-06 6.30291
0.0225211  7.05373e-06 6.33457
0.0227463  7.08351e-06 6.36642
0.0229738  7.11338e-06 6.39846
0.0232035  7.14334e-06 6.43069
0.0234356  7.17338e-06 6.46311
0.0236699  7.20351e-06 6.49572
0.0239066  7.23372e-06 6.52851
0.0241457  7.26402e-06 6.5615
0.0243871  7.2944e-06 6.59468
0.024631  7.32487e-06 6.62805
0.0248773  7.35541e-06 6.66162
0.0251261  7.38604e-06 6.69538
0.0253774  7.41674e-06 6.72933
0.0256311  7.44753e-06 6.76348
0.0258874  7.4784e-06 6.79783
0.0261463  7.50934e-06 6.83237
0.0264078  7.54036e-06 6.86712
0.0266719  7.57146e-06 6.90207
0.0269386  7.60264e-06 6.93722
0.027208  7.63388e-06 6.97258
0.02748  7.66521e-06 7.00814
0.0277548  7.6966e-06 7.04391
0.0280324  7.72807e-06 7.07989
0.0283127  7.75961e-06 7.11609
0.0285958  7.79122e-06 7.1525
0.0288818  7.82289e-06 7.18913
0.0291706  7.85464e-06 7.22597
0.0294623  7.88645e-06 7.26304
0.029757  7.91833e-06 7.30032
0.0300545  7.95027e-06 7.33783
0.0303551  7.98227e-06 7.37555
0.0306586  8.01434e-06 7.41351
0.0309652  8.04646e-06 7.45169
0.0312749  8.07865e-06 7.49009
0.0315876  8.11089e-06 7.52873
0.0319035  8.14319e-06 7.5676
0.0322225  8.17555e-06 7.6067
0.0325447  8.20796e-06 7.64604
0.0328702  8.24042e-06 7.68561
0.0331989  8.27293e-06 7.72542
0.0335309  8.30549e-06 7.76547
0.0338662  8.3381e-06 7.80576
0.0342049  8.37075e-06 7.8463
0.0345469  8.40345e-06 7.88708
0.0348924  8.4362e-06 7.92811
0.0352413  8.46898e-06 7.96939
0.0355937  8.5018e-06 8.01092
0.0359496  8.53466e-06 8.0527
0.0363091  8.56756e-06 8.09475
0.0366722  8.60049e-06 8.13704
0.037039  8.63345e-06 8.1796
0.0374093  8.66644e-06 8.22242
0.0377834  8.69946e-06 8.26551
0.0381613  8.7325e-06 8.30886
0.0385429  8.76557e-06 8.35247
0.0389283  8.79867e-06 8.39636
0.0393176  8.83178e-06 8.44052
0.0397108  8.86491e-06 8.48496
0.0401079  8.89805e-06 8.52967
0.040509  8.93121e-06 8.57466
0.040914  8.96438e-06 8.61993
0.0413232  8.99756e-06 8.66549
0.0417364  9.03074e-06 8.71133
0.0421538  9.06393e-06 8.75746
0.0425753  9.09712e-06 8.80389
0.0430011  9.1303e-06 8.8506
0.0434311  9.16349e-06 8.89761
0.0438654  9.19666e-06 8.94492
0.044304  9.22983e-06 8.99253
0.0447471  9.26299e-06 9.04045
0.0451946  9.29613e-06 9.08867
0.0456465  9.32926e-06 9.1372
0.046103  9.36236e-06 9.18604
0.046564  9.39544e-06 9.2352
0.0470296  9.4285e-06 9.28467
0.0474999  9.46153e-06 9.33446
0.0479749  9.49452e-06 9.38458
0.0484547  9.52748e-06 9.43502
0.0489392  9.56041e-06 9.48579
0.0494286  9.59329e-06 9.53689
0.0499229  9.62613e-06 9.58832
0.0504221  9.65892e-06 9.6401
0.0509264  9.69166e-06 9.69221
0.0514356  9.72435e-06 9.74467
0.05195  9.75697e-06 9.79748
0.0524695  9.78954e-06 9.85064
0.0529942  9.82205e-06 9.90415
0.0535241  9.85448e-06 9.95801
0.0540594  9.88685e-06 10.0122
0.0546  9.91914e-06 10.0668
0.055146  9.95135e-06 10.1218
0.0556974  9.98348e-06 10.1771
0.0562544  1.00155e-05 10.2328
0.0568169  1.00475e-05 10.2889
0.0573851  1.00793e-05 10.3453
0.0579589  1.01111e-05 10.4022
0.0585385  1.01428e-05 10.4594
0.0591239  1.01743e-05 10.517
0.0597152  1.02058e-05 10.5751
0.0603123  1.02371e-05 10.6335
0.0609154  1.02683e-05 10.6923
0.0615246  1.02994e-05 10.7515
0.0621398  1.03304e-05 10.8112
0.0627612  1.03612e-05 10.8712
0.0633888  1.03919e-05 10.9317
0.0640227  1.04225e-05 10.9926
0.064663  1.04529e-05 11.054
0.0653096  1.04832e-05 11.1158
0.0659627  1.05134e-05 11.178
0.0666223  1.05433e-05 11.2406
0.0672885  1.05731e-05 11.3038
0.0679614  1.06028e-05 11.3673
0.068641  1.06323e-05 11.4313
0.0693275  1.06616e-05 11.4958
0.0700207  1.06907e-05 11.5607
0.0707209  1.07197e-05 11.6261
0.0714281  1.07484e-05 11.692
0.0721424  1.0777e-05 11.7583
0.0728638  1.08054e-05 11.8252
0.0735925  1.08336e-05 11.8925
0.0743284  1.08615e-05 11.9603
0.0750717  1.08893e-05 12.0286
0.0758224  1.09168e-05 12.0975
0.0765806  1.09442e-05 12.1668
0.0773464  1.09713e-05 12.2367
0.0781199  1.09981e-05 12.3071
0.0789011  1.10248e-05 12.378
0.0796901  1.10512e-05 12.4495
0.080487  1.10774e-05 12.5216
0.0812919  1.10988e-05 12.5942
0.0821048  1.11195e-05 12.6674
0.0829259  1.11399e-05 12.7412
0.0837551  1.116e-05 12.8156
0.0845927  1.11796e-05 12.8905
0.0854386  1.11989e-05 12.9661
0.086293  1.12178e-05 13.0423
0.0871559  1.12363e-05 13.1191
0.0880275  1.12545e-05 13.1966
0.0889077  1.12722e-05 13.2748
0.0897968  1.12895e-05 13.3536
0.0906948  1.13065e-05 13.433
0.0916017  1.1323e-05 13.5132
0.0925178  1.1339e-05 13.594
0.0934429  1.13547e-05 13.6756
0.0943774  1.13699e-05 13.7578
0.0953211  1.13847e-05 13.8408
0.0962743  1.1399e-05 13.9244
0.0972371  1.14128e-05 14.0089
0.0982095  1.14262e-05 14.094
0.0991916  1.14392e-05 14.1799
0.100183  1.14516e-05 14.2666
0.101185  1.14636e-05 14.3541
0.102197  1.14751e-05 14.4423
0.103219  1.14861e-05 14.5313
0.104251  1.14966e-05 14.6211
0.105294  1.15066e-05 14.7118
0.106347  1.15161e-05 14.8032
0.10741  1.15251e-05 14.8955
0.108484  1.15335e-05 14.9887
0.109569  1.15415e-05 15.0827
0.110665  1.15489e-05 15.1776
0.111772  1.15557e-05 15.2734
0.112889  1.15621e-05 15.3701
0.114018  1.15678e-05 15.4677
0.115158  1.15731e-05 15.5662
0.11631  1.15777e-05 15.6657
0.117473  1.15818e-05 15.7662
0.118648  1.15854e-05 15.8676
0.119834  1.15883e-05 15.97
0.121033  1.15907e-05 16.0734
0.122243  1.15925e-05 16.1778
0.123465  1.15937e-05 16.2832
0.1247  1.15944e-05 16.3897
0.125947  1.15944e-05 16.4973
0.127206  1.15938e-05 16.6059
0.128478  1.15927e-05 16.7156
0.129763  1.15909e-05 16.8265
0.131061  1.15885e-05 16.9384
0.132372  1.15855e-05 17.0516
0.133695  1.15819e-05 17.1658
0.135032  1.15777e-05 17.2813
0.136383  1.15729e-05 17.3979
0.137746  1.15674e-05 17.5158
0.139124  1.15613e-05 17.6349
0.140515  1.15546e-05 17.7553
0.14192  1.15472e-05 17.8769
0.143339  1.15392e-05 17.9999
0.144773  1.15306e-05 18.1241
0.146221  1.15213e-05 18.2498
0.147683  1.15114e-05 18.3767
0.14916  1.15009e-05 18.5051
0.150651  1.14897e-05 18.6348
0.152158  1.14779e-05 18.766
0.153679  1.14654e-05 18.8987
0.155216  1.14523e-05 19.0328
0.156768  1.14385e-05 19.1684
0.158336  1.14241e-05 19.3055
0.159919  1.14091e-05 19.4442
0.161518  1.13934e-05 19.5845
0.163134  1.1377e-05 19.7263
0.164765  1.13601e-05 19.8698
0.166413  1.13424e-05 20.015
0.168077  1.13242e-05 20.1618
0.169757  1.13053e-05 20.3104
0.171455  1.12857e-05 20.4607
0.17317  1.12656e-05 20.6127
0.174901  1.12447e-05 20.7666
0.17665  1.12233e-05 20.9223
0.178417  1.12012e-05 21.0798
0.180201  1.11785e-05 21.2392
0.182003  1.11552e-05 21.4006
0.183823  1.11313e-05 21.564
0.185661  1.11067e-05 21.7293
0.187518  1.10815e-05 21.8966
0.189393  1.10557e-05 22.066
0.191287  1.10293e-05 22.2376
0.1932  1.10023e-05 22.4112
0.195132  1.09747e-05 22.587
0.197083  1.09465e-05 22.765
0.199054  1.09177e-05 22.9453
0.201045  1.08884e-05 23.1279
0.203055  1.08584e-05 23.3128
0.205086  1.08279e-05 23.5001
0.207136  1.07968e-05 23.6897
0.209208  1.07651e-05 23.8819
0.2113  1.07329e-05 24.0765
0.213413  1.07002e-05 24.2737
0.215547  1.06669e-05 24.4734
0.217702  1.0633e-05 24.6758
0.219879  1.05986e-05 24.8809
0.222078  1.05638e-05 25.0887
0.224299  1.05283e-05 25.2993
0.226542  1.04924e-05 25.5127
0.228807  1.0456e-05 25.729
0.231095  1.04191e-05 25.9482
0.233406  1.03817e-05 26.1704
0.235741  1.03438e-05 26.3956
0.238098  1.03054e-05 26.6239
0.240479  1.02666e-05 26.8554
0.242884  1.02274e-05 27.0901
0.245313  1.01877e-05 27.328
0.247766  1.01475e-05 27.5693
0.250243  1.01069e-05 27.814
0.252746  1.0066e-05 28.0621
0.255273  1.00246e-05 28.3137
0.257826  9.98275e-06 28.5688
0.260404  9.94057e-06 28.8277
0.263008  9.898e-06 29.0902
0.265638  9.85505e-06 29.3565
0.268295  9.81175e-06 29.6266
0.270978  9.7681e-06 29.9007
0.273687  9.7241e-06 30.1787
0.276424  9.67977e-06 30.4608
0.279189  9.63512e-06 30.747
0.28198  9.59016e-06 31.0375
0.2848  9.54489e-06 31.3322
0.287648  9.49933e-06 31.6313
0.290525  9.45349e-06 31.9348
0.29343  9.40738e-06 32.2429
0.296364  9.36101e-06 32.5556
0.299328  9.31438e-06 32.873
0.302321  9.26752e-06 33.1952
0.305344  9.22042e-06 33.5222
0.308398  9.17311e-06 33.8542
0.311482  9.12558e-06 34.1913
0.314597  9.07785e-06 34.5335
0.317743  9.02994e-06 34.881
0.32092  8.98184e-06 35.2338
0.324129  8.93358e-06 35.5921
0.32737  8.88516e-06 35.9559
0.330644  8.83659e-06 36.3253
0.333951  8.78788e-06 36.7006
0.33729  8.73904e-06 37.0816
0.340663  8.69008e-06 37.4687
0.34407  8.64102e-06 37.8618
0.34751  8.59185e-06 38.2611
0.350985  8.5426e-06 38.6667
0.354495  8.49327e-06 39.0788
0.35804  8.44387e-06 39.4974
0.361621  8.39441e-06 39.9227
0.365237  8.3449e-06 40.3547
0.368889  8.29535e-06 40.7937
0.372578  8.24577e-06 41.2398
0.376304  8.19616e-06 41.693
0.380067  8.14655e-06 42.1535
0.383868  8.09692e-06 42.6214
0.387706  8.04731e-06 43.097
0.391583  7.9977e-06 43.5803
0.395499  7.94812e-06 44.0714
0.399454  7.89857e-06 44.5706
0.403449  7.84906e-06 45.0779
0.407483  7.7996e-06 45.5935
0.411558  7.75019e-06 46.1176
0.415674  7.70084e-06 46.6504
0.41983  7.65157e-06 47.1919
0.424029  7.60237e-06 47.7424
0.428269  7.55326e-06 48.3019
0.432552  7.50425e-06 48.8708
0.436877  7.45533e-06 49.4491
0.441246  7.40652e-06 50.037
0.445658  7.35783e-06 50.6347
0.450115  7.30926e-06 51.2424
0.454616  7.26081e-06 51.8603
0.459162  7.2125e-06 52.4885
0.463754  7.16434e-06 53.1273
0.468391  7.11631e-06 53.7768
0.473075  7.06844e-06 54.4372
0.477806  7.02073e-06 55.1087
0.482584  6.97319e-06 55.7916
0.48741  6.92581e-06 56.4861
0.492284  6.87861e-06 57.1922
0.497207  6.83158e-06 57.9104
0.502179  6.78474e-06 58.6407
0.507201  6.73809e-06 59.3834
0.512273  6.69164e-06 60.1387
0.517396  6.64538e-06 60.907
0.52257  6.59933e-06 61.6883
0.527795  6.55348e-06 62.4829
0.533073  6.50784e-06 63.2911
0.538404  6.46242e-06 64.1131
0.543788  6.41721e-06 64.9491
0.549226  6.37223e-06 65.7995
0.554718  6.32747e-06 66.6645
0.560265  6.28294e-06 67.5443
0.565868  6.23864e-06 68.4392
0.571527  6.19457e-06 69.3494
0.577242  6.15074e-06 70.2753
0.583014  6.10715e-06 71.2172
0.588844  6.0638e-06 72.1752
0.594733  6.02069e-06 73.1498
0.60068  5.97783e-06 74.1412
0.606687  5.93521e-06 75.1496
0.612754  5.89285e-06 76.1755
0.618881  5.85073e-06 77.219
0.62507  5.80887e-06 78.2806
0.631321  5.76726e-06 79.3606
0.637634  5.72591e-06 80.4592
0.644011  5.68481e-06 81.5768
0.650451  5.64398e-06 82.7138
0.656955  5.60339e-06 83.8704
0.663525  5.56307e-06 85.0471
0.67016  5.52301e-06 86.2442
0.676862  5.48321e-06 87.462
0.68363  5.44367e-06 88.7009
0.690466  5.40439e-06 89.9613
0.697371  5.36537e-06 91.2435
0.704345  5.32662e-06 92.548
0.711388  5.28813e-06 93.8752
0.718502  5.24989e-06 95.2253
0.725687  5.21192e-06 96.5989
0.732944  5.17421e-06 97.9963
0.740273  5.13677e-06 99.418
0.747676  5.09958e-06 100.864
0.755153  5.06265e-06 102.336
0.762705  5.02599e-06 103.833
0.770332  4.98958e-06 105.356
0.778035  4.95343e-06 106.906
0.785815  4.91754e-06 108.482
0.793673  4.8819e-06 110.086
0.80161  4.84653e-06 111.718
0.809626  4.8114e-06 113.378
0.817722  4.77653e-06 115.066
0.8259  4.74192e-06 116.785
0.834159  4.70755e-06 118.533
0.8425  4.67344e-06 120.311
0.850925  4.63958e-06 122.12
0.859435  4.60596e-06 123.961
0.868029  4.5726e-06 125.834
0.876709  4.53948e-06 127.739
0.885476  4.5066e-06 129.678
0.894331  4.47397e-06 131.65
0.903274  4.44157e-06 133.656
0.912307  4.40942e-06 135.697
0.92143  4.37751e-06 137.774
0.930644  4.34583e-06 139.886
0.939951  4.31439e-06 142.035
0.94935  4.28319e-06 144.222
0.958844  4.25221e-06 146.447
0.968432  4.22147e-06 148.71
0.978117  4.19096e-06 151.012
0.987898  4.16067e-06 153.354
0.997777  4.13061e-06 155.738
1.00775  4.10078e-06 158.162
1.01783  4.07116e-06 160.628
1.02801  4.04177e-06 163.137
1.03829  4.0126e-06 165.69
1.04867  3.98364e-06 168.287
1.05916  3.9549e-06 170.929
1.06975  3.92638e-06 173.617
1.08045  3.89806e-06 176.351
1.09125  3.86996e-06 179.133
1.10217  3.84207e-06 181.963
1.11319  3.81438e-06 184.843
1.12432  3.7869e-06 187.772
1.13556  3.75962e-06 190.751
1.14692  3.73255e-06 193.783
1.15839  3.70567e-06 196.867
1.16997  3.67899e-06 200.004
1.18167  3.65251e-06 203.196
1.19349  3.62623e-06 206.443
1.20542  3.60014e-06 209.746
1.21748  3.57424e-06 213.106
1.22965  3.54853e-06 216.525
1.24195  3.52301e-06 220.003
1.25437  3.49767e-06 223.541
1.26691  3.47252e-06 227.14
1.27958  3.44756e-06 230.802
1.29238  3.42277e-06 234.527
1.3053  3.39817e-06 238.316
1.31835  3.37374e-06 242.171
1.33154  3.3495e-06 246.093
1.34485  3.32542e-06 250.083
1.3583  3.30152e-06 254.142
1.37188  3.2778e-06 258.271
1.3856  3.25424e-06 262.471
1.39946  3.23085e-06 266.744
1.41345  3.20763e-06 271.092
1.42759  3.18458e-06 275.514
1.44186  3.16169e-06 280.013
1.45628  3.13897e-06 284.59
1.47085  3.11641e-06 289.246
1.48555  3.09401e-06 293.983
1.50041  3.07176e-06 298.802
1.51541  3.04968e-06 303.704
1.53057  3.02775e-06 308.691
1.54587  3.00597e-06 313.765
1.56133  2.98435e-06 318.926
1.57695  2.96289e-06 324.177
1.59271  2.94157e-06 329.518
1.60864  2.9204e-06 334.953
1.62473  2.89938e-06 340.481
1.64098  2.87851e-06 346.105
1.65739  2.85778e-06 351.826
1.67396  2.8372e-06 357.647
1.6907  2.81676e-06 363.568
1.70761  2.79647e-06 369.593
1.72468  2.77631e-06 375.721
1.74193  2.7563e-06 381.956
1.75935  2.73642e-06 388.299
1.77694  2.71668e-06 394.751
1.79471  2.69708e-06 401.316
1.81266  2.67761e-06 407.995
1.83078  2.65828e-06 414.789
1.84909  2.63908e-06 421.701
1.86758  2.62001e-06 428.733
1.88626  2.60107e-06 435.887
1.90512  2.58226e-06 443.166
1.92417  2.56358e-06 450.57
1.94341  2.54503e-06 458.103
1.96285  2.52661e-06 465.767
1.98248  2.50831e-06 473.565
2.0023  2.49013e-06 481.497
2.02232  2.47209e-06 489.567
2.04255  2.45416e-06 497.778
2.06297  2.43635e-06 506.131
2.0836  2.41867e-06 514.63
2.10444  2.40111e-06 523.276
2.12548  2.38366e-06 532.072
2.14674  2.36634e-06 541.022
2.16821  2.34913e-06 550.127
2.18989  2.33203e-06 559.391
2.21179  2.31506e-06 568.816
2.2339  2.2982e-06 578.405
2.25624  2.28145e-06 588.161
2.27881  2.26482e-06 598.087
2.30159  2.24829e-06 608.185
2.32461  2.23188e-06 618.46
2.34786  2.21558e-06 628.914
2.37134  2.19939e-06 639.55
2.39505  2.18331e-06 650.371
2.419  2.16734e-06 661.382
2.44319  2.15148e-06 672.584
2.46762  2.13572e-06 683.982
2.4923  2.12007e-06 695.579
2.51722  2.10452e-06 707.378
2.54239  2.08908e-06 719.383
2.56782  2.07375e-06 731.598
2.59349  2.05851e-06 744.027
2.61943  2.04338e-06 756.672
2.64562  2.02835e-06 769.539
2.67208  2.01343e-06 782.631
2.6988  1.9986e-06 795.952
2.72579  1.98387e-06 809.505
2.75305  1.96924e-06 823.296
2.78058  1.95472e-06 837.328
2.80838  1.94028e-06 851.606
2.83647  1.92595e-06 866.134
2.86483  1.91171e-06 880.916
2.89348  1.89757e-06 895.957
2.92241  1.88353e-06 911.261
2.95164  1.86957e-06 926.834
2.98115  1.85572e-06 942.681
3.01097  1.84195e-06 958.805
3.04108  1.82828e-06 975.213
3.07149  1.81471e-06 991.908
3.1022  1.80122e-06 1008.9
3.13322  1.78782e-06 1026.19
3.16456  1.77452e-06 1043.78
3.1962  1.76131e-06 1061.68
3.22816  1.74818e-06 1079.9
3.26045  1.73514e-06 1098.43
3.29305  1.7222e-06 1117.3
3.32598  1.70934e-06 1136.49
3.35924  1.69657e-06 1156.02
3.39283  1.68388e-06 1175.9
3.42676  1.67128e-06 1196.13
3.46103  1.65877e-06 1216.71
3.49564  1.64634e-06 1237.65
3.53059  1.63399e-06 1258.96
3.5659  1.62174e-06 1280.65
3.60156  1.60956e-06 1302.71
3.63758  1.59747e-06 1325.17
3.67395  1.58546e-06 1348.02
3.71069  1.57353e-06 1371.27
3.7478  1.56168e-06 1394.94
3.78528  1.54991e-06 1419.02
3.82313  1.53823e-06 1443.53
3.86136  1.52662e-06 1468.47
3.89997  1.5151e-06 1493.86
3.93897  1.50365e-06 1519.7
3.97836  1.49229e-06 1546
4.01815  1.481e-06 1572.77
4.05833  1.46978e-06 1600.02
4.09891  1.45865e-06 1627.76
4.1399  1.44759e-06 1655.99
4.1813  1.43661e-06 1684.73
4.22311  1.42571e-06 1713.99
4.26534  1.41487e-06 1743.77
4.308  1.40412e-06 1774.09
4.35108  1.39344e-06 1804.97
4.39459  1.38283e-06 1836.4
4.43853  1.3723e-06 1868.4
4.48292  1.36184e-06 1900.98
4.52775  1.35145e-06 1934.15
4.57303  1.34114e-06 1967.93
4.61876  1.33089e-06 2002.32
4.66494  1.32072e-06 2037.34
4.71159  1.31062e-06 2072.99
4.75871  1.30059e-06 2109.29
4.8063  1.29063e-06 2146.25
4.85436  1.28074e-06 2183.87
4.9029  1.27092e-06 2222.18
4.95193  1.26116e-06 2261.19
5.00145  1.25148e-06 2300.9
5.05146  1.24186e-06 2341.32
5.10198  1.23232e-06 2382.48
5.153  1.22283e-06 2424.39
5.20453  1.21342e-06 2467.05
5.25657  1.20407e-06 2510.49
5.30914  1.19479e-06 2554.71
5.36223  1.18557e-06 2599.74
5.41585  1.17642e-06 2645.58
5.47001  1.16733e-06 2692.26
5.52471  1.15831e-06 2739.78
5.57996  1.14935e-06 2788.17
5.63576  1.14046e-06 2837.43
5.69212  1.13163e-06 2887.59
5.74904  1.12286e-06 2938.67
5.80653  1.11415e-06 2990.67
5.86459  1.10551e-06 3043.62
5.92324  1.09693e-06 3097.54
5.98247  1.0884e-06 3152.43
6.0423  1.07994e-06 3208.32
6.10272  1.07154e-06 3265.23
6.16375  1.0632e-06 3323.17
6.22538  1.05492e-06 3382.17
6.28764  1.0467e-06 3442.24
6.35051  1.03854e-06 3503.41
6.41402  1.03044e-06 3565.69
6.47816  1.0224e-06 3629.09
6.54294  1.01441e-06 3693.66
6.60837  1.00648e-06 3759.4
6.67445  9.98608e-07 3826.33
6.7412  9.90794e-07 3894.49
6.80861  9.83035e-07 3963.88
6.8767  9.75333e-07 4034.54
6.94546  9.67687e-07 4106.49
7.01492  9.60096e-07 4179.75
7.08507  9.5256e-07 4254.34
7.15592  9.45079e-07 4330.29
7.22748  9.37653e-07 4407.63
7.29975  9.3028e-07 4486.37
7.37275  9.22962e-07 4566.55
7.44648  9.15696e-07 4648.2
7.52094  9.08484e-07 4731.33
7.59615  9.01324e-07 4815.98
7.67211  8.94217e-07 4902.17
7.74883  8.87162e-07 4989.93
7.82632  8.80158e-07 5079.3
7.90459  8.73206e-07 5170.3
7.98363  8.66305e-07 5262.95
8.06347  8.59161e-07 5357.3
8.1441  8.5204e-07 5453.37
8.22554  8.44972e-07 5551.19
8.3078  8.3796e-07 5650.8
8.39088  8.31006e-07 5752.23
8.47479  8.2411e-07 5855.51
8.55953  8.1727e-07 5960.68
8.64513  8.10488e-07 6067.77
8.73158  8.03761e-07 6176.82
8.8189  7.97091e-07 6287.86
8.90709  7.90475e-07 6400.92
8.99616  7.83914e-07 6516.06
9.08612  7.77408e-07 6633.3
9.17698  7.70955e-07 6752.68
9.26875  7.64556e-07 6874.25
9.36144  7.5821e-07 6998.04
9.45505  7.51917e-07 7124.09
9.5496  7.45675e-07 7252.45
9.6451  7.39485e-07 7383.16
9.74155  7.33347e-07 7516.26
9.83896  7.27259e-07 7651.79
9.93735  7.21222e-07 7789.81
10.0367  7.15234e-07 7930.34
10.1371  7.09297e-07 8073.45
10.2385  7.03408e-07 8219.18
10.3409  6.97568e-07 8367.58
10.4443  6.91777e-07 8518.69
10.5487  6.86033e-07 8672.57
10.6542  6.80337e-07 8829.27
10.7607  6.74689e-07 8988.83
10.8683  6.69087e-07 9151.32
10.977  6.63532e-07 9316.78
11.0868  6.58023e-07 9485.27
11.1977  6.5256e-07 9656.85
11.3096  6.47141e-07 9831.58
11.4227  6.41768e-07 10009.5
11.537  6.36437e-07 10190.7
11.6523  6.31148e-07 10375.2
11.7689  6.25902e-07 10563.1
11.8865  6.20701e-07 10754.4
12.0054  6.15542e-07 10949.2
12.1255  6.10426e-07 11147.7
12.2467  6.05353e-07 11349.7
12.3692  6.00321e-07 11555.5
12.4929  5.95331e-07 11765
12.6178  5.90383e-07 11978.3
12.744  5.85476e-07 12195.6
12.8714  5.80609e-07 12416.9
13.0001  5.75782e-07 12642.2
13.1301  5.70996e-07 12871.7
13.2614  5.66249e-07 13105.4
13.3941  5.61542e-07 13343.3
13.528  5.56873e-07 13585.6
13.6633  5.52244e-07 13832.4
13.7999  5.47653e-07 14083.7
13.9379  5.43099e-07 14339.6
14.0773  5.38584e-07 14600.2
14.2181  5.34106e-07 14865.6
14.3602  5.29665e-07 15135.9
14.5038  5.25261e-07 15411.1
14.6489  5.20894e-07 15691.4
14.7954  5.16563e-07 15976.8
14.9433  5.12268e-07 16267.5
15.0928  5.08008e-07 16563.5
15.2437  5.03784e-07 16864.9
15.3961  4.99595e-07 17171.9
15.5501  4.9544e-07 17484.5
15.7056  4.9132e-07 17802.9
15.8626  4.87235e-07 18127.1
16.0213  4.83183e-07 18457.3
16.1815  4.79165e-07 18793.5
16.3433  4.7518e-07 19135.9
16.5067  4.71228e-07 19484.6
16.6718  4.67308e-07 19839.7
16.8385  4.6342e-07 20201.3
17.0069  4.59565e-07 20569.6
17.177  4.55741e-07 20944.7
17.3487  4.5195e-07 21326.6
17.5222  4.48189e-07 21715.6
17.6974  4.4446e-07 22111.7
17.8744  4.40762e-07 22515.1
18.0532  4.37095e-07 22925.9
18.2337  4.33458e-07 23344.2
18.416  4.29851e-07 23770.3
18.6002  4.26274e-07 24204.2
18.7862  4.22727e-07 24646.1
18.9741  4.1921e-07 25096.1
19.1638  4.15721e-07 25554.3
19.3554  4.12262e-07 26021
19.549  4.08831e-07 26496.3
19.7445  4.05429e-07 26980.4
19.9419  4.02055e-07 27473.3
20.1413  3.9871e-07 27975.3
20.3427  3.95392e-07 28486.5
20.5462  3.92101e-07 29007.2
20.7516  3.88838e-07 29537.4
20.9592  3.85602e-07 30077.4
21.1687  3.82394e-07 30627.3
21.3804  3.79211e-07 31187.3
21.5942  3.76056e-07 31757.7
21.8102  3.72926e-07 32338.5
22.0283  3.69823e-07 32930
22.2486  3.66746e-07 33532.4
22.4711  3.63694e-07 34145.9
22.6958  3.60667e-07 34770.7
22.9227  3.57666e-07 35407
23.1519  3.5469e-07 36055
23.3835  3.51739e-07 36714.9
23.6173  3.48812e-07 37387
23.8535  3.4591e-07 38071.4
24.092  3.43032e-07 38768.5
24.3329  3.40178e-07 39478.3
24.5763  3.37348e-07 40201.3
24.822  3.34541e-07 40937.5
25.0702  3.31758e-07 41687.3
25.3209  3.28998e-07 42451
25.5742  3.26261e-07 43228.6
25.8299  3.23547e-07 44020.6
26.0882  3.20856e-07 44827.2
26.3491  3.18187e-07 45648.6
26.6126  3.15541e-07 46485.1
26.8787  3.12917e-07 47337
27.1475  3.10314e-07 48204.7
27.419  3.07734e-07 49088.3
27.6931  3.05175e-07 49988.1
27.9701  3.02637e-07 50904.6
28.2498  3.00121e-07 51837.9
28.5323  2.97625e-07 52788.3
28.8176  2.95151e-07 53756.3
29.1058  2.92697e-07 54742.1
29.3968  2.90264e-07 55746.1
29.6908  2.87852e-07 56768.5
29.9877  2.85459e-07 57809.8
30.2876  2.83087e-07 58870.3
30.5905  2.80734e-07 59950.2
30.8964  2.78401e-07 61050.1
31.2053  2.76088e-07 62170.2
31.5174  2.73794e-07 63310.9
31.8326  2.7152e-07 64472.6
32.1509  2.69264e-07 65655.8
32.4724  2.67028e-07 66860.7
32.7971  2.6481e-07 68087.7
33.1251  2.62611e-07 69337.4
33.4563  2.6043e-07 70610.1
33.7909  2.58268e-07 71906.2
34.1288  2.56123e-07 73226.1
34.4701  2.53997e-07 74570.4
34.8148  2.51889e-07 75939.4
35.1629  2.49798e-07 77333.6
35.5146  2.47726e-07 78753.5
35.8697  2.4567e-07 80199.5
36.2284  2.43632e-07 81672.1
36.5907  2.41611e-07 83171.8
36.9566  2.39607e-07 84699.2
37.3262  2.3762e-07 86254.6
37.6994  2.35649e-07 87838.6
38.0764  2.33695e-07 89451.9
38.4572  2.31758e-07 91094.7
38.8418  2.29837e-07 92767.9
39.2302  2.27932e-07 94471.8
39.6225  2.26043e-07 96207.1
40.0187  2.24171e-07 97974.2
40.4189  2.22314e-07 99773.9
40.8231  2.20472e-07 101607
41.2313  2.18646e-07 103473
41.6436  2.16836e-07 105374
42.0601  2.15041e-07 107310
42.4807  2.13261e-07 109281
42.9055  2.11496e-07 111289
43.3345  2.09746e-07 113334
43.7679  2.08011e-07 115416
44.2056  2.0629e-07 117536
44.6476  2.04584e-07 119696
45.0941  2.02893e-07 121895
45.545  2.01215e-07 124135
46.0005  1.99552e-07 126415
46.4605  1.97903e-07 128738
46.9251  1.96268e-07 131104
47.3943  1.94647e-07 133512
47.8683  1.9304e-07 135966
48.347  1.91446e-07 138464
48.8304  1.89866e-07 141008
49.3187  1.88299e-07 143599
49.8119  1.86745e-07 146237
50.31  1.85205e-07 148924
50.8131  1.83677e-07 151661
51.3213  1.82163e-07 154447
51.8345  1.80661e-07 157285
52.3528  1.79173e-07 160175
52.8764  1.77696e-07 163118
53.4051  1.76233e-07 166115
53.9392  1.74782e-07 169166
54.4786  1.73343e-07 172274
55.0234  1.71916e-07 175439
55.5736  1.70502e-07 178662
56.1293  1.69099e-07 181945
56.6906  1.67709e-07 185287
57.2575  1.6633e-07 188691
57.8301  1.64963e-07 192157
58.4084  1.63608e-07 195687
58.9925  1.62264e-07 199281
59.5824  1.60932e-07 202942
60.1782  1.59611e-07 206669
60.78  1.58301e-07 210465
61.3878  1.57002e-07 214330
62.0017  1.55715e-07 218267
62.6217  1.54439e-07 222275
63.2479  1.53173e-07 226357
63.8804  1.51918e-07 230513
64.5192  1.50674e-07 234746
65.1644  1.49441e-07 239056
65.816  1.48218e-07 243446
66.4742  1.47005e-07 247915
67.1389  1.45803e-07 252467
67.8103  1.44611e-07 257101
68.4884  1.4343e-07 261821
69.1733  1.42258e-07 266626
69.8651  1.41097e-07 271520
70.5637  1.39945e-07 276503
71.2693  1.38804e-07 281577
71.982  1.37672e-07 286744
72.7019  1.3655e-07 292005
73.4289  1.35437e-07 297363
74.1632  1.34334e-07 302818
74.9048  1.3324e-07 308373
75.6538  1.32156e-07 314030
76.4104  1.31081e-07 319790
77.1745  1.30016e-07 325655
77.9462  1.28959e-07 331627
78.7257  1.27912e-07 337709
79.513  1.26873e-07 343902
80.3081  1.25844e-07 350207
81.1112  1.24823e-07 356628
81.9223  1.23811e-07 363166
82.7415  1.22808e-07 369824
83.5689  1.21813e-07 376602
84.4046  1.20827e-07 383504
85.2486  1.1985e-07 390532
86.1011  1.18881e-07 397688
86.9621  1.1792e-07 404973
87.8318  1.16967e-07 412391
88.7101  1.16023e-07 419943
89.5972  1.15087e-07 427633
90.4932  1.14159e-07 435461
91.3981  1.13239e-07 443432
92.3121  1.12327e-07 451548
93.2352  1.11422e-07 459810
94.1675  1.10526e-07 468224
95.1092  1.09637e-07 476790
96.0603  1.08756e-07 485512
97.0209  1.07883e-07 494394
97.9911  1.07017e-07 503437
98.971  1.06159e-07 512646
99.9607  1.05308e-07 522023
100.96  1.04464e-07 531571
101.97  1.03628e-07 541295
102.99  1.02799e-07 551197
104.02  1.01977e-07 561281
105.06  1.01162e-07 571550
106.11  1.00354e-07 582010
107.171  9.95536e-08 592662
108.243  9.87599e-08 603512
109.326  9.79731e-08 614564
110.419  9.7193e-08 625821
111.523  9.64198e-08 637287
112.638  9.56533e-08 648968
113.765  9.48934e-08 660866
114.902  9.41401e-08 672988
116.051  9.33934e-08 685335
117.212  9.26532e-08 697913
118.384  9.19194e-08 710725
119.568  9.1192e-08 723776
120.763  9.04709e-08 737070
121.971  8.97561e-08 750611
123.191  8.90476e-08 764404
124.423  8.83452e-08 778454
125.667  8.7649e-08 792764
126.924  8.69588e-08 807341
128.193  8.62746e-08 822187
129.475  8.55964e-08 837309
130.77  8.49242e-08 852712
132.077  8.42578e-08 868399
133.398  8.35972e-08 884378
134.732  8.29424e-08 900652
136.079  8.22933e-08 917227
137.44  8.16499e-08 934109
138.814  8.10122e-08 951303
140.203  8.038e-08 968815
141.605  7.97534e-08 986650
143.021  7.91322e-08 1.00482e+06
144.451  7.85165e-08 1.02332e+06
145.895  7.79062e-08 1.04216e+06
147.354  7.73012e-08 1.06134e+06
148.828  7.67016e-08 1.08089e+06
150.316  7.61072e-08 1.10079e+06
151.819  7.55181e-08 1.12106e+06
153.338  7.49341e-08 1.1417e+06
154.871  7.43553e-08 1.16272e+06
156.42  7.37815e-08 1.18413e+06
157.984  7.32128e-08 1.20593e+06
159.564  7.26491e-08 1.22813e+06
161.159  7.20904e-08 1.25074e+06
162.771  7.15366e-08 1.27376e+06
164.399  7.09876e-08 1.29721e+06
166.043  7.04435e-08 1.32108e+06
167.703  6.99043e-08 1.34539e+06
169.38  6.93697e-08 1.37015e+06
171.074  6.88399e-08 1.39536e+06
172.785  6.83148e-08 1.42103e+06
174.512  6.77943e-08 1.44717e+06
176.258  6.72784e-08 1.47379e+06
178.02  6.67671e-08 1.50089e+06
179.8  6.62603e-08 1.52849e+06
181.598  6.5758e-08 1.55658e+06
183.414  6.52601e-08 1.5852e+06
185.248  6.47667e-08 1.61433e+06
187.101  6.42776e-08 1.64399e+06
188.972  6.37929e-08 1.67419e+06
190.862  6.33124e-08 1.70494e+06
192.77  6.28363e-08 1.73625e+06
194.698  6.23643e-08 1.76812e+06
196.645  6.18966e-08 1.80058e+06
198.611  6.1433e-08 1.83362e+06
200.598  6.09735e-08 1.86726e+06
202.604  6.05182e-08 1.90151e+06
204.63  6.00668e-08 1.93638e+06
206.676  5.96196e-08 1.97188e+06
208.743  5.91763e-08 2.00801e+06
210.83  5.87369e-08 2.04481e+06
212.938  5.83015e-08 2.08226e+06
215.068  5.78699e-08 2.12039e+06
217.218  5.74423e-08 2.15921e+06
219.391  5.70184e-08 2.19872e+06
221.584  5.65983e-08 2.23895e+06
223.8  5.6182e-08 2.2799e+06
226.038  5.57694e-08 2.32158e+06
228.299  5.53606e-08 2.36402e+06
230.582  5.49553e-08 2.40721e+06
232.888  5.45538e-08 2.45118e+06
235.216  5.41558e-08 2.49593e+06
237.569  5.37614e-08 2.54148e+06
239.944  5.33705e-08 2.58785e+06
242.344  5.29832e-08 2.63505e+06
244.767  5.25993e-08 2.68309e+06
247.215  5.22189e-08 2.73199e+06
249.687  5.18419e-08 2.78175e+06
252.184  5.14683e-08 2.83241e+06
254.706  5.10981e-08 2.88396e+06
257.253  5.07313e-08 2.93643e+06
259.825  5.03677e-08 2.98983e+06
262.423  5.00074e-08 3.04418e+06
265.048  4.96504e-08 3.0995e+06
267.698  4.92966e-08 3.15579e+06
270.375  4.89461e-08 3.21308e+06
273.079  4.85986e-08 3.27138e+06
275.81  4.82544e-08 3.33072e+06
278.568  4.79133e-08 3.3911e+06
281.354  4.75752e-08 3.45255e+06
284.167  4.72403e-08 3.51507e+06
287.009  4.69084e-08 3.5787e+06
289.879  4.65795e-08 3.64345e+06
292.778  4.62536e-08 3.70934e+06
295.705  4.59306e-08 3.77638e+06
298.662  4.56106e-08 3.8446e+06
301.649  4.52936e-08 3.91402e+06
304.666  4.49794e-08 3.98465e+06
307.712  4.46681e-08 4.05651e+06
310.789  4.43597e-08 4.12964e+06
313.897  4.4054e-08 4.20404e+06
317.036  4.37512e-08 4.27973e+06
320.207  4.34511e-08 4.35675e+06
323.409  4.31538e-08 4.4351e+06
326.643  4.28593e-08 4.51482e+06
329.909  4.25674e-08 4.59592e+06
333.208  4.22782e-08 4.67843e+06
336.54  4.19917e-08 4.76238e+06
339.906  4.17078e-08 4.84777e+06
343.305  4.14266e-08 4.93464e+06
346.738  4.11479e-08 5.02302e+06
350.205  4.08718e-08 5.11292e+06
353.707  4.05983e-08 5.20437e+06
357.244  4.03273e-08 5.29739e+06
360.817  4.00588e-08 5.39202e+06
364.425  3.97928e-08 5.48827e+06
368.069  3.95292e-08 5.58618e+06
371.75  3.92682e-08 5.68576e+06
375.467  3.90095e-08 5.78705e+06
379.222  3.87532e-08 5.89008e+06
383.014  3.84994e-08 5.99486e+06
386.844  3.82479e-08 6.10144e+06
390.713  3.79987e-08 6.20983e+06
394.62  3.77519e-08 6.32007e+06
398.566  3.75074e-08 6.43219e+06
402.552  3.72651e-08 6.54621e+06
406.577  3.70252e-08 6.66216e+06
410.643  3.67875e-08 6.78008e+06
414.75  3.6552e-08 6.9e+06
418.897  3.63187e-08 7.02195e+06
423.086  3.60877e-08 7.14596e+06
427.317  3.58588e-08 7.27206e+06
431.59  3.5632e-08 7.40028e+06
435.906  3.54074e-08 7.53067e+06
440.265  3.5185e-08 7.66324e+06
444.668  3.49646e-08 7.79805e+06
449.114  3.47463e-08 7.93511e+06
453.605  3.45301e-08 8.07447e+06
458.142  3.4316e-08 8.21615e+06
462.723  3.41039e-08 8.36021e+06
467.35  3.38938e-08 8.50666e+06
472.024  3.36857e-08 8.65556e+06
476.744  3.34796e-08 8.80694e+06
481.511  3.32754e-08 8.96083e+06
486.326  3.30732e-08 9.11727e+06
491.19  3.2873e-08 9.27631e+06
496.102  3.26747e-08 9.43798e+06
501.063  3.24782e-08 9.60231e+06
506.073  3.22837e-08 9.76937e+06
511.134  3.2091e-08 9.93917e+06
516.245  3.19002e-08 1.01118e+07
521.408  3.17113e-08 1.02872e+07
526.622  3.15242e-08 1.04655e+07
531.888  3.13388e-08 1.06467e+07
537.207  3.11553e-08 1.08309e+07
542.579  3.09736e-08 1.10182e+07
548.005  3.07936e-08 1.12084e+07
553.485  3.06154e-08 1.14018e+07
559.02  3.04389e-08 1.15983e+07
564.61  3.02641e-08 1.1798e+07
570.256  3.00911e-08 1.20009e+07
575.959  2.99197e-08 1.22072e+07
581.718  2.97501e-08 1.24167e+07
587.535  2.95821e-08 1.26297e+07
593.411  2.94157e-08 1.28461e+07
599.345  2.9251e-08 1.30659e+07
605.338  2.90879e-08 1.32893e+07
611.392  2.89265e-08 1.35163e+07
617.506  2.87666e-08 1.37469e+07
623.681  2.86083e-08 1.39812e+07
629.917  2.84516e-08 1.42193e+07
636.217  2.82965e-08 1.44611e+07
642.579  2.81429e-08 1.47068e+07
649.005  2.79909e-08 1.49564e+07
655.495  2.78403e-08 1.521e+07
662.05  2.76913e-08 1.54675e+07
668.67  2.75438e-08 1.57292e+07
675.357  2.73978e-08 1.5995e+07
682.11  2.72532e-08 1.62649e+07
688.931  2.71101e-08 1.65391e+07
695.821  2.69685e-08 1.68177e+07
702.779  2.68283e-08 1.71006e+07
709.807  2.66895e-08 1.73879e+07
716.905  2.65521e-08 1.76797e+07
724.074  2.64161e-08 1.79761e+07
731.315  2.62816e-08 1.8277e+07
738.628  2.61484e-08 1.85827e+07
746.014  2.60166e-08 1.88931e+07
753.474  2.58861e-08 1.92083e+07
761.009  2.5757e-08 1.95284e+07
768.619  2.56292e-08 1.98535e+07
776.305  2.55028e-08 2.01835e+07
784.068  2.53776e-08 2.05186e+07
791.909  2.52538e-08 2.08589e+07
799.828  2.51312e-08 2.12044e+07
807.826  2.501e-08 2.15551e+07
815.905  2.489e-08 2.19113e+07
824.064  2.47713e-08 2.22728e+07
832.304  2.46538e-08 2.26399e+07
840.627  2.45376e-08 2.30125e+07
849.034  2.44226e-08 2.33908e+07
857.524  2.43088e-08 2.37748e+07
866.099  2.41963e-08 2.41646e+07
874.76  2.40849e-08 2.45603e+07
883.508  2.39747e-08 2.49619e+07
892.343  2.38657e-08 2.53696e+07
901.266  2.37579e-08 2.57834e+07
910.279  2.36513e-08 2.62033e+07
919.382  2.35458e-08 2.66295e+07
928.575  2.34415e-08 2.70621e+07
937.861  2.33382e-08 2.75011e+07
947.24  2.32362e-08 2.79467e+07
956.712  2.31352e-08 2.83988e+07
966.279  2.30353e-08 2.88576e+07
975.942  2.29366e-08 2.93232e+07
985.702  2.28389e-08 2.97957e+07
995.559  2.27423e-08 3.02751e+07
