0.001  3.42374e-06 1.63887
0.00101  3.4227e-06 1.64704
0.0010201  3.42169e-06 1.65526
0.0010303  3.42064e-06 1.66351
0.0010406  3.41955e-06 1.67181
0.00105101  3.41841e-06 1.68015
0.00106152  3.41724e-06 1.68853
0.00107214  3.41646e-06 1.69695
0.00108286  3.416e-06 1.70541
0.00109369  3.4155e-06 1.71392
0.00110462  3.41496e-06 1.72247
0.00111567  3.41439e-06 1.73106
0.00112683  3.41378e-06 1.73969
0.00113809  3.41313e-06 1.74837
0.00114947  3.41244e-06 1.75709
0.00116097  3.41171e-06 1.76585
0.00117258  3.41094e-06 1.77466
0.0011843  3.41013e-06 1.78351
0.00119615  3.40928e-06 1.79241
0.00120811  3.40839e-06 1.80134
0.00122019  3.40746e-06 1.81033
0.00123239  3.40648e-06 1.81936
0.00124472  3.40556e-06 1.82843
0.00125716  3.40467e-06 1.83755
0.00126973  3.40375e-06 1.84672
0.00128243  3.40278e-06 1.85593
0.00129526  3.40176e-06 1.86518
0.00130821  3.4007e-06 1.87449
0.00132129  3.3996e-06 1.88383
0.0013345  3.39849e-06 1.89323
0.00134785  3.3984e-06 1.90267
0.00136133  3.39828e-06 1.91216
0.00137494  3.39813e-06 1.9217
0.00138869  3.39793e-06 1.93128
0.00140258  3.3977e-06 1.94092
0.0014166  3.39743e-06 1.9506
0.00143077  3.39712e-06 1.96033
0.00144508  3.39677e-06 1.9701
0.00145953  3.39639e-06 1.97993
0.00147412  3.39596e-06 1.9898
0.00148886  3.39549e-06 1.99973
0.00150375  3.39498e-06 2.0097
0.00151879  3.39442e-06 2.01972
0.00153398  3.39382e-06 2.0298
0.00154932  3.39318e-06 2.03992
0.00156481  3.3925e-06 2.0501
0.00158046  3.39177e-06 2.06032
0.00159626  3.39099e-06 2.0706
0.00161223  3.39095e-06 2.08092
0.00162835  3.39105e-06 2.0913
0.00164463  3.39112e-06 2.10173
0.00166108  3.39114e-06 2.11221
0.00167769  3.39167e-06 2.12275
0.00169447  3.39252e-06 2.13334
0.00171141  3.39333e-06 2.14398
0.00172852  3.39412e-06 2.15467
0.00174581  3.39486e-06 2.16542
0.00176327  3.39558e-06 2.17622
0.0017809  3.39627e-06 2.18707
0.00179871  3.39692e-06 2.19798
0.0018167  3.39753e-06 2.20894
0.00183486  3.39811e-06 2.21996
0.00185321  3.39866e-06 2.23103
0.00187174  3.39943e-06 2.24216
0.00189046  3.40022e-06 2.25334
0.00190937  3.40097e-06 2.26458
0.00192846  3.4017e-06 2.27587
0.00194774  3.40239e-06 2.28722
0.00196722  3.40304e-06 2.29863
0.00198689  3.40366e-06 2.3101
0.00200676  3.40453e-06 2.32162
0.00202683  3.40607e-06 2.3332
0.0020471  3.40758e-06 2.34483
0.00206757  3.40907e-06 2.35653
0.00208825  3.41053e-06 2.36828
0.00210913  3.41196e-06 2.38009
0.00213022  3.41336e-06 2.39196
0.00215152  3.41542e-06 2.40389
0.00217304  3.41754e-06 2.41588
0.00219477  3.41963e-06 2.42793
0.00221672  3.42171e-06 2.44004
0.00223888  3.42375e-06 2.45221
0.00226127  3.42577e-06 2.46444
0.00228388  3.42777e-06 2.47673
0.00230672  3.42974e-06 2.48909
0.00232979  3.43168e-06 2.5015
0.00235309  3.4336e-06 2.51398
0.00237662  3.43548e-06 2.52651
0.00240038  3.43735e-06 2.53912
0.00242439  3.43918e-06 2.55178
0.00244863  3.44098e-06 2.56451
0.00247312  3.44276e-06 2.5773
0.00249785  3.44487e-06 2.59015
0.00252283  3.447e-06 2.60307
0.00254806  3.44911e-06 2.61605
0.00257354  3.45118e-06 2.6291
0.00259927  3.45323e-06 2.64221
0.00262527  3.45525e-06 2.65539
0.00265152  3.45725e-06 2.66863
0.00267803  3.45992e-06 2.68194
0.00270481  3.4636e-06 2.69532
0.00273186  3.46726e-06 2.70876
0.00275918  3.4709e-06 2.72227
0.00278677  3.47453e-06 2.73585
0.00281464  3.47815e-06 2.7495
0.00284279  3.48175e-06 2.76321
0.00287121  3.48534e-06 2.77699
0.00289993  3.48891e-06 2.79084
0.00292893  3.49247e-06 2.80476
0.00295822  3.49601e-06 2.81875
0.0029878  3.49953e-06 2.83281
0.00301768  3.50377e-06 2.84595
0.00304785  3.51535e-06 2.84934
0.00307833  3.52697e-06 2.85278
0.00310911  3.53865e-06 2.85629
0.0031402  3.55038e-06 2.85985
0.00317161  3.56217e-06 2.86347
0.00320332  3.57412e-06 2.86714
0.00323536  3.58671e-06 2.87086
0.00326771  3.59936e-06 2.87464
0.00330039  3.61208e-06 2.87846
0.00333339  3.62486e-06 2.88234
0.00336672  3.6389e-06 2.88626
0.00340039  3.65308e-06 2.89023
0.0034344  3.66734e-06 2.89424
0.00346874  3.68168e-06 2.8983
0.00350343  3.6961e-06 2.9024
0.00353846  3.7106e-06 2.90655
0.00357385  3.72519e-06 2.91074
0.00360958  3.73987e-06 2.91497
0.00364568  3.75463e-06 2.91924
0.00368214  3.76948e-06 2.92355
0.00371896  3.7845e-06 2.92789
0.00375615  3.80003e-06 2.93228
0.00379371  3.81565e-06 2.9367
0.00383165  3.83138e-06 2.94116
0.00386996  3.8472e-06 2.94566
0.00390866  3.86311e-06 2.95019
0.00394775  3.87913e-06 2.95476
0.00398723  3.89525e-06 2.95936
0.0040271  3.91147e-06 2.96399
0.00406737  3.92779e-06 2.96866
0.00410804  3.94422e-06 2.97336
0.00414912  3.96075e-06 2.97809
0.00419062  3.97739e-06 2.98285
0.00423252  3.99413e-06 2.98765
0.00427485  4.01116e-06 2.99247
0.0043176  4.02889e-06 2.99733
0.00436077  4.04674e-06 3.00222
0.00440438  4.06471e-06 3.00714
0.00444842  4.08279e-06 3.01208
0.00449291  4.101e-06 3.01706
0.00453784  4.11932e-06 3.02206
0.00458321  4.13777e-06 3.0271
0.00462905  4.15633e-06 3.03216
0.00467534  4.17502e-06 3.03725
0.00472209  4.19384e-06 3.04237
0.00476931  4.21278e-06 3.04752
0.004817  4.23184e-06 3.05269
0.00486517  4.25103e-06 3.05789
0.00491383  4.27035e-06 3.06312
0.00496296  4.28989e-06 3.06838
0.00501259  4.31025e-06 3.07367
0.00506272  4.33224e-06 3.07898
0.00511335  4.35438e-06 3.08432
0.00516448  4.37668e-06 3.08968
0.00521613  4.39913e-06 3.09508
0.00526829  4.42173e-06 3.1005
0.00532097  4.4445e-06 3.10594
0.00537418  4.46813e-06 3.11142
0.00542792  4.49208e-06 3.11692
0.0054822  4.51621e-06 3.12245
0.00553702  4.5405e-06 3.12801
0.00559239  4.56497e-06 3.13359
0.00564832  4.58961e-06 3.1392
0.0057048  4.61442e-06 3.14484
0.00576185  4.63941e-06 3.15051
0.00581947  4.66457e-06 3.1562
0.00587766  4.68991e-06 3.16192
0.00593644  4.71543e-06 3.16767
0.0059958  4.74112e-06 3.17345
0.00605576  4.767e-06 3.17925
0.00611632  4.79305e-06 3.18509
0.00617748  4.81929e-06 3.19095
0.00623926  4.84597e-06 3.19684
0.00630165  4.8729e-06 3.20277
0.00636466  4.90001e-06 3.20872
0.00642831  4.92731e-06 3.21469
0.00649259  4.95481e-06 3.2207
0.00655752  4.98249e-06 3.22674
0.0066231  5.01037e-06 3.23281
0.00668933  5.03843e-06 3.23891
0.00675622  5.06669e-06 3.24504
0.00682378  5.09515e-06 3.2512
0.00689202  5.1238e-06 3.25739
0.00696094  5.15264e-06 3.26361
0.00703055  5.18168e-06 3.26987
0.00710085  5.21092e-06 3.27615
0.00717186  5.24036e-06 3.28247
0.00724358  5.27e-06 3.28882
0.00731602  5.29984e-06 3.29521
0.00738918  5.32987e-06 3.30162
0.00746307  5.36029e-06 3.30807
0.0075377  5.39109e-06 3.31456
0.00761308  5.4221e-06 3.32107
0.00768921  5.45332e-06 3.32763
0.0077661  5.48475e-06 3.33422
0.00784376  5.51639e-06 3.34084
0.0079222  5.54823e-06 3.3475
0.00800142  5.58038e-06 3.35419
0.00808144  5.61394e-06 3.36092
0.00816225  5.64774e-06 3.36769
0.00824387  5.68176e-06 3.37449
0.00832631  5.71601e-06 3.38133
0.00840957  5.75048e-06 3.38821
0.00849367  5.78519e-06 3.39513
0.00857861  5.82012e-06 3.40208
0.00866439  5.85529e-06 3.40908
0.00875104  5.89068e-06 3.41611
0.00883855  5.92631e-06 3.42319
0.00892693  5.96217e-06 3.4303
0.0090162  5.99827e-06 3.43746
0.00910636  6.0346e-06 3.44465
0.00919743  6.07116e-06 3.45189
0.0092894  6.10797e-06 3.45916
0.0093823  6.14501e-06 3.46648
0.00947612  6.18228e-06 3.47385
0.00957088  6.2198e-06 3.48125
0.00966659  6.25755e-06 3.4887
0.00976325  6.29555e-06 3.49619
0.00986089  6.33378e-06 3.50373
0.0099595  6.37249e-06 3.51131
0.0100591  6.41245e-06 3.51894
0.0101597  6.45339e-06 3.52661
0.0102613  6.49458e-06 3.53433
0.0103639  6.53604e-06 3.5421
0.0104675  6.57776e-06 3.54991
0.0105722  6.61975e-06 3.55777
0.0106779  6.66201e-06 3.56567
0.0107847  6.70453e-06 3.57363
0.0108926  6.74732e-06 3.58163
0.0110015  6.79038e-06 3.58969
0.0111115  6.83371e-06 3.59779
0.0112226  6.87732e-06 3.60594
0.0113348  6.92119e-06 3.61415
0.0114482  6.96534e-06 3.6224
0.0115627  7.00976e-06 3.6307
0.0116783  7.05445e-06 3.63906
0.0117951  7.09942e-06 3.64747
0.011913  7.14466e-06 3.65593
0.0120322  7.19018e-06 3.66445
0.0121525  7.23598e-06 3.67302
0.012274  7.28205e-06 3.68164
0.0123967  7.32848e-06 3.69032
0.0125207  7.37556e-06 3.69905
0.0126459  7.42293e-06 3.70784
0.0127724  7.47059e-06 3.71668
0.0129001  7.51853e-06 3.72558
0.0130291  7.56676e-06 3.73454
0.0131594  7.61527e-06 3.74355
0.013291  7.66408e-06 3.75263
0.0134239  7.71357e-06 3.76176
0.0135581  7.76358e-06 3.77095
0.0136937  7.81388e-06 3.78019
0.0138307  7.86449e-06 3.7895
0.013969  7.91539e-06 3.79887
0.0141086  7.96659e-06 3.8083
0.0142497  8.0181e-06 3.81779
0.0143922  8.0699e-06 3.82734
0.0145362  8.12201e-06 3.83696
0.0146815  8.17442e-06 3.84663
0.0148283  8.22713e-06 3.85637
0.0149766  8.28015e-06 3.86617
0.0151264  8.33347e-06 3.87604
0.0152776  8.3871e-06 3.88597
0.0154304  8.44104e-06 3.89596
0.0155847  8.49528e-06 3.90603
0.0157406  8.54984e-06 3.91615
0.015898  8.6047e-06 3.92634
0.016057  8.66031e-06 3.9366
0.0162175  8.71687e-06 3.94693
0.0163797  8.77376e-06 3.95732
0.0165435  8.83097e-06 3.96778
0.0167089  8.88859e-06 3.97831
0.016876  8.94689e-06 3.98891
0.0170448  9.00551e-06 3.99958
0.0172152  9.06447e-06 4.01032
0.0173874  9.12375e-06 4.02113
0.0175613  9.18337e-06 4.032
0.0177369  9.24333e-06 4.04296
0.0179142  9.30362e-06 4.05398
0.0180934  9.36424e-06 4.06507
0.0182743  9.4252e-06 4.07624
0.0184571  9.4865e-06 4.08748
0.0186416  9.54841e-06 4.09879
0.018828  9.61107e-06 4.11018
0.0190163  9.67407e-06 4.12164
0.0192065  9.73743e-06 4.13318
0.0193986  9.80113e-06 4.14479
0.0195925  9.86518e-06 4.15648
0.0197885  9.92959e-06 4.16824
0.0199864  9.99435e-06 4.18008
0.0201862  1.00598e-05 4.192
0.0203881  1.01257e-05 4.20399
0.020592  1.0192e-05 4.21607
0.0207979  1.02586e-05 4.22822
0.0210059  1.03256e-05 4.24045
0.0212159  1.03929e-05 4.25275
0.0214281  1.04608e-05 4.26514
0.0216424  1.05293e-05 4.27761
0.0218588  1.05982e-05 4.29016
0.0220774  1.06675e-05 4.30279
0.0222981  1.07371e-05 4.3155
0.0225211  1.08071e-05 4.32829
0.0227463  1.08775e-05 4.34117
0.0229738  1.09482e-05 4.35413
0.0232035  1.10193e-05 4.36717
0.0234356  1.10908e-05 4.3803
0.0236699  1.11627e-05 4.39351
0.0239066  1.1235e-05 4.40681
0.0241457  1.13077e-05 4.42019
0.0243871  1.13807e-05 4.43366
0.024631  1.14541e-05 4.44722
0.0248773  1.1528e-05 4.46086
0.0251261  1.16022e-05 4.47459
0.0253774  1.16768e-05 4.4884
0.0256311  1.17518e-05 4.50231
0.0258874  1.18271e-05 4.51629
0.0261463  1.19029e-05 4.53037
0.0264078  1.19791e-05 4.54452
0.0266719  1.20557e-05 4.55877
0.0269386  1.21334e-05 4.5731
0.027208  1.22115e-05 4.58752
0.02748  1.229e-05 4.60203
0.0277548  1.23689e-05 4.61663
0.0280324  1.24482e-05 4.63132
0.0283127  1.25279e-05 4.6461
0.0285958  1.26081e-05 4.66097
0.0288818  1.26887e-05 4.67594
0.0291706  1.27697e-05 4.69101
0.0294623  1.28511e-05 4.70617
0.029757  1.29329e-05 4.72143
0.0300545  1.30152e-05 4.73679
0.0303551  1.30917e-05 4.75226
0.0306586  1.31657e-05 4.76783
0.0309652  1.32399e-05 4.7835
0.0312749  1.33144e-05 4.79928
0.0315876  1.33891e-05 4.81517
0.0319035  1.34641e-05 4.83117
0.0322225  1.35395e-05 4.84727
0.0325447  1.36153e-05 4.8635
0.0328702  1.36913e-05 4.87983
0.0331989  1.37676e-05 4.89628
0.0335309  1.38444e-05 4.91286
0.0338662  1.39215e-05 4.92955
0.0342049  1.39989e-05 4.94636
0.0345469  1.40766e-05 4.96329
0.0348924  1.41545e-05 4.98035
0.0352413  1.42327e-05 4.99753
0.0355937  1.43111e-05 5.01482
0.0359496  1.43898e-05 5.03224
0.0363091  1.44687e-05 5.04978
0.0366722  1.45478e-05 5.06745
0.037039  1.46272e-05 5.08523
0.0374093  1.47073e-05 5.10314
0.0377834  1.47877e-05 5.12116
0.0381613  1.48684e-05 5.13932
0.0385429  1.49493e-05 5.15759
0.0389283  1.50304e-05 5.17598
0.0393176  1.51118e-05 5.19451
0.0397108  1.51934e-05 5.21315
0.0401079  1.52753e-05 5.23192
0.040509  1.53574e-05 5.25082
0.040914  1.54397e-05 5.26984
0.0413232  1.55223e-05 5.28899
0.0417364  1.56051e-05 5.30827
0.0421538  1.56881e-05 5.32768
0.0425753  1.57713e-05 5.34723
0.0430011  1.5855e-05 5.3669
0.0434311  1.5939e-05 5.3867
0.0438654  1.60232e-05 5.40664
0.044304  1.61076e-05 5.42671
0.0447471  1.61922e-05 5.44691
0.0451946  1.62771e-05 5.46724
0.0456465  1.63621e-05 5.48771
0.046103  1.64474e-05 5.50831
0.046564  1.65329e-05 5.52905
0.0470296  1.66186e-05 5.54992
0.0474999  1.67045e-05 5.57093
0.0479749  1.67906e-05 5.59208
0.0484547  1.68769e-05 5.61336
0.0489392  1.69634e-05 5.63478
0.0494286  1.70501e-05 5.65634
0.0499229  1.71372e-05 5.67804
0.0504221  1.72249e-05 5.69988
0.0509264  1.73128e-05 5.72185
0.0514356  1.74009e-05 5.74397
0.05195  1.74891e-05 5.76623
0.0524695  1.75776e-05 5.78863
0.0529942  1.76663e-05 5.81117
0.0535241  1.77553e-05 5.83385
0.0540594  1.78446e-05 5.85668
0.0546  1.79341e-05 5.87965
0.055146  1.80237e-05 5.90277
0.0556974  1.81136e-05 5.92603
0.0562544  1.82036e-05 5.94944
0.0568169  1.82938e-05 5.97299
0.0573851  1.83842e-05 5.99669
0.0579589  1.84747e-05 6.02054
0.0585385  1.85654e-05 6.04453
0.0591239  1.86563e-05 6.06867
0.0597152  1.87473e-05 6.09296
0.0603123  1.88385e-05 6.1174
0.0609154  1.89298e-05 6.14199
0.0615246  1.90213e-05 6.16673
0.0621398  1.9113e-05 6.19163
0.0627612  1.92049e-05 6.21667
0.0633888  1.92969e-05 6.24186
0.0640227  1.93891e-05 6.26721
0.064663  1.94815e-05 6.29271
0.0653096  1.95739e-05 6.31836
0.0659627  1.96665e-05 6.34417
0.0666223  1.97592e-05 6.37013
0.0672885  1.98523e-05 6.39624
0.0679614  1.99455e-05 6.42251
0.068641  2.00389e-05 6.44894
0.0693275  2.01323e-05 6.47553
0.0700207  2.02259e-05 6.50227
0.0707209  2.03195e-05 6.52917
0.0714281  2.04133e-05 6.55622
0.0721424  2.05072e-05 6.58344
0.0728638  2.06011e-05 6.61081
0.0735925  2.06952e-05 6.63834
0.0743284  2.07893e-05 6.66603
0.0750717  2.08837e-05 6.69389
0.0758224  2.09781e-05 6.7219
0.0765806  2.10726e-05 6.75008
0.0773464  2.11672e-05 6.77842
0.0781199  2.12618e-05 6.80692
0.0789011  2.13565e-05 6.83558
0.0796901  2.14513e-05 6.86441
0.080487  2.15462e-05 6.8934
0.0812919  2.16413e-05 6.92256
0.0821048  2.17365e-05 6.95188
0.0829259  2.18317e-05 6.98136
0.0837551  2.19269e-05 7.01101
0.0845927  2.20222e-05 7.04083
0.0854386  2.21174e-05 7.07081
0.086293  2.22127e-05 7.10096
0.0871559  2.2308e-05 7.13128
0.0880275  2.24033e-05 7.16176
0.0889077  2.24987e-05 7.19242
0.0897968  2.2594e-05 7.22324
0.0906948  2.26893e-05 7.25424
0.0916017  2.27846e-05 7.2854
0.0925178  2.28799e-05 7.31674
0.0934429  2.29751e-05 7.34824
0.0943774  2.30704e-05 7.37993
0.0953211  2.31656e-05 7.41178
0.0962743  2.32607e-05 7.44381
0.0972371  2.33558e-05 7.47601
0.0982095  2.34509e-05 7.50839
0.0991916  2.35459e-05 7.54094
0.100183  2.3641e-05 7.57366
0.101185  2.37363e-05 7.60656
0.102197  2.38315e-05 7.63963
0.103219  2.39266e-05 7.67288
0.104251  2.40216e-05 7.7063
0.105294  2.41165e-05 7.7399
0.106347  2.42113e-05 7.77367
0.10741  2.43062e-05 7.80762
0.108484  2.4401e-05 7.84174
0.109569  2.44957e-05 7.87604
0.110665  2.45903e-05 7.91052
0.111772  2.46848e-05 7.94518
0.112889  2.47791e-05 7.98003
0.114018  2.48733e-05 8.01505
0.115158  2.49673e-05 8.05027
0.11631  2.50612e-05 8.08567
0.117473  2.5155e-05 8.12126
0.118648  2.52485e-05 8.15704
0.119834  2.53419e-05 8.19301
0.121033  2.54312e-05 8.22918
0.122243  2.55131e-05 8.26555
0.123465  2.55946e-05 8.30212
0.1247  2.56758e-05 8.33889
0.125947  2.57565e-05 8.37587
0.127206  2.58367e-05 8.41305
0.128478  2.59165e-05 8.45045
0.129763  2.59957e-05 8.48805
0.131061  2.60745e-05 8.52588
0.132372  2.61527e-05 8.56392
0.133695  2.62304e-05 8.60218
0.135032  2.63077e-05 8.64067
0.136383  2.63844e-05 8.67939
0.137746  2.64605e-05 8.71834
0.139124  2.6536e-05 8.75751
0.140515  2.6611e-05 8.79692
0.14192  2.66853e-05 8.83656
0.143339  2.6759e-05 8.87643
0.144773  2.68321e-05 8.91654
0.146221  2.69046e-05 8.95688
0.147683  2.69763e-05 8.99746
0.14916  2.70474e-05 9.03828
0.150651  2.71178e-05 9.07935
0.152158  2.71875e-05 9.12066
0.153679  2.72565e-05 9.16221
0.155216  2.73248e-05 9.20401
0.156768  2.73923e-05 9.24606
0.158336  2.74591e-05 9.28837
0.159919  2.75251e-05 9.33093
0.161518  2.75904e-05 9.37375
0.163134  2.7655e-05 9.41683
0.164765  2.77188e-05 9.46018
0.166413  2.77817e-05 9.50379
0.168077  2.78439e-05 9.54768
0.169757  2.79053e-05 9.59184
0.171455  2.79657e-05 9.63628
0.17317  2.80254e-05 9.68101
0.174901  2.80841e-05 9.72601
0.17665  2.81419e-05 9.77131
0.178417  2.81988e-05 9.81689
0.180201  2.82548e-05 9.86277
0.182003  2.83098e-05 9.90895
0.183823  2.83639e-05 9.95543
0.185661  2.8417e-05 10.0022
0.187518  2.84693e-05 10.0493
0.189393  2.85205e-05 10.0967
0.191287  2.85708e-05 10.1445
0.1932  2.862e-05 10.1925
0.195132  2.86682e-05 10.2409
0.197083  2.87153e-05 10.2896
0.199054  2.87614e-05 10.3387
0.201045  2.88065e-05 10.3881
0.203055  2.88505e-05 10.4378
0.205086  2.88934e-05 10.4879
0.207136  2.89351e-05 10.5383
0.209208  2.89758e-05 10.5891
0.2113  2.90153e-05 10.6403
0.213413  2.90537e-05 10.6919
0.215547  2.9091e-05 10.7438
0.217702  2.91271e-05 10.7961
0.219879  2.9162e-05 10.8488
0.222078  2.91958e-05 10.902
0.224299  2.92283e-05 10.9555
0.226542  2.92596e-05 11.0094
0.228807  2.92897e-05 11.0638
0.231095  2.93185e-05 11.1186
0.233406  2.93461e-05 11.1738
0.235741  2.93724e-05 11.2294
0.238098  2.93974e-05 11.2855
0.240479  2.94212e-05 11.3421
0.242884  2.94436e-05 11.3991
0.245313  2.94648e-05 11.4566
0.247766  2.94846e-05 11.5146
0.250243  2.95032e-05 11.5731
0.252746  2.95205e-05 11.6321
0.255273  2.95364e-05 11.6916
0.257826  2.95509e-05 11.7516
0.260404  2.95642e-05 11.8121
0.263008  2.9576e-05 11.8732
0.265638  2.95865e-05 11.9348
0.268295  2.95956e-05 11.997
0.270978  2.96035e-05 12.0598
0.273687  2.96099e-05 12.1231
0.276424  2.96149e-05 12.187
0.279189  2.96185e-05 12.2516
0.28198  2.96207e-05 12.3167
0.2848  2.96215e-05 12.3825
0.287648  2.96209e-05 12.4489
0.290525  2.96188e-05 12.5159
0.29343  2.96153e-05 12.5837
0.296364  2.96103e-05 12.6521
0.299328  2.9604e-05 12.7212
0.302321  2.95961e-05 12.791
0.305344  2.95868e-05 12.8615
0.308398  2.95761e-05 12.9328
0.311482  2.95639e-05 13.0048
0.314597  2.95502e-05 13.0775
0.317743  2.95351e-05 13.1511
0.32092  2.95185e-05 13.2254
0.324129  2.95005e-05 13.3006
0.32737  2.94811e-05 13.3766
0.330644  2.94602e-05 13.4534
0.333951  2.94378e-05 13.5311
0.33729  2.9414e-05 13.6096
0.340663  2.93888e-05 13.6891
0.34407  2.93621e-05 13.7695
0.34751  2.9334e-05 13.8508
0.350985  2.93044e-05 13.9331
0.354495  2.92733e-05 14.0163
0.35804  2.92409e-05 14.1005
0.361621  2.92069e-05 14.1858
0.365237  2.91715e-05 14.2721
0.368889  2.91347e-05 14.3594
0.372578  2.90965e-05 14.4478
0.376304  2.90569e-05 14.5373
0.380067  2.90159e-05 14.6279
0.383868  2.89735e-05 14.7197
0.387706  2.89297e-05 14.8126
0.391583  2.88845e-05 14.9068
0.395499  2.88379e-05 15.0021
0.399454  2.87899e-05 15.0987
0.403449  2.87405e-05 15.1965
0.407483  2.86897e-05 15.2957
0.411558  2.86376e-05 15.3962
0.415674  2.85842e-05 15.498
0.41983  2.85294e-05 15.6012
0.424029  2.84733e-05 15.7057
0.428269  2.84159e-05 15.8118
0.432552  2.83572e-05 15.9192
0.436877  2.82972e-05 16.0282
0.441246  2.82359e-05 16.1387
0.445658  2.81734e-05 16.2507
0.450115  2.81096e-05 16.3643
0.454616  2.80445e-05 16.4796
0.459162  2.79783e-05 16.5965
0.463754  2.79107e-05 16.715
0.468391  2.7842e-05 16.8353
0.473075  2.77721e-05 16.9573
0.477806  2.7701e-05 17.0811
0.482584  2.76288e-05 17.2068
0.48741  2.75554e-05 17.3343
0.492284  2.74809e-05 17.4637
0.497207  2.74052e-05 17.595
0.502179  2.73285e-05 17.7283
0.507201  2.72508e-05 17.8636
0.512273  2.7172e-05 18.0009
0.517396  2.70921e-05 18.1404
0.52257  2.70112e-05 18.282
0.527795  2.69293e-05 18.4257
0.533073  2.68464e-05 18.5717
0.538404  2.67625e-05 18.72
0.543788  2.66777e-05 18.8705
0.549226  2.65919e-05 19.0235
0.554718  2.65052e-05 19.1788
0.560265  2.64176e-05 19.3366
0.565868  2.63291e-05 19.4969
0.571527  2.62396e-05 19.6597
0.577242  2.61494e-05 19.8251
0.583014  2.60583e-05 19.9932
0.588844  2.59663e-05 20.164
0.594733  2.58736e-05 20.3375
0.60068  2.57801e-05 20.5139
0.606687  2.56858e-05 20.6931
0.612754  2.55907e-05 20.8752
0.618881  2.54949e-05 21.0604
0.62507  2.53984e-05 21.2485
0.631321  2.53013e-05 21.4398
0.637634  2.52034e-05 21.6342
0.644011  2.5105e-05 21.8318
0.650451  2.50058e-05 22.0327
0.656955  2.49061e-05 22.2369
0.663525  2.48057e-05 22.4446
0.67016  2.47048e-05 22.6557
0.676862  2.46033e-05 22.8704
0.68363  2.45013e-05 23.0887
0.690466  2.43988e-05 23.3107
0.697371  2.42958e-05 23.5364
0.704345  2.41922e-05 23.7659
0.711388  2.40882e-05 23.9993
0.718502  2.39838e-05 24.2367
0.725687  2.38789e-05 24.4782
0.732944  2.37736e-05 24.7237
0.740273  2.36679e-05 24.9735
0.747676  2.35618e-05 25.2275
0.755153  2.34554e-05 25.4859
0.762705  2.33486e-05 25.7488
0.770332  2.32415e-05 26.0162
0.778035  2.3134e-05 26.2881
0.785815  2.30263e-05 26.5648
0.793673  2.29183e-05 26.8463
0.80161  2.281e-05 27.1327
0.809626  2.27016e-05 27.424
0.817722  2.25928e-05 27.7204
0.8259  2.24839e-05 28.022
0.834159  2.23748e-05 28.3288
0.8425  2.22655e-05 28.641
0.850925  2.2156e-05 28.9586
0.859435  2.20463e-05 29.2818
0.868029  2.19365e-05 29.6106
0.876709  2.18266e-05 29.9453
0.885476  2.17166e-05 30.2858
0.894331  2.16064e-05 30.6322
0.903274  2.14962e-05 30.9848
0.912307  2.13859e-05 31.3436
0.92143  2.12756e-05 31.7087
0.930644  2.11652e-05 32.0802
0.939951  2.10548e-05 32.4583
0.94935  2.09444e-05 32.8431
0.958844  2.08339e-05 33.2347
0.968432  2.07235e-05 33.6332
0.978117  2.0613e-05 34.0387
0.987898  2.05027e-05 34.4515
0.997777  2.03923e-05 34.8715
1.00775  2.02821e-05 35.299
1.01783  2.01719e-05 35.7341
1.02801  2.00618e-05 36.1769
1.03829  1.99518e-05 36.6276
1.04867  1.98419e-05 37.0863
1.05916  1.97321e-05 37.5531
1.06975  1.96224e-05 38.0283
1.08045  1.95129e-05 38.5119
1.09125  1.94035e-05 39.0041
1.10217  1.92943e-05 39.505
1.11319  1.91852e-05 40.0149
1.12432  1.90763e-05 40.5339
1.13556  1.89675e-05 41.0621
1.14692  1.8859e-05 41.5997
1.15839  1.87506e-05 42.1469
1.16997  1.86424e-05 42.7039
1.18167  1.85345e-05 43.2708
1.19349  1.84268e-05 43.8478
1.20542  1.83192e-05 44.4351
1.21748  1.8212e-05 45.0328
1.22965  1.81049e-05 45.6412
1.24195  1.79981e-05 46.2605
1.25437  1.78916e-05 46.8908
1.26691  1.77854e-05 47.5324
1.27958  1.76794e-05 48.1854
1.29238  1.75737e-05 48.85
1.3053  1.74683e-05 49.5265
1.31835  1.73631e-05 50.2151
1.33154  1.72583e-05 50.916
1.34485  1.71538e-05 51.6293
1.3583  1.70495e-05 52.3553
1.37188  1.69456e-05 53.0943
1.3856  1.6842e-05 53.8465
1.39946  1.67388e-05 54.612
1.41345  1.66358e-05 55.3912
1.42759  1.65332e-05 56.1843
1.44186  1.6431e-05 56.9915
1.45628  1.63291e-05 57.8131
1.47085  1.62275e-05 58.6493
1.48555  1.61263e-05 59.5004
1.50041  1.60254e-05 60.3666
1.51541  1.59249e-05 61.2482
1.53057  1.58248e-05 62.1455
1.54587  1.5725e-05 63.0587
1.56133  1.56256e-05 63.9882
1.57695  1.55266e-05 64.9342
1.59271  1.5428e-05 65.8969
1.60864  1.53297e-05 66.8768
1.62473  1.52319e-05 67.874
1.64098  1.51345e-05 68.889
1.65739  1.50374e-05 69.9219
1.67396  1.49408e-05 70.9732
1.6907  1.48445e-05 72.043
1.70761  1.47487e-05 73.1319
1.72468  1.46533e-05 74.24
1.74193  1.45583e-05 75.3677
1.75935  1.44637e-05 76.5153
1.77694  1.43695e-05 77.6833
1.79471  1.42757e-05 78.8719
1.81266  1.41824e-05 80.0815
1.83078  1.40895e-05 81.3125
1.84909  1.3997e-05 82.5652
1.86758  1.39049e-05 83.84
1.88626  1.38133e-05 85.1373
1.90512  1.37221e-05 86.4575
1.92417  1.36313e-05 87.801
1.94341  1.3541e-05 89.1681
1.96285  1.34511e-05 90.5593
1.98248  1.33617e-05 91.975
2.0023  1.32726e-05 93.4156
2.02232  1.31841e-05 94.8816
2.04255  1.30959e-05 96.3733
2.06297  1.30083e-05 97.8913
2.0836  1.2921e-05 99.436
2.10444  1.28342e-05 101.008
2.12548  1.27479e-05 102.607
2.14674  1.2662e-05 104.235
2.16821  1.25765e-05 105.89
2.18989  1.24915e-05 107.576
2.21179  1.24069e-05 109.29
2.2339  1.23228e-05 111.035
2.25624  1.22391e-05 112.81
2.27881  1.21559e-05 114.616
2.30159  1.20731e-05 116.454
2.32461  1.19908e-05 118.324
2.34786  1.19089e-05 120.227
2.37134  1.18275e-05 122.163
2.39505  1.17465e-05 124.133
2.419  1.1666e-05 126.137
2.44319  1.15859e-05 128.177
2.46762  1.15062e-05 130.252
2.4923  1.1427e-05 132.363
2.51722  1.13483e-05 134.511
2.54239  1.127e-05 136.697
2.56782  1.11921e-05 138.921
2.59349  1.11147e-05 141.183
2.61943  1.10377e-05 143.486
2.64562  1.09612e-05 145.828
2.67208  1.08851e-05 148.211
2.6988  1.08095e-05 150.636
2.72579  1.07343e-05 153.103
2.75305  1.06595e-05 155.613
2.78058  1.05852e-05 158.167
2.80838  1.05113e-05 160.765
2.83647  1.04379e-05 163.409
2.86483  1.03648e-05 166.098
2.89348  1.02922e-05 168.835
2.92241  1.02201e-05 171.619
2.95164  1.01483e-05 174.452
2.98115  1.0077e-05 177.334
3.01097  1.00061e-05 180.267
3.04108  9.93568e-06 183.251
3.07149  9.86564e-06 186.286
3.1022  9.79602e-06 189.375
3.13322  9.72681e-06 192.517
3.16456  9.65803e-06 195.714
3.1962  9.58965e-06 198.967
3.22816  9.5217e-06 202.277
3.26045  9.45417e-06 205.644
3.29305  9.38704e-06 209.071
3.32598  9.32031e-06 212.557
3.35924  9.25401e-06 216.103
3.39283  9.1881e-06 219.712
3.42676  9.1226e-06 223.383
3.46103  9.0575e-06 227.119
3.49564  8.9928e-06 230.92
3.53059  8.9285e-06 234.787
3.5659  8.86459e-06 238.722
3.60156  8.80107e-06 242.726
3.63758  8.73794e-06 246.8
3.67395  8.67521e-06 250.945
3.71069  8.61285e-06 255.162
3.7478  8.5509e-06 259.454
3.78528  8.48933e-06 263.821
3.82313  8.42813e-06 268.264
3.86136  8.36747e-06 272.78
3.89997  8.30701e-06 277.381
3.93897  8.24693e-06 282.062
3.97836  8.18723e-06 286.826
4.01815  8.1279e-06 291.672
4.05833  8.06894e-06 296.604
4.09891  8.01035e-06 301.622
4.1399  7.95212e-06 306.728
4.1813  7.89426e-06 311.923
4.22311  7.83676e-06 317.21
4.26534  7.77962e-06 322.589
4.308  7.72284e-06 328.062
4.35108  7.66642e-06 333.631
4.39459  7.61036e-06 339.299
4.43853  7.55464e-06 345.066
4.48292  7.49928e-06 350.936
4.52775  7.44426e-06 356.909
4.57303  7.38959e-06 362.988
4.61876  7.33526e-06 369.175
4.66494  7.28128e-06 375.472
4.71159  7.22763e-06 381.881
4.75871  7.17432e-06 388.404
4.8063  7.12135e-06 395.044
4.85436  7.06872e-06 401.802
4.9029  7.01641e-06 408.68
4.95193  6.96444e-06 415.679
5.00145  6.9128e-06 422.802
5.05146  6.8615e-06 430.05
5.10198  6.81052e-06 437.425
5.153  6.75987e-06 444.929
5.20453  6.70954e-06 452.564
5.25657  6.65953e-06 460.331
5.30914  6.60984e-06 468.233
5.36223  6.56047e-06 476.271
5.41585  6.51141e-06 484.448
5.47001  6.46268e-06 492.769
5.52471  6.41425e-06 501.236
5.57996  6.36614e-06 509.855
5.63576  6.31833e-06 518.628
5.69212  6.27083e-06 527.561
5.74904  6.22364e-06 536.658
5.80653  6.17675e-06 545.923
5.86459  6.13016e-06 555.36
5.92324  6.08388e-06 564.975
5.98247  6.03789e-06 574.773
6.0423  5.85763e-06 584.757
6.10272  5.81243e-06 594.934
6.16375  5.76756e-06 605.306
6.22538  5.72298e-06 615.878
6.28764  5.6787e-06 626.654
6.35051  5.63472e-06 637.64
6.41402  5.59103e-06 648.838
6.47816  5.54764e-06 660.256
6.54294  5.50454e-06 671.896
6.60837  5.46173e-06 683.764
6.67445  5.41921e-06 695.865
6.7412  5.37699e-06 708.205
6.80861  5.33505e-06 720.786
6.8767  5.29341e-06 733.611
6.94546  5.25204e-06 746.683
7.01492  5.21096e-06 760.002
7.08507  5.17017e-06 773.572
7.15592  5.12965e-06 787.394
7.22748  5.08942e-06 801.47
7.29975  5.04946e-06 815.802
7.37275  5.00975e-06 830.391
7.44648  4.9703e-06 845.239
7.52094  4.93113e-06 860.348
7.59615  4.89224e-06 875.719
7.67211  4.85362e-06 891.358
7.74883  4.81527e-06 907.272
7.82632  4.77719e-06 923.467
7.90459  4.73939e-06 939.949
7.98363  4.70185e-06 956.726
8.06347  4.66458e-06 973.804
8.1441  4.62759e-06 991.192
8.22554  4.59085e-06 1008.89
8.3078  4.55438e-06 1026.92
8.39088  4.51818e-06 1045.28
8.47479  4.48223e-06 1063.98
8.55953  4.44655e-06 1083.03
8.64513  4.41112e-06 1102.42
8.73158  4.37596e-06 1122.18
8.8189  4.34104e-06 1142.3
8.90709  4.30639e-06 1162.79
8.99616  4.27198e-06 1183.66
9.08612  4.23783e-06 1204.91
9.17698  4.20393e-06 1226.54
9.26875  4.17026e-06 1248.57
9.36144  4.13685e-06 1271
9.45505  4.1036e-06 1293.87
9.5496  4.07067e-06 1317.12
9.6451  4.03799e-06 1340.8
9.74155  4.00555e-06 1364.9
9.83896  3.97335e-06 1389.45
9.93735  3.94139e-06 1414.44
10.0367  3.90968e-06 1439.88
10.1371  3.87821e-06 1465.79
10.2385  3.84697e-06 1492.17
10.3409  3.81597e-06 1519.03
10.4443  3.78521e-06 1546.38
10.5487  3.75467e-06 1574.24
10.6542  3.72437e-06 1602.6
10.7607  3.69431e-06 1631.48
10.8683  3.66447e-06 1660.89
10.977  3.63486e-06 1690.84
11.0868  3.60548e-06 1721.34
11.1977  3.57632e-06 1752.39
11.3096  3.54738e-06 1784.01
11.4227  3.51867e-06 1816.21
11.537  3.49018e-06 1849
11.6523  3.4619e-06 1882.39
11.7689  3.43385e-06 1916.39
11.8865  3.40601e-06 1951.01
12.0054  3.37638e-06 1986.26
12.1255  3.34899e-06 2022.15
12.2467  3.32181e-06 2058.7
12.3692  3.29481e-06 2095.92
12.4929  3.26802e-06 2133.82
12.6178  3.24144e-06 2172.41
12.744  3.21506e-06 2211.7
12.8714  3.1889e-06 2251.71
13.0001  3.16294e-06 2292.46
13.1301  3.13718e-06 2333.95
13.2614  3.11162e-06 2376.2
13.3941  3.08627e-06 2419.22
13.528  3.06112e-06 2463.02
13.6633  3.03616e-06 2507.63
13.7999  3.0114e-06 2553.05
13.9379  2.98684e-06 2599.31
14.0773  2.96247e-06 2646.41
14.2181  2.9383e-06 2694.37
14.3602  2.91432e-06 2743.21
14.5038  2.89052e-06 2792.94
14.6489  2.86692e-06 2843.58
14.7954  2.8435e-06 2895.15
14.9433  2.82028e-06 2947.66
15.0928  2.79723e-06 3001.13
15.2437  2.77437e-06 3055.57
15.3961  2.75169e-06 3111.01
15.5501  2.7292e-06 3167.47
15.7056  2.70688e-06 3224.96
15.8626  2.68475e-06 3283.49
16.0213  2.66279e-06 3343.1
16.1815  2.641e-06 3403.8
16.3433  2.6194e-06 3465.61
16.5067  2.59797e-06 3528.55
16.6718  2.57672e-06 3592.64
16.8385  2.55563e-06 3657.9
17.0069  2.53472e-06 3724.35
17.177  2.51397e-06 3792.02
17.3487  2.49337e-06 3860.93
17.5222  2.47294e-06 3931.09
17.6974  2.45268e-06 4002.54
17.8744  2.43257e-06 4075.3
18.0532  2.41263e-06 4149.39
18.2337  2.39285e-06 4224.83
18.416  2.37324e-06 4301.65
18.6002  2.35378e-06 4379.88
18.7862  2.33447e-06 4459.54
18.9741  2.31533e-06 4540.66
19.1638  2.29633e-06 4623.26
19.3554  2.2775e-06 4707.37
19.549  2.25881e-06 4793.02
19.7445  2.24028e-06 4880.23
19.9419  2.2219e-06 4969.05
20.1413  2.20366e-06 5059.49
20.3427  2.18558e-06 5151.58
20.5462  2.16764e-06 5245.36
20.7516  2.14985e-06 5340.85
20.9592  2.1322e-06 5438.09
21.1687  2.1147e-06 5537.11
21.3804  2.09734e-06 5637.94
21.5942  2.08012e-06 5740.62
21.8102  2.06304e-06 5845.18
22.0283  2.0461e-06 5951.65
22.2486  2.02929e-06 6060.07
22.4711  2.01263e-06 6170.47
22.6958  1.9961e-06 6282.9
22.9227  1.9797e-06 6397.38
23.1519  1.96344e-06 6513.96
23.3835  1.94732e-06 6632.67
23.6173  1.93132e-06 6753.56
23.8535  1.91545e-06 6876.66
24.092  1.89972e-06 7002.02
24.3329  1.88411e-06 7129.67
24.5763  1.86863e-06 7259.65
24.822  1.85328e-06 7392.02
25.0702  1.83804e-06 7526.81
25.3209  1.82294e-06 7664.08
25.5742  1.80795e-06 7803.85
25.8299  1.79309e-06 7946.19
26.0882  1.77835e-06 8091.13
26.3491  1.76373e-06 8238.73
26.6126  1.74923e-06 8389.04
26.8787  1.73485e-06 8542.1
27.1475  1.72058e-06 8697.96
27.419  1.70644e-06 8856.68
27.6931  1.6924e-06 9018.31
27.9701  1.67848e-06 9182.91
28.2498  1.66468e-06 9350.52
28.5323  1.65099e-06 9521.2
28.8176  1.63741e-06 9695.01
29.1058  1.62394e-06 9872.01
29.3968  1.61058e-06 10052.3
29.6908  1.59733e-06 10235.8
29.9877  1.58419e-06 10422.7
30.2876  1.57116e-06 10613.1
30.5905  1.55823e-06 10806.9
30.8964  1.54541e-06 11004.3
31.2053  1.53269e-06 11205.3
31.5174  1.52008e-06 11410
31.8326  1.50757e-06 11618.4
32.1509  1.49517e-06 11830.7
32.4724  1.48286e-06 12046.9
32.7971  1.47066e-06 12267
33.1251  1.45855e-06 12491.2
33.4563  1.44655e-06 12719.5
33.7909  1.43464e-06 12952
34.1288  1.42283e-06 13188.7
34.4701  1.41112e-06 13429.8
34.8148  1.3995e-06 13675.3
35.1629  1.38798e-06 13925.3
35.5146  1.37656e-06 14180
35.8697  1.36523e-06 14439.2
36.2284  1.35399e-06 14703.3
36.5907  1.34284e-06 14972.2
36.9566  1.33179e-06 15246
37.3262  1.32082e-06 15524.9
37.6994  1.30995e-06 15808.9
38.0764  1.29916e-06 16098.1
38.4572  1.28847e-06 16392.6
38.8418  1.27786e-06 16692.5
39.2302  1.26734e-06 16997.9
39.6225  1.25691e-06 17308.9
40.0187  1.24656e-06 17625.7
40.4189  1.23629e-06 17948.2
40.8231  1.22612e-06 18276.7
41.2313  1.21602e-06 18611.2
41.6436  1.20601e-06 18951.9
42.0601  1.19608e-06 19298.8
42.4807  1.18623e-06 19652.1
42.9055  1.17647e-06 20011.9
43.3345  1.16678e-06 20378.3
43.7679  1.15717e-06 20751.4
44.2056  1.14765e-06 21131.4
44.6476  1.1382e-06 21518.4
45.0941  1.12883e-06 21912.5
45.545  1.11953e-06 22313.8
46.0005  1.11032e-06 22722.5
46.4605  1.10118e-06 23138.7
46.9251  1.09211e-06 23562.5
47.3943  1.08312e-06 23994.2
47.8683  1.07421e-06 24433.7
48.347  1.06537e-06 24881.4
48.8304  1.0566e-06 25337.2
49.3187  1.0479e-06 25801.5
49.8119  1.03928e-06 26274.3
50.31  1.03072e-06 26755.7
50.8131  1.02224e-06 27246.1
51.3213  1.01383e-06 27745.4
51.8345  1.00549e-06 28253.9
52.3528  9.97212e-07 28771.7
52.8764  9.89008e-07 29299.1
53.4051  9.80871e-07 29836.1
53.9392  9.72802e-07 30383.1
54.4786  9.64799e-07 30940
55.0234  9.56863e-07 31507.2
55.5736  9.48993e-07 32084.9
56.1293  9.41188e-07 32673.1
56.6906  9.33448e-07 33272.2
57.2575  9.25772e-07 33882.2
57.8301  9.1816e-07 34503.5
58.4084  9.10611e-07 35136.2
58.9925  9.03125e-07 35780.5
59.5824  8.95701e-07 36436.6
60.1782  8.88339e-07 37104.9
60.78  8.81037e-07 37785.3
61.3878  8.73797e-07 38478.3
62.0017  8.66617e-07 39184
62.6217  8.59496e-07 39902.7
63.2479  8.52435e-07 40634.6
63.8804  8.45433e-07 41379.9
64.5192  8.38489e-07 42138.9
65.1644  8.31603e-07 42911.8
65.816  8.24774e-07 43699
66.4742  8.18002e-07 44500.6
67.1389  8.11287e-07 45316.9
67.8103  8.04628e-07 46148.2
68.4884  7.98024e-07 46994.8
69.1733  7.91476e-07 47856.9
69.8651  7.84982e-07 48734.9
70.5637  7.78542e-07 49628.9
71.2693  7.72157e-07 50539.4
71.982  7.65822e-07 51466.6
72.7019  7.5954e-07 52410.8
73.4289  7.53311e-07 53372.4
74.1632  7.47134e-07 54351.6
74.9048  7.41008e-07 55348.7
75.6538  7.34934e-07 56364.2
76.4104  7.28911e-07 57398.3
77.1745  7.22938e-07 58451.3
77.9462  7.17016e-07 59523.7
78.7257  7.11143e-07 60615.8
79.513  7.05319e-07 61727.9
80.3081  6.99545e-07 62860.4
81.1112  6.93819e-07 64013.6
81.9223  6.88141e-07 65188
82.7415  6.82511e-07 66383.9
83.5689  6.76928e-07 67601.8
84.4046  6.71392e-07 68842
85.2486  6.65903e-07 70104.9
86.1011  6.6046e-07 71390.9
86.9621  6.55062e-07 72700.6
87.8318  6.49711e-07 74034.2
88.7101  6.44404e-07 75392.2
89.5972  6.39142e-07 76775.2
90.4932  6.33925e-07 78183.4
91.3981  6.28751e-07 79617.5
92.3121  6.23621e-07 81077.8
93.2352  6.18535e-07 82564.9
94.1675  6.13491e-07 84079.2
95.1092  6.0849e-07 85621.2
96.0603  6.03531e-07 87191.5
97.0209  5.98614e-07 88790.4
97.9911  5.93739e-07 90418.7
98.971  5.88905e-07 92076.7
99.9607  5.84112e-07 93765.1
100.96  5.7936e-07 95484.3
101.97  5.74648e-07 97235
102.99  5.69976e-07 99017.7
104.02  5.65343e-07 100833
105.06  5.6075e-07 102681
106.11  5.56196e-07 104564
107.171  5.51681e-07 106480
108.243  5.47204e-07 108432
109.326  5.42765e-07 110419
110.419  5.38364e-07 112442
111.523  5.34e-07 114503
112.638  5.29673e-07 116601
113.765  5.25383e-07 118737
114.902  5.2113e-07 120913
116.051  5.16912e-07 123128
117.212  5.12731e-07 125383
118.384  5.08585e-07 127680
119.568  5.04475e-07 130019
120.763  5.00399e-07 132401
121.971  4.96359e-07 134825
123.191  4.92353e-07 137295
124.423  4.88381e-07 139809
125.667  4.84443e-07 142368
126.924  4.80539e-07 144975
128.193  4.76668e-07 147629
129.475  4.7283e-07 150331
130.77  4.69025e-07 153082
132.077  4.65252e-07 155883
133.398  4.61512e-07 158734
134.732  4.57804e-07 161638
136.079  4.54127e-07 164594
137.44  4.50482e-07 167604
138.814  4.46869e-07 170668
140.203  4.43286e-07 173788
141.605  4.39734e-07 176965
143.021  4.36212e-07 180199
144.451  4.3272e-07 183493
145.895  4.29259e-07 186846
147.354  4.25827e-07 190261
148.828  4.22425e-07 193738
150.316  4.19052e-07 197278
151.819  4.15707e-07 200884
153.338  4.12392e-07 204555
154.871  4.09105e-07 208294
156.42  4.05847e-07 212101
157.984  4.02616e-07 215979
159.564  3.99413e-07 219929
161.159  3.96238e-07 223951
162.771  3.93091e-07 228048
164.399  3.8997e-07 232221
166.043  3.86877e-07 236472
167.703  3.8381e-07 240801
169.38  3.8077e-07 245212
171.074  3.77756e-07 249705
172.785  3.74768e-07 254282
174.512  3.71806e-07 258944
176.258  3.6887e-07 263694
178.02  3.65959e-07 268531
179.8  3.63073e-07 273459
181.598  3.60213e-07 278479
183.414  3.57377e-07 283592
185.248  3.54566e-07 288800
187.101  3.51779e-07 294104
188.972  3.49017e-07 299507
190.862  3.46278e-07 305011
192.77  3.43564e-07 310616
194.698  3.40873e-07 316325
196.645  3.38206e-07 322140
198.611  3.35561e-07 328063
200.598  3.3294e-07 334096
202.604  3.30342e-07 340240
204.63  3.27766e-07 346497
206.676  3.25213e-07 352871
208.743  3.22683e-07 359362
210.83  3.20174e-07 365973
212.938  3.17687e-07 372706
215.068  3.15222e-07 379564
217.218  3.12778e-07 386548
219.391  3.10356e-07 393660
221.584  3.07955e-07 400904
223.8  3.05575e-07 408281
226.038  3.03216e-07 415794
228.299  3.00878e-07 423445
230.582  2.9856e-07 431237
232.888  2.96262e-07 439173
235.216  2.93985e-07 447254
237.569  2.91727e-07 455483
239.944  2.8949e-07 463863
242.344  2.87272e-07 472397
244.767  2.85073e-07 481088
247.215  2.82894e-07 489937
249.687  2.80734e-07 498949
252.184  2.78593e-07 508126
254.706  2.7647e-07 517470
257.253  2.74367e-07 526986
259.825  2.72281e-07 536675
262.423  2.70215e-07 546541
265.048  2.68166e-07 556587
267.698  2.66135e-07 566816
270.375  2.64123e-07 577232
273.079  2.62128e-07 587837
275.81  2.6015e-07 598636
278.568  2.5819e-07 609631
281.354  2.56247e-07 620826
284.167  2.54322e-07 632224
287.009  2.52413e-07 643829
289.879  2.50521e-07 655645
292.778  2.48646e-07 667675
295.705  2.46788e-07 679923
298.662  2.44945e-07 692393
301.649  2.4312e-07 705088
304.666  2.4131e-07 718014
307.712  2.39516e-07 731172
310.789  2.37738e-07 744569
313.897  2.35976e-07 758207
317.036  2.34229e-07 772091
320.207  2.32498e-07 786226
323.409  2.30782e-07 800615
326.643  2.29082e-07 815263
329.909  2.27396e-07 830175
333.208  2.25726e-07 845355
336.54  2.24071e-07 860807
339.906  2.2243e-07 876536
343.305  2.20804e-07 892548
346.738  2.19192e-07 908847
350.205  2.17595e-07 925437
353.707  2.16012e-07 942324
357.244  2.14443e-07 959513
360.817  2.12889e-07 977010
364.425  2.11348e-07 994818
368.069  2.09821e-07 1.01294e+06
371.75  2.08308e-07 1.03139e+06
375.467  2.06809e-07 1.05017e+06
379.222  2.05323e-07 1.06928e+06
383.014  2.0385e-07 1.08874e+06
386.844  2.02391e-07 1.10853e+06
390.713  2.00945e-07 1.12868e+06
394.62  1.99512e-07 1.14919e+06
398.566  1.98092e-07 1.17006e+06
402.552  1.96684e-07 1.1913e+06
406.577  1.9529e-07 1.21291e+06
410.643  1.93908e-07 1.23491e+06
414.75  1.92539e-07 1.25729e+06
418.897  1.91182e-07 1.28007e+06
423.086  1.89837e-07 1.30326e+06
427.317  1.88505e-07 1.32685e+06
431.59  1.87184e-07 1.35085e+06
435.906  1.85876e-07 1.37528e+06
440.265  1.84579e-07 1.40013e+06
444.668  1.83295e-07 1.42543e+06
449.114  1.82021e-07 1.45116e+06
453.605  1.8076e-07 1.47735e+06
458.142  1.7951e-07 1.50399e+06
462.723  1.78271e-07 1.5311e+06
467.35  1.77044e-07 1.55869e+06
472.024  1.75827e-07 1.58675e+06
476.744  1.74622e-07 1.61531e+06
481.511  1.73428e-07 1.64436e+06
486.326  1.72245e-07 1.67392e+06
491.19  1.71072e-07 1.70399e+06
496.102  1.6991e-07 1.73458e+06
501.063  1.68759e-07 1.76571e+06
506.073  1.67619e-07 1.79737e+06
511.134  1.66488e-07 1.82958e+06
516.245  1.65368e-07 1.86235e+06
521.408  1.64259e-07 1.89568e+06
526.622  1.63159e-07 1.92959e+06
531.888  1.6207e-07 1.96408e+06
537.207  1.60991e-07 1.99917e+06
542.579  1.59921e-07 2.03486e+06
548.005  1.58862e-07 2.07117e+06
553.485  1.57812e-07 2.10809e+06
559.02  1.56772e-07 2.14565e+06
564.61  1.55742e-07 2.18386e+06
570.256  1.54721e-07 2.22271e+06
575.959  1.5371e-07 2.26223e+06
581.718  1.52708e-07 2.30243e+06
587.535  1.51715e-07 2.34331e+06
593.411  1.50732e-07 2.38488e+06
599.345  1.49757e-07 2.42717e+06
605.338  1.48792e-07 2.47017e+06
611.392  1.47836e-07 2.5139e+06
617.506  1.46889e-07 2.55837e+06
623.681  1.45951e-07 2.60359e+06
629.917  1.45021e-07 2.64958e+06
636.217  1.441e-07 2.69635e+06
642.579  1.43188e-07 2.7439e+06
649.005  1.42285e-07 2.79226e+06
655.495  1.4139e-07 2.84143e+06
662.05  1.40503e-07 2.89142e+06
668.67  1.39625e-07 2.94225e+06
675.357  1.38755e-07 2.99394e+06
682.11  1.37893e-07 3.04649e+06
688.931  1.3704e-07 3.09991e+06
695.821  1.36195e-07 3.15423e+06
702.779  1.35357e-07 3.20946e+06
709.807  1.34528e-07 3.2656e+06
716.905  1.33707e-07 3.32268e+06
724.074  1.32893e-07 3.38071e+06
731.315  1.32087e-07 3.4397e+06
738.628  1.31289e-07 3.49966e+06
746.014  1.30499e-07 3.56062e+06
753.474  1.29716e-07 3.62258e+06
761.009  1.28941e-07 3.68556e+06
768.619  1.28173e-07 3.74959e+06
776.305  1.27413e-07 3.81466e+06
784.068  1.2666e-07 3.8808e+06
791.909  1.25915e-07 3.94803e+06
799.828  1.25176e-07 4.01636e+06
807.826  1.24445e-07 4.08581e+06
815.905  1.23721e-07 4.15639e+06
824.064  1.23004e-07 4.22812e+06
832.304  1.22294e-07 4.30102e+06
840.627  1.21591e-07 4.3751e+06
849.034  1.20895e-07 4.45039e+06
857.524  1.20205e-07 4.52689e+06
866.099  1.19523e-07 4.60464e+06
874.76  1.18847e-07 4.68364e+06
883.508  1.18178e-07 4.76391e+06
892.343  1.17515e-07 4.84548e+06
901.266  1.16859e-07 4.92836e+06
910.279  1.1621e-07 5.01257e+06
919.382  1.15567e-07 5.09813e+06
928.575  1.1493e-07 5.18506e+06
937.861  1.143e-07 5.27338e+06
947.24  1.13676e-07 5.36311e+06
956.712  1.13058e-07 5.45427e+06
966.279  1.12446e-07 5.54688e+06
975.942  1.11841e-07 5.64096e+06
985.702  1.11241e-07 5.73653e+06
995.559  1.10648e-07 5.83362e+06
