 loop =           0  is type =           0   0.00000000       20.0000000       0.00000000       1.28069997       0.00000000       0.00000000       0.00000000       0.00000000       0.00000000    
 loop =          -1  is type =           1   0.00000000       46.2439995       1.16709995      0.689999998       3.41790009       1.17530000      0.689999998       0.00000000       0.00000000    
 loop =          -1  is type =           2   0.00000000       0.00000000       0.00000000       0.00000000       7.25659990       1.17530000      0.689999998       0.00000000       0.00000000    
 loop =          -1  is type =           3   0.00000000       5.90000010      0.897899985      0.629999995       0.00000000       0.00000000       0.00000000       0.00000000       0.00000000    
 WOUT,ITER,FALLOC = F           0 F
