#  91 angles,  1 tensor ranks for 0=projectile
@subtitle   "16N(d,d) @ 40AMeV Haixia (d)"                                                  
@legend ON
@legend x1 0.2
@legend y1 0.8
@g0 type LOGY
@yaxis ticklabel format power
@legend string   0 "Lab energy =   80.0000"
#legend string   0 "Partition=  1 Excit=  1 near/far= 1"
#  Theta       sigma       iT11        T20         T21         T22         Kyy for projectile
  0.1000E-01   1.000    
   2.000      0.7352    
   4.000       1.135    
   6.000       3.552    
   8.000       7.500    
   10.00       10.51    
   12.00       10.24    
   14.00       6.844    
   16.00       3.291    
   18.00       3.200    
   20.00       8.140    
   22.00       16.51    
   24.00       24.64    
   26.00       29.17    
   28.00       28.81    
   30.00       24.73    
   32.00       19.49    
   34.00       15.51    
   36.00       13.93    
   38.00       14.47    
   40.00       15.89    
   42.00       16.85    
   44.00       16.50    
   46.00       14.75    
   48.00       12.08    
   50.00       9.193    
   52.00       6.698    
   54.00       4.910    
   56.00       3.840    
   58.00       3.293    
   60.00       3.013    
   62.00       2.785    
   64.00       2.492    
   66.00       2.111    
   68.00       1.682    
   70.00       1.264    
   72.00      0.9083    
   74.00      0.6381    
   76.00      0.4541    
   78.00      0.3400    
   80.00      0.2733    
   82.00      0.2334    
   84.00      0.2055    
   86.00      0.1813    
   88.00      0.1573    
   90.00      0.1334    
   92.00      0.1101    
   94.00      0.8871E-01
   96.00      0.6976E-01
   98.00      0.5367E-01
   100.0      0.4052E-01
   102.0      0.3028E-01
   104.0      0.2279E-01
   106.0      0.1778E-01
   108.0      0.1484E-01
   110.0      0.1349E-01
   112.0      0.1318E-01
   114.0      0.1336E-01
   116.0      0.1358E-01
   118.0      0.1352E-01
   120.0      0.1304E-01
   122.0      0.1209E-01
   124.0      0.1078E-01
   126.0      0.9241E-02
   128.0      0.7658E-02
   130.0      0.6172E-02
   132.0      0.4892E-02
   134.0      0.3877E-02
   136.0      0.3136E-02
   138.0      0.2641E-02
   140.0      0.2339E-02
   142.0      0.2171E-02
   144.0      0.2082E-02
   146.0      0.2025E-02
   148.0      0.1967E-02
   150.0      0.1890E-02
   152.0      0.1789E-02
   154.0      0.1665E-02
   156.0      0.1527E-02
   158.0      0.1381E-02
   160.0      0.1236E-02
   162.0      0.1092E-02
   164.0      0.9495E-03
   166.0      0.8096E-03
   168.0      0.6746E-03
   170.0      0.5463E-03
   172.0      0.4265E-03
   174.0      0.3205E-03
   176.0      0.2375E-03
   178.0      0.1857E-03
   180.0      0.1683E-03
 END
