           1           2           1
    0.0+     1 1  0.3165       0.000    
    0.0+     3 2  0.3192       0.000    
    0.0-     2 1  0.3175       0.000    
    1.0+     1 1  0.9505       0.000    
    1.0+     1 2  0.9495       0.000    
    1.0+     3 3  0.9576       0.000    
    1.0+     3 4  0.9561       0.000    
    1.0-     0 1  0.9487       0.000    
    1.0-     2 2  0.9535       0.000    
    1.0-     2 3  0.9525       0.000    
    1.0-     2 4  0.9510       0.000    
    1.0-     4 5  0.9623       0.000    
    2.0+     1 1   1.585       0.000    
    2.0+     1 2   1.584       0.000    
    2.0+     1 3   1.582       0.000    
    2.0+     3 4   1.596       0.000    
    2.0+     3 5   1.593       0.000    
    2.0+     3 6   1.590       0.000    
    2.0+     5 7   1.615       0.000    
    2.0-     0 1   1.581       0.000    
    2.0-     2 2   1.589       0.000    
    2.0-     2 3   1.587       0.000    
    2.0-     2 4   1.585       0.000    
    2.0-     4 5   1.604       0.000    
    2.0-     4 6   1.601       0.000    
    3.0+     1 1   2.218       0.000    
    3.0+     1 2   2.215       0.000    
    3.0+     3 3   2.234       0.000    
    3.0+     3 4   2.231       0.000    
    3.0+     3 5   2.226       0.000    
    3.0+     5 6   2.261       0.000    
    3.0+     5 7   2.256       0.000    
    3.0-     0 1   2.214       0.000    
    3.0-     2 2   2.225       0.000    
    3.0-     2 3   2.222       0.000    
    3.0-     2 4   2.219       0.000    
    3.0-     4 5   2.245       0.000    
    3.0-     4 6   2.241       0.000    
    3.0-     4 7   2.236       0.000    
    3.0-     6 8   2.278       0.000    
    4.0+     1 1   2.848       0.000    
    4.0+     3 2   2.873       0.000    
    4.0+     3 3   2.868       0.000    
    4.0+     3 4   2.862       0.000    
    4.0+     5 5   2.908       0.000    
    4.0+     5 6   2.900       0.000    
    4.0+     5 7   2.891       0.000    
    4.0+     7 8   2.953       0.000    
    4.0-     2 1   2.857       0.000    
    4.0-     2 2   2.853       0.000    
    4.0-     4 3   2.887       0.000    
    4.0-     4 4   2.881       0.000    
    4.0-     4 5   2.875       0.000    
    4.0-     6 6   2.929       0.000    
    4.0-     6 7   2.923       0.000    
    5.0+     3 1   3.506       0.000    
    5.0+     3 2   3.498       0.000    
    5.0+     5 3   3.554       0.000    
    5.0+     5 4   3.545       0.000    
    5.0+     5 5   3.534       0.000    
    5.0+     7 6   3.609       0.000    
    5.0+     7 7   3.599       0.000    
    5.0-     2 1   3.487       0.000    
    5.0-     4 2   3.528       0.000    
    5.0-     4 3   3.522       0.000    
    5.0-     4 4   3.513       0.000    
    5.0-     6 5   3.580       0.000    
    5.0-     6 6   3.572       0.000    
    5.0-     6 7   3.562       0.000    
    5.0-     8 8   3.639       0.000    
    6.0+     3 1   4.134       0.000    
    6.0+     5 2   4.200       0.000    
    6.0+     5 3   4.189       0.000    
    6.0+     5 4   4.177       0.000    
    6.0+     7 5   4.265       0.000    
    6.0+     7 6   4.253       0.000    
    6.0+     7 7   4.240       0.000    
    6.0+     9 8   4.173       0.000    
    6.0-     4 1   4.162       0.000    
    6.0-     4 2   4.152       0.000    
    6.0-     6 3   4.231       0.000    
    6.0-     6 4   4.222       0.000    
    6.0-     6 5   4.210       0.000    
    6.0-     8 6   4.301       0.000    
    6.0-     8 7   4.300       0.000    
    7.0+     5 1   4.834       0.000    
    7.0+     5 2   4.819       0.000    
    7.0+     7 3   4.921       0.000    
    7.0+     7 4   4.908       0.000    
    7.0+     7 5   4.892       0.000    
    7.0+     9 6   4.815       0.000    
    7.0+     9 7   4.882       0.000    
    7.0-     4 1   4.791       0.000    
    7.0-     6 2   4.882       0.000    
    7.0-     6 3   4.871       0.000    
    7.0-     6 4   4.858       0.000    
    7.0-     8 5   4.962       0.000    
    7.0-     8 6   4.961       0.000    
    7.0-     8 7   4.950       0.000    
    7.0-    10 8   4.266       0.000    
    8.0+     5 1   5.462       0.000    
    8.0+     7 2   5.578       0.000    
    8.0+     7 3   5.562       0.000    
    8.0+     7 4   5.545       0.000    
    8.0+     9 5   5.457       0.000    
    8.0+     9 6   5.533       0.000    
    8.0+     9 7   5.596       0.000    
    8.0+    11 8   3.815       0.000    
    8.0-     6 1   5.521       0.000    
    8.0-     6 2   5.506       0.000    
    8.0-     8 3   5.624       0.000    
    8.0-     8 4   5.623       0.000    
    8.0-     8 5   5.610       0.000    
    8.0-    10 6   4.835       0.000    
    8.0-    10 7   4.994       0.000    
    9.0+     7 1   6.216       0.000    
    9.0+     7 2   6.197       0.000    
    9.0+     9 3   6.099       0.000    
    9.0+     9 4   6.184       0.000    
    9.0+     9 5   6.254       0.000    
    9.0+    11 6   4.264       0.000    
    9.0+    11 7   4.459       0.000    
    9.0-     6 1   6.153       0.000    
    9.0-     8 2   6.285       0.000    
    9.0-     8 3   6.284       0.000    
    9.0-     8 4   6.270       0.000    
    9.0-    10 5   5.404       0.000    
    9.0-    10 6   5.582       0.000    
    9.0-    10 7   5.771       0.000    
    9.0-    12 8   3.021       0.000    
   10.0+     7 1   6.849       0.000    
   10.0+     9 2   6.741       0.000    
   10.0+     9 3   6.835       0.000    
   10.0+     9 4   6.912       0.000    
   10.0+    11 5   4.713       0.000    
   10.0+    11 6   4.929       0.000    
   10.0+    11 7   5.178       0.000    
   10.0+    13 8   2.179       0.000    
   10.0-     8 1   6.946       0.000    
   10.0-     8 2   6.931       0.000    
   10.0-    10 3   5.972       0.000    
   10.0-    10 4   6.169       0.000    
   10.0-    10 5   6.378       0.000    
   10.0-    12 6   3.339       0.000    
   10.0-    12 7   3.500       0.000    
   11.0+     9 1   7.486       0.000    
   11.0+     9 2   7.571       0.000    
   11.0+    11 3   5.162       0.000    
   11.0+    11 4   5.398       0.000    
   11.0+    11 5   5.672       0.000    
   11.0+    13 6   2.386       0.000    
   11.0+    13 7   2.490       0.000    
   11.0-     8 1   7.591       0.000    
   11.0-    10 2   6.541       0.000    
   11.0-    10 3   6.757       0.000    
   11.0-    10 4   6.986       0.000    
   11.0-    12 5   3.657       0.000    
   11.0-    12 6   3.834       0.000    
   11.0-    12 7   4.043       0.000    
   11.0-    14 8   1.475       0.000    
   12.0+     9 1   8.229       0.000    
   12.0+    11 2   5.611       0.000    
   12.0+    11 3   5.867       0.000    
   12.0+    11 4   6.165       0.000    
   12.0+    13 5   2.594       0.000    
   12.0+    13 6   2.707       0.000    
   12.0+    13 7   2.840       0.000    
   12.0+    15 8  0.9576       0.000    
   12.0-    10 1   7.344       0.000    
   12.0-    10 2   7.593       0.000    
   12.0-    12 3   3.975       0.000    
   12.0-    12 4   4.167       0.000    
   12.0-    12 5   4.395       0.000    
   12.0-    14 6   1.603       0.000    
   12.0-    14 7   1.660       0.000    
   13.0+    11 1   6.337       0.000    
   13.0+    11 2   6.658       0.000    
   13.0+    13 3   2.802       0.000    
   13.0+    13 4   2.924       0.000    
   13.0+    13 5   3.067       0.000    
   13.0+    15 6   1.034       0.000    
   13.0+    15 7   1.063       0.000    
   13.0-    10 1   8.201       0.000    
   13.0-    12 2   4.293       0.000    
   13.0-    12 3   4.500       0.000    
   13.0-    12 4   4.747       0.000    
   13.0-    14 5   1.731       0.000    
   13.0-    14 6   1.793       0.000    
   13.0-    14 7   1.864       0.000    
   13.0-    16 8  0.6058       0.000    
   14.0+    11 1   7.151       0.000    
   14.0+    13 2   3.009       0.000    
   14.0+    13 3   3.140       0.000    
   14.0+    13 4   3.295       0.000    
   14.0+    15 5   1.111       0.000    
   14.0+    15 6   1.142       0.000    
   14.0+    15 7   1.177       0.000    
   14.0+    17 8  0.3767       0.000    
   14.0-    12 1   4.834       0.000    
   14.0-    12 2   5.098       0.000    
   14.0-    14 3   1.859       0.000    
   14.0-    14 4   1.926       0.000    
   14.0-    14 5   2.003       0.000    
   14.0-    16 6  0.6507       0.000    
   14.0-    16 7  0.6643       0.000    
   15.0+    13 1   3.357       0.000    
   15.0+    13 2   3.522       0.000    
   15.0+    15 3   1.187       0.000    
   15.0+    15 4   1.220       0.000    
   15.0+    15 5   1.258       0.000    
   15.0+    17 6  0.4027       0.000    
   15.0+    17 7  0.4089       0.000    
   15.0-    12 1   5.450       0.000    
   15.0-    14 2   1.987       0.000    
   15.0-    14 3   2.058       0.000    
   15.0-    14 4   2.141       0.000    
   15.0-    16 5  0.6955       0.000    
   15.0-    16 6  0.7101       0.000    
   15.0-    16 7  0.7262       0.000    
   15.0-    18 8  0.2316       0.000    
   16.0+    13 1   3.749       0.000    
   16.0+    15 2   1.264       0.000    
   16.0+    15 3   1.299       0.000    
   16.0+    15 4   1.339       0.000    
   16.0+    17 5  0.4287       0.000    
   16.0+    17 6  0.4353       0.000    
   16.0+    17 7  0.4426       0.000    
   16.0+    19 8  0.1412       0.000    
   16.0-    14 1   2.191       0.000    
   16.0-    14 2   2.279       0.000    
   16.0-    16 3  0.7404       0.000    
   16.0-    16 4  0.7559       0.000    
   16.0-    16 5  0.7731       0.000    
   16.0-    18 6  0.2465       0.000    
   16.0-    18 7  0.2493       0.000    
   17.0+    15 1   1.378       0.000    
   17.0+    15 2   1.420       0.000    
   17.0+    17 3  0.4547       0.000    
   17.0+    17 4  0.4617       0.000    
   17.0+    17 5  0.4694       0.000    
   17.0+    19 6  0.1497       0.000    
   17.0+    19 7  0.1509       0.000    
   17.0-    14 1   2.417       0.000    
   17.0-    16 2  0.7853       0.000    
   17.0-    16 3  0.8017       0.000    
   17.0-    16 4  0.8200       0.000    
   17.0-    18 5  0.2615       0.000    
   17.0-    18 6  0.2644       0.000    
   17.0-    18 7  0.2676       0.000    
   17.0-    20 8  0.8551E-01   0.000    
   18.0+    15 1   1.501       0.000    
   18.0+    17 2  0.4807       0.000    
   18.0+    17 3  0.4881       0.000    
   18.0+    17 4  0.4962       0.000    
   18.0+    19 5  0.1583       0.000    
   18.0+    19 6  0.1596       0.000    
   18.0+    19 7  0.1609       0.000    
   18.0+    21 8  0.5153E-01   0.000    
   18.0-    16 1  0.8475       0.000    
   18.0-    16 2  0.8668       0.000    
   18.0-    18 3  0.2764       0.000    
   18.0-    18 4  0.2795       0.000    
   18.0-    18 5  0.2829       0.000    
   18.0-    20 6  0.9039E-01   0.000    
   18.0-    20 7  0.9092E-01   0.000    
   19.0+    17 1  0.5145       0.000    
   19.0+    17 2  0.5230       0.000    
   19.0+    19 3  0.1668       0.000    
   19.0+    19 4  0.1682       0.000    
   19.0+    19 5  0.1696       0.000    
   19.0+    21 6  0.5432E-01   0.000    
   19.0+    21 7  0.5454E-01   0.000    
   19.0-    16 1  0.9137       0.000    
   19.0-    18 2  0.2913       0.000    
   19.0-    18 3  0.2946       0.000    
   19.0-    18 4  0.2982       0.000    
   19.0-    20 5  0.9528E-01   0.000    
   19.0-    20 6  0.9583E-01   0.000    
   19.0-    20 7  0.9643E-01   0.000    
   19.0-    22 8  0.3092E-01   0.000    
   20.0+    17 1  0.5498       0.000    
   20.0+    19 2  0.1754       0.000    
   20.0+    19 3  0.1768       0.000    
   20.0+    19 4  0.1783       0.000    
   20.0+    21 5  0.5710E-01   0.000    
   20.0+    21 6  0.5734E-01   0.000    
   20.0+    21 7  0.5759E-01   0.000    
   20.0+    23 8  0.1849E-01   0.000    
   20.0-    18 1  0.3097       0.000    
   20.0-    18 2  0.3135       0.000    
   20.0-    20 3  0.1002       0.000    
   20.0-    20 4  0.1007       0.000    
   20.0-    20 5  0.1014       0.000    
   20.0-    22 6  0.3251E-01   0.000    
   20.0-    22 7  0.3261E-01   0.000    
   21.0+    19 1  0.1854       0.000    
   21.0+    19 2  0.1870       0.000    
   21.0+    21 3  0.5989E-01   0.000    
   21.0+    21 4  0.6014E-01   0.000    
   21.0+    21 5  0.6040E-01   0.000    
   21.0+    23 6  0.1939E-01   0.000    
   21.0+    23 7  0.1943E-01   0.000    
   21.0-    18 1  0.3287       0.000    
   21.0-    20 2  0.1050       0.000    
   21.0-    20 3  0.1057       0.000    
   21.0-    20 4  0.1063       0.000    
   21.0-    22 5  0.3409E-01   0.000    
   21.0-    22 6  0.3420E-01   0.000    
   21.0-    22 7  0.3430E-01   0.000    
   21.0-    24 8  0.1102E-01   0.000    
   22.0+    19 1  0.1957       0.000    
   22.0+    21 2  0.6267E-01   0.000    
   22.0+    21 3  0.6293E-01   0.000    
   22.0+    21 4  0.6321E-01   0.000    
   22.0+    23 5  0.2029E-01   0.000    
   22.0+    23 6  0.2034E-01   0.000    
   22.0+    23 7  0.2038E-01   0.000    
   22.0+    25 8  0.6551E-02   0.000    
   22.0-    20 1  0.1106       0.000    
   22.0-    20 2  0.1113       0.000    
   22.0-    22 3  0.3568E-01   0.000    
   22.0-    22 4  0.3579E-01   0.000    
   22.0-    22 5  0.3590E-01   0.000    
   22.0-    24 6  0.1153E-01   0.000    
   22.0-    24 7  0.1155E-01   0.000    
   23.0+    21 1  0.6573E-01   0.000    
   23.0+    21 2  0.6602E-01   0.000    
   23.0+    23 3  0.2120E-01   0.000    
   23.0+    23 4  0.2124E-01   0.000    
   23.0+    23 5  0.2129E-01   0.000    
   23.0+    25 6  0.6842E-02   0.000    
   23.0+    25 7  0.6849E-02   0.000    
   23.0-    20 1  0.1162       0.000    
   23.0-    22 2  0.3727E-01   0.000    
   23.0-    22 3  0.3738E-01   0.000    
   23.0-    22 4  0.3749E-01   0.000    
   23.0-    24 5  0.1205E-01   0.000    
   23.0-    24 6  0.1206E-01   0.000    
   23.0-    24 7  0.1208E-01   0.000    
   23.0-    26 8  0.3883E-02   0.000    
   24.0+    21 1  0.6883E-01   0.000    
   24.0+    23 2  0.2210E-01   0.000    
   24.0+    23 3  0.2214E-01   0.000    
   24.0+    23 4  0.2219E-01   0.000    
   24.0+    25 5  0.7133E-02   0.000    
   24.0+    25 6  0.7140E-02   0.000    
   24.0+    25 7  0.7148E-02   0.000    
   24.0+    27 8  0.2297E-02   0.000    
   24.0-    22 1  0.3897E-01   0.000    
   24.0-    22 2  0.3909E-01   0.000    
   24.0-    24 3  0.1256E-01   0.000    
   24.0-    24 4  0.1258E-01   0.000    
   24.0-    24 5  0.1260E-01   0.000    
   24.0-    26 6  0.4049E-02   0.000    
   24.0-    26 7  0.4052E-02   0.000    
   25.0+    23 1  0.2305E-01   0.000    
   25.0+    23 2  0.2310E-01   0.000    
   25.0+    25 3  0.7424E-02   0.000    
   25.0+    25 4  0.7432E-02   0.000    
   25.0+    25 5  0.7440E-02   0.000    
   25.0+    27 6  0.2391E-02   0.000    
   25.0+    27 7  0.2392E-02   0.000    
   25.0-    22 1  0.4069E-01   0.000    
   25.0-    24 2  0.1307E-01   0.000    
   25.0-    24 3  0.1309E-01   0.000    
   25.0-    24 4  0.1311E-01   0.000    
   25.0-    26 5  0.4214E-02   0.000    
   25.0-    26 6  0.4217E-02   0.000    
   25.0-    26 7  0.4220E-02   0.000    
   25.0-    28 8  0.1356E-02   0.000    
   26.0+    23 1  0.2401E-01   0.000    
   26.0+    25 2  0.7715E-02   0.000    
   26.0+    25 3  0.7723E-02   0.000    
   26.0+    25 4  0.7732E-02   0.000    
   26.0+    27 5  0.2485E-02   0.000    
   26.0+    27 6  0.2486E-02   0.000    
   26.0+    27 7  0.2487E-02   0.000    
   26.0+    29 8  0.7986E-03   0.000    
   26.0-    24 1  0.1360E-01   0.000    
   26.0-    24 2  0.1363E-01   0.000    
   26.0-    26 3  0.4379E-02   0.000    
   26.0-    26 4  0.4383E-02   0.000    
   26.0-    26 5  0.4386E-02   0.000    
   26.0-    28 6  0.1409E-02   0.000    
   26.0-    28 7  0.1409E-02   0.000    
   27.0+    25 1  0.8015E-02   0.000    
   27.0+    25 2  0.8024E-02   0.000    
   27.0+    27 3  0.2578E-02   0.000    
   27.0+    27 4  0.2580E-02   0.000    
   27.0+    27 5  0.2581E-02   0.000    
   27.0+    29 6  0.8288E-03   0.000    
   27.0+    29 7  0.8290E-03   0.000    
   27.0-    24 1  0.1414E-01   0.000    
   27.0-    26 2  0.4545E-02   0.000    
   27.0-    26 3  0.4548E-02   0.000    
   27.0-    26 4  0.4551E-02   0.000    
   27.0-    28 5  0.1462E-02   0.000    
   27.0-    28 6  0.1463E-02   0.000    
   27.0-    28 7  0.1463E-02   0.000    
   27.0-    30 8  0.4696E-03   0.000    
   28.0+    25 1  0.8315E-02   0.000    
   28.0+    27 2  0.2672E-02   0.000    
   28.0+    27 3  0.2673E-02   0.000    
   28.0+    27 4  0.2675E-02   0.000    
   28.0+    29 5  0.8589E-03   0.000    
   28.0+    29 6  0.8592E-03   0.000    
   28.0+    29 7  0.8594E-03   0.000    
   28.0+    31 8  0.2757E-03   0.000    
   28.0-    26 1  0.4713E-02   0.000    
   28.0-    26 2  0.4717E-02   0.000    
   28.0-    28 3  0.1515E-02   0.000    
   28.0-    28 4  0.1516E-02   0.000    
   28.0-    28 5  0.1516E-02   0.000    
   28.0-    30 6  0.4867E-03   0.000    
   28.0-    30 7  0.4868E-03   0.000    
   29.0+    27 1  0.2767E-02   0.000    
   29.0+    27 2  0.2769E-02   0.000    
   29.0+    29 3  0.8891E-03   0.000    
   29.0+    29 4  0.8893E-03   0.000    
   29.0+    29 5  0.8895E-03   0.000    
   29.0+    31 6  0.2854E-03   0.000    
   29.0+    31 7  0.2854E-03   0.000    
   29.0-    26 1  0.4882E-02   0.000    
   29.0-    28 2  0.1568E-02   0.000    
   29.0-    28 3  0.1569E-02   0.000    
   29.0-    28 4  0.1570E-02   0.000    
   29.0-    30 5  0.5038E-03   0.000    
   29.0-    30 6  0.5039E-03   0.000    
   29.0-    30 7  0.5040E-03   0.000    
   29.0-    32 8  0.1616E-03   0.000    
   30.0+    27 1  0.2863E-02   0.000    
   30.0+    29 2  0.9192E-03   0.000    
   30.0+    29 3  0.9194E-03   0.000    
   30.0+    29 4  0.9197E-03   0.000    
   30.0+    31 5  0.2950E-03   0.000    
   30.0+    31 6  0.2951E-03   0.000    
   30.0+    31 7  0.2951E-03   0.000    
   30.0+    33 8  0.9457E-04   0.000    
   30.0-    28 1  0.1622E-02   0.000    
   30.0-    28 2  0.1623E-02   0.000    
   30.0-    30 3  0.5208E-03   0.000    
   30.0-    30 4  0.5209E-03   0.000    
   30.0-    30 5  0.5210E-03   0.000    
   30.0-    32 6  0.1671E-03   0.000    
   30.0-    32 7  0.1671E-03   0.000    
   31.0+    29 1  0.9496E-03   0.000    
   31.0+    29 2  0.9498E-03   0.000    
   31.0+    31 3  0.3047E-03   0.000    
   31.0+    31 4  0.3047E-03   0.000    
   31.0+    31 5  0.3048E-03   0.000    
   31.0+    33 6  0.9767E-04   0.000    
   31.0+    33 7  0.9767E-04   0.000    
   31.0-    28 1  0.1676E-02   0.000    
   31.0-    30 2  0.5379E-03   0.000    
   31.0-    30 3  0.5380E-03   0.000    
   31.0-    30 4  0.5381E-03   0.000    
   31.0-    32 5  0.1725E-03   0.000    
   31.0-    32 6  0.1725E-03   0.000    
   31.0-    32 7  0.1726E-03   0.000    
   31.0-    34 8  0.5527E-04   0.000    
   32.0+    29 1  0.9800E-03   0.000    
   32.0+    31 2  0.3144E-03   0.000    
   32.0+    31 3  0.3144E-03   0.000    
   32.0+    31 4  0.3145E-03   0.000    
   32.0+    33 5  0.1008E-03   0.000    
   32.0+    33 6  0.1008E-03   0.000    
   32.0+    33 7  0.1008E-03   0.000    
   32.0+    35 8  0.3226E-04   0.000    
   32.0-    30 1  0.5551E-03   0.000    
   32.0-    30 2  0.5552E-03   0.000    
   32.0-    32 3  0.1780E-03   0.000    
   32.0-    32 4  0.1780E-03   0.000    
   32.0-    32 5  0.1780E-03   0.000    
   32.0-    34 6  0.5702E-04   0.000    
   32.0-    34 7  0.5703E-04   0.000    
   33.0+    31 1  0.3241E-03   0.000    
   33.0+    31 2  0.3241E-03   0.000    
   33.0+    33 3  0.1039E-03   0.000    
   33.0+    33 4  0.1039E-03   0.000    
   33.0+    33 5  0.1039E-03   0.000    
   33.0+    35 6  0.3325E-04   0.000    
   33.0+    35 7  0.3326E-04   0.000    
   33.0-    30 1  0.5723E-03   0.000    
   33.0-    32 2  0.1835E-03   0.000    
   33.0-    32 3  0.1835E-03   0.000    
   33.0-    32 4  0.1835E-03   0.000    
   33.0-    34 5  0.5878E-04   0.000    
   33.0-    34 6  0.5878E-04   0.000    
   33.0-    34 7  0.5878E-04   0.000    
   33.0-    36 8  0.1881E-04   0.000    
   34.0+    31 1  0.3338E-03   0.000    
   34.0+    33 2  0.1070E-03   0.000    
   34.0+    33 3  0.1070E-03   0.000    
   34.0+    33 4  0.1070E-03   0.000    
   34.0+    35 5  0.3425E-04   0.000    
   34.0+    35 6  0.3425E-04   0.000    
   34.0+    35 7  0.3425E-04   0.000    
   34.0+    37 8  0.1095E-04   0.000    
   34.0-    32 1  0.1890E-03   0.000    
   34.0-    32 2  0.1890E-03   0.000    
   34.0-    34 3  0.6053E-04   0.000    
   34.0-    34 4  0.6054E-04   0.000    
   34.0-    34 5  0.6054E-04   0.000    
   34.0-    36 6  0.1937E-04   0.000    
   34.0-    36 7  0.1937E-04   0.000    
   35.0+    33 1  0.1101E-03   0.000    
   35.0+    33 2  0.1101E-03   0.000    
   35.0+    35 3  0.3524E-04   0.000    
   35.0+    35 4  0.3524E-04   0.000    
   35.0+    35 5  0.3524E-04   0.000    
   35.0+    37 6  0.1127E-04   0.000    
   35.0+    37 7  0.1127E-04   0.000    
   35.0-    32 1  0.1945E-03   0.000    
   35.0-    34 2  0.6229E-04   0.000    
   35.0-    34 3  0.6229E-04   0.000    
   35.0-    34 4  0.6229E-04   0.000    
   35.0-    36 5  0.1993E-04   0.000    
   35.0-    36 6  0.1993E-04   0.000    
   35.0-    36 7  0.1993E-04   0.000    
   35.0-    38 8  0.6371E-05   0.000    
   36.0+    33 1  0.1132E-03   0.000    
   36.0+    35 2  0.3623E-04   0.000    
   36.0+    35 3  0.3623E-04   0.000    
   36.0+    35 4  0.3623E-04   0.000    
   36.0+    37 5  0.1159E-04   0.000    
   36.0+    37 6  0.1159E-04   0.000    
   36.0+    37 7  0.1159E-04   0.000    
   36.0+    39 8  0.3702E-05   0.000    
   36.0-    34 1  0.6405E-04   0.000    
   36.0-    34 2  0.6405E-04   0.000    
   36.0-    36 3  0.2049E-04   0.000    
   36.0-    36 4  0.2049E-04   0.000    
   36.0-    36 5  0.2049E-04   0.000    
   36.0-    38 6  0.6551E-05   0.000    
   36.0-    38 7  0.6551E-05   0.000    
   37.0+    35 1  0.3723E-04   0.000    
   37.0+    35 2  0.3723E-04   0.000    
   37.0+    37 3  0.1191E-04   0.000    
   37.0+    37 4  0.1191E-04   0.000    
   37.0+    37 5  0.1191E-04   0.000    
   37.0+    39 6  0.3804E-05   0.000    
   37.0+    39 7  0.3804E-05   0.000    
   37.0-    34 1  0.6580E-04   0.000    
   37.0-    36 2  0.2105E-04   0.000    
   37.0-    36 3  0.2105E-04   0.000    
   37.0-    36 4  0.2106E-04   0.000    
   37.0-    38 5  0.6730E-05   0.000    
   37.0-    38 6  0.6730E-05   0.000    
   37.0-    38 7  0.6730E-05   0.000    
   37.0-    40 8  0.2149E-05   0.000    
   38.0+    35 1  0.3822E-04   0.000    
   38.0+    37 2  0.1222E-04   0.000    
   38.0+    37 3  0.1222E-04   0.000    
   38.0+    37 4  0.1222E-04   0.000    
   38.0+    39 5  0.3905E-05   0.000    
   38.0+    39 6  0.3905E-05   0.000    
   38.0+    39 7  0.3905E-05   0.000    
   38.0+    41 8  0.1247E-05   0.000    
   38.0-    36 1  0.2162E-04   0.000    
   38.0-    36 2  0.2162E-04   0.000    
   38.0-    38 3  0.6910E-05   0.000    
   38.0-    38 4  0.6910E-05   0.000    
   38.0-    38 5  0.6910E-05   0.000    
   38.0-    40 6  0.2207E-05   0.000    
   38.0-    40 7  0.2207E-05   0.000    
   39.0+    37 1  0.1254E-04   0.000    
   39.0+    37 2  0.1254E-04   0.000    
   39.0+    39 3  0.4007E-05   0.000    
   39.0+    39 4  0.4007E-05   0.000    
   39.0+    39 5  0.4007E-05   0.000    
   39.0+    41 6  0.1279E-05   0.000    
   39.0+    41 7  0.1279E-05   0.000    
   39.0-    36 1  0.2218E-04   0.000    
   39.0-    38 2  0.7089E-05   0.000    
   39.0-    38 3  0.7089E-05   0.000    
   39.0-    38 4  0.7089E-05   0.000    
   39.0-    40 5  0.2264E-05   0.000    
   39.0-    40 6  0.2264E-05   0.000    
   39.0-    40 7  0.2264E-05   0.000    
   39.0-    42 8  0.7224E-06   0.000    
   40.0+    37 1  0.1286E-04   0.000    
   40.0+    39 2  0.4108E-05   0.000    
   40.0+    39 3  0.4108E-05   0.000    
   40.0+    39 4  0.4108E-05   0.000    
   40.0+    41 5  0.1311E-05   0.000    
   40.0+    41 6  0.1311E-05   0.000    
   40.0+    41 7  0.1311E-05   0.000    
   40.0+    43 8  0.4183E-06   0.000    
   40.0-    38 1  0.7269E-05   0.000    
   40.0-    38 2  0.7269E-05   0.000    
   40.0-    40 3  0.2321E-05   0.000    
   40.0-    40 4  0.2321E-05   0.000    
   40.0-    40 5  0.2321E-05   0.000    
   40.0-    42 6  0.7407E-06   0.000    
   40.0-    42 7  0.7407E-06   0.000    
