 loop =           0  is type =           0   0.00000000       20.0000000       0.00000000       1.29999995       0.00000000       0.00000000       0.00000000       0.00000000       0.00000000    
 loop =          -1  is type =           1   0.00000000       85.6179962       1.16999996      0.744799972      0.552999973       1.32500005      0.719200015       0.00000000       0.00000000    
 loop =          -1  is type =           2   0.00000000       0.00000000       0.00000000       0.00000000       12.1945000       1.32500005      0.719200015       0.00000000       0.00000000    
 loop =          -1  is type =           3   0.00000000       3.35960007       1.07000005      0.660000026       0.00000000       0.00000000       0.00000000       0.00000000       0.00000000    
 WOUT,ITER,FALLOC = F           0 F
