 loop =           0  is type =           0   0.00000000       20.0000000       0.00000000       1.29999995       0.00000000       0.00000000       0.00000000       0.00000000       0.00000000    
 loop =          -1  is type =           1   0.00000000       48.7789001       1.16999996      0.750000000       5.00000000       1.32000005      0.649999976       0.00000000       0.00000000    
 loop =          -1  is type =           2   0.00000000       0.00000000       0.00000000       0.00000000       5.44999981       1.32000005      0.649999976       0.00000000       0.00000000    
 loop =          -1  is type =           3   0.00000000       3.09999990       1.00999999      0.750000000       0.00000000       0.00000000       0.00000000       0.00000000       0.00000000    
 WOUT,ITER,FALLOC = F           0 F
