 loop =           0  is type =           0   0.00000000       20.0000000       0.00000000       1.25000000       0.00000000       0.00000000       0.00000000       0.00000000       0.00000000    
 loop =          -1  is type =           1   0.00000000       56.6092987       1.16999996      0.750000000       0.00000000       1.32000005      0.649999976       0.00000000       0.00000000    
 loop =          -1  is type =           2   0.00000000       0.00000000       0.00000000       0.00000000       11.5675001       1.32000005      0.649999976       0.00000000       0.00000000    
 loop =          -1  is type =           3   0.00000000       6.19999981       1.00999999      0.750000000       0.00000000       0.00000000       0.00000000       0.00000000       0.00000000    
 WOUT,ITER,FALLOC = F           0 F
