0.001  1.87951e-05 0.666688
0.00101  1.88126e-05 0.670013
0.0010201  1.88303e-05 0.673355
0.0010303  1.8848e-05 0.676713
0.0010406  1.88659e-05 0.680088
0.00105101  1.88838e-05 0.68348
0.00106152  1.89019e-05 0.686889
0.00107214  1.892e-05 0.690315
0.00108286  1.89383e-05 0.693758
0.00109369  1.89566e-05 0.697218
0.00110462  1.89751e-05 0.700696
0.00111567  1.89937e-05 0.70419
0.00112683  1.90124e-05 0.707703
0.00113809  1.90312e-05 0.711232
0.00114947  1.90501e-05 0.71478
0.00116097  1.90691e-05 0.718345
0.00117258  1.90882e-05 0.721928
0.0011843  1.91074e-05 0.725528
0.00119615  1.91267e-05 0.729147
0.00120811  1.91462e-05 0.732783
0.00122019  1.91658e-05 0.736438
0.00123239  1.91854e-05 0.740111
0.00124472  1.92052e-05 0.743803
0.00125716  1.92251e-05 0.747512
0.00126973  1.92451e-05 0.751241
0.00128243  1.92653e-05 0.754988
0.00129526  1.92855e-05 0.758753
0.00130821  1.93059e-05 0.762537
0.00132129  1.93264e-05 0.766341
0.0013345  1.9347e-05 0.770163
0.00134785  1.93677e-05 0.774004
0.00136133  1.93886e-05 0.777864
0.00137494  1.94095e-05 0.781744
0.00138869  1.94306e-05 0.785643
0.00140258  1.94485e-05 0.789561
0.0014166  1.94654e-05 0.793499
0.00143077  1.94824e-05 0.797457
0.00144508  1.94994e-05 0.801434
0.00145953  1.95165e-05 0.805432
0.00147412  1.95337e-05 0.809449
0.00148886  1.95499e-05 0.813486
0.00150375  1.95653e-05 0.817543
0.00151879  1.95807e-05 0.821621
0.00153398  1.95963e-05 0.825719
0.00154932  1.96118e-05 0.829837
0.00156481  1.96275e-05 0.833976
0.00158046  1.96432e-05 0.838135
0.00159626  1.96589e-05 0.842241
0.00161223  1.96747e-05 0.846309
0.00162835  1.96906e-05 0.850428
0.00164463  1.97066e-05 0.854597
0.00166108  1.97226e-05 0.858817
0.00167769  1.97387e-05 0.863086
0.00169447  1.97548e-05 0.867404
0.00171141  1.9771e-05 0.87177
0.00172852  1.97873e-05 0.876184
0.00174581  1.98036e-05 0.880644
0.00176327  1.982e-05 0.88515
0.0017809  1.98365e-05 0.889702
0.00179871  1.9853e-05 0.894088
0.0018167  1.98696e-05 0.898495
0.00183486  1.98863e-05 0.902941
0.00185321  1.99028e-05 0.907425
0.00187174  1.99171e-05 0.911945
0.00189046  1.99308e-05 0.916501
0.00190937  1.99444e-05 0.92109
0.00192846  1.99581e-05 0.92571
0.00194774  1.99719e-05 0.93036
0.00196722  1.99857e-05 0.935038
0.00198689  1.9999e-05 0.939742
0.00200676  2.0012e-05 0.944458
0.00202683  2.00251e-05 0.949173
0.0020471  2.00381e-05 0.953909
0.00206757  2.00512e-05 0.958668
0.00208825  2.00644e-05 0.96345
0.00210913  2.00775e-05 0.968254
0.00213022  2.00907e-05 0.973082
0.00215152  2.01039e-05 0.977933
0.00217304  2.01171e-05 0.982808
0.00219477  2.01304e-05 0.987708
0.00221672  2.01437e-05 0.992632
0.00223888  2.01569e-05 0.997582
0.00226127  2.01703e-05 1.00255
0.00228388  2.01836e-05 1.00755
0.00230672  2.01969e-05 1.01258
0.00232979  2.02103e-05 1.01762
0.00235309  2.02237e-05 1.0227
0.00237662  2.02371e-05 1.0278
0.00240038  2.02505e-05 1.03293
0.00242439  2.0264e-05 1.03808
0.00244863  2.02775e-05 1.04326
0.00247312  2.02909e-05 1.04847
0.00249785  2.03042e-05 1.0537
0.00252283  2.03176e-05 1.05895
0.00254806  2.03309e-05 1.06423
0.00257354  2.03443e-05 1.06954
0.00259927  2.03577e-05 1.07488
0.00262527  2.0371e-05 1.08024
0.00265152  2.03845e-05 1.08563
0.00267803  2.03979e-05 1.09104
0.00270481  2.04113e-05 1.09648
0.00273186  2.04247e-05 1.10195
0.00275918  2.04382e-05 1.10745
0.00278677  2.04512e-05 1.11297
0.00281464  2.04623e-05 1.11852
0.00284279  2.04732e-05 1.1241
0.00287121  2.04841e-05 1.1297
0.00289993  2.04949e-05 1.13534
0.00292893  2.05058e-05 1.141
0.00295822  2.05166e-05 1.14669
0.0029878  2.05275e-05 1.15241
0.00301768  2.05385e-05 1.15816
0.00304785  2.05494e-05 1.16393
0.00307833  2.05603e-05 1.16974
0.00310911  2.05711e-05 1.17557
0.0031402  2.0582e-05 1.18144
0.00317161  2.05928e-05 1.18733
0.00320332  2.06036e-05 1.19325
0.00323536  2.06144e-05 1.1992
0.00326771  2.06252e-05 1.20518
0.00330039  2.06359e-05 1.21119
0.00333339  2.06466e-05 1.21724
0.00336672  2.06572e-05 1.22331
0.00340039  2.06679e-05 1.22941
0.0034344  2.06785e-05 1.23554
0.00346874  2.0689e-05 1.2417
0.00350343  2.06996e-05 1.24789
0.00353846  2.07101e-05 1.25412
0.00357385  2.07206e-05 1.26037
0.00360958  2.0731e-05 1.26666
0.00364568  2.07414e-05 1.27298
0.00368214  2.07517e-05 1.27932
0.00371896  2.07618e-05 1.28571
0.00375615  2.07711e-05 1.29212
0.00379371  2.07803e-05 1.29856
0.00383165  2.07894e-05 1.30504
0.00386996  2.07985e-05 1.31155
0.00390866  2.08075e-05 1.31809
0.00394775  2.08164e-05 1.32466
0.00398723  2.08263e-05 1.33127
0.0040271  2.08362e-05 1.33791
0.00406737  2.0846e-05 1.34458
0.00410804  2.08558e-05 1.35129
0.00414912  2.08655e-05 1.35803
0.00419062  2.08751e-05 1.3648
0.00423252  2.08847e-05 1.37161
0.00427485  2.08943e-05 1.37845
0.0043176  2.09037e-05 1.38532
0.00436077  2.09132e-05 1.39223
0.00440438  2.09225e-05 1.39918
0.00444842  2.09318e-05 1.40615
0.00449291  2.09411e-05 1.41317
0.00453784  2.09502e-05 1.42022
0.00458321  2.09593e-05 1.4273
0.00462905  2.09683e-05 1.43442
0.00467534  2.09771e-05 1.44157
0.00472209  2.09858e-05 1.44876
0.00476931  2.09944e-05 1.45599
0.004817  2.10028e-05 1.46325
0.00486517  2.10113e-05 1.47055
0.00491383  2.10196e-05 1.47788
0.00496296  2.10291e-05 1.48525
0.00501259  2.10394e-05 1.49266
0.00506272  2.10497e-05 1.5001
0.00511335  2.10599e-05 1.50759
0.00516448  2.10701e-05 1.51511
0.00521613  2.10802e-05 1.52266
0.00526829  2.10902e-05 1.53026
0.00532097  2.11002e-05 1.53789
0.00537418  2.111e-05 1.54556
0.00542792  2.11198e-05 1.55327
0.0054822  2.11296e-05 1.56101
0.00553702  2.11392e-05 1.5688
0.00559239  2.11489e-05 1.57662
0.00564832  2.11586e-05 1.58449
0.0057048  2.11682e-05 1.59239
0.00576185  2.11778e-05 1.60033
0.00581947  2.11872e-05 1.60831
0.00587766  2.11966e-05 1.61634
0.00593644  2.12059e-05 1.6244
0.0059958  2.12151e-05 1.6325
0.00605576  2.12242e-05 1.64064
0.00611632  2.12332e-05 1.64882
0.00617748  2.12421e-05 1.65705
0.00623926  2.12509e-05 1.66531
0.00630165  2.12597e-05 1.67362
0.00636466  2.12683e-05 1.68196
0.00642831  2.12768e-05 1.69035
0.00649259  2.12852e-05 1.69878
0.00655752  2.12935e-05 1.70726
0.0066231  2.13017e-05 1.71577
0.00668933  2.13098e-05 1.72433
0.00675622  2.13178e-05 1.73293
0.00682378  2.13257e-05 1.74157
0.00689202  2.13335e-05 1.75026
0.00696094  2.13411e-05 1.75899
0.00703055  2.13486e-05 1.76776
0.00710085  2.1356e-05 1.77658
0.00717186  2.13633e-05 1.78544
0.00724358  2.13704e-05 1.79434
0.00731602  2.13774e-05 1.80329
0.00738918  2.13843e-05 1.81229
0.00746307  2.13948e-05 1.82132
0.0075377  2.14066e-05 1.83041
0.00761308  2.14184e-05 1.83954
0.00768921  2.143e-05 1.84871
0.0077661  2.14415e-05 1.85793
0.00784376  2.1453e-05 1.8672
0.0079222  2.14643e-05 1.87651
0.00800142  2.14756e-05 1.88587
0.00808144  2.14868e-05 1.89528
0.00816225  2.14978e-05 1.90473
0.00824387  2.15088e-05 1.91423
0.00832631  2.15196e-05 1.92378
0.00840957  2.15304e-05 1.93337
0.00849367  2.1541e-05 1.94301
0.00857861  2.15515e-05 1.9527
0.00866439  2.1562e-05 1.96244
0.00875104  2.15723e-05 1.97223
0.00883855  2.15824e-05 1.98207
0.00892693  2.15925e-05 1.99195
0.0090162  2.16024e-05 2.00189
0.00910636  2.16123e-05 2.01187
0.00919743  2.16219e-05 2.02191
0.0092894  2.16321e-05 2.03199
0.0093823  2.1644e-05 2.04213
0.00947612  2.16562e-05 2.05231
0.00957088  2.16682e-05 2.06255
0.00966659  2.16801e-05 2.07283
0.00976325  2.1692e-05 2.08317
0.00986089  2.17037e-05 2.09356
0.0099595  2.17198e-05 2.104
0.0100591  2.17363e-05 2.1145
0.0101597  2.17528e-05 2.12504
0.0102613  2.17692e-05 2.13564
0.0103639  2.17856e-05 2.14629
0.0104675  2.18018e-05 2.157
0.0105722  2.1818e-05 2.16776
0.0106779  2.18341e-05 2.17857
0.0107847  2.18501e-05 2.18943
0.0108926  2.1866e-05 2.20035
0.0110015  2.18819e-05 2.21133
0.0111115  2.18976e-05 2.22236
0.0112226  2.19133e-05 2.23344
0.0113348  2.19288e-05 2.24458
0.0114482  2.19443e-05 2.25577
0.0115627  2.19597e-05 2.26702
0.0116783  2.1975e-05 2.27833
0.0117951  2.19901e-05 2.28969
0.011913  2.20052e-05 2.30111
0.0120322  2.20202e-05 2.31259
0.0121525  2.2035e-05 2.32413
0.012274  2.20498e-05 2.33572
0.0123967  2.20644e-05 2.34737
0.0125207  2.20789e-05 2.35907
0.0126459  2.20933e-05 2.37084
0.0127724  2.21075e-05 2.38266
0.0129001  2.21217e-05 2.39455
0.0130291  2.21357e-05 2.40649
0.0131594  2.21496e-05 2.41849
0.013291  2.21634e-05 2.43056
0.0134239  2.2177e-05 2.44268
0.0135581  2.21905e-05 2.45486
0.0136937  2.22038e-05 2.4671
0.0138307  2.2217e-05 2.47941
0.013969  2.22318e-05 2.49177
0.0141086  2.22497e-05 2.5042
0.0142497  2.22675e-05 2.51669
0.0143922  2.22852e-05 2.52924
0.0145362  2.23028e-05 2.54186
0.0146815  2.23203e-05 2.55454
0.0148283  2.23386e-05 2.56728
0.0149766  2.2362e-05 2.58008
0.0151264  2.23853e-05 2.59295
0.0152776  2.24086e-05 2.60588
0.0154304  2.24318e-05 2.61888
0.0155847  2.24549e-05 2.63194
0.0157406  2.24779e-05 2.64507
0.015898  2.2501e-05 2.65826
0.016057  2.25239e-05 2.67152
0.0162175  2.25468e-05 2.68484
0.0163797  2.25695e-05 2.69823
0.0165435  2.25923e-05 2.71169
0.0167089  2.26149e-05 2.72522
0.016876  2.26375e-05 2.73881
0.0170448  2.266e-05 2.75247
0.0172152  2.26824e-05 2.7662
0.0173874  2.27047e-05 2.77999
0.0175613  2.27269e-05 2.79386
0.0177369  2.2749e-05 2.80779
0.0179142  2.27711e-05 2.82179
0.0180934  2.2793e-05 2.83587
0.0182743  2.28149e-05 2.85001
0.0184571  2.28366e-05 2.86423
0.0186416  2.28611e-05 2.87851
0.018828  2.28892e-05 2.89287
0.0190163  2.29173e-05 2.9073
0.0192065  2.29453e-05 2.9218
0.0193986  2.29734e-05 2.93637
0.0195925  2.30013e-05 2.95102
0.0197885  2.30304e-05 2.96573
0.0199864  2.30631e-05 2.98053
0.0201862  2.30959e-05 2.99539
0.0203881  2.31286e-05 3.01033
0.020592  2.31613e-05 3.02534
0.0207979  2.3194e-05 3.04043
0.0210059  2.32267e-05 3.0556
0.0212159  2.32594e-05 3.07084
0.0214281  2.32921e-05 3.08615
0.0216424  2.33248e-05 3.10155
0.0218588  2.33574e-05 3.11702
0.0220774  2.339e-05 3.13256
0.0222981  2.34226e-05 3.14818
0.0225211  2.34551e-05 3.16389
0.0227463  2.34877e-05 3.17967
0.0229738  2.35202e-05 3.19553
0.0232035  2.35526e-05 3.21146
0.0234356  2.35851e-05 3.22748
0.0236699  2.36175e-05 3.24358
0.0239066  2.36498e-05 3.25976
0.0241457  2.36821e-05 3.27601
0.0243871  2.37144e-05 3.29235
0.024631  2.37466e-05 3.30877
0.0248773  2.3782e-05 3.32527
0.0251261  2.38181e-05 3.34186
0.0253774  2.38541e-05 3.35853
0.0256311  2.38902e-05 3.37528
0.0258874  2.39262e-05 3.39211
0.0261463  2.39622e-05 3.40903
0.0264078  2.39982e-05 3.42603
0.0266719  2.40342e-05 3.44312
0.0269386  2.40702e-05 3.46029
0.027208  2.41061e-05 3.47755
0.02748  2.4142e-05 3.4949
0.0277548  2.41778e-05 3.51233
0.0280324  2.4219e-05 3.52984
0.0283127  2.42628e-05 3.54745
0.0285958  2.43066e-05 3.56514
0.0288818  2.43504e-05 3.58292
0.0291706  2.43943e-05 3.60079
0.0294623  2.44382e-05 3.61875
0.029757  2.44843e-05 3.6368
0.0300545  2.45327e-05 3.65494
0.0303551  2.45811e-05 3.67317
0.0306586  2.46296e-05 3.69149
0.0309652  2.46782e-05 3.7099
0.0312749  2.47269e-05 3.7284
0.0315876  2.47757e-05 3.747
0.0319035  2.48245e-05 3.76569
0.0322225  2.48733e-05 3.78447
0.0325447  2.49223e-05 3.80335
0.0328702  2.49713e-05 3.82232
0.0331989  2.50204e-05 3.84138
0.0335309  2.50695e-05 3.86054
0.0338662  2.51187e-05 3.87979
0.0342049  2.51679e-05 3.89914
0.0345469  2.52172e-05 3.91859
0.0348924  2.52666e-05 3.93813
0.0352413  2.5316e-05 3.95777
0.0355937  2.53654e-05 3.97751
0.0359496  2.54149e-05 3.99735
0.0363091  2.54645e-05 4.01729
0.0366722  2.55141e-05 4.03733
0.037039  2.55638e-05 4.05746
0.0374093  2.56183e-05 4.0777
0.0377834  2.56745e-05 4.09804
0.0381613  2.57307e-05 4.11848
0.0385429  2.57871e-05 4.13902
0.0389283  2.58435e-05 4.15966
0.0393176  2.59001e-05 4.18041
0.0397108  2.59596e-05 4.20126
0.0401079  2.60212e-05 4.22221
0.040509  2.6083e-05 4.24327
0.040914  2.6145e-05 4.26443
0.0413232  2.62071e-05 4.2857
0.0417364  2.62693e-05 4.30708
0.0421538  2.63317e-05 4.32856
0.0425753  2.63942e-05 4.35015
0.0430011  2.64569e-05 4.37184
0.0434311  2.65197e-05 4.39365
0.0438654  2.65826e-05 4.41556
0.044304  2.66457e-05 4.43758
0.0447471  2.67089e-05 4.45972
0.0451946  2.67722e-05 4.48196
0.0456465  2.68357e-05 4.50431
0.046103  2.68993e-05 4.52678
0.046564  2.69647e-05 4.54936
0.0470296  2.70337e-05 4.57205
0.0474999  2.71029e-05 4.59485
0.0479749  2.71722e-05 4.61777
0.0484547  2.72417e-05 4.6408
0.0489392  2.73114e-05 4.66395
0.0494286  2.73821e-05 4.68721
0.0499229  2.74576e-05 4.71058
0.0504221  2.75334e-05 4.73408
0.0509264  2.76094e-05 4.75769
0.0514356  2.76856e-05 4.78142
0.05195  2.7762e-05 4.80527
0.0524695  2.78387e-05 4.82923
0.0529942  2.79156e-05 4.85332
0.0535241  2.79927e-05 4.87753
0.0540594  2.807e-05 4.90185
0.0546  2.81476e-05 4.9263
0.055146  2.82254e-05 4.95087
0.0556974  2.83043e-05 4.97556
0.0562544  2.83874e-05 5.00038
0.0568169  2.84717e-05 5.02532
0.0573851  2.85562e-05 5.05038
0.0579589  2.8641e-05 5.07557
0.0585385  2.8726e-05 5.10089
0.0591239  2.88114e-05 5.12633
0.0597152  2.8897e-05 5.1519
0.0603123  2.89829e-05 5.17759
0.0609154  2.90691e-05 5.20341
0.0615246  2.91555e-05 5.22937
0.0621398  2.92423e-05 5.25545
0.0627612  2.93293e-05 5.28166
0.0633888  2.94166e-05 5.308
0.0640227  2.95042e-05 5.33447
0.064663  2.9592e-05 5.36108
0.0653096  2.96802e-05 5.38782
0.0659627  2.97686e-05 5.41469
0.0666223  2.98573e-05 5.4417
0.0672885  2.99463e-05 5.46884
0.0679614  3.00355e-05 5.49612
0.068641  3.0125e-05 5.52353
0.0693275  3.02148e-05 5.55107
0.0700207  3.03049e-05 5.57876
0.0707209  3.03953e-05 5.60658
0.0714281  3.04859e-05 5.63455
0.0721424  3.05768e-05 5.66265
0.0728638  3.0668e-05 5.69089
0.0735925  3.07594e-05 5.71928
0.0743284  3.08558e-05 5.7478
0.0750717  3.09618e-05 5.77647
0.0758224  3.10688e-05 5.80528
0.0765806  3.11763e-05 5.83424
0.0773464  3.12842e-05 5.86333
0.0781199  3.13925e-05 5.89258
0.0789011  3.15013e-05 5.92196
0.0796901  3.16104e-05 5.9515
0.080487  3.172e-05 5.98118
0.0812919  3.183e-05 6.01102
0.0821048  3.19405e-05 6.041
0.0829259  3.20514e-05 6.07113
0.0837551  3.21627e-05 6.10141
0.0845927  3.22744e-05 6.13184
0.0854386  3.23866e-05 6.16242
0.086293  3.24992e-05 6.19316
0.0871559  3.26122e-05 6.22404
0.0880275  3.27256e-05 6.25509
0.0889077  3.28395e-05 6.28628
0.0897968  3.29539e-05 6.31764
0.0906948  3.30686e-05 6.34915
0.0916017  3.31838e-05 6.38081
0.0925178  3.32995e-05 6.41264
0.0934429  3.34204e-05 6.44462
0.0943774  3.35441e-05 6.47677
0.0953211  3.36684e-05 6.50907
0.0962743  3.37931e-05 6.54153
0.0972371  3.39184e-05 6.57416
0.0982095  3.40441e-05 6.60695
0.0991916  3.41704e-05 6.6399
0.100183  3.42972e-05 6.67301
0.101185  3.44245e-05 6.7063
0.102197  3.45524e-05 6.73975
0.103219  3.46808e-05 6.77336
0.104251  3.48097e-05 6.80715
0.105294  3.49391e-05 6.8411
0.106347  3.50691e-05 6.87522
0.10741  3.51995e-05 6.90951
0.108484  3.53306e-05 6.94397
0.109569  3.54621e-05 6.9786
0.110665  3.55942e-05 7.01341
0.111772  3.57268e-05 7.04839
0.112889  3.586e-05 7.08354
0.114018  3.59937e-05 7.11887
0.115158  3.61279e-05 7.15437
0.11631  3.62627e-05 7.19005
0.117473  3.6398e-05 7.22591
0.118648  3.65339e-05 7.26195
0.119834  3.66703e-05 7.29817
0.121033  3.68072e-05 7.33457
0.122243  3.69447e-05 7.37115
0.123465  3.70828e-05 7.40791
0.1247  3.72214e-05 7.44486
0.125947  3.73606e-05 7.48199
0.127206  3.75003e-05 7.51931
0.128478  3.76405e-05 7.55683
0.129763  3.77814e-05 7.59452
0.131061  3.79228e-05 7.63241
0.132372  3.80647e-05 7.67049
0.133695  3.82072e-05 7.70875
0.135032  3.83503e-05 7.7472
0.136383  3.84939e-05 7.78585
0.137746  3.86381e-05 7.82468
0.139124  3.8784e-05 7.8637
0.140515  3.89382e-05 7.90292
0.14192  3.90949e-05 7.94232
0.143339  3.92523e-05 7.98192
0.144773  3.94103e-05 8.02171
0.146221  3.95691e-05 8.06169
0.147683  3.97285e-05 8.10188
0.14916  3.98937e-05 8.14226
0.150651  4.00614e-05 8.18285
0.152158  4.02298e-05 8.22364
0.153679  4.0399e-05 8.26464
0.155216  4.0569e-05 8.30585
0.156768  4.07397e-05 8.34727
0.158336  4.09112e-05 8.38892
0.159919  4.10835e-05 8.43078
0.161518  4.12315e-05 8.47287
0.163134  4.1378e-05 8.51519
0.164765  4.15249e-05 8.55774
0.166413  4.16722e-05 8.60051
0.168077  4.18198e-05 8.64353
0.169757  4.19677e-05 8.68679
0.171455  4.2116e-05 8.73028
0.17317  4.22646e-05 8.77403
0.174901  4.24135e-05 8.81802
0.17665  4.25628e-05 8.86227
0.178417  4.27124e-05 8.90678
0.180201  4.28623e-05 8.95156
0.182003  4.30125e-05 8.99659
0.183823  4.31631e-05 9.0419
0.185661  4.33139e-05 9.08746
0.187518  4.3465e-05 9.1333
0.189393  4.36164e-05 9.1794
0.191287  4.37682e-05 9.22577
0.1932  4.39201e-05 9.27241
0.195132  4.40724e-05 9.31933
0.197083  4.42249e-05 9.36651
0.199054  4.438e-05 9.41397
0.201045  4.45358e-05 9.4617
0.203055  4.46919e-05 9.5097
0.205086  4.48482e-05 9.55798
0.207136  4.50048e-05 9.60655
0.209208  4.51617e-05 9.65539
0.2113  4.53188e-05 9.70451
0.213413  4.55264e-05 9.74251
0.215547  4.57689e-05 9.77293
0.217702  4.60134e-05 9.80329
0.219879  4.62599e-05 9.83359
0.222078  4.65083e-05 9.86383
0.224299  4.67587e-05 9.894
0.226542  4.70112e-05 9.9241
0.228807  4.72658e-05 9.95413
0.231095  4.75224e-05 9.98408
0.233406  4.77811e-05 10.014
0.235741  4.80419e-05 10.0438
0.238098  4.83049e-05 10.0735
0.240479  4.85701e-05 10.1031
0.242884  4.88374e-05 10.1326
0.245313  4.9107e-05 10.1621
0.247766  4.93796e-05 10.1914
0.250243  4.96556e-05 10.2206
0.252746  4.99339e-05 10.2498
0.255273  5.02145e-05 10.2788
0.257826  5.04975e-05 10.3077
0.260404  5.0783e-05 10.3365
0.263008  5.10708e-05 10.3652
0.265638  5.13611e-05 10.3938
0.268295  5.16538e-05 10.4222
0.270978  5.19491e-05 10.4505
0.273687  5.22469e-05 10.4787
0.276424  5.25473e-05 10.5068
0.279189  5.28529e-05 10.5347
0.28198  5.31672e-05 10.5625
0.2848  5.34844e-05 10.5901
0.287648  5.38044e-05 10.6176
0.290525  5.41272e-05 10.6449
0.29343  5.44529e-05 10.672
0.296364  5.47816e-05 10.6991
0.299328  5.51148e-05 10.7259
0.302321  5.54511e-05 10.7526
0.305344  5.57903e-05 10.7791
0.308398  5.61326e-05 10.8054
0.311482  5.64779e-05 10.8316
0.314597  5.68263e-05 10.8576
0.317743  5.71779e-05 10.8833
0.32092  5.75326e-05 10.9089
0.324129  5.78905e-05 10.9343
0.32737  5.82516e-05 10.9596
0.330644  5.8616e-05 10.9846
0.333951  5.89838e-05 11.0094
0.33729  5.93549e-05 11.034
0.340663  5.97294e-05 11.0583
0.34407  6.01073e-05 11.0825
0.34751  6.04887e-05 11.1064
0.350985  6.08736e-05 11.1301
0.354495  6.12621e-05 11.1536
0.35804  6.16541e-05 11.1769
0.361621  6.20498e-05 11.1999
0.365237  6.24492e-05 11.2227
0.368889  6.28523e-05 11.2452
0.372578  6.32605e-05 11.2675
0.376304  6.36748e-05 11.2895
0.380067  6.40929e-05 11.3112
0.383868  6.4515e-05 11.3327
0.387706  6.49411e-05 11.354
0.391583  6.53712e-05 11.3749
0.395499  6.58057e-05 11.3956
0.399454  6.62459e-05 11.416
0.403449  6.66902e-05 11.4362
0.407483  6.71388e-05 11.456
0.411558  6.75917e-05 11.4756
0.415674  6.80489e-05 11.4948
0.41983  6.84954e-05 11.5164
0.424029  6.88897e-05 11.5473
0.428269  6.92863e-05 11.5783
0.432552  6.9685e-05 11.6091
0.436877  7.0086e-05 11.64
0.441246  7.04891e-05 11.6708
0.445658  7.08944e-05 11.7016
0.450115  7.13019e-05 11.7324
0.454616  7.17116e-05 11.7632
0.459162  7.21234e-05 11.794
0.463754  7.25376e-05 11.8247
0.468391  7.29558e-05 11.8554
0.473075  7.33765e-05 11.8861
0.477806  7.37994e-05 11.9168
0.482584  7.42245e-05 11.9474
0.48741  7.46516e-05 11.9781
0.492284  7.50809e-05 12.0087
0.497207  7.55136e-05 12.0393
0.502179  7.59488e-05 12.0699
0.507201  7.63861e-05 12.1005
0.512273  7.68254e-05 12.1311
0.517396  7.72669e-05 12.1617
0.52257  7.77103e-05 12.1923
0.527795  7.81558e-05 12.2228
0.533073  7.86034e-05 12.2534
0.538404  7.90529e-05 12.2839
0.543788  7.95043e-05 12.3144
0.549226  7.99578e-05 12.345
0.554718  8.04132e-05 12.3755
0.560265  8.08719e-05 12.406
0.565868  8.13336e-05 12.4365
0.571527  8.17971e-05 12.467
0.577242  8.22625e-05 12.4976
0.583014  8.27297e-05 12.5281
0.588844  8.31988e-05 12.5586
0.594733  8.36697e-05 12.5891
0.60068  8.41424e-05 12.6197
0.606687  8.46169e-05 12.6502
0.612754  8.5093e-05 12.6808
0.618881  8.55709e-05 12.7114
0.62507  8.60505e-05 12.742
0.631321  8.65317e-05 12.7727
0.637634  8.70146e-05 12.8034
0.644011  8.7476e-05 12.8341
0.650451  8.79238e-05 12.8648
0.656955  8.83721e-05 12.8957
0.663525  8.88209e-05 12.9265
0.67016  8.92701e-05 12.9574
0.676862  8.97196e-05 12.9884
0.68363  9.01694e-05 13.0195
0.690466  9.06194e-05 13.0506
0.697371  9.10696e-05 13.0818
0.704345  9.152e-05 13.113
0.711388  9.19703e-05 13.1444
0.718502  9.24207e-05 13.1759
0.725687  9.2871e-05 13.2074
0.732944  9.33215e-05 13.239
0.740273  9.37715e-05 13.2707
0.747676  9.42245e-05 13.3026
0.755153  9.4678e-05 13.3345
0.762705  9.5131e-05 13.3666
0.770332  9.55837e-05 13.3987
0.778035  9.60358e-05 13.431
0.785815  9.64874e-05 13.4634
0.793673  9.69383e-05 13.4959
0.80161  9.73885e-05 13.5286
0.809626  9.78378e-05 13.5613
0.817722  9.82864e-05 13.5942
0.8259  9.87339e-05 13.6273
0.834159  9.91805e-05 13.6604
0.8425  9.96259e-05 13.6938
0.850925  0.00010007 13.7272
0.859435  0.000100513 13.7609
0.868029  0.000100955 13.7947
0.876709  0.000101395 13.8286
0.885476  0.000101834 13.8627
0.894331  0.000102271 13.897
0.903274  0.000102707 13.9315
0.912307  0.00010314 13.9662
0.92143  0.000103572 14.0011
0.930644  0.000104003 14.0361
0.939951  0.000104433 14.0714
0.94935  0.000104861 14.1069
0.958844  0.000105287 14.1426
0.968432  0.000105711 14.1785
0.978117  0.000106133 14.2146
0.987898  0.000106552 14.251
0.997777  0.00010697 14.2876
1.00775  0.000107385 14.3244
1.01783  0.000107798 14.3615
1.02801  0.000108208 14.3988
1.03829  0.000108615 14.4364
1.04867  0.000109019 14.4743
1.05916  0.00010942 14.5125
1.06975  0.000109818 14.5509
1.08045  0.000110213 14.5896
1.09125  0.000110605 14.6286
1.10217  0.000110993 14.6679
1.11319  0.000111377 14.7076
1.12432  0.000111759 14.7475
1.13556  0.000112136 14.7878
1.14692  0.00011251 14.8284
1.15839  0.00011288 14.8693
1.16997  0.000113247 14.9106
1.18167  0.000113609 14.9523
1.19349  0.000113967 14.9943
1.20542  0.000114321 15.0367
1.21748  0.000114671 15.0794
1.22965  0.000115016 15.1226
1.24195  0.000115358 15.1661
1.25437  0.000115694 15.2101
1.26691  0.000116027 15.2545
1.27958  0.000116354 15.2993
1.29238  0.000116677 15.3445
1.3053  0.000116995 15.3902
1.31835  0.000117308 15.4363
1.33154  0.000117616 15.4829
1.34485  0.00011792 15.53
1.3583  0.000118218 15.5775
1.37188  0.000118511 15.6256
1.3856  0.000118798 15.6741
1.39946  0.000119082 15.7232
1.41345  0.000119361 15.7728
1.42759  0.000119635 15.8229
1.44186  0.000119903 15.8736
1.45628  0.000120166 15.9248
1.47085  0.000120424 15.9766
1.48555  0.000120675 16.029
1.50041  0.000120922 16.082
1.51541  0.000121163 16.1355
1.53057  0.000121399 16.1897
1.54587  0.000121628 16.2446
1.56133  0.000121851 16.3
1.57695  0.000122069 16.3561
1.59271  0.000122281 16.4129
1.60864  0.000122486 16.4704
1.62473  0.000122686 16.5285
1.64098  0.000122879 16.5874
1.65739  0.000123066 16.647
1.67396  0.000123247 16.7073
1.6907  0.000123421 16.7683
1.70761  0.00012359 16.8302
1.72468  0.000123752 16.8927
1.74193  0.000123907 16.9561
1.75935  0.000124057 17.0203
1.77694  0.0001242 17.0853
1.79471  0.000124336 17.1512
1.81266  0.000124466 17.2179
1.83078  0.00012459 17.2855
1.84909  0.000124707 17.3539
1.86758  0.000124819 17.4233
1.88626  0.000124925 17.4936
1.90512  0.000125024 17.5648
1.92417  0.000125117 17.637
1.94341  0.000125204 17.7101
1.96285  0.000125284 17.7842
1.98248  0.000125358 17.8593
2.0023  0.000125426 17.9354
2.02232  0.000125487 18.0126
2.04255  0.000125542 18.0909
2.06297  0.000125591 18.1702
2.0836  0.000125633 18.2506
2.10444  0.000125669 18.3321
2.12548  0.000125698 18.4148
2.14674  0.000125721 18.4986
2.16821  0.000125738 18.5836
2.18989  0.000125749 18.6697
2.21179  0.000125753 18.7571
2.2339  0.000125751 18.8458
2.25624  0.000125743 18.9357
2.27881  0.000125729 19.0268
2.30159  0.000125709 19.1193
2.32461  0.000125682 19.2131
2.34786  0.00012565 19.3083
2.37134  0.000125612 19.4048
2.39505  0.000125568 19.5027
2.419  0.000125518 19.602
2.44319  0.000125462 19.7028
2.46762  0.0001254 19.805
2.4923  0.000125334 19.9087
2.51722  0.000125261 20.014
2.54239  0.000125183 20.1207
2.56782  0.000125099 20.2291
2.59349  0.00012501 20.339
2.61943  0.000124916 20.4505
2.64562  0.000124816 20.5637
2.67208  0.000124711 20.6785
2.6988  0.000124601 20.7951
2.72579  0.000124486 20.9133
2.75305  0.000124366 21.0334
2.78058  0.000124241 21.1552
2.80838  0.000124111 21.2788
2.83647  0.000123978 21.4042
2.86483  0.000123839 21.5315
2.89348  0.000123696 21.6607
2.92241  0.000123549 21.7919
2.95164  0.000123397 21.9249
2.98115  0.00012324 22.06
3.01097  0.00012308 22.1971
3.04108  0.000122915 22.3363
3.07149  0.000122746 22.4775
3.1022  0.000122573 22.6208
3.13322  0.000122396 22.7663
3.16456  0.000122215 22.914
3.1962  0.000122031 23.0639
3.22816  0.000121842 23.216
3.26045  0.00012165 23.3705
3.29305  0.000121454 23.5272
3.32598  0.000121255 23.6863
3.35924  0.000121052 23.8478
3.39283  0.000120846 24.0117
3.42676  0.000120637 24.1781
3.46103  0.000120425 24.347
3.49564  0.000120209 24.5184
3.53059  0.000119991 24.6924
3.5659  0.000119769 24.869
3.60156  0.000119545 25.0482
3.63758  0.000119318 25.2302
3.67395  0.000119088 25.4149
3.71069  0.000118856 25.6023
3.7478  0.000118622 25.7926
3.78528  0.000118385 25.9858
3.82313  0.000118147 26.1818
3.86136  0.000117906 26.3808
3.89997  0.000117662 26.5827
3.93897  0.000117417 26.7877
3.97836  0.00011717 26.9958
4.01815  0.000116921 27.207
4.05833  0.00011667 27.4213
4.09891  0.000116417 27.6388
4.1399  0.000116162 27.8597
4.1813  0.000115906 28.0838
4.22311  0.000115648 28.3112
4.26534  0.000115389 28.5421
4.308  0.000115128 28.7764
4.35108  0.000114866 29.0141
4.39459  0.000114602 29.2555
4.43853  0.000114337 29.5004
4.48292  0.000114071 29.749
4.52775  0.000113803 30.0012
4.57303  0.000113535 30.2573
4.61876  0.000113265 30.5171
4.66494  0.000112995 30.7808
4.71159  0.000112724 31.0484
4.75871  0.000112452 31.3199
4.8063  0.00011218 31.5955
4.85436  0.000111906 31.8751
4.9029  0.000111632 32.1589
4.95193  0.000111357 32.4469
5.00145  0.000111082 32.7391
5.05146  0.000110806 33.0357
5.10198  0.00011053 33.3366
5.153  0.000110253 33.6419
5.20453  0.000109975 33.9517
5.25657  0.000109697 34.2661
5.30914  0.000109419 34.5851
5.36223  0.000109141 34.9088
5.41585  0.000108862 35.2372
5.47001  0.000108582 35.5705
5.52471  0.000108303 35.9086
5.57996  0.000108023 36.2517
5.63576  0.000107744 36.5998
5.69212  0.000107464 36.9529
5.74904  0.000107184 37.3112
5.80653  0.000106904 37.6748
5.86459  0.000106624 38.0436
5.92324  0.000106344 38.4178
5.98247  0.000106064 38.7975
6.0423  0.000105784 39.1827
6.10272  0.000105504 39.5734
6.16375  0.000105223 39.9699
6.22538  0.000104943 40.3721
6.28764  0.000104663 40.7801
6.35051  0.000104383 41.194
6.41402  0.000104103 41.614
6.47816  0.000103823 42.04
6.54294  0.000103543 42.4721
6.60837  0.000103263 42.9105
6.67445  0.000102983 43.3552
6.7412  0.000102703 43.8064
6.80861  0.000102424 44.2641
6.8767  0.000102144 44.7283
6.94546  0.000101865 45.1992
7.01492  0.000101586 45.677
7.08507  0.000101307 46.1616
7.15592  0.000101028 46.6531
7.22748  0.000100749 47.1518
7.29975  0.000100471 47.6576
7.37275  0.000100192 48.1706
7.44648  9.99139e-05 48.6911
7.52094  9.96364e-05 49.219
7.59615  9.9359e-05 49.7545
7.67211  9.90818e-05 50.2976
7.74883  9.88046e-05 50.8486
7.82632  9.85277e-05 51.4074
7.90459  9.82508e-05 51.9743
7.98363  9.79741e-05 52.5493
8.06347  9.76975e-05 53.1325
8.1441  9.7421e-05 53.7241
8.22554  9.71446e-05 54.3241
8.3078  9.68683e-05 54.9328
8.39088  9.65921e-05 55.5501
8.47479  9.6316e-05 56.1764
8.55953  9.604e-05 56.8115
8.64513  9.57641e-05 57.4558
8.73158  9.54882e-05 58.1093
8.8189  9.52124e-05 58.7721
8.90709  9.49366e-05 59.4445
8.99616  9.46609e-05 60.1264
9.08612  9.43852e-05 60.8182
9.17698  9.41096e-05 61.5198
9.26875  9.3834e-05 62.2315
9.36144  9.35587e-05 62.9534
9.45505  9.32834e-05 63.6856
9.5496  9.30082e-05 64.4284
9.6451  9.27329e-05 65.1818
9.74155  9.24576e-05 65.9459
9.83896  9.21823e-05 66.7211
9.93735  9.1907e-05 67.5074
10.0367  9.16318e-05 68.305
10.1371  9.13564e-05 69.114
10.2385  9.10811e-05 69.9346
10.3409  9.08056e-05 70.7671
10.4443  9.053e-05 71.6115
10.5487  9.02544e-05 72.4681
10.6542  8.99786e-05 73.337
10.7607  8.97027e-05 74.2184
10.8683  8.94266e-05 75.1126
10.977  8.91504e-05 76.0196
11.0868  8.88741e-05 76.9397
11.1977  8.85976e-05 77.8731
11.3096  8.8321e-05 78.82
11.4227  8.80441e-05 79.7806
11.537  8.77671e-05 80.7551
11.6523  8.74899e-05 81.7437
11.7689  8.72124e-05 82.7466
11.8865  8.69348e-05 83.764
12.0054  8.66569e-05 84.7963
12.1255  8.63788e-05 85.8435
12.2467  8.61005e-05 86.9059
12.3692  8.58219e-05 87.9838
12.4929  8.55431e-05 89.0775
12.6178  8.5264e-05 90.187
12.744  8.49847e-05 91.3127
12.8714  8.47051e-05 92.4549
13.0001  8.44252e-05 93.6138
13.1301  8.4145e-05 94.7896
13.2614  8.38645e-05 95.9826
13.3941  8.35838e-05 97.1932
13.528  8.33027e-05 98.4215
13.6633  8.30213e-05 99.6678
13.7999  8.27396e-05 100.933
13.9379  8.24577e-05 102.216
14.0773  8.21757e-05 103.518
14.2181  8.18934e-05 104.839
14.3602  8.16107e-05 106.18
14.5038  8.13278e-05 107.541
14.6489  8.10445e-05 108.922
14.7954  8.07609e-05 110.323
14.9433  8.04771e-05 111.746
15.0928  8.0193e-05 113.189
15.2437  7.99085e-05 114.654
15.3961  7.96237e-05 116.14
15.5501  7.93385e-05 117.649
15.7056  7.9053e-05 119.18
15.8626  7.87671e-05 120.735
16.0213  7.84809e-05 122.312
16.1815  7.81943e-05 123.913
16.3433  7.79074e-05 125.538
16.5067  7.76202e-05 127.188
16.6718  7.73325e-05 128.862
16.8385  7.70446e-05 130.562
17.0069  7.67563e-05 132.287
17.177  7.64676e-05 134.038
17.3487  7.61786e-05 135.816
17.5222  7.58892e-05 137.621
17.6974  7.55995e-05 139.453
17.8744  7.53095e-05 141.313
18.0532  7.50191e-05 143.201
18.2337  7.47284e-05 145.118
18.416  7.44374e-05 147.064
18.6002  7.41461e-05 149.039
18.7862  7.38546e-05 151.046
18.9741  7.35629e-05 153.082
19.1638  7.32708e-05 155.15
19.3554  7.29784e-05 157.25
19.549  7.26857e-05 159.382
19.7445  7.23927e-05 161.547
19.9419  7.20995e-05 163.746
20.1413  7.1806e-05 165.978
20.3427  7.15122e-05 168.245
20.5462  7.12181e-05 170.547
20.7516  7.09238e-05 172.885
20.9592  7.06292e-05 175.259
21.1687  7.03343e-05 177.67
21.3804  7.00392e-05 180.119
21.5942  6.97439e-05 182.605
21.8102  6.94483e-05 185.131
22.0283  6.91524e-05 187.695
22.2486  6.88564e-05 190.3
22.4711  6.85601e-05 192.946
22.6958  6.82636e-05 195.632
22.9227  6.79669e-05 198.361
23.1519  6.767e-05 201.133
23.3835  6.7373e-05 203.949
23.6173  6.70757e-05 206.809
23.8535  6.67783e-05 209.715
24.092  6.64808e-05 212.667
24.3329  6.61831e-05 215.666
24.5763  6.58852e-05 218.713
24.822  6.55873e-05 221.809
25.0702  6.52892e-05 224.955
25.3209  6.49911e-05 228.152
25.5742  6.46929e-05 231.401
25.8299  6.43945e-05 234.702
26.0882  6.40962e-05 238.055
26.3491  6.37977e-05 241.463
26.6126  6.34992e-05 244.925
26.8787  6.32006e-05 248.442
27.1475  6.2902e-05 252.014
27.419  6.26034e-05 255.643
27.6931  6.23048e-05 259.33
27.9701  6.20063e-05 263.074
28.2498  6.17079e-05 266.876
28.5323  6.14095e-05 270.738
28.8176  6.11112e-05 274.661
29.1058  6.08129e-05 278.647
29.3968  6.05147e-05 282.697
29.6908  6.02165e-05 286.813
29.9877  5.99185e-05 290.998
30.2876  5.96206e-05 295.253
30.5905  5.93229e-05 299.581
30.8964  5.90252e-05 303.982
31.2053  5.87277e-05 308.461
31.5174  5.84303e-05 313.018
31.8326  5.37446e-05 317.656
32.1509  5.34722e-05 322.377
32.4724  5.3201e-05 327.184
32.7971  5.29304e-05 332.077
33.1251  5.26599e-05 337.059
33.4563  5.23897e-05 342.131
33.7909  5.21196e-05 347.297
34.1288  5.18498e-05 352.556
34.4701  5.15802e-05 357.913
34.8148  5.13109e-05 363.368
35.1629  5.10418e-05 368.925
35.5146  5.07731e-05 374.584
35.8697  5.05046e-05 380.349
36.2284  5.02364e-05 386.22
36.5907  4.99686e-05 392.198
36.9566  4.97011e-05 398.284
37.3262  4.9434e-05 404.478
37.6994  4.91673e-05 410.781
38.0764  4.89011e-05 417.193
38.4572  4.86352e-05 423.715
38.8418  4.83697e-05 430.347
39.2302  4.81042e-05 437.089
39.6225  4.78391e-05 443.942
40.0187  4.75745e-05 450.906
40.4189  4.73103e-05 457.983
40.8231  4.70466e-05 465.174
41.2313  4.67835e-05 472.483
41.6436  4.65208e-05 479.912
42.0601  4.62586e-05 487.465
42.4807  4.5997e-05 495.145
42.9055  4.57359e-05 502.954
43.3345  4.54754e-05 510.896
43.7679  4.52154e-05 518.975
44.2056  4.4956e-05 527.193
44.6476  4.46972e-05 535.555
45.0941  4.4439e-05 544.063
45.545  4.41813e-05 552.721
46.0005  4.39243e-05 561.53
46.4605  4.3668e-05 570.494
46.9251  4.34123e-05 579.615
47.3943  4.31573e-05 588.895
47.8683  4.29029e-05 598.336
48.347  4.26492e-05 607.942
48.8304  4.23956e-05 617.714
49.3187  4.21425e-05 627.655
49.8119  4.18903e-05 637.768
50.31  4.16387e-05 648.055
50.8131  4.13879e-05 658.519
51.3213  4.11379e-05 669.164
51.8345  4.08886e-05 679.993
52.3528  4.064e-05 691.009
52.8764  4.03923e-05 702.216
53.4051  4.01453e-05 713.618
53.9392  3.98991e-05 725.219
54.4786  3.96538e-05 737.022
55.0234  3.94092e-05 749.031
55.5736  3.91654e-05 761.25
56.1293  3.89225e-05 773.684
56.6906  3.86804e-05 786.336
57.2575  3.84392e-05 799.21
57.8301  3.81987e-05 812.311
58.4084  3.79592e-05 825.643
58.9925  3.77204e-05 839.209
59.5824  3.74825e-05 853.013
60.1782  3.72455e-05 867.061
60.78  3.70094e-05 881.357
61.3878  3.67741e-05 895.904
62.0017  3.65397e-05 910.708
62.6217  3.63061e-05 925.773
63.2479  3.60735e-05 941.103
63.8804  3.58417e-05 956.704
64.5192  3.56108e-05 972.581
65.1644  3.53807e-05 988.737
65.816  3.51512e-05 1005.18
66.4742  3.49227e-05 1021.91
67.1389  3.46951e-05 1038.94
67.8103  3.44684e-05 1056.27
68.4884  3.42426e-05 1073.91
69.1733  3.40177e-05 1091.87
69.8651  3.37938e-05 1110.14
70.5637  3.35708e-05 1128.73
71.2693  3.33487e-05 1147.66
71.982  3.31276e-05 1166.92
72.7019  3.29075e-05 1186.53
73.4289  3.26882e-05 1206.49
74.1632  3.247e-05 1226.8
74.9048  3.22528e-05 1247.47
75.6538  3.20365e-05 1268.52
76.4104  3.18212e-05 1289.94
77.1745  3.16069e-05 1311.74
77.9462  3.13935e-05 1333.93
78.7257  3.11811e-05 1356.52
79.513  3.09697e-05 1379.51
80.3081  3.07593e-05 1402.91
81.1112  3.05498e-05 1426.74
81.9223  3.03413e-05 1450.99
82.7415  3.01338e-05 1475.67
83.5689  2.99273e-05 1500.8
84.4046  2.97217e-05 1526.37
85.2486  2.95172e-05 1552.41
86.1011  2.93136e-05 1578.91
86.9621  2.91112e-05 1605.89
87.8318  2.891e-05 1633.36
88.7101  2.87097e-05 1661.32
89.5972  2.85105e-05 1689.78
90.4932  2.83121e-05 1718.76
91.3981  2.81147e-05 1748.25
92.3121  2.79182e-05 1778.28
93.2352  2.77227e-05 1808.85
94.1675  2.75281e-05 1839.97
95.1092  2.73346e-05 1871.65
96.0603  2.7142e-05 1903.91
97.0209  2.69505e-05 1936.74
97.9911  2.67599e-05 1970.17
98.971  2.65703e-05 2004.21
99.9607  2.63818e-05 2038.86
100.96  2.61942e-05 2074.13
101.97  2.60076e-05 2110.05
102.99  2.5822e-05 2146.61
104.02  2.56374e-05 2183.84
105.06  2.54538e-05 2221.74
106.11  2.52712e-05 2260.33
107.171  2.50895e-05 2299.61
108.243  2.49089e-05 2339.61
109.326  2.47293e-05 2380.34
110.419  2.45506e-05 2421.8
111.523  2.4373e-05 2464.02
112.638  2.41963e-05 2507
113.765  2.40206e-05 2550.77
114.902  2.38459e-05 2595.33
116.051  2.36722e-05 2640.7
117.212  2.34995e-05 2686.89
118.384  2.33278e-05 2733.93
119.568  2.3157e-05 2781.82
120.763  2.29873e-05 2830.58
121.971  2.28185e-05 2880.23
123.191  2.26507e-05 2930.79
124.423  2.24839e-05 2982.27
125.667  2.23181e-05 3034.68
126.924  2.21532e-05 3088.05
128.193  2.19893e-05 3142.39
129.475  2.18264e-05 3197.73
130.77  2.16646e-05 3254.07
132.077  2.15037e-05 3311.44
133.398  2.13439e-05 3369.86
134.732  2.11849e-05 3429.35
136.079  2.1027e-05 3489.92
137.44  2.087e-05 3551.6
138.814  2.07139e-05 3614.41
140.203  2.05588e-05 3678.36
141.605  2.04047e-05 3743.49
143.021  2.02515e-05 3809.81
144.451  2.00993e-05 3877.33
145.895  1.9948e-05 3946.1
147.354  1.97977e-05 4016.12
148.828  1.96483e-05 4087.43
150.316  1.94998e-05 4160.04
151.819  1.93523e-05 4233.98
153.338  1.92057e-05 4309.28
154.871  1.90601e-05 4385.95
156.42  1.89153e-05 4464.03
157.984  1.87715e-05 4543.54
159.564  1.86287e-05 4624.51
161.159  1.84867e-05 4706.97
162.771  1.83456e-05 4790.94
164.399  1.82054e-05 4876.44
166.043  1.80661e-05 4963.52
167.703  1.79277e-05 5052.19
169.38  1.77903e-05 5142.5
171.074  1.76537e-05 5234.46
172.785  1.75181e-05 5328.1
174.512  1.73833e-05 5423.47
176.258  1.72494e-05 5520.59
178.02  1.71165e-05 5619.5
179.8  1.69844e-05 5720.22
181.598  1.68532e-05 5822.79
183.414  1.67229e-05 5927.25
185.248  1.65935e-05 6033.62
187.101  1.6465e-05 6141.96
188.972  1.63374e-05 6252.28
190.862  1.62106e-05 6364.63
192.77  1.60847e-05 6479.05
194.698  1.59597e-05 6595.58
196.645  1.58355e-05 6714.24
198.611  1.57122e-05 6835.09
200.598  1.55898e-05 6958.17
202.604  1.54682e-05 7083.5
204.63  1.53475e-05 7211.15
206.676  1.52276e-05 7341.14
208.743  1.51085e-05 7473.52
210.83  1.49903e-05 7608.35
212.938  1.48729e-05 7745.65
215.068  1.47564e-05 7885.48
217.218  1.46406e-05 8027.89
219.391  1.45257e-05 8172.92
221.584  1.44116e-05 8320.61
223.8  1.42983e-05 8471.03
226.038  1.41859e-05 8624.22
228.299  1.40742e-05 8780.23
230.582  1.39633e-05 8939.11
232.888  1.38533e-05 9100.92
235.216  1.3744e-05 9265.71
237.569  1.36355e-05 9433.54
239.944  1.35278e-05 9604.45
242.344  1.34209e-05 9778.52
244.767  1.33147e-05 9955.79
247.215  1.32094e-05 10136.3
249.687  1.31048e-05 10320.2
252.184  1.3001e-05 10507.4
254.706  1.28979e-05 10698.1
257.253  1.27956e-05 10892.4
259.825  1.26941e-05 11090.2
262.423  1.25933e-05 11291.6
265.048  1.24932e-05 11496.7
267.698  1.23939e-05 11705.7
270.375  1.22954e-05 11918.4
273.079  1.21976e-05 12135.1
275.81  1.21005e-05 12355.8
278.568  1.20042e-05 12580.6
281.354  1.19086e-05 12809.5
284.167  1.18137e-05 13042.6
287.009  1.17195e-05 13280
289.879  1.16261e-05 13521.8
292.778  1.15333e-05 13768
295.705  1.14413e-05 14018.8
298.662  1.13499e-05 14274.2
301.649  1.12593e-05 14534.3
304.666  1.11693e-05 14799.2
307.712  1.10801e-05 15069
310.789  1.09915e-05 15343.7
313.897  1.09036e-05 15623.5
317.036  1.08164e-05 15908.5
320.207  1.07298e-05 16198.7
323.409  1.06439e-05 16494.2
326.643  1.05586e-05 16795.2
329.909  1.04741e-05 17101.7
333.208  1.03901e-05 17413.9
336.54  1.03068e-05 17731.8
339.906  1.02242e-05 18055.6
343.305  1.01422e-05 18385.3
346.738  1.00608e-05 18721.1
350.205  9.98011e-06 19063.1
353.707  9.90001e-06 19411.4
357.244  9.82054e-06 19766.1
360.817  9.74169e-06 20127.3
364.425  9.66345e-06 20495.2
368.069  9.58583e-06 20869.8
371.75  9.50882e-06 21251.3
375.467  9.43242e-06 21639.9
379.222  9.35663e-06 22035.6
383.014  9.28139e-06 22438.5
386.844  9.20675e-06 22848.9
390.713  9.1327e-06 23266.8
394.62  9.05924e-06 23692.4
398.566  8.98637e-06 24125.9
402.552  8.91408e-06 24567.3
406.577  8.84237e-06 25016.8
410.643  8.77123e-06 25474.6
414.75  8.70066e-06 25940.8
418.897  8.63065e-06 26415.5
423.086  8.5612e-06 26899
427.317  8.49232e-06 27391.4
431.59  8.42398e-06 27892.8
435.906  8.3562e-06 28403.4
440.265  8.28896e-06 28923.4
444.668  8.22226e-06 29452.9
449.114  8.1561e-06 29992.2
453.605  8.09048e-06 30541.3
458.142  8.02539e-06 31100.6
462.723  7.96083e-06 31670.1
467.35  7.8968e-06 32250
472.024  7.83329e-06 32840.6
476.744  7.77029e-06 33442.1
481.511  7.70781e-06 34054.5
486.326  7.64584e-06 34678.2
491.19  7.58437e-06 35313.3
496.102  7.52341e-06 35960.1
501.063  7.46294e-06 36618.8
506.073  7.40297e-06 37289.5
511.134  7.34349e-06 37972.4
516.245  7.2845e-06 38668
521.408  7.22599e-06 39376.2
526.622  7.16795e-06 40097.4
531.888  7.11039e-06 40831.8
537.207  7.05331e-06 41579.7
542.579  6.99669e-06 42341.3
548.005  6.94054e-06 43116.8
553.485  6.88486e-06 43906.4
559.02  6.82963e-06 44710.6
564.61  6.77487e-06 45529.4
570.256  6.72055e-06 46363.2
575.959  6.66668e-06 47212.2
581.718  6.61324e-06 48076.7
587.535  6.56025e-06 48957.1
593.411  6.50769e-06 49853.5
599.345  6.45557e-06 50766.4
605.338  6.40387e-06 51695.9
611.392  6.35259e-06 52642.4
617.506  6.30174e-06 53606.2
623.681  6.25131e-06 54587.6
629.917  6.20129e-06 55586.9
636.217  6.15168e-06 56604.5
642.579  6.10249e-06 57640.7
649.005  6.0537e-06 58695.8
655.495  6.00531e-06 59770.2
662.05  5.95733e-06 60864.1
668.67  5.90974e-06 61978
675.357  5.86255e-06 63112.1
682.11  5.81576e-06 64266.9
688.931  5.76935e-06 65442.6
695.821  5.72333e-06 66639.7
702.779  5.6777e-06 67858.5
709.807  5.63245e-06 69099.5
716.905  5.58758e-06 70362.9
724.074  5.54308e-06 71649.2
731.315  5.49896e-06 72958.9
738.628  5.45521e-06 74292.4
746.014  5.41183e-06 75650.1
753.474  5.36883e-06 77032.5
761.009  5.32619e-06 78440.1
768.619  5.28391e-06 79873.4
776.305  5.24199e-06 81332.8
784.068  5.19821e-06 82818.8
791.909  5.15701e-06 84332
799.828  5.11617e-06 85872.9
807.826  5.07567e-06 87441.9
815.905  5.03552e-06 89039.8
824.064  4.99571e-06 90667
832.304  4.95624e-06 92324.1
840.627  4.91711e-06 94011.8
849.034  4.87831e-06 95730.7
857.524  4.83983e-06 97481.4
866.099  4.80169e-06 99264.6
874.76  4.76387e-06 101081
883.508  4.72638e-06 102931
892.343  4.6892e-06 104816
901.266  4.65234e-06 106736
910.279  4.61579e-06 108691
919.382  4.57956e-06 110683
928.575  4.54363e-06 112713
937.861  4.50801e-06 114780
947.24  4.47269e-06 116886
956.712  4.43768e-06 119031
966.279  4.40296e-06 121215
975.942  4.36854e-06 123441
985.702  4.33441e-06 125708
995.559  4.30058e-06 128017
