0.001  0.183776 5.63372e-05
0.00101  0.184069 5.66182e-05
0.0010201  0.184364 5.69006e-05
0.0010303  0.184662 5.71844e-05
0.0010406  0.184962 5.74696e-05
0.00105101  0.185264 5.77562e-05
0.00106152  0.185568 5.80443e-05
0.00107214  0.185875 5.83338e-05
0.00108286  0.186184 5.86247e-05
0.00109369  0.186496 5.89171e-05
0.00110462  0.18681 5.9211e-05
0.00111567  0.187126 5.95063e-05
0.00112683  0.187445 5.98031e-05
0.00113809  0.187767 6.01014e-05
0.00114947  0.18809 6.04011e-05
0.00116097  0.188417 6.07024e-05
0.00117258  0.188746 6.10051e-05
0.0011843  0.189077 6.13094e-05
0.00119615  0.189411 6.16152e-05
0.00120811  0.189747 6.19225e-05
0.00122019  0.190087 6.22313e-05
0.00123239  0.190429 6.25417e-05
0.00124472  0.190773 6.28537e-05
0.00125716  0.19112 6.31671e-05
0.00126973  0.19147 6.34822e-05
0.00128243  0.191823 6.37988e-05
0.00129526  0.192117 6.4117e-05
0.00130821  0.192392 6.44368e-05
0.00132129  0.192668 6.47582e-05
0.0013345  0.192946 6.50812e-05
0.00134785  0.193227 6.54058e-05
0.00136133  0.193509 6.5732e-05
0.00137494  0.193793 6.60598e-05
0.00138869  0.19408 6.63893e-05
0.00140258  0.194368 6.67204e-05
0.0014166  0.194659 6.70532e-05
0.00143077  0.194952 6.73876e-05
0.00144508  0.195247 6.77237e-05
0.00145953  0.195543 6.80615e-05
0.00147412  0.195843 6.8401e-05
0.00148886  0.196144 6.87421e-05
0.00150375  0.196447 6.9085e-05
0.00151879  0.196753 6.94295e-05
0.00153398  0.197061 6.97758e-05
0.00154932  0.197371 7.01238e-05
0.00156481  0.197683 7.04736e-05
0.00158046  0.197998 7.08251e-05
0.00159626  0.198315 7.1172e-05
0.00161223  0.198609 7.15158e-05
0.00162835  0.198851 7.18638e-05
0.00164463  0.199093 7.22161e-05
0.00166108  0.199338 7.25727e-05
0.00167769  0.199584 7.29334e-05
0.00169447  0.199831 7.32983e-05
0.00171141  0.20008 7.36673e-05
0.00172852  0.200331 7.40403e-05
0.00174581  0.200583 7.44172e-05
0.00176327  0.200837 7.4798e-05
0.0017809  0.201093 7.51826e-05
0.00179871  0.20135 7.55533e-05
0.0018167  0.201609 7.59257e-05
0.00183486  0.201869 7.63013e-05
0.00185321  0.202131 7.66802e-05
0.00187174  0.202395 7.70622e-05
0.00189046  0.202661 7.74472e-05
0.00190937  0.202928 7.78349e-05
0.00192846  0.203197 7.82254e-05
0.00194774  0.203468 7.86184e-05
0.00196722  0.203741 7.90137e-05
0.00198689  0.204015 7.94112e-05
0.00200676  0.204291 7.98097e-05
0.00202683  0.204569 8.02081e-05
0.0020471  0.204849 8.06083e-05
0.00206757  0.205131 8.10105e-05
0.00208825  0.205414 8.14145e-05
0.00210913  0.205699 8.18205e-05
0.00213022  0.205987 8.22284e-05
0.00215152  0.206276 8.26384e-05
0.00217304  0.206567 8.30504e-05
0.00219477  0.206859 8.34644e-05
0.00221672  0.207154 8.38805e-05
0.00223888  0.207451 8.42988e-05
0.00226127  0.207749 8.4719e-05
0.00228388  0.20805 8.51413e-05
0.00230672  0.208353 8.55658e-05
0.00232979  0.208657 8.59925e-05
0.00235309  0.208964 8.64214e-05
0.00237662  0.209272 8.68524e-05
0.00240038  0.209583 8.72857e-05
0.00242439  0.20985 8.77211e-05
0.00244863  0.210082 8.81588e-05
0.00247312  0.210315 8.85986e-05
0.00249785  0.21055 8.90406e-05
0.00252283  0.210786 8.94848e-05
0.00254806  0.211023 8.99312e-05
0.00257354  0.211261 9.03798e-05
0.00259927  0.211501 9.08306e-05
0.00262527  0.211742 9.12836e-05
0.00265152  0.211984 9.17389e-05
0.00267803  0.212228 9.21964e-05
0.00270481  0.212473 9.26562e-05
0.00273186  0.212719 9.31183e-05
0.00275918  0.212967 9.35827e-05
0.00278677  0.213216 9.40493e-05
0.00281464  0.213466 9.45184e-05
0.00284279  0.213718 9.49897e-05
0.00287121  0.213971 9.54635e-05
0.00289993  0.214225 9.59396e-05
0.00292893  0.214481 9.64181e-05
0.00295822  0.214738 9.6899e-05
0.0029878  0.214997 9.73823e-05
0.00301768  0.215257 9.7868e-05
0.00304785  0.215518 9.83561e-05
0.00307833  0.215781 9.88466e-05
0.00310911  0.216046 9.93396e-05
0.0031402  0.216311 9.98351e-05
0.00317161  0.216579 0.000100333
0.00320332  0.216847 0.000100833
0.00323536  0.217079 0.000101336
0.00326771  0.217291 0.000101842
0.00330039  0.217504 0.00010235
0.00333339  0.217718 0.00010286
0.00336672  0.217932 0.000103373
0.00340039  0.218148 0.000103889
0.0034344  0.218364 0.000104407
0.00346874  0.218582 0.000104928
0.00350343  0.2188 0.000105451
0.00353846  0.219019 0.000105977
0.00357385  0.219239 0.000106505
0.00360958  0.21946 0.000107037
0.00364568  0.219682 0.00010757
0.00368214  0.219905 0.000108107
0.00371896  0.220129 0.000108646
0.00375615  0.220354 0.000109188
0.00379371  0.220579 0.000109733
0.00383165  0.220806 0.00011028
0.00386996  0.221034 0.00011083
0.00390866  0.221262 0.000111383
0.00394775  0.221491 0.000111938
0.00398723  0.221722 0.000112496
0.0040271  0.221953 0.000113057
0.00406737  0.222185 0.000113621
0.00410804  0.222419 0.000114188
0.00414912  0.222653 0.000114758
0.00419062  0.222888 0.00011533
0.00423252  0.223124 0.000115905
0.00427485  0.223361 0.000116483
0.0043176  0.223599 0.000117064
0.00436077  0.223838 0.000117648
0.00440438  0.224078 0.000118235
0.00444842  0.224319 0.000118824
0.00449291  0.224561 0.000119417
0.00453784  0.224804 0.000120013
0.00458321  0.225047 0.000120611
0.00462905  0.225292 0.000121213
0.00467534  0.225538 0.000121817
0.00472209  0.225785 0.000122425
0.00476931  0.226033 0.000123036
0.004817  0.226282 0.000123649
0.00486517  0.226488 0.000124266
0.00491383  0.226691 0.000124886
0.00496296  0.226894 0.000125508
0.00501259  0.227098 0.000126134
0.00506272  0.227302 0.000126764
0.00511335  0.227507 0.000127396
0.00516448  0.227712 0.000128031
0.00521613  0.227917 0.00012867
0.00526829  0.228124 0.000129311
0.00532097  0.22833 0.000129956
0.00537418  0.228538 0.000130605
0.00542792  0.228745 0.000131256
0.0054822  0.228953 0.000131911
0.00553702  0.229162 0.000132568
0.00559239  0.229371 0.00013323
0.00564832  0.229581 0.000133894
0.0057048  0.229791 0.000134562
0.00576185  0.230002 0.000135233
0.00581947  0.230213 0.000135908
0.00587766  0.230424 0.000136585
0.00593644  0.230636 0.000137267
0.0059958  0.230849 0.000137951
0.00605576  0.231062 0.000138639
0.00611632  0.231275 0.000139331
0.00617748  0.231489 0.000140026
0.00623926  0.231703 0.000140724
0.00630165  0.231918 0.000141426
0.00636466  0.232133 0.000142131
0.00642831  0.232349 0.00014284
0.00649259  0.232546 0.000143552
0.00655752  0.232743 0.000144268
0.0066231  0.23294 0.000144988
0.00668933  0.233137 0.000145711
0.00675622  0.233335 0.000146438
0.00682378  0.233532 0.000147168
0.00689202  0.23373 0.000147902
0.00696094  0.233929 0.00014864
0.00703055  0.234127 0.000149381
0.00710085  0.234325 0.000150126
0.00717186  0.234524 0.000150875
0.00724358  0.234723 0.000151627
0.00731602  0.234922 0.000152384
0.00738918  0.235121 0.000153144
0.00746307  0.23532 0.000153908
0.0075377  0.23552 0.000154675
0.00761308  0.235719 0.000155447
0.00768921  0.235919 0.000156222
0.0077661  0.236119 0.000157001
0.00784376  0.236319 0.000157784
0.0079222  0.236519 0.000158571
0.00800142  0.236719 0.000159362
0.00808144  0.236917 0.000160157
0.00816225  0.237113 0.000160956
0.00824387  0.237308 0.000161758
0.00832631  0.237504 0.000162565
0.00840957  0.2377 0.000163376
0.00849367  0.237896 0.000164191
0.00857861  0.238092 0.00016501
0.00866439  0.238287 0.000165833
0.00875104  0.238483 0.00016666
0.00883855  0.238679 0.000167491
0.00892693  0.238874 0.000168326
0.0090162  0.23907 0.000169166
0.00910636  0.239265 0.000170009
0.00919743  0.239461 0.000170857
0.0092894  0.239656 0.00017171
0.0093823  0.239851 0.000172566
0.00947612  0.240046 0.000173427
0.00957088  0.240241 0.000174292
0.00966659  0.240437 0.000175161
0.00976325  0.240635 0.000176034
0.00986089  0.240834 0.000176912
0.0099595  0.241032 0.000177795
0.0100591  0.24123 0.000178682
0.0101597  0.241428 0.000179573
0.0102613  0.241626 0.000180468
0.0103639  0.241823 0.000181368
0.0104675  0.242021 0.000182273
0.0105722  0.242218 0.000183182
0.0106779  0.242415 0.000184096
0.0107847  0.242611 0.000185014
0.0108926  0.242808 0.000185937
0.0110015  0.243004 0.000186864
0.0111115  0.243199 0.000187796
0.0112226  0.243395 0.000188733
0.0113348  0.24359 0.000189674
0.0114482  0.243785 0.00019062
0.0115627  0.243979 0.000191571
0.0116783  0.244174 0.000192526
0.0117951  0.244367 0.000193486
0.011913  0.244561 0.000194451
0.0120322  0.244754 0.000195421
0.0121525  0.244946 0.000196396
0.012274  0.245138 0.000197375
0.0123967  0.24533 0.00019836
0.0125207  0.245521 0.000199349
0.0126459  0.245711 0.000200343
0.0127724  0.245902 0.000201343
0.0129001  0.246099 0.000202347
0.0130291  0.246313 0.000203356
0.0131594  0.246527 0.000204371
0.013291  0.24674 0.00020539
0.0134239  0.246953 0.000206415
0.0135581  0.247165 0.000207444
0.0136937  0.247378 0.000208479
0.0138307  0.247589 0.000209519
0.013969  0.247801 0.000210564
0.0141086  0.248012 0.000211614
0.0142497  0.248222 0.000212669
0.0143922  0.248432 0.000213729
0.0145362  0.248642 0.000214795
0.0146815  0.248851 0.000215865
0.0148283  0.24906 0.000216941
0.0149766  0.249268 0.000218023
0.0151264  0.249475 0.00021911
0.0152776  0.249682 0.000220202
0.0154304  0.249889 0.0002213
0.0155847  0.250094 0.000222404
0.0157406  0.250299 0.000223513
0.015898  0.250504 0.000224628
0.016057  0.250708 0.000225749
0.0162175  0.250958 0.000226877
0.0163797  0.251214 0.00022801
0.0165435  0.25147 0.000229149
0.0167089  0.251725 0.000230294
0.016876  0.25198 0.000231445
0.0170448  0.252235 0.000232603
0.0172152  0.252489 0.000233766
0.0173874  0.252744 0.000234936
0.0175613  0.252997 0.000236113
0.0177369  0.253251 0.000237295
0.0179142  0.253504 0.000238485
0.0180934  0.253757 0.00023968
0.0182743  0.25401 0.000240883
0.0184571  0.254262 0.000242091
0.0186416  0.254514 0.000243306
0.018828  0.254765 0.000244527
0.0190163  0.255016 0.000245755
0.0192065  0.255267 0.000246989
0.0193986  0.255517 0.000248229
0.0195925  0.255766 0.000249475
0.0197885  0.256015 0.000250727
0.0199864  0.256264 0.000251985
0.0201862  0.256511 0.000253249
0.0203881  0.256759 0.00025452
0.020592  0.257005 0.000255796
0.0207979  0.257251 0.000257078
0.0210059  0.257497 0.000258366
0.0212159  0.257742 0.000259661
0.0214281  0.257986 0.000260961
0.0216424  0.258229 0.000262267
0.0218588  0.258472 0.00026358
0.0220774  0.258714 0.000264899
0.0222981  0.258955 0.000266223
0.0225211  0.259195 0.000267554
0.0227463  0.259434 0.000268892
0.0229738  0.259673 0.000270235
0.0232035  0.259911 0.000271585
0.0234356  0.260148 0.000272942
0.0236699  0.260384 0.000274305
0.0239066  0.260619 0.000275674
0.0241457  0.260867 0.00027705
0.0243871  0.261193 0.000278433
0.024631  0.261519 0.000279822
0.0248773  0.261845 0.000281218
0.0251261  0.262171 0.000282621
0.0253774  0.262497 0.000284031
0.0256311  0.262822 0.000285449
0.0258874  0.263148 0.000286873
0.0261463  0.263473 0.000288304
0.0264078  0.263798 0.000289743
0.0266719  0.264123 0.000291189
0.0269386  0.264447 0.000292641
0.027208  0.264771 0.000294101
0.02748  0.265095 0.000295569
0.0277548  0.265419 0.000297043
0.0280324  0.265742 0.000298525
0.0283127  0.266065 0.000300015
0.0285958  0.266387 0.000301511
0.0288818  0.266709 0.000303015
0.0291706  0.267031 0.000304527
0.0294623  0.267352 0.000306046
0.029757  0.267672 0.000307572
0.0300545  0.267993 0.000309106
0.0303551  0.268312 0.000310648
0.0306586  0.268631 0.000312197
0.0309652  0.26895 0.000313753
0.0312749  0.269268 0.000315317
0.0315876  0.269585 0.000316889
0.0319035  0.269902 0.000318469
0.0322225  0.270247 0.000320056
0.0325447  0.270685 0.000321651
0.0328702  0.271123 0.000323254
0.0331989  0.271561 0.000324865
0.0335309  0.272001 0.000326483
0.0338662  0.27244 0.00032811
0.0342049  0.27288 0.000329745
0.0345469  0.273321 0.000331388
0.0348924  0.273762 0.000333039
0.0352413  0.274203 0.000334698
0.0355937  0.274645 0.000336366
0.0359496  0.275087 0.000338042
0.0363091  0.275529 0.000339726
0.0366722  0.275972 0.000341419
0.037039  0.276415 0.000343121
0.0374093  0.276859 0.000344831
0.0377834  0.277302 0.00034655
0.0381613  0.277746 0.000348277
0.0385429  0.27819 0.000350013
0.0389283  0.278635 0.000351758
0.0393176  0.279079 0.000353511
0.0397108  0.279524 0.000355274
0.0401079  0.279969 0.000357045
0.040509  0.280414 0.000358824
0.040914  0.280859 0.000360613
0.0413232  0.281305 0.000362411
0.0417364  0.28175 0.000364218
0.0421538  0.282196 0.000366033
0.0425753  0.282641 0.000367858
0.0430011  0.283087 0.000369692
0.0434311  0.283532 0.000371535
0.0438654  0.283978 0.000373387
0.044304  0.284423 0.000375248
0.0447471  0.284869 0.000377119
0.0451946  0.285314 0.000378999
0.0456465  0.285759 0.000380889
0.046103  0.286204 0.000382788
0.046564  0.286649 0.000384697
0.0470296  0.287094 0.000386615
0.0474999  0.287538 0.000388542
0.0479749  0.287983 0.00039048
0.0484547  0.288499 0.000392426
0.0489392  0.289091 0.000394383
0.0494286  0.289684 0.000396349
0.0499229  0.290278 0.000398326
0.0504221  0.290873 0.000400312
0.0509264  0.291469 0.000402308
0.0514356  0.292067 0.000404313
0.05195  0.292665 0.000406329
0.0524695  0.293265 0.000408355
0.0529942  0.293866 0.000410391
0.0535241  0.294468 0.000412437
0.0540594  0.29507 0.000414493
0.0546  0.295674 0.00041656
0.055146  0.296279 0.000418636
0.0556974  0.296885 0.000420723
0.0562544  0.297492 0.000422821
0.0568169  0.2981 0.000424929
0.0573851  0.298709 0.000427047
0.0579589  0.299319 0.000429176
0.0585385  0.299929 0.000431315
0.0591239  0.300541 0.000433465
0.0597152  0.301154 0.000435626
0.0603123  0.301767 0.000437798
0.0609154  0.302381 0.00043998
0.0615246  0.302996 0.000442173
0.0621398  0.303612 0.000444377
0.0627612  0.304229 0.000446592
0.0633888  0.304847 0.000448818
0.0640227  0.305465 0.000451055
0.064663  0.306152 0.000453304
0.0653096  0.306891 0.000455563
0.0659627  0.307632 0.000457834
0.0666223  0.308375 0.000460116
0.0672885  0.30912 0.000462409
0.0679614  0.309866 0.000464714
0.068641  0.310615 0.00046703
0.0693275  0.311365 0.000469358
0.0700207  0.312117 0.000471697
0.0707209  0.312871 0.000474049
0.0714281  0.313627 0.000476411
0.0721424  0.314385 0.000478786
0.0728638  0.315144 0.000481172
0.0735925  0.315905 0.000483571
0.0743284  0.316668 0.000485981
0.0750717  0.317433 0.000488404
0.0758224  0.3182 0.000490838
0.0765806  0.318968 0.000493285
0.0773464  0.319738 0.000495743
0.0781199  0.32051 0.000498214
0.0789011  0.321284 0.000500698
0.0796901  0.322059 0.000503193
0.080487  0.32285 0.000505701
0.0812919  0.323724 0.000508222
0.0821048  0.3246 0.000510756
0.0829259  0.325479 0.000513302
0.0837551  0.326361 0.00051586
0.0845927  0.327245 0.000518432
0.0854386  0.328132 0.000521016
0.086293  0.329022 0.000523613
0.0871559  0.329914 0.000526223
0.0880275  0.330808 0.000528846
0.0889077  0.331705 0.000531482
0.0897968  0.332605 0.000534132
0.0906948  0.333507 0.000536794
0.0916017  0.334412 0.00053947
0.0925178  0.33532 0.000542159
0.0934429  0.33623 0.000544862
0.0943774  0.337142 0.000547578
0.0953211  0.338057 0.000550308
0.0962743  0.338975 0.000553051
0.0972371  0.339983 0.000555808
0.0982095  0.341012 0.000558579
0.0991916  0.342046 0.000561363
0.100183  0.343082 0.000564162
0.101185  0.344123 0.000566974
0.102197  0.345167 0.0005698
0.103219  0.346214 0.000572641
0.104251  0.347265 0.000575496
0.105294  0.34832 0.000578365
0.106347  0.349378 0.000581248
0.10741  0.35044 0.000584145
0.108484  0.351505 0.000587057
0.109569  0.352574 0.000589984
0.110665  0.353646 0.000592925
0.111772  0.354722 0.000595881
0.112889  0.355802 0.000598852
0.114018  0.356885 0.000601837
0.115158  0.357972 0.000604838
0.11631  0.359063 0.000607854
0.117473  0.360157 0.000610884
0.118648  0.361254 0.00061393
0.119834  0.362355 0.000616991
0.121033  0.36346 0.000620068
0.122243  0.364568 0.000623159
0.123465  0.36568 0.000626267
0.1247  0.366796 0.00062939
0.125947  0.367915 0.000632528
0.127206  0.369037 0.000635683
0.128478  0.370163 0.000638853
0.129763  0.371402 0.000642039
0.131061  0.372655 0.000645241
0.132372  0.373912 0.000648459
0.133695  0.375175 0.000651693
0.135032  0.376442 0.000654943
0.136383  0.377714 0.000658209
0.137746  0.378991 0.000661491
0.139124  0.380272 0.000664789
0.140515  0.381559 0.000668103
0.14192  0.38285 0.000671434
0.143339  0.384146 0.000674781
0.144773  0.385447 0.000678144
0.146221  0.386752 0.000681524
0.147683  0.388063 0.00068492
0.14916  0.389378 0.000688334
0.150651  0.390698 0.000691764
0.152158  0.392024 0.000695212
0.153679  0.393353 0.000698677
0.155216  0.394688 0.00070216
0.156768  0.396028 0.00070566
0.158336  0.397373 0.000709179
0.159919  0.398722 0.000712716
0.161518  0.400142 0.000716272
0.163134  0.401635 0.000719846
0.164765  0.403134 0.00072344
0.166413  0.40464 0.000727053
0.168077  0.406151 0.000730686
0.169757  0.407669 0.00073434
0.171455  0.409194 0.000738013
0.17317  0.410725 0.000741708
0.174901  0.412262 0.000745423
0.17665  0.413805 0.000749161
0.178417  0.415355 0.00075292
0.180201  0.416912 0.000756702
0.182003  0.418475 0.000760506
0.183823  0.420044 0.000764334
0.185661  0.42162 0.000768184
0.187518  0.423202 0.000772057
0.189393  0.424791 0.000775954
0.191287  0.426387 0.000779874
0.1932  0.427989 0.000783817
0.195132  0.429597 0.000787784
0.197083  0.431212 0.000791775
0.199054  0.432834 0.000795789
0.201045  0.434462 0.000799828
0.203055  0.436097 0.000803892
0.205086  0.437739 0.00080798
0.207136  0.439387 0.000812092
0.209208  0.441043 0.000816229
0.2113  0.442704 0.00082039
0.213413  0.444373 0.000824577
0.215547  0.446048 0.000828788
0.217702  0.44773 0.000833024
0.219879  0.449419 0.000837285
0.222078  0.451115 0.000841572
0.224299  0.452817 0.000845884
0.226542  0.454527 0.000850221
0.228807  0.456243 0.000854163
0.231095  0.457966 0.000856701
0.233406  0.459695 0.00085923
0.235741  0.461432 0.000861752
0.238098  0.463175 0.000864265
0.240479  0.464925 0.00086677
0.242884  0.46683 0.000869266
0.245313  0.468795 0.000871753
0.247766  0.470769 0.000874231
0.250243  0.472752 0.000876699
0.252746  0.474744 0.000879157
0.255273  0.476745 0.000881606
0.257826  0.478756 0.000884044
0.260404  0.480775 0.000886471
0.263008  0.482804 0.000888888
0.265638  0.484842 0.000891293
0.268295  0.486889 0.000893687
0.270978  0.488946 0.000896068
0.273687  0.491012 0.000898438
0.276424  0.493087 0.000900795
0.279189  0.495172 0.00090314
0.28198  0.497267 0.000905471
0.2848  0.499371 0.00090779
0.287648  0.501484 0.000910094
0.290525  0.503607 0.000912385
0.29343  0.50574 0.000914661
0.296364  0.507883 0.000916923
0.299328  0.510035 0.00091917
0.302321  0.512197 0.000921401
0.305344  0.514369 0.000923617
0.308398  0.516551 0.000925816
0.311482  0.518742 0.000927999
0.314597  0.520944 0.000930166
0.317743  0.523155 0.000932315
0.32092  0.525377 0.000934447
0.324129  0.527608 0.000936561
0.32737  0.52985 0.000938657
0.330644  0.532102 0.000940734
0.333951  0.534364 0.000942793
0.33729  0.536636 0.000944832
0.340663  0.538918 0.000946852
0.34407  0.541211 0.000948852
0.34751  0.543514 0.000950831
0.350985  0.545827 0.00095279
0.354495  0.548151 0.000954728
0.35804  0.550485 0.000956645
0.361621  0.55283 0.000958541
0.365237  0.555185 0.000960414
0.368889  0.557551 0.000962265
0.372578  0.559927 0.000964093
0.376304  0.562315 0.000965899
0.380067  0.564713 0.000968495
0.383868  0.567121 0.000971233
0.387706  0.569541 0.00097397
0.391583  0.571971 0.000976707
0.395499  0.574413 0.000979443
0.399454  0.577222 0.000982179
0.403449  0.580441 0.000984914
0.407483  0.583691 0.000987649
0.411558  0.586974 0.000990384
0.415674  0.59029 0.000993118
0.41983  0.59364 0.000995852
0.424029  0.597022 0.000998586
0.428269  0.600439 0.00100132
0.432552  0.603889 0.00100405
0.436877  0.607375 0.00100679
0.441246  0.610895 0.00100952
0.445658  0.61445 0.00101225
0.450115  0.618041 0.00101499
0.454616  0.621667 0.00101772
0.459162  0.62533 0.00102046
0.463754  0.62903 0.00102319
0.468391  0.632767 0.00102593
0.473075  0.636541 0.00102867
0.477806  0.640353 0.00103141
0.482584  0.644216 0.00103415
0.48741  0.64827 0.00103689
0.492284  0.652365 0.00103963
0.497207  0.6565 0.00104237
0.502179  0.660603 0.00104512
0.507201  0.664609 0.00104787
0.512273  0.668656 0.00105061
0.517396  0.672742 0.00105337
0.52257  0.67687 0.00105612
0.527795  0.681039 0.00105888
0.533073  0.68525 0.00106163
0.538404  0.689503 0.0010644
0.543788  0.693798 0.00106716
0.549226  0.698137 0.00106993
0.554718  0.702518 0.0010727
0.560265  0.706944 0.00107547
0.565868  0.711414 0.00107825
0.571527  0.715929 0.00108103
0.577242  0.720488 0.00108382
0.583014  0.725094 0.00108661
0.588844  0.729745 0.00108941
0.594733  0.734443 0.00109221
0.60068  0.739188 0.00109501
0.606687  0.743981 0.00109782
0.612754  0.748821 0.00110064
0.618881  0.75371 0.00110346
0.62507  0.758648 0.00110629
0.631321  0.76349 0.00110912
0.637634  0.767863 0.00111196
0.644011  0.77229 0.00111481
0.650451  0.776817 0.00111766
0.656955  0.781389 0.00112052
0.663525  0.786006 0.00112339
0.67016  0.79067 0.00112627
0.676862  0.795381 0.00112915
0.68363  0.800138 0.00113205
0.690466  0.804944 0.00113495
0.697371  0.809797 0.00113786
0.704345  0.814699 0.00114078
0.711388  0.81965 0.00114371
0.718502  0.82465 0.00114665
0.725687  0.829701 0.0011496
0.732944  0.834801 0.00115257
0.740273  0.839953 0.00115554
0.747676  0.845157 0.00115853
0.755153  0.850413 0.00116152
0.762705  0.855721 0.00116453
0.770332  0.861082 0.00116755
0.778035  0.866497 0.00117058
0.785815  0.871966 0.00117363
0.793673  0.87738 0.00117669
0.80161  0.881682 0.00117977
0.809626  0.886061 0.00118286
0.817722  0.890496 0.00118597
0.8259  0.894976 0.0011891
0.834159  0.8995 0.00119224
0.8425  0.904069 0.00119539
0.850925  0.908684 0.00119857
0.859435  0.913346 0.00120176
0.868029  0.918054 0.00120497
0.876709  0.922809 0.0012082
0.885476  0.927611 0.00121144
0.894331  0.932462 0.00121471
0.903274  0.937361 0.001218
0.912307  0.94231 0.00122131
0.92143  0.947307 0.00122464
0.930644  0.952355 0.00122799
0.939951  0.957453 0.00123136
0.94935  0.962602 0.00123476
0.958844  0.967803 0.00123818
0.968432  0.973075 0.00124163
0.978117  0.978426 0.0012451
0.987898  0.98383 0.00124859
0.997777  0.989288 0.00125211
1.00775  0.993437 0.00125566
1.01783  0.997562 0.00125923
1.02801  1.00173 0.00126283
1.03829  1.00594 0.00126646
1.04867  1.01019 0.00127012
1.05916  1.01448 0.00127381
1.06975  1.01882 0.00127753
1.08045  1.0232 0.00128127
1.09125  1.02762 0.00128506
1.10217  1.03209 0.00128887
1.11319  1.0366 0.00129272
1.12432  1.04116 0.0012966
1.13556  1.04576 0.00130051
1.14692  1.05041 0.00130446
1.15839  1.05511 0.00130845
1.16997  1.05985 0.00131247
1.18167  1.06464 0.00131653
1.19349  1.06948 0.00132063
1.20542  1.07436 0.00132477
1.21748  1.0793 0.00132895
1.22965  1.08428 0.00133316
1.24195  1.08932 0.00133742
1.25437  1.0944 0.00134172
1.26691  1.09823 0.00134607
1.27958  1.10181 0.00135046
1.29238  1.10545 0.00135489
1.3053  1.10915 0.00135937
1.31835  1.11288 0.0013639
1.33154  1.11665 0.00136847
1.34485  1.12046 0.00137309
1.3583  1.12431 0.00137776
1.37188  1.1282 0.00138248
1.3856  1.13212 0.00138724
1.39946  1.13608 0.00139207
1.41345  1.14009 0.00139694
1.42759  1.14413 0.00140187
1.44186  1.14822 0.00140685
1.45628  1.15234 0.00141188
1.47085  1.15651 0.00141698
1.48555  1.16071 0.00142212
1.50041  1.16496 0.00142733
1.51541  1.16926 0.0014326
1.53057  1.17359 0.00143792
1.54587  1.17797 0.00144331
1.56133  1.18239 0.00144876
1.57695  1.18686 0.00145427
1.59271  1.19008 0.00145984
1.60864  1.19275 0.00146548
1.62473  1.19549 0.00147118
1.64098  1.19826 0.00147695
1.65739  1.20105 0.00148279
1.67396  1.20388 0.00148869
1.6907  1.20673 0.00149467
1.70761  1.20961 0.00150072
1.72468  1.21251 0.00150683
1.74193  1.21545 0.00151302
1.75935  1.21842 0.00151929
1.77694  1.22141 0.00152563
1.79471  1.22444 0.00153204
1.81266  1.2275 0.00153853
1.83078  1.23058 0.0015451
1.84909  1.2337 0.00155175
1.86758  1.23685 0.00155848
1.88626  1.24003 0.00156529
1.90512  1.24324 0.00157218
1.92417  1.24649 0.00157915
1.94341  1.24976 0.00158621
1.96285  1.25307 0.00159336
1.98248  1.25641 0.00160059
2.0023  1.25956 0.00160791
2.02232  1.26257 0.00161531
2.04255  1.2656 0.00162281
2.06297  1.26866 0.0016304
2.0836  1.27176 0.00163808
2.10444  1.27488 0.00164585
2.12548  1.27804 0.00165372
2.14674  1.28123 0.00166168
2.16821  1.28445 0.00166974
2.18989  1.2877 0.00167789
2.21179  1.29098 0.00168615
2.2339  1.2943 0.0016945
2.25624  1.29765 0.00170295
2.27881  1.30103 0.00171151
2.30159  1.30445 0.00172017
2.32461  1.3079 0.00172894
2.34786  1.31139 0.00173781
2.37134  1.31491 0.00174679
2.39505  1.31846 0.00175588
2.419  1.32207 0.00176508
2.44319  1.32574 0.00177438
2.46762  1.32944 0.00178381
2.4923  1.33318 0.00179334
2.51722  1.33633 0.00180299
2.54239  1.33865 0.00181275
2.56782  1.34099 0.00182264
2.59349  1.34335 0.00183264
2.61943  1.34574 0.00184276
2.64562  1.34815 0.001853
2.67208  1.35058 0.00186337
2.6988  1.35304 0.00187385
2.72579  1.35552 0.00188447
2.75305  1.35803 0.00189521
2.78058  1.36057 0.00190608
2.80838  1.36313 0.00191707
2.83647  1.36571 0.0019282
2.86483  1.36832 0.00193946
2.89348  1.37096 0.00195086
2.92241  1.37362 0.00196238
2.95164  1.37631 0.00197405
2.98115  1.37903 0.00198585
3.01097  1.38177 0.00199779
3.04108  1.38454 0.00200987
3.07149  1.38734 0.0020221
3.1022  1.39017 0.00203446
3.13322  1.39302 0.00204698
3.16456  1.39558 0.00205963
3.1962  1.39735 0.00207244
3.22816  1.39914 0.0020854
3.26045  1.40098 0.0020985
3.29305  1.40283 0.00211176
3.32598  1.4047 0.00212518
3.35924  1.40659 0.00213875
3.39283  1.4085 0.00215248
3.42676  1.41042 0.00216636
3.46103  1.41237 0.00218041
3.49564  1.41433 0.00219463
3.53059  1.41632 0.002209
3.5659  1.41832 0.00222355
3.60156  1.42035 0.00223826
3.63758  1.42239 0.00225314
3.67395  1.42446 0.0022682
3.71069  1.42655 0.00228343
3.7478  1.42865 0.00229883
3.78528  1.43078 0.00231441
3.82313  1.43293 0.00233017
3.86136  1.4351 0.00234612
3.89997  1.4373 0.00236224
3.93897  1.43951 0.00237855
3.97836  1.44159 0.00239505
4.01815  1.44277 0.00241174
4.05833  1.44397 0.00242862
4.09891  1.44519 0.00244569
4.1399  1.44641 0.00246296
4.1813  1.44765 0.00248042
4.22311  1.44889 0.00249809
4.26534  1.45016 0.00251596
4.308  1.45143 0.00253403
4.35108  1.45272 0.00255231
4.39459  1.45401 0.0025708
4.43853  1.45533 0.0025895
4.48292  1.45665 0.00260841
4.52775  1.45799 0.00262755
4.57303  1.45934 0.0026469
4.61876  1.46071 0.00266647
4.66494  1.46209 0.00268627
4.71159  1.46348 0.0027063
4.75871  1.46489 0.00272655
4.8063  1.46631 0.00274704
4.85436  1.46776 0.00276777
4.9029  1.46923 0.00278873
4.95193  1.47072 0.00280993
5.00145  1.47221 0.00283138
5.05146  1.47297 0.00285308
5.10198  1.47374 0.00287502
5.153  1.47452 0.00289722
5.20453  1.47531 0.00291967
5.25657  1.4761 0.00294238
5.30914  1.4769 0.00296536
5.36223  1.47771 0.0029886
5.41585  1.47852 0.00301211
5.47001  1.47935 0.00303589
5.52471  1.48018 0.00305994
5.57996  1.48102 0.00308427
5.63576  1.48187 0.00310889
5.69212  1.48273 0.00313379
5.74904  1.4836 0.00315897
5.80653  1.48447 0.00318445
5.86459  1.48536 0.00321023
5.92324  1.48625 0.0032363
5.98247  1.48715 0.00326268
6.0423  1.48806 0.00328937
6.10272  1.48899 0.00331637
6.16375  1.48991 0.00334368
6.22538  1.49085 0.00337132
6.28764  1.4918 0.00339928
6.35051  1.49191 0.00342756
6.41402  1.49189 0.00345618
6.47816  1.49189 0.00348514
6.54294  1.49189 0.00351443
6.60837  1.49189 0.00354408
6.67445  1.49189 0.00357407
6.7412  1.49189 0.00360442
6.80861  1.49188 0.00363514
6.8767  1.49188 0.00366621
6.94546  1.49188 0.00369766
7.01492  1.49188 0.00372949
7.08507  1.49188 0.0037617
7.15592  1.49188 0.00379429
7.22748  1.49188 0.00382728
7.29975  1.49188 0.00386066
7.37275  1.49188 0.00389445
7.44648  1.49188 0.00392864
7.52094  1.49188 0.00396324
7.59615  1.49188 0.00399826
7.67211  1.49187 0.0040337
7.74883  1.49187 0.00406957
7.82632  1.49187 0.00410587
7.90459  1.49187 0.00414261
7.98363  1.49124 0.00417979
8.06347  1.49037 0.00421742
8.1441  1.4895 0.00425551
8.22554  1.48862 0.00429405
8.3078  1.48773 0.00433306
8.39088  1.48684 0.00437253
8.47479  1.48593 0.00441248
8.55953  1.48502 0.00445291
8.64513  1.4841 0.00449382
8.73158  1.48317 0.00453523
8.8189  1.48223 0.00457712
8.90709  1.48127 0.00461952
8.99616  1.48031 0.00466243
9.08612  1.47934 0.00470585
9.17698  1.47837 0.00474978
9.26875  1.47738 0.00479425
9.36144  1.47638 0.00483925
9.45505  1.47537 0.0048848
9.5496  1.47435 0.00493091
9.6451  1.47332 0.00497757
9.74155  1.47229 0.00502481
9.83896  1.47125 0.00507263
9.93735  1.47019 0.00512104
10.0367  1.46879 0.00517004
10.1371  1.46713 0.00521966
10.2385  1.46546 0.00526989
10.3409  1.46377 0.00532075
10.4443  1.46206 0.00537226
10.5487  1.46034 0.00542441
10.6542  1.4586 0.00547723
10.7607  1.45684 0.00553073
10.8683  1.45506 0.00558491
10.977  1.45327 0.0056398
11.0868  1.45146 0.0056954
11.1977  1.44963 0.00575172
11.3096  1.44778 0.00580878
11.4227  1.44591 0.0058666
11.537  1.44403 0.00592518
11.6523  1.44212 0.00598454
11.7689  1.4402 0.0060447
11.8865  1.43826 0.00610568
12.0054  1.4363 0.00616748
12.1255  1.43431 0.00623012
12.2467  1.43231 0.00629362
12.3692  1.43029 0.006358
12.4929  1.42825 0.00642328
12.6178  1.42602 0.00648946
12.744  1.42358 0.00655658
12.8714  1.42111 0.00662463
13.0001  1.41862 0.00669364
13.1301  1.41611 0.00676363
13.2614  1.41358 0.0068346
13.3941  1.41102 0.00690658
13.528  1.40843 0.00697957
13.6633  1.40582 0.0070536
13.7999  1.40318 0.00712868
13.9379  1.40051 0.00720482
14.0773  1.39782 0.00728205
14.2181  1.3951 0.00736037
14.3602  1.39236 0.00743981
14.5038  1.38958 0.00752038
14.6489  1.38678 0.0076021
14.7954  1.38395 0.00768498
14.9433  1.3811 0.00776904
15.0928  1.37821 0.00785429
15.2437  1.37529 0.00794075
15.3961  1.37235 0.00802845
15.5501  1.36938 0.00811738
15.7056  1.36637 0.00820758
15.8626  1.36336 0.00829906
16.0213  1.36036 0.00839184
16.1815  1.35734 0.00848593
16.3433  1.35428 0.00858136
16.5067  1.3512 0.00867816
16.6718  1.34808 0.00877635
16.8385  1.34494 0.00887594
17.0069  1.34176 0.00897697
17.177  1.33855 0.00907945
17.3487  1.33531 0.00918342
17.5222  1.33204 0.0092889
17.6974  1.32873 0.00939591
17.8744  1.32539 0.00950448
18.0532  1.32202 0.00961464
18.2337  1.31861 0.00972641
18.416  1.31517 0.00983982
18.6002  1.3117 0.00995489
18.7862  1.30819 0.0100717
18.9741  1.30464 0.0101901
19.1638  1.30106 0.0103104
19.3554  1.29745 0.0104324
19.549  1.2938 0.0105562
19.7445  1.29011 0.0106818
19.9419  1.28641 0.0108093
20.1413  1.28278 0.0109386
20.3427  1.27912 0.0110699
20.5462  1.27542 0.0112032
20.7516  1.27168 0.0113384
20.9592  1.26791 0.0114756
21.1687  1.2641 0.0116149
21.3804  1.26025 0.0117562
21.5942  1.25636 0.0118997
21.8102  1.25243 0.0120453
22.0283  1.24847 0.0121931
22.2486  1.24446 0.012343
22.4711  1.24042 0.0124953
22.6958  1.23633 0.0126498
22.9227  1.2322 0.0128066
23.1519  1.22804 0.0129658
23.3835  1.22383 0.0131274
23.6173  1.21957 0.0132914
23.8535  1.21528 0.0134579
24.092  1.21094 0.013627
24.3329  1.20657 0.0137987
24.5763  1.20215 0.013973
24.822  1.19769 0.01415
25.0702  1.1932 0.0143298
25.3209  1.18919 0.0145123
25.5742  1.18513 0.0146977
25.8299  1.18104 0.0148859
26.0882  1.1769 0.0150771
26.3491  1.17272 0.0152712
26.6126  1.1685 0.0154683
26.8787  1.16424 0.0156684
27.1475  1.15994 0.0158716
27.419  1.15559 0.0160779
27.6931  1.1512 0.0162873
27.9701  1.14676 0.0164999
28.2498  1.14228 0.0167158
28.5323  1.13776 0.0169349
28.8176  1.13319 0.0171573
29.1058  1.12857 0.0173832
29.3968  1.12391 0.0176127
29.6908  1.1192 0.0178457
29.9877  1.11445 0.0180824
30.2876  1.10965 0.018323
30.5905  1.1048 0.0185674
30.8964  1.0999 0.0188158
31.2053  1.09495 0.0190683
31.5174  1.08995 0.019325
31.8326  1.15814 0.0195861
32.1509  1.15205 0.0198515
32.4724  1.14594 0.0201214
32.7971  1.13981 0.0203959
33.1251  1.13366 0.020675
33.4563  1.1275 0.0209589
33.7909  1.12132 0.0212476
34.1288  1.11514 0.0215413
34.4701  1.10895 0.0218399
34.8148  1.10274 0.0221436
35.1629  1.09654 0.0224526
35.5146  1.09033 0.0227668
35.8697  1.08412 0.0230863
36.2284  1.0779 0.0234114
36.5907  1.07169 0.0237419
36.9566  1.06548 0.0240779
37.3262  1.05927 0.0244195
37.6994  1.05314 0.0247666
38.0764  1.04702 0.0251194
38.4572  1.04091 0.0254779
38.8418  1.0347 0.025842
39.2302  1.02838 0.0262119
39.6225  1.02208 0.0265876
40.0187  1.01579 0.0269691
40.4189  1.00951 0.0273564
40.8231  1.00325 0.0277497
41.2313  0.996996 0.0281491
41.6436  0.990763 0.0285548
42.0601  0.984546 0.0289669
42.4807  0.978347 0.0293856
42.9055  0.972166 0.029811
43.3345  0.966004 0.0302432
43.7679  0.959881 0.0306825
44.2056  0.954338 0.0311291
44.6476  0.948788 0.031583
45.0941  0.943257 0.0320444
45.545  0.937751 0.0325135
46.0005  0.932243 0.0329905
46.4605  0.926732 0.0334753
46.9251  0.921207 0.0339682
47.3943  0.915683 0.0344693
47.8683  0.910162 0.0349785
48.347  0.904645 0.0354962
48.8304  0.899136 0.0360224
49.3187  0.893633 0.0365572
49.8119  0.888137 0.0371008
50.31  0.882649 0.0376532
50.8131  0.87717 0.0382146
51.3213  0.871701 0.0387852
51.8345  0.866242 0.0393651
52.3528  0.860796 0.0399546
52.8764  0.855394 0.0405537
53.4051  0.85001 0.0411627
53.9392  0.844639 0.0417818
54.4786  0.839262 0.0424111
55.0234  0.83388 0.0430509
55.5736  0.828514 0.0437013
56.1293  0.823165 0.0443626
56.6906  0.817833 0.0450349
57.2575  0.812519 0.0457184
57.8301  0.807223 0.0464134
58.4084  0.801929 0.0471201
58.9925  0.79664 0.0478386
59.5824  0.791371 0.0485691
60.1782  0.786136 0.0493119
60.78  0.780943 0.0500672
61.3878  0.775772 0.0508351
62.0017  0.770622 0.051616
62.6217  0.765494 0.05241
63.2479  0.760388 0.0532173
63.8804  0.755305 0.0540382
64.5192  0.750245 0.054873
65.1644  0.74521 0.0557219
65.816  0.740199 0.056585
66.4742  0.735175 0.0574628
67.1389  0.730171 0.0583554
67.8103  0.725191 0.0592631
68.4884  0.720235 0.0601862
69.1733  0.715147 0.061125
69.8651  0.71008 0.0620797
70.5637  0.705047 0.0630506
71.2693  0.700046 0.0640381
71.982  0.695079 0.0650423
72.7019  0.690145 0.0660637
73.4289  0.685244 0.0671025
74.1632  0.680375 0.068159
74.9048  0.675539 0.0692335
75.6538  0.670757 0.0703265
76.4104  0.666012 0.0714381
77.1745  0.661299 0.0725687
77.9462  0.656592 0.0737188
78.7257  0.651882 0.0748885
79.513  0.647204 0.0760783
80.3081  0.642558 0.0772886
81.1112  0.637944 0.0785197
81.9223  0.633362 0.0797719
82.7415  0.628811 0.0810457
83.5689  0.62429 0.0823414
84.4046  0.6198 0.0836595
85.2486  0.615341 0.0850003
86.1011  0.610912 0.0863643
86.9621  0.606513 0.0877517
87.8318  0.602144 0.0891632
88.7101  0.597805 0.0905991
89.5972  0.593496 0.0920598
90.4932  0.58922 0.0935458
91.3981  0.584983 0.0950575
92.3121  0.580775 0.0965954
93.2352  0.576596 0.09816
94.1675  0.572445 0.0997516
95.1092  0.568323 0.101371
96.0603  0.564229 0.103018
97.0209  0.560164 0.104694
97.9911  0.556127 0.106399
98.971  0.552118 0.108133
99.9607  0.548137 0.109897
100.96  0.544182 0.111692
101.97  0.540255 0.113519
102.99  0.536356 0.115376
104.02  0.532482 0.117266
105.06  0.528636 0.119189
106.11  0.52482 0.121146
107.171  0.521032 0.123136
108.243  0.517271 0.125161
109.326  0.513535 0.127221
110.419  0.509825 0.129317
111.523  0.506141 0.13145
112.638  0.502482 0.13362
113.765  0.49885 0.135828
114.902  0.495245 0.138074
116.051  0.491664 0.14036
117.212  0.488092 0.142685
118.384  0.484501 0.145052
119.568  0.480936 0.147459
120.763  0.477395 0.149909
121.971  0.473879 0.152402
123.191  0.470434 0.154939
124.423  0.467046 0.157521
125.667  0.463677 0.160147
126.924  0.460329 0.16282
128.193  0.457001 0.16554
129.475  0.453692 0.168308
130.77  0.450405 0.171125
132.077  0.447137 0.173991
133.398  0.443889 0.176908
134.732  0.440661 0.179876
136.079  0.437453 0.182897
137.44  0.434265 0.185971
138.814  0.431097 0.189099
140.203  0.427949 0.192283
141.605  0.424821 0.195522
143.021  0.421713 0.198819
144.451  0.418624 0.202174
145.895  0.415555 0.205589
147.354  0.412506 0.209064
148.828  0.409476 0.2126
150.316  0.406466 0.216199
151.819  0.403476 0.219861
153.338  0.400507 0.223589
154.871  0.397558 0.227382
156.42  0.394628 0.231242
157.984  0.391718 0.235171
159.564  0.388826 0.23917
161.159  0.385954 0.243239
162.771  0.383102 0.247381
164.399  0.380268 0.251596
166.043  0.377454 0.255885
167.703  0.374658 0.260251
169.38  0.371882 0.264694
171.074  0.369124 0.269215
172.785  0.366384 0.273817
174.512  0.363664 0.278501
176.258  0.360961 0.283267
178.02  0.358278 0.288118
179.8  0.355612 0.293054
181.598  0.352965 0.298078
183.414  0.350336 0.303192
185.248  0.347725 0.308396
187.101  0.345132 0.313693
188.972  0.342557 0.319084
190.862  0.34 0.324572
192.77  0.33746 0.330158
194.698  0.334938 0.335844
196.645  0.332415 0.341632
198.611  0.329804 0.347524
200.598  0.327211 0.353522
202.604  0.324637 0.359628
204.63  0.322081 0.365844
206.676  0.319544 0.372173
208.743  0.317025 0.378616
210.83  0.314524 0.385176
212.938  0.312041 0.391855
215.068  0.309576 0.398655
217.218  0.307129 0.405579
219.391  0.304699 0.412629
221.584  0.302287 0.419808
223.8  0.299893 0.427118
226.038  0.297516 0.434562
228.299  0.295157 0.442142
230.582  0.292807 0.44986
232.888  0.290473 0.45772
235.216  0.288156 0.465724
237.569  0.285856 0.473875
239.944  0.283573 0.482174
242.344  0.281307 0.490626
244.767  0.279059 0.499233
247.215  0.276827 0.507997
249.687  0.274612 0.516921
252.184  0.272413 0.52601
254.706  0.270231 0.535264
257.253  0.268065 0.544688
259.825  0.265915 0.554283
262.423  0.263781 0.564054
265.048  0.261663 0.574002
267.698  0.259561 0.58413
270.375  0.257475 0.594442
273.079  0.255405 0.604941
275.81  0.25335 0.615628
278.568  0.251405 0.626509
281.354  0.249555 0.637584
284.167  0.24772 0.648859
287.009  0.245895 0.660335
289.879  0.244081 0.672016
292.778  0.242279 0.683906
295.705  0.240488 0.696007
298.662  0.238708 0.708323
301.649  0.236939 0.720858
304.666  0.235182 0.733614
307.712  0.233436 0.746596
310.789  0.231701 0.759806
313.897  0.229977 0.773249
317.036  0.228264 0.786928
320.207  0.226563 0.800847
323.409  0.224872 0.81501
326.643  0.223194 0.829422
329.909  0.221526 0.844087
333.208  0.219869 0.859011
336.54  0.218223 0.874199
339.906  0.216588 0.889655
343.305  0.214964 0.905384
346.738  0.213352 0.921393
350.205  0.21175 0.937685
353.707  0.210159 0.954268
357.244  0.208578 0.971145
360.817  0.207009 0.988324
364.425  0.205451 1.00581
368.069  0.203903 1.0236
371.75  0.202366 1.04172
375.467  0.20084 1.06015
379.222  0.199324 1.07892
383.014  0.197818 1.09801
386.844  0.196323 1.11745
390.713  0.194832 1.13723
394.62  0.193352 1.15737
398.566  0.191882 1.17786
402.552  0.190423 1.19872
406.577  0.188974 1.21995
410.643  0.187535 1.24155
414.75  0.186107 1.26354
418.897  0.18469 1.28593
423.086  0.183283 1.30871
427.317  0.181885 1.33189
431.59  0.180499 1.35549
435.906  0.179122 1.37951
440.265  0.177755 1.40396
444.668  0.176399 1.42885
449.114  0.175052 1.45417
453.605  0.173716 1.47996
458.142  0.172389 1.5062
462.723  0.171073 1.53291
467.35  0.169766 1.56009
472.024  0.168469 1.58776
476.744  0.167181 1.61593
481.511  0.165904 1.6446
486.326  0.164636 1.67378
491.19  0.163378 1.70348
496.102  0.162129 1.73371
501.063  0.16089 1.76448
506.073  0.15966 1.7958
511.134  0.15844 1.82767
516.245  0.157228 1.86012
521.408  0.156026 1.89314
526.622  0.154833 1.92675
531.888  0.15365 1.96097
537.207  0.152475 1.99579
542.579  0.151309 2.03123
548.005  0.150152 2.06731
553.485  0.149002 2.10403
559.02  0.14786 2.14141
564.61  0.146726 2.17945
570.256  0.145601 2.21817
575.959  0.144484 2.25759
581.718  0.143377 2.2977
587.535  0.142277 2.33854
593.411  0.141186 2.3801
599.345  0.140104 2.4224
605.338  0.13903 2.46546
611.392  0.137964 2.50929
617.506  0.136906 2.5539
623.681  0.135856 2.5993
629.917  0.134815 2.64552
636.217  0.133782 2.69256
642.579  0.132756 2.74044
649.005  0.131739 2.78917
655.495  0.13073 2.83878
662.05  0.129729 2.88927
668.67  0.128736 2.94065
675.357  0.12775 2.99296
682.11  0.126772 3.0462
688.931  0.125802 3.10038
695.821  0.12484 3.15553
702.779  0.123885 3.21167
709.807  0.122938 3.2688
716.905  0.121998 3.32695
724.074  0.121066 3.38614
731.315  0.120141 3.44638
738.628  0.119224 3.50769
746.014  0.118314 3.5701
753.474  0.117411 3.63361
761.009  0.116516 3.69826
768.619  0.115628 3.76405
776.305  0.114747 3.83102
784.068  0.113824 3.89918
791.909  0.112958 3.96855
799.828  0.112098 4.03915
807.826  0.111246 4.11101
815.905  0.110399 4.18414
824.064  0.109559 4.25858
832.304  0.108726 4.33434
840.627  0.1079 4.41144
849.034  0.10708 4.48992
857.524  0.106267 4.56979
866.099  0.10546 4.65107
874.76  0.10466 4.7338
883.508  0.103867 4.818
892.343  0.10308 4.90369
901.266  0.102299 4.99091
910.279  0.101525 5.07967
919.382  0.100757 5.17
928.575  0.0999953 5.26194
937.861  0.0992397 5.3555
947.24  0.0984902 5.45073
956.712  0.0977469 5.54764
966.279  0.0970095 5.64627
975.942  0.0962782 5.74664
985.702  0.0955528 5.8488
995.559  0.0948334 5.95275
