0.001  3.74657e-06 0.533829
0.00101  3.76525e-06 0.536492
0.0010201  3.78403e-06 0.539167
0.0010303  3.8029e-06 0.541857
0.0010406  3.82187e-06 0.544559
0.00105101  3.84093e-06 0.547275
0.00106152  3.86009e-06 0.550005
0.00107214  3.87934e-06 0.552748
0.00108286  3.89869e-06 0.555505
0.00109369  3.91814e-06 0.558275
0.00110462  3.93768e-06 0.561059
0.00111567  3.95732e-06 0.563858
0.00112683  3.97705e-06 0.56667
0.00113809  3.99689e-06 0.569496
0.00114947  4.01682e-06 0.572337
0.00116097  4.03686e-06 0.575191
0.00117258  4.05699e-06 0.57806
0.0011843  4.07723e-06 0.580943
0.00119615  4.09756e-06 0.583841
0.00120811  4.118e-06 0.586753
0.00122019  4.13854e-06 0.589679
0.00123239  4.15918e-06 0.59262
0.00124472  4.17992e-06 0.595575
0.00125716  4.20077e-06 0.598546
0.00126973  4.22172e-06 0.601531
0.00128243  4.24278e-06 0.604531
0.00129526  4.26394e-06 0.607546
0.00130821  4.28521e-06 0.610577
0.00132129  4.30658e-06 0.613622
0.0013345  4.32806e-06 0.616682
0.00134785  4.34965e-06 0.619758
0.00136133  4.37134e-06 0.622849
0.00137494  4.39314e-06 0.625956
0.00138869  4.41505e-06 0.629077
0.00140258  4.43707e-06 0.632215
0.0014166  4.4592e-06 0.635368
0.00143077  4.48144e-06 0.638537
0.00144508  4.5038e-06 0.641722
0.00145953  4.52626e-06 0.644922
0.00147412  4.54883e-06 0.648139
0.00148886  4.57152e-06 0.651372
0.00150375  4.59432e-06 0.65462
0.00151879  4.61724e-06 0.657885
0.00153398  4.64027e-06 0.661166
0.00154932  4.66341e-06 0.664464
0.00156481  4.68667e-06 0.667778
0.00158046  4.71004e-06 0.671108
0.00159626  4.73353e-06 0.674456
0.00161223  4.75714e-06 0.677819
0.00162835  4.78087e-06 0.6812
0.00164463  4.80471e-06 0.684598
0.00166108  4.82868e-06 0.688012
0.00167769  4.85276e-06 0.691444
0.00169447  4.87697e-06 0.694892
0.00171141  4.90129e-06 0.698358
0.00172852  4.92574e-06 0.701841
0.00174581  4.9503e-06 0.705341
0.00176327  4.97499e-06 0.708859
0.0017809  4.99981e-06 0.712395
0.00179871  5.02474e-06 0.715948
0.0018167  5.0498e-06 0.719519
0.00183486  5.07499e-06 0.723107
0.00185321  5.1003e-06 0.726714
0.00187174  5.12574e-06 0.730338
0.00189046  5.1513e-06 0.733981
0.00190937  5.177e-06 0.737642
0.00192846  5.20282e-06 0.741321
0.00194774  5.22877e-06 0.745018
0.00196722  5.25485e-06 0.748734
0.00198689  5.28105e-06 0.752468
0.00200676  5.30739e-06 0.756221
0.00202683  5.33387e-06 0.759993
0.0020471  5.36047e-06 0.763783
0.00206757  5.3872e-06 0.767593
0.00208825  5.41407e-06 0.771421
0.00210913  5.44108e-06 0.775269
0.00213022  5.46821e-06 0.779135
0.00215152  5.49549e-06 0.783021
0.00217304  5.5229e-06 0.786926
0.00219477  5.55044e-06 0.790851
0.00221672  5.57812e-06 0.794795
0.00223888  5.60595e-06 0.798759
0.00226127  5.63391e-06 0.802743
0.00228388  5.66201e-06 0.806747
0.00230672  5.69025e-06 0.810771
0.00232979  5.71863e-06 0.814815
0.00235309  5.74715e-06 0.818879
0.00237662  5.77581e-06 0.822963
0.00240038  5.80462e-06 0.827067
0.00242439  5.83357e-06 0.831192
0.00244863  5.86267e-06 0.835338
0.00247312  5.89191e-06 0.839504
0.00249785  5.92129e-06 0.843691
0.00252283  5.95082e-06 0.847899
0.00254806  5.9805e-06 0.852128
0.00257354  6.01033e-06 0.856378
0.00259927  6.04031e-06 0.860649
0.00262527  6.07044e-06 0.864942
0.00265152  6.10071e-06 0.869256
0.00267803  6.13114e-06 0.873591
0.00270481  6.16172e-06 0.877948
0.00273186  6.19245e-06 0.882327
0.00275918  6.22334e-06 0.886727
0.00278677  6.25438e-06 0.89115
0.00281464  6.28557e-06 0.895594
0.00284279  6.31692e-06 0.900061
0.00287121  6.34843e-06 0.90455
0.00289993  6.38009e-06 0.909062
0.00292893  6.41191e-06 0.913596
0.00295822  6.44389e-06 0.918153
0.0029878  6.47603e-06 0.922732
0.00301768  6.50833e-06 0.927334
0.00304785  6.54079e-06 0.931959
0.00307833  6.57341e-06 0.936607
0.00310911  6.6062e-06 0.941279
0.0031402  6.63915e-06 0.945973
0.00317161  6.67226e-06 0.950691
0.00320332  6.70554e-06 0.955433
0.00323536  6.73898e-06 0.960198
0.00326771  6.77259e-06 0.964987
0.00330039  6.80637e-06 0.9698
0.00333339  6.84032e-06 0.974637
0.00336672  6.87444e-06 0.979498
0.00340039  6.90872e-06 0.984383
0.0034344  6.94318e-06 0.989293
0.00346874  6.97781e-06 0.994227
0.00350343  7.01261e-06 0.999186
0.00353846  7.04759e-06 1.00417
0.00357385  7.08274e-06 1.00918
0.00360958  7.11806e-06 1.01421
0.00364568  7.15357e-06 1.01927
0.00368214  7.18924e-06 1.02435
0.00371896  7.2251e-06 1.02946
0.00375615  7.26114e-06 1.0346
0.00379371  7.29735e-06 1.03976
0.00383165  7.33375e-06 1.04494
0.00386996  7.37033e-06 1.05015
0.00390866  7.40709e-06 1.05539
0.00394775  7.44403e-06 1.06066
0.00398723  7.48116e-06 1.06595
0.0040271  7.51847e-06 1.07126
0.00406737  7.55597e-06 1.0766
0.00410804  7.59365e-06 1.08197
0.00414912  7.63153e-06 1.08737
0.00419062  7.66959e-06 1.09279
0.00423252  7.70784e-06 1.09824
0.00427485  7.74629e-06 1.10372
0.0043176  7.78492e-06 1.10923
0.00436077  7.82375e-06 1.11476
0.00440438  7.86277e-06 1.12032
0.00444842  7.90199e-06 1.12591
0.00449291  7.9414e-06 1.13152
0.00453784  7.98101e-06 1.13717
0.00458321  8.02081e-06 1.14284
0.00462905  8.06082e-06 1.14854
0.00467534  8.10102e-06 1.15427
0.00472209  8.14143e-06 1.16002
0.00476931  8.18203e-06 1.16581
0.004817  8.22284e-06 1.17162
0.00486517  8.26385e-06 1.17747
0.00491383  8.30507e-06 1.18334
0.00496296  8.34649e-06 1.18924
0.00501259  8.38812e-06 1.19517
0.00506272  8.42995e-06 1.20113
0.00511335  8.472e-06 1.20712
0.00516448  8.51425e-06 1.21314
0.00521613  8.55672e-06 1.2192
0.00526829  8.5994e-06 1.22528
0.00532097  8.64229e-06 1.23139
0.00537418  8.68539e-06 1.23753
0.00542792  8.72871e-06 1.2437
0.0054822  8.77224e-06 1.2499
0.00553702  8.816e-06 1.25614
0.00559239  8.85997e-06 1.2624
0.00564832  8.90416e-06 1.2687
0.0057048  8.94857e-06 1.27503
0.00576185  8.9932e-06 1.28139
0.00581947  9.03805e-06 1.28778
0.00587766  9.08313e-06 1.2942
0.00593644  9.12843e-06 1.30065
0.0059958  9.17396e-06 1.30714
0.00605576  9.21972e-06 1.31366
0.00611632  9.2657e-06 1.32021
0.00617748  9.31191e-06 1.3268
0.00623926  9.35836e-06 1.33341
0.00630165  9.40503e-06 1.34007
0.00636466  9.45194e-06 1.34675
0.00642831  9.49908e-06 1.35347
0.00649259  9.54646e-06 1.36022
0.00655752  9.59407e-06 1.367
0.0066231  9.64193e-06 1.37382
0.00668933  9.69002e-06 1.38067
0.00675622  9.73834e-06 1.38756
0.00682378  9.78692e-06 1.39448
0.00689202  9.83573e-06 1.40143
0.00696094  9.88478e-06 1.40842
0.00703055  9.93409e-06 1.41545
0.00710085  9.98363e-06 1.42251
0.00717186  1.00334e-05 1.4296
0.00724358  1.00835e-05 1.43673
0.00731602  1.01338e-05 1.4439
0.00738918  1.01843e-05 1.4511
0.00746307  1.02351e-05 1.45834
0.0075377  1.02861e-05 1.46561
0.00761308  1.03374e-05 1.47292
0.00768921  1.0389e-05 1.48027
0.0077661  1.04408e-05 1.48765
0.00784376  1.04929e-05 1.49507
0.0079222  1.05452e-05 1.50252
0.00800142  1.05978e-05 1.51002
0.00808144  1.06507e-05 1.51755
0.00816225  1.07038e-05 1.52512
0.00824387  1.07572e-05 1.53273
0.00832631  1.08108e-05 1.54037
0.00840957  1.08648e-05 1.54805
0.00849367  1.0919e-05 1.55577
0.00857861  1.09734e-05 1.56353
0.00866439  1.10281e-05 1.57133
0.00875104  1.10831e-05 1.57917
0.00883855  1.11384e-05 1.58704
0.00892693  1.1194e-05 1.59496
0.0090162  1.12498e-05 1.60291
0.00910636  1.13059e-05 1.61091
0.00919743  1.13623e-05 1.61894
0.0092894  1.1419e-05 1.62702
0.0093823  1.14759e-05 1.63513
0.00947612  1.15332e-05 1.64329
0.00957088  1.15907e-05 1.65148
0.00966659  1.16485e-05 1.65972
0.00976325  1.17066e-05 1.668
0.00986089  1.1765e-05 1.67632
0.0099595  1.18237e-05 1.68468
0.0100591  1.18826e-05 1.69308
0.0101597  1.19419e-05 1.70153
0.0102613  1.20015e-05 1.71001
0.0103639  1.20613e-05 1.71854
0.0104675  1.21215e-05 1.72711
0.0105722  1.21819e-05 1.73573
0.0106779  1.22427e-05 1.74438
0.0107847  1.23037e-05 1.75308
0.0108926  1.23651e-05 1.76183
0.0110015  1.24268e-05 1.77061
0.0111115  1.24888e-05 1.77944
0.0112226  1.25511e-05 1.78832
0.0113348  1.26137e-05 1.79724
0.0114482  1.26766e-05 1.8062
0.0115627  1.27398e-05 1.81521
0.0116783  1.28033e-05 1.82427
0.0117951  1.28672e-05 1.83336
0.011913  1.29314e-05 1.84251
0.0120322  1.29959e-05 1.8517
0.0121525  1.30607e-05 1.86093
0.012274  1.31258e-05 1.87021
0.0123967  1.31913e-05 1.87954
0.0125207  1.32571e-05 1.88892
0.0126459  1.33232e-05 1.89834
0.0127724  1.33896e-05 1.90781
0.0129001  1.34564e-05 1.91732
0.0130291  1.35235e-05 1.92688
0.0131594  1.3591e-05 1.93649
0.013291  1.36588e-05 1.94615
0.0134239  1.37269e-05 1.95586
0.0135581  1.37954e-05 1.96562
0.0136937  1.38642e-05 1.97542
0.0138307  1.39333e-05 1.98527
0.013969  1.40028e-05 1.99517
0.0141086  1.40727e-05 2.00512
0.0142497  1.41428e-05 2.01512
0.0143922  1.42134e-05 2.02517
0.0145362  1.42843e-05 2.03527
0.0146815  1.43555e-05 2.04542
0.0148283  1.44271e-05 2.05562
0.0149766  1.44991e-05 2.06588
0.0151264  1.45714e-05 2.07618
0.0152776  1.46441e-05 2.08653
0.0154304  1.47171e-05 2.09694
0.0155847  1.47905e-05 2.1074
0.0157406  1.48643e-05 2.11791
0.015898  1.49384e-05 2.12848
0.016057  1.50129e-05 2.13909
0.0162175  1.50878e-05 2.14976
0.0163797  1.5163e-05 2.16049
0.0165435  1.52387e-05 2.17127
0.0167089  1.53147e-05 2.1821
0.016876  1.53911e-05 2.19298
0.0170448  1.54678e-05 2.20392
0.0172152  1.5545e-05 2.21492
0.0173874  1.56225e-05 2.22596
0.0175613  1.57004e-05 2.23706
0.0177369  1.57787e-05 2.24822
0.0179142  1.58574e-05 2.25943
0.0180934  1.59365e-05 2.27069
0.0182743  1.6016e-05 2.28201
0.0184571  1.60959e-05 2.29339
0.0186416  1.61762e-05 2.30482
0.018828  1.62568e-05 2.31631
0.0190163  1.63379e-05 2.32785
0.0192065  1.64194e-05 2.33946
0.0193986  1.65013e-05 2.35112
0.0195925  1.65836e-05 2.36284
0.0197885  1.66663e-05 2.37463
0.0199864  1.67494e-05 2.38648
0.0201862  1.683e-05 2.39839
0.0203881  1.6902e-05 2.41036
0.020592  1.69742e-05 2.4224
0.0207979  1.70466e-05 2.43451
0.0210059  1.71193e-05 2.44668
0.0212159  1.71922e-05 2.45892
0.0214281  1.72653e-05 2.47123
0.0216424  1.73387e-05 2.48361
0.0218588  1.74123e-05 2.49605
0.0220774  1.74861e-05 2.50857
0.0222981  1.75601e-05 2.52116
0.0225211  1.76343e-05 2.53383
0.0227463  1.77088e-05 2.54657
0.0229738  1.77835e-05 2.55939
0.0232035  1.78584e-05 2.57228
0.0234356  1.79335e-05 2.58524
0.0236699  1.80088e-05 2.59829
0.0239066  1.80843e-05 2.6114
0.0241457  1.81601e-05 2.6246
0.0243871  1.8236e-05 2.63787
0.024631  1.83122e-05 2.65122
0.0248773  1.83885e-05 2.66465
0.0251261  1.84651e-05 2.67815
0.0253774  1.85419e-05 2.69173
0.0256311  1.86188e-05 2.70539
0.0258874  1.8696e-05 2.71913
0.0261463  1.87734e-05 2.73295
0.0264078  1.88509e-05 2.74685
0.0266719  1.89287e-05 2.76083
0.0269386  1.90066e-05 2.77489
0.027208  1.90847e-05 2.78903
0.02748  1.9163e-05 2.80326
0.0277548  1.92415e-05 2.81756
0.0280324  1.93202e-05 2.83196
0.0283127  1.9399e-05 2.84644
0.0285958  1.9478e-05 2.861
0.0288818  1.95572e-05 2.87565
0.0291706  1.96366e-05 2.89039
0.0294623  1.97161e-05 2.90521
0.029757  1.97958e-05 2.92013
0.0300545  1.98757e-05 2.93513
0.0303551  1.99557e-05 2.95022
0.0306586  2.00358e-05 2.9654
0.0309652  2.01162e-05 2.98067
0.0312749  2.01966e-05 2.99604
0.0315876  2.02772e-05 3.01149
0.0319035  2.0358e-05 3.02704
0.0322225  2.04389e-05 3.04268
0.0325447  2.05199e-05 3.05841
0.0328702  2.0601e-05 3.07424
0.0331989  2.06823e-05 3.09017
0.0335309  2.07637e-05 3.10619
0.0338662  2.08452e-05 3.12231
0.0342049  2.09269e-05 3.13852
0.0345469  2.10086e-05 3.15483
0.0348924  2.10905e-05 3.17124
0.0352413  2.11724e-05 3.18776
0.0355937  2.12545e-05 3.20437
0.0359496  2.13367e-05 3.22108
0.0363091  2.14189e-05 3.2379
0.0366722  2.15012e-05 3.25482
0.037039  2.15836e-05 3.27184
0.0374093  2.16661e-05 3.28897
0.0377834  2.17486e-05 3.3062
0.0381613  2.18313e-05 3.32354
0.0385429  2.19139e-05 3.34099
0.0389283  2.19967e-05 3.35854
0.0393176  2.20794e-05 3.37621
0.0397108  2.21623e-05 3.39398
0.0401079  2.22451e-05 3.41187
0.040509  2.2328e-05 3.42986
0.040914  2.24109e-05 3.44797
0.0413232  2.24939e-05 3.4662
0.0417364  2.25768e-05 3.48453
0.0421538  2.26598e-05 3.50299
0.0425753  2.27428e-05 3.52155
0.0430011  2.28258e-05 3.54024
0.0434311  2.29087e-05 3.55904
0.0438654  2.29917e-05 3.57797
0.044304  2.30746e-05 3.59701
0.0447471  2.31575e-05 3.61618
0.0451946  2.32403e-05 3.63547
0.0456465  2.33231e-05 3.65488
0.046103  2.34059e-05 3.67442
0.046564  2.34886e-05 3.69408
0.0470296  2.35712e-05 3.71387
0.0474999  2.36538e-05 3.73378
0.0479749  2.37363e-05 3.75383
0.0484547  2.38187e-05 3.77401
0.0489392  2.3901e-05 3.79432
0.0494286  2.39832e-05 3.81476
0.0499229  2.40653e-05 3.83533
0.0504221  2.41473e-05 3.85604
0.0509264  2.42291e-05 3.87689
0.0514356  2.43109e-05 3.89787
0.05195  2.43924e-05 3.91899
0.0524695  2.44739e-05 3.94025
0.0529942  2.45551e-05 3.96166
0.0535241  2.46362e-05 3.9832
0.0540594  2.47171e-05 4.00489
0.0546  2.47978e-05 4.02673
0.055146  2.48784e-05 4.04871
0.0556974  2.49587e-05 4.07084
0.0562544  2.50388e-05 4.09312
0.0568169  2.51187e-05 4.11555
0.0573851  2.51983e-05 4.13813
0.0579589  2.52778e-05 4.16087
0.0585385  2.53569e-05 4.18376
0.0591239  2.54358e-05 4.20681
0.0597152  2.55144e-05 4.23002
0.0603123  2.55928e-05 4.25339
0.0609154  2.56708e-05 4.27692
0.0615246  2.57486e-05 4.30061
0.0621398  2.5826e-05 4.32447
0.0627612  2.59031e-05 4.3485
0.0633888  2.59799e-05 4.37269
0.0640227  2.60563e-05 4.39706
0.064663  2.61324e-05 4.42159
0.0653096  2.62081e-05 4.44631
0.0659627  2.62834e-05 4.47119
0.0666223  2.63583e-05 4.49626
0.0672885  2.64329e-05 4.5215
0.0679614  2.6507e-05 4.54692
0.068641  2.65807e-05 4.57253
0.0693275  2.6654e-05 4.59831
0.0700207  2.67268e-05 4.62429
0.0707209  2.67992e-05 4.65045
0.0714281  2.68711e-05 4.67679
0.0721424  2.69425e-05 4.70333
0.0728638  2.70135e-05 4.73007
0.0735925  2.70839e-05 4.757
0.0743284  2.71538e-05 4.78412
0.0750717  2.72232e-05 4.81145
0.0758224  2.72921e-05 4.83898
0.0765806  2.73604e-05 4.86672
0.0773464  2.74282e-05 4.89467
0.0781199  2.74954e-05 4.92284
0.0789011  2.7562e-05 4.95121
0.0796901  2.7628e-05 4.97981
0.080487  2.76934e-05 5.00863
0.0812919  2.77469e-05 5.03768
0.0821048  2.77988e-05 5.06696
0.0829259  2.78498e-05 5.09647
0.0837551  2.78999e-05 5.12622
0.0845927  2.7949e-05 5.15621
0.0854386  2.79973e-05 5.18644
0.086293  2.80446e-05 5.21693
0.0871559  2.80909e-05 5.24766
0.0880275  2.81362e-05 5.27865
0.0889077  2.81805e-05 5.3099
0.0897968  2.82239e-05 5.34142
0.0906948  2.82662e-05 5.37321
0.0916017  2.83074e-05 5.40527
0.0925178  2.83476e-05 5.43761
0.0934429  2.83867e-05 5.47022
0.0943774  2.84247e-05 5.50312
0.0953211  2.84617e-05 5.5363
0.0962743  2.84975e-05 5.56978
0.0972371  2.85321e-05 5.60354
0.0982095  2.85656e-05 5.63761
0.0991916  2.85979e-05 5.67197
0.100183  2.86291e-05 5.70664
0.101185  2.8659e-05 5.74162
0.102197  2.86878e-05 5.77691
0.103219  2.87153e-05 5.81252
0.104251  2.87415e-05 5.84845
0.105294  2.87665e-05 5.88471
0.106347  2.87903e-05 5.92129
0.10741  2.88127e-05 5.95821
0.108484  2.88339e-05 5.99548
0.109569  2.88537e-05 6.03309
0.110665  2.88722e-05 6.07104
0.111772  2.88894e-05 6.10936
0.112889  2.89052e-05 6.14804
0.114018  2.89196e-05 6.18708
0.115158  2.89326e-05 6.2265
0.11631  2.89443e-05 6.26629
0.117473  2.89546e-05 6.30647
0.118648  2.89634e-05 6.34704
0.119834  2.89708e-05 6.38799
0.121033  2.89768e-05 6.42935
0.122243  2.89813e-05 6.47112
0.123465  2.89843e-05 6.5133
0.1247  2.89859e-05 6.55589
0.125947  2.8986e-05 6.59892
0.127206  2.89846e-05 6.64237
0.128478  2.89817e-05 6.68626
0.129763  2.89773e-05 6.73059
0.131061  2.89713e-05 6.77538
0.132372  2.89638e-05 6.82062
0.133695  2.89548e-05 6.86633
0.135032  2.89443e-05 6.91251
0.136383  2.89321e-05 6.95918
0.137746  2.89185e-05 7.00632
0.139124  2.89032e-05 7.05397
0.140515  2.88864e-05 7.10212
0.14192  2.8868e-05 7.15077
0.143339  2.8848e-05 7.19995
0.144773  2.88265e-05 7.24966
0.146221  2.88033e-05 7.2999
0.147683  2.87786e-05 7.35069
0.14916  2.87522e-05 7.40203
0.150651  2.87242e-05 7.45393
0.152158  2.86947e-05 7.50641
0.153679  2.86635e-05 7.55946
0.155216  2.86307e-05 7.61311
0.156768  2.85963e-05 7.66735
0.158336  2.85603e-05 7.72221
0.159919  2.85227e-05 7.77768
0.161518  2.84834e-05 7.83379
0.163134  2.84426e-05 7.89054
0.164765  2.84002e-05 7.94793
0.166413  2.83561e-05 8.006
0.168077  2.83104e-05 8.06473
0.169757  2.82632e-05 8.12415
0.171455  2.82143e-05 8.18426
0.17317  2.81639e-05 8.24508
0.174901  2.81119e-05 8.30663
0.17665  2.80583e-05 8.3689
0.178417  2.80031e-05 8.43192
0.180201  2.79463e-05 8.4957
0.182003  2.7888e-05 8.56025
0.183823  2.78281e-05 8.62558
0.185661  2.77667e-05 8.69171
0.187518  2.77038e-05 8.75865
0.189393  2.76393e-05 8.82642
0.191287  2.75733e-05 8.89502
0.1932  2.75058e-05 8.96448
0.195132  2.74368e-05 9.03481
0.197083  2.73663e-05 9.10602
0.199054  2.72943e-05 9.17813
0.201045  2.72209e-05 9.25116
0.203055  2.7146e-05 9.32511
0.205086  2.70697e-05 9.40002
0.207136  2.6992e-05 9.47589
0.209208  2.69128e-05 9.55275
0.2113  2.68323e-05 9.6306
0.213413  2.67504e-05 9.70947
0.215547  2.66672e-05 9.78937
0.217702  2.65826e-05 9.87032
0.219879  2.64966e-05 9.95235
0.222078  2.64094e-05 10.0355
0.224299  2.63209e-05 10.1197
0.226542  2.6231e-05 10.2051
0.228807  2.614e-05 10.2916
0.231095  2.60477e-05 10.3793
0.233406  2.59542e-05 10.4681
0.235741  2.58595e-05 10.5582
0.238098  2.57636e-05 10.6496
0.240479  2.56666e-05 10.7422
0.242884  2.55684e-05 10.836
0.245313  2.54692e-05 10.9312
0.247766  2.53688e-05 11.0277
0.250243  2.52674e-05 11.1256
0.252746  2.51649e-05 11.2248
0.255273  2.50614e-05 11.3255
0.257826  2.49569e-05 11.4275
0.260404  2.48514e-05 11.5311
0.263008  2.4745e-05 11.6361
0.265638  2.46376e-05 11.7426
0.268295  2.45294e-05 11.8507
0.270978  2.44202e-05 11.9603
0.273687  2.43103e-05 12.0715
0.276424  2.41994e-05 12.1843
0.279189  2.40878e-05 12.2988
0.28198  2.39754e-05 12.415
0.2848  2.38622e-05 12.5329
0.287648  2.37483e-05 12.6525
0.290525  2.36337e-05 12.7739
0.29343  2.35185e-05 12.8972
0.296364  2.34025e-05 13.0222
0.299328  2.3286e-05 13.1492
0.302321  2.31688e-05 13.2781
0.305344  2.30511e-05 13.4089
0.308398  2.29328e-05 13.5417
0.311482  2.2814e-05 13.6765
0.314597  2.26946e-05 13.8134
0.317743  2.25748e-05 13.9524
0.32092  2.24546e-05 14.0935
0.324129  2.2334e-05 14.2368
0.32737  2.22129e-05 14.3824
0.330644  2.20915e-05 14.5301
0.333951  2.19697e-05 14.6802
0.33729  2.18476e-05 14.8327
0.340663  2.17252e-05 14.9875
0.34407  2.16025e-05 15.1447
0.34751  2.14796e-05 15.3044
0.350985  2.13565e-05 15.4667
0.354495  2.12332e-05 15.6315
0.35804  2.11097e-05 15.799
0.361621  2.0986e-05 15.9691
0.365237  2.08622e-05 16.1419
0.368889  2.07384e-05 16.3175
0.372578  2.06144e-05 16.4959
0.376304  2.04904e-05 16.6772
0.380067  2.03664e-05 16.8614
0.383868  2.02423e-05 17.0486
0.387706  2.01183e-05 17.2388
0.391583  1.99943e-05 17.4321
0.395499  1.98703e-05 17.6286
0.399454  1.97464e-05 17.8282
0.403449  1.96227e-05 18.0312
0.407483  1.9499e-05 18.2374
0.411558  1.93755e-05 18.4471
0.415674  1.92521e-05 18.6602
0.41983  1.91289e-05 18.8768
0.424029  1.90059e-05 19.0969
0.428269  1.88832e-05 19.3208
0.432552  1.87606e-05 19.5483
0.436877  1.86383e-05 19.7796
0.441246  1.85163e-05 20.0148
0.445658  1.83946e-05 20.2539
0.450115  1.82731e-05 20.497
0.454616  1.8152e-05 20.7441
0.459162  1.80313e-05 20.9954
0.463754  1.79108e-05 21.2509
0.468391  1.77908e-05 21.5107
0.473075  1.76711e-05 21.7749
0.477806  1.75518e-05 22.0435
0.482584  1.7433e-05 22.3167
0.48741  1.73145e-05 22.5944
0.492284  1.71965e-05 22.8769
0.497207  1.7079e-05 23.1641
0.502179  1.69619e-05 23.4563
0.507201  1.68452e-05 23.7534
0.512273  1.67291e-05 24.0555
0.517396  1.66135e-05 24.3628
0.52257  1.64983e-05 24.6753
0.527795  1.63837e-05 24.9932
0.533073  1.62696e-05 25.3164
0.538404  1.6156e-05 25.6452
0.543788  1.6043e-05 25.9797
0.549226  1.59306e-05 26.3198
0.554718  1.58187e-05 26.6658
0.560265  1.57073e-05 27.0177
0.565868  1.55966e-05 27.3757
0.571527  1.54864e-05 27.7398
0.577242  1.53768e-05 28.1101
0.583014  1.52679e-05 28.4869
0.588844  1.51595e-05 28.8701
0.594733  1.50517e-05 29.2599
0.60068  1.49446e-05 29.6565
0.606687  1.4838e-05 30.0598
0.612754  1.47321e-05 30.4702
0.618881  1.46268e-05 30.8876
0.62507  1.45222e-05 31.3123
0.631321  1.44182e-05 31.7442
0.637634  1.43148e-05 32.1837
0.644011  1.4212e-05 32.6307
0.650451  1.41099e-05 33.0855
0.656955  1.40085e-05 33.5482
0.663525  1.39077e-05 34.0188
0.67016  1.38075e-05 34.4977
0.676862  1.3708e-05 34.9848
0.68363  1.36092e-05 35.4804
0.690466  1.3511e-05 35.9845
0.697371  1.34134e-05 36.4974
0.704345  1.33165e-05 37.0192
0.711388  1.32203e-05 37.5501
0.718502  1.31247e-05 38.0901
0.725687  1.30298e-05 38.6396
0.732944  1.29355e-05 39.1985
0.740273  1.28419e-05 39.7672
0.747676  1.27489e-05 40.3458
0.755153  1.26566e-05 40.9344
0.762705  1.2565e-05 41.5332
0.770332  1.24739e-05 42.1424
0.778035  1.23836e-05 42.7622
0.785815  1.22938e-05 43.3928
0.793673  1.22048e-05 44.0343
0.80161  1.21163e-05 44.687
0.809626  1.20285e-05 45.351
0.817722  1.19413e-05 46.0266
0.8259  1.18548e-05 46.7139
0.834159  1.17689e-05 47.4131
0.8425  1.16836e-05 48.1245
0.850925  1.15989e-05 48.8482
0.859435  1.15149e-05 49.5845
0.868029  1.14315e-05 50.3336
0.876709  1.13487e-05 51.0957
0.885476  1.12665e-05 51.871
0.894331  1.11849e-05 52.6598
0.903274  1.11039e-05 53.4623
0.912307  1.10236e-05 54.2788
0.92143  1.09438e-05 55.1094
0.930644  1.08646e-05 55.9544
0.939951  1.0786e-05 56.8141
0.94935  1.0708e-05 57.6888
0.958844  1.06305e-05 58.5786
0.968432  1.05537e-05 59.4839
0.978117  1.04774e-05 60.4048
0.987898  1.04017e-05 61.3418
0.997777  1.03265e-05 62.295
1.00775  1.02519e-05 63.2647
1.01783  1.01779e-05 64.2513
1.02801  1.01044e-05 65.255
1.03829  1.00315e-05 66.2761
1.04867  9.95911e-06 67.3149
1.05916  9.88726e-06 68.3717
1.06975  9.81594e-06 69.4468
1.08045  9.74516e-06 70.5406
1.09125  9.6749e-06 71.6533
1.10217  9.60517e-06 72.7854
1.11319  9.53595e-06 73.937
1.12432  9.46725e-06 75.1086
1.13556  9.39906e-06 76.3005
1.14692  9.33137e-06 77.5131
1.15839  9.26418e-06 78.7466
1.16997  9.19749e-06 80.0015
1.18167  9.13129e-06 81.2782
1.19349  9.06557e-06 82.577
1.20542  9.00035e-06 83.8983
1.21748  8.9356e-06 85.2425
1.22965  8.87132e-06 86.6099
1.24195  8.80752e-06 88.001
1.25437  8.74418e-06 89.4163
1.26691  8.68131e-06 90.856
1.27958  8.61889e-06 92.3206
1.29238  8.55693e-06 93.8106
1.3053  8.49542e-06 95.3264
1.31835  8.43436e-06 96.8685
1.33154  8.37374e-06 98.4372
1.34485  8.31356e-06 100.033
1.3583  8.25381e-06 101.657
1.37188  8.19449e-06 103.308
1.3856  8.1356e-06 104.988
1.39946  8.07713e-06 106.698
1.41345  8.01909e-06 108.437
1.42759  7.96145e-06 110.206
1.44186  7.90424e-06 112.005
1.45628  7.84742e-06 113.836
1.47085  7.79102e-06 115.699
1.48555  7.73501e-06 117.593
1.50041  7.67941e-06 119.521
1.51541  7.62419e-06 121.482
1.53057  7.56937e-06 123.477
1.54587  7.51493e-06 125.506
1.56133  7.46088e-06 127.57
1.57695  7.40721e-06 129.671
1.59271  7.35392e-06 131.807
1.60864  7.301e-06 133.981
1.62473  7.24845e-06 136.192
1.64098  7.19627e-06 138.442
1.65739  7.14446e-06 140.731
1.67396  7.093e-06 143.059
1.6907  7.04191e-06 145.427
1.70761  6.99117e-06 147.837
1.72468  6.94078e-06 150.288
1.74193  6.89074e-06 152.782
1.75935  6.84105e-06 155.319
1.77694  6.7917e-06 157.901
1.79471  6.74269e-06 160.526
1.81266  6.69402e-06 163.198
1.83078  6.64569e-06 165.916
1.84909  6.59769e-06 168.68
1.86758  6.55002e-06 171.493
1.88626  6.50267e-06 174.355
1.90512  6.45565e-06 177.266
1.92417  6.40896e-06 180.228
1.94341  6.36258e-06 183.241
1.96285  6.31652e-06 186.307
1.98248  6.27077e-06 189.426
2.0023  6.22534e-06 192.599
2.02232  6.18021e-06 195.827
2.04255  6.1354e-06 199.111
2.06297  6.09088e-06 202.452
2.0836  6.04667e-06 205.852
2.10444  6.00277e-06 209.31
2.12548  5.95915e-06 212.829
2.14674  5.91584e-06 216.409
2.16821  5.87282e-06 220.051
2.18989  5.83009e-06 223.756
2.21179  5.78765e-06 227.526
2.2339  5.74549e-06 231.362
2.25624  5.70362e-06 235.264
2.27881  5.66204e-06 239.235
2.30159  5.62073e-06 243.274
2.32461  5.57971e-06 247.384
2.34786  5.53896e-06 251.566
2.37134  5.49849e-06 255.82
2.39505  5.45829e-06 260.149
2.419  5.41836e-06 264.553
2.44319  5.3787e-06 269.034
2.46762  5.3393e-06 273.593
2.4923  5.30018e-06 278.231
2.51722  5.26131e-06 282.951
2.54239  5.22271e-06 287.753
2.56782  5.18437e-06 292.639
2.59349  5.14628e-06 297.611
2.61943  5.10846e-06 302.669
2.64562  5.07089e-06 307.816
2.67208  5.03357e-06 313.052
2.6988  4.9965e-06 318.381
2.72579  4.95968e-06 323.802
2.75305  4.92311e-06 329.318
2.78058  4.88679e-06 334.931
2.80838  4.85071e-06 340.642
2.83647  4.81488e-06 346.453
2.86483  4.77928e-06 352.366
2.89348  4.74393e-06 358.383
2.92241  4.70881e-06 364.505
2.95164  4.67394e-06 370.734
2.98115  4.63929e-06 377.072
3.01097  4.60488e-06 383.522
3.04108  4.57071e-06 390.085
3.07149  4.53676e-06 396.763
3.1022  4.50305e-06 403.559
3.13322  4.46956e-06 410.474
3.16456  4.4363e-06 417.511
3.1962  4.40326e-06 424.672
3.22816  4.37045e-06 431.959
3.26045  4.33786e-06 439.373
3.29305  4.30549e-06 446.919
3.32598  4.27334e-06 454.597
3.35924  4.24141e-06 462.41
3.39283  4.2097e-06 470.36
3.42676  4.1782e-06 478.451
3.46103  4.14692e-06 486.683
3.49564  4.11585e-06 495.06
3.53059  4.08499e-06 503.585
3.5659  4.05434e-06 512.259
3.60156  4.0239e-06 521.085
3.63758  3.99367e-06 530.067
3.67395  3.96364e-06 539.207
3.71069  3.93382e-06 548.509
3.7478  3.9042e-06 557.975
3.78528  3.87479e-06 567.608
3.82313  3.84557e-06 577.412
3.86136  3.81656e-06 587.39
3.89997  3.78775e-06 597.545
3.93897  3.75913e-06 607.881
3.97836  3.73071e-06 618.401
4.01815  3.70249e-06 629.109
4.05833  3.67446e-06 640.008
4.09891  3.64662e-06 651.103
4.1399  3.61898e-06 662.396
4.1813  3.59153e-06 673.892
4.22311  3.56426e-06 685.595
4.26534  3.53719e-06 697.509
4.308  3.5103e-06 709.638
4.35108  3.4836e-06 721.986
4.39459  3.45708e-06 734.558
4.43853  3.43075e-06 747.358
4.48292  3.4046e-06 760.391
4.52775  3.37863e-06 773.66
4.57303  3.35284e-06 787.171
4.61876  3.32723e-06 800.928
4.66494  3.3018e-06 814.934
4.71159  3.27655e-06 829.195
4.75871  3.25147e-06 843.715
4.8063  3.22657e-06 858.498
4.85436  3.20185e-06 873.549
4.9029  3.17729e-06 888.873
4.95193  3.15291e-06 904.475
5.00145  3.1287e-06 920.358
5.05146  3.10466e-06 936.53
5.10198  3.08079e-06 952.993
5.153  3.05709e-06 969.755
5.20453  3.03355e-06 986.821
5.25657  3.01018e-06 1004.2
5.30914  2.98697e-06 1021.88
5.36223  2.96393e-06 1039.9
5.41585  2.94105e-06 1058.23
5.47001  2.91834e-06 1076.9
5.52471  2.89578e-06 1095.91
5.57996  2.87339e-06 1115.27
5.63576  2.85115e-06 1134.97
5.69212  2.82907e-06 1155.04
5.74904  2.80715e-06 1175.47
5.80653  2.78538e-06 1196.27
5.86459  2.76377e-06 1217.45
5.92324  2.74232e-06 1239.01
5.98247  2.72101e-06 1260.97
6.0423  2.69986e-06 1283.33
6.10272  2.67886e-06 1306.09
6.16375  2.65801e-06 1329.27
6.22538  2.63731e-06 1352.87
6.28764  2.61676e-06 1376.9
6.35051  2.59636e-06 1401.36
6.41402  2.5761e-06 1426.27
6.47816  2.55599e-06 1451.64
6.54294  2.53602e-06 1477.46
6.60837  2.5162e-06 1503.76
6.67445  2.49652e-06 1530.53
6.7412  2.47698e-06 1557.79
6.80861  2.45759e-06 1585.55
6.8767  2.43833e-06 1613.82
6.94546  2.41922e-06 1642.6
7.01492  2.40024e-06 1671.9
7.08507  2.3814e-06 1701.74
7.15592  2.3627e-06 1732.12
7.22748  2.34413e-06 1763.05
7.29975  2.3257e-06 1794.55
7.37275  2.3074e-06 1826.62
7.44648  2.28924e-06 1859.28
7.52094  2.27121e-06 1892.53
7.59615  2.25331e-06 1926.39
7.67211  2.23554e-06 1960.87
7.74883  2.2179e-06 1995.97
7.82632  2.2004e-06 2031.72
7.90459  2.18302e-06 2068.12
7.98363  2.16576e-06 2105.18
8.06347  2.1479e-06 2142.92
8.1441  2.1301e-06 2181.35
8.22554  2.11243e-06 2220.48
8.3078  2.0949e-06 2260.32
8.39088  2.07751e-06 2300.89
8.47479  2.06027e-06 2342.21
8.55953  2.04318e-06 2384.27
8.64513  2.02622e-06 2427.11
8.73158  2.0094e-06 2470.73
8.8189  1.99273e-06 2515.14
8.90709  1.97619e-06 2560.37
8.99616  1.95979e-06 2606.42
9.08612  1.94352e-06 2653.32
9.17698  1.92739e-06 2701.07
9.26875  1.91139e-06 2749.7
9.36144  1.89553e-06 2799.22
9.45505  1.87979e-06 2849.64
9.5496  1.86419e-06 2900.98
9.6451  1.84871e-06 2953.26
9.74155  1.83337e-06 3006.5
9.83896  1.81815e-06 3060.72
9.93735  1.80305e-06 3115.92
10.0367  1.78809e-06 3172.14
10.1371  1.77324e-06 3229.38
10.2385  1.75852e-06 3287.67
10.3409  1.74392e-06 3347.03
10.4443  1.72944e-06 3407.48
10.5487  1.71508e-06 3469.03
10.6542  1.70084e-06 3531.71
10.7607  1.68672e-06 3595.53
10.8683  1.67272e-06 3660.53
10.977  1.65883e-06 3726.71
11.0868  1.64506e-06 3794.11
11.1977  1.6314e-06 3862.74
11.3096  1.61785e-06 3932.63
11.4227  1.60442e-06 4003.8
11.537  1.59109e-06 4076.27
11.6523  1.57787e-06 4150.08
11.7689  1.56476e-06 4225.23
11.8865  1.55175e-06 4301.76
12.0054  1.53886e-06 4379.7
12.1255  1.52607e-06 4459.06
12.2467  1.51338e-06 4539.88
12.3692  1.5008e-06 4622.18
12.4929  1.48833e-06 4705.99
12.6178  1.47596e-06 4791.34
12.744  1.46369e-06 4878.25
12.8714  1.45152e-06 4966.76
13.0001  1.43946e-06 5056.89
13.1301  1.42749e-06 5148.67
13.2614  1.41562e-06 5242.14
13.3941  1.40385e-06 5337.32
13.528  1.39218e-06 5434.25
13.6633  1.38061e-06 5532.96
13.7999  1.36913e-06 5633.48
13.9379  1.35775e-06 5735.85
14.0773  1.34646e-06 5840.09
14.2181  1.33527e-06 5946.25
14.3602  1.32416e-06 6054.36
14.5038  1.31315e-06 6164.45
14.6489  1.30223e-06 6276.56
14.7954  1.29141e-06 6390.73
14.9433  1.28067e-06 6507
15.0928  1.27002e-06 6625.4
15.2437  1.25946e-06 6745.97
15.3961  1.24899e-06 6868.77
15.5501  1.2386e-06 6993.81
15.7056  1.2283e-06 7121.16
15.8626  1.21809e-06 7250.84
16.0213  1.20796e-06 7382.9
16.1815  1.19791e-06 7517.39
16.3433  1.18795e-06 7654.36
16.5067  1.17807e-06 7793.84
16.6718  1.16827e-06 7935.88
16.8385  1.15855e-06 8080.53
17.0069  1.14891e-06 8227.84
17.177  1.13935e-06 8377.86
17.3487  1.12987e-06 8530.64
17.5222  1.12047e-06 8686.22
17.6974  1.11115e-06 8844.67
17.8744  1.10191e-06 9006.02
18.0532  1.09274e-06 9170.35
18.2337  1.08364e-06 9337.69
18.416  1.07463e-06 9508.12
18.6002  1.06569e-06 9681.67
18.7862  1.05682e-06 9858.42
18.9741  1.04802e-06 10038.4
19.1638  1.0393e-06 10221.7
19.3554  1.03065e-06 10408.4
19.549  1.02208e-06 10598.5
19.7445  1.01357e-06 10792.1
19.9419  1.00514e-06 10989.3
20.1413  9.96774e-07 11190.1
20.3427  9.88479e-07 11394.6
20.5462  9.80253e-07 11602.9
20.7516  9.72096e-07 11815
20.9592  9.64006e-07 12030.9
21.1687  9.55984e-07 12250.9
21.3804  9.48028e-07 12474.9
21.5942  9.40139e-07 12703.1
21.8102  9.32316e-07 12935.4
22.0283  9.24557e-07 13172
22.2486  9.16864e-07 13413
22.4711  9.09234e-07 13658.4
22.6958  9.01668e-07 13908.3
22.9227  8.94165e-07 14162.8
23.1519  8.86725e-07 14422
23.3835  8.79347e-07 14686
23.6173  8.7203e-07 14954.8
23.8535  8.64775e-07 15228.6
24.092  8.5758e-07 15507.4
24.3329  8.50444e-07 15791.3
24.5763  8.43369e-07 16080.5
24.822  8.36353e-07 16375
25.0702  8.29395e-07 16674.9
25.3209  8.22495e-07 16980.4
25.5742  8.15653e-07 17291.4
25.8299  8.08868e-07 17608.2
26.0882  8.0214e-07 17930.9
26.3491  7.95468e-07 18259.4
26.6126  7.88852e-07 18594
26.8787  7.82292e-07 18934.8
27.1475  7.75786e-07 19281.9
27.419  7.69334e-07 19635.3
27.6931  7.62937e-07 19995.2
27.9701  7.56593e-07 20361.8
28.2498  7.50302e-07 20735.1
28.5323  7.44064e-07 21115.3
28.8176  7.37878e-07 21502.5
29.1058  7.31744e-07 21896.9
29.3968  7.25661e-07 22298.4
29.6908  7.19629e-07 22707.4
29.9877  7.13648e-07 23123.9
30.2876  7.07717e-07 23548.1
30.5905  7.01835e-07 23980.1
30.8964  6.96003e-07 24420
31.2053  6.9022e-07 24868.1
31.5174  6.84485e-07 25324.4
31.8326  6.78799e-07 25789.1
32.1509  6.7316e-07 26262.3
32.4724  6.67569e-07 26744.3
32.7971  6.62024e-07 27235.1
33.1251  6.56526e-07 27735
33.4563  6.51075e-07 28244
33.7909  6.45669e-07 28762.5
34.1288  6.40308e-07 29290.5
34.4701  6.34993e-07 29828.2
34.8148  6.29722e-07 30375.8
35.1629  6.24496e-07 30933.4
35.5146  6.19314e-07 31501.4
35.8697  6.14175e-07 32079.8
36.2284  6.0908e-07 32668.8
36.5907  6.04027e-07 33268.7
36.9566  5.99017e-07 33879.7
37.3262  5.94049e-07 34501.8
37.6994  5.89123e-07 35135.5
38.0764  5.84238e-07 35780.7
38.4572  5.79395e-07 36437.9
38.8418  5.74592e-07 37107.2
39.2302  5.6983e-07 37788.7
39.6225  5.65108e-07 38482.8
40.0187  5.60426e-07 39189.7
40.4189  5.55784e-07 39909.6
40.8231  5.5118e-07 40642.7
41.2313  5.46616e-07 41389.3
41.6436  5.4209e-07 42149.7
42.0601  5.37602e-07 42924
42.4807  5.33152e-07 43712.6
42.9055  5.2874e-07 44515.6
43.3345  5.24365e-07 45333.5
43.7679  5.20027e-07 46166.4
44.2056  5.15725e-07 47014.6
44.6476  5.1146e-07 47878.3
45.0941  5.07232e-07 48758
45.545  5.03038e-07 49653.9
46.0005  4.98881e-07 50566.2
46.4605  4.94758e-07 51495.3
46.9251  4.90671e-07 52441.4
47.3943  4.86618e-07 53405
47.8683  4.82599e-07 54386.2
48.347  4.78615e-07 55385.5
48.8304  4.74664e-07 56403.2
49.3187  4.70747e-07 57439.5
49.8119  4.66863e-07 58494.9
50.31  4.63012e-07 59569.7
50.8131  4.59193e-07 60664.2
51.3213  4.55407e-07 61778.8
51.8345  4.51653e-07 62913.9
52.3528  4.47931e-07 64069.9
52.8764  4.44241e-07 65247
53.4051  4.40582e-07 66445.8
53.9392  4.36954e-07 67666.6
54.4786  4.33357e-07 68909.8
55.0234  4.2979e-07 70175.8
55.5736  4.26254e-07 71465
56.1293  4.22748e-07 72777.9
56.6906  4.19272e-07 74114.9
57.2575  4.15825e-07 75476.4
57.8301  4.12408e-07 76862.8
58.4084  4.09019e-07 78274.7
58.9925  4.0566e-07 79712.5
59.5824  4.02329e-07 81176.7
60.1782  3.99027e-07 82667.7
60.78  3.95752e-07 84186
61.3878  3.92506e-07 85732.2
62.0017  3.89288e-07 87306.7
62.6217  3.86096e-07 88910
63.2479  3.82932e-07 90542.7
63.8804  3.79795e-07 92205.4
64.5192  3.76685e-07 93898.5
65.1644  3.73602e-07 95622.5
65.816  3.70545e-07 97378.2
66.4742  3.67513e-07 99166
67.1389  3.64508e-07 100987
67.8103  3.61529e-07 102840
68.4884  3.58575e-07 104728
69.1733  3.55646e-07 106650
69.8651  3.52742e-07 108608
70.5637  3.49864e-07 110601
71.2693  3.47009e-07 112631
71.982  3.4418e-07 114698
72.7019  3.41374e-07 116802
73.4289  3.38593e-07 118945
74.1632  3.35835e-07 121128
74.9048  3.33101e-07 123350
75.6538  3.30391e-07 125612
76.4104  3.27703e-07 127916
77.1745  3.25039e-07 130262
77.9462  3.22398e-07 132651
78.7257  3.19779e-07 135084
79.513  3.17183e-07 137561
80.3081  3.14609e-07 140083
81.1112  3.12058e-07 142651
81.9223  3.09528e-07 145266
82.7415  3.0702e-07 147929
83.5689  3.04533e-07 150640
84.4046  3.02068e-07 153400
85.2486  2.99624e-07 156211
86.1011  2.97202e-07 159073
86.9621  2.948e-07 161987
87.8318  2.92418e-07 164955
88.7101  2.90058e-07 167976
89.5972  2.87717e-07 171052
90.4932  2.85397e-07 174185
91.3981  2.83097e-07 177374
92.3121  2.80817e-07 180621
93.2352  2.78556e-07 183927
94.1675  2.76315e-07 187294
95.1092  2.74093e-07 190721
96.0603  2.7189e-07 194211
97.0209  2.69707e-07 197764
97.9911  2.67542e-07 201382
98.971  2.65396e-07 205065
99.9607  2.63269e-07 208815
100.96  2.6116e-07 212634
101.97  2.59069e-07 216521
102.99  2.56997e-07 220479
104.02  2.54942e-07 224509
105.06  2.52905e-07 228612
106.11  2.50886e-07 232789
107.171  2.48884e-07 237042
108.243  2.469e-07 241371
109.326  2.44933e-07 245779
110.419  2.42983e-07 250267
111.523  2.41049e-07 254836
112.638  2.39133e-07 259488
113.765  2.37233e-07 264224
114.902  2.3535e-07 269045
116.051  2.33484e-07 273954
117.212  2.31633e-07 278951
118.384  2.29798e-07 284038
119.568  2.2798e-07 289217
120.763  2.26177e-07 294490
121.971  2.2439e-07 299858
123.191  2.22619e-07 305322
124.423  2.20863e-07 310885
125.667  2.19122e-07 316548
126.924  2.17397e-07 322313
128.193  2.15687e-07 328181
129.475  2.13991e-07 334155
130.77  2.1231e-07 340237
132.077  2.10644e-07 346428
133.398  2.08993e-07 352730
134.732  2.07356e-07 359146
136.079  2.05733e-07 365677
137.44  2.04125e-07 372325
138.814  2.0253e-07 379092
140.203  2.0095e-07 385982
141.605  1.99383e-07 392994
143.021  1.97831e-07 400133
144.451  1.96291e-07 407399
145.895  1.94765e-07 414796
147.354  1.93253e-07 422325
148.828  1.91754e-07 429989
150.316  1.90268e-07 437790
151.819  1.88795e-07 445730
153.338  1.87335e-07 453811
154.871  1.85888e-07 462036
156.42  1.84454e-07 470408
157.984  1.83032e-07 478929
159.564  1.81623e-07 487600
161.159  1.80226e-07 496426
162.771  1.78841e-07 505409
164.399  1.77469e-07 514552
166.043  1.76109e-07 523857
167.703  1.74761e-07 533329
169.38  1.73424e-07 542970
171.074  1.721e-07 552783
172.785  1.70787e-07 562772
174.512  1.69486e-07 572940
176.258  1.68196e-07 583290
178.02  1.66918e-07 593827
179.8  1.65651e-07 604553
181.598  1.64395e-07 615472
183.414  1.6315e-07 626588
185.248  1.61917e-07 637905
187.101  1.60694e-07 649426
188.972  1.59482e-07 661156
190.862  1.58281e-07 673099
192.77  1.57091e-07 685258
194.698  1.55911e-07 697638
196.645  1.54741e-07 710243
198.611  1.53582e-07 723078
200.598  1.52434e-07 736147
202.604  1.51295e-07 749454
204.63  1.50167e-07 763004
206.676  1.49049e-07 776800
208.743  1.47941e-07 790846
210.83  1.46842e-07 805147
212.938  1.45754e-07 819706
215.068  1.44675e-07 834528
217.218  1.43606e-07 849618
219.391  1.42546e-07 864979
221.584  1.41496e-07 880617
223.8  1.40455e-07 896534
226.038  1.39424e-07 912737
228.299  1.38401e-07 929230
230.582  1.37388e-07 946018
232.888  1.36384e-07 963105
235.216  1.35389e-07 980499
237.569  1.34403e-07 998203
239.944  1.33426e-07 1.01622e+06
242.344  1.32458e-07 1.03457e+06
244.767  1.31498e-07 1.05323e+06
247.215  1.30547e-07 1.07224e+06
249.687  1.29605e-07 1.09158e+06
252.184  1.28671e-07 1.11127e+06
254.706  1.27745e-07 1.1313e+06
257.253  1.26828e-07 1.1517e+06
259.825  1.25919e-07 1.17245e+06
262.423  1.25019e-07 1.19358e+06
265.048  1.24126e-07 1.21508e+06
267.698  1.23242e-07 1.23696e+06
270.375  1.22365e-07 1.25923e+06
273.079  1.21497e-07 1.28189e+06
275.81  1.20636e-07 1.30496e+06
278.568  1.19783e-07 1.32843e+06
281.354  1.18938e-07 1.35231e+06
284.167  1.18101e-07 1.37662e+06
287.009  1.17271e-07 1.40135e+06
289.879  1.16449e-07 1.42652e+06
292.778  1.15634e-07 1.45213e+06
295.705  1.14827e-07 1.47819e+06
298.662  1.14027e-07 1.50471e+06
301.649  1.13234e-07 1.53169e+06
304.666  1.12449e-07 1.55915e+06
307.712  1.1167e-07 1.58708e+06
310.789  1.10899e-07 1.61551e+06
313.897  1.10135e-07 1.64443e+06
317.036  1.09378e-07 1.67385e+06
320.207  1.08628e-07 1.70379e+06
323.409  1.07885e-07 1.73425e+06
326.643  1.07148e-07 1.76524e+06
329.909  1.06419e-07 1.79677e+06
333.208  1.05696e-07 1.82884e+06
336.54  1.04979e-07 1.86147e+06
339.906  1.0427e-07 1.89467e+06
343.305  1.03566e-07 1.92844e+06
346.738  1.0287e-07 1.9628e+06
350.205  1.0218e-07 1.99775e+06
353.707  1.01496e-07 2.0333e+06
357.244  1.00818e-07 2.06946e+06
360.817  1.00147e-07 2.10625e+06
364.425  9.9482e-08 2.14366e+06
368.069  9.88231e-08 2.18173e+06
371.75  9.81704e-08 2.22044e+06
375.467  9.75237e-08 2.25982e+06
379.222  9.68831e-08 2.29987e+06
383.014  9.62484e-08 2.34061e+06
386.844  9.56197e-08 2.38204e+06
390.713  9.49968e-08 2.42418e+06
394.62  9.43797e-08 2.46703e+06
398.566  9.37684e-08 2.51062e+06
402.552  9.31628e-08 2.55495e+06
406.577  9.25629e-08 2.60003e+06
410.643  9.19687e-08 2.64587e+06
414.75  9.138e-08 2.69249e+06
418.897  9.07968e-08 2.7399e+06
423.086  9.02191e-08 2.78811e+06
427.317  8.96469e-08 2.83714e+06
431.59  8.90801e-08 2.88699e+06
435.906  8.85186e-08 2.93768e+06
440.265  8.79624e-08 2.98922e+06
444.668  8.74115e-08 3.04163e+06
449.114  8.68658e-08 3.09492e+06
453.605  8.63253e-08 3.14909e+06
458.142  8.57899e-08 3.20418e+06
462.723  8.52597e-08 3.26019e+06
467.35  8.47344e-08 3.31713e+06
472.024  8.42142e-08 3.37501e+06
476.744  8.36989e-08 3.43387e+06
481.511  8.31886e-08 3.4937e+06
486.326  8.26831e-08 3.55452e+06
491.19  8.21825e-08 3.61635e+06
496.102  8.16867e-08 3.67921e+06
501.063  8.11956e-08 3.7431e+06
506.073  8.07093e-08 3.80805e+06
511.134  8.02276e-08 3.87406e+06
516.245  7.97506e-08 3.94117e+06
521.408  7.92782e-08 4.00938e+06
526.622  7.88104e-08 4.0787e+06
531.888  7.83471e-08 4.14917e+06
537.207  7.78883e-08 4.22078e+06
542.579  7.74339e-08 4.29357e+06
548.005  7.6984e-08 4.36754e+06
553.485  7.65384e-08 4.44272e+06
559.02  7.60972e-08 4.51913e+06
564.61  7.56603e-08 4.59677e+06
570.256  7.52277e-08 4.67567e+06
575.959  7.47994e-08 4.75585e+06
581.718  7.43752e-08 4.83733e+06
587.535  7.39552e-08 4.92012e+06
593.411  7.35393e-08 5.00425e+06
599.345  7.31276e-08 5.08973e+06
605.338  7.27199e-08 5.17659e+06
611.392  7.23162e-08 5.26484e+06
617.506  7.19166e-08 5.35451e+06
623.681  7.15209e-08 5.44561e+06
629.917  7.11291e-08 5.53816e+06
636.217  7.07413e-08 5.63219e+06
642.579  7.03573e-08 5.72772e+06
649.005  6.99772e-08 5.82476e+06
655.495  6.96008e-08 5.92334e+06
662.05  6.92283e-08 6.02349e+06
668.67  6.88595e-08 6.12522e+06
675.357  6.84944e-08 6.22856e+06
682.11  6.8133e-08 6.33352e+06
688.931  6.77753e-08 6.44014e+06
695.821  6.74212e-08 6.54843e+06
702.779  6.70706e-08 6.65843e+06
709.807  6.67237e-08 6.77014e+06
716.905  6.63803e-08 6.8836e+06
724.074  6.60404e-08 6.99883e+06
731.315  6.57039e-08 7.11585e+06
738.628  6.5371e-08 7.2347e+06
746.014  6.50414e-08 7.35539e+06
753.474  6.47153e-08 7.47795e+06
761.009  6.43925e-08 7.6024e+06
768.619  6.4073e-08 7.72878e+06
776.305  6.37569e-08 7.85711e+06
784.068  6.34441e-08 7.98741e+06
791.909  6.31345e-08 8.11971e+06
799.828  6.28281e-08 8.25404e+06
807.826  6.2525e-08 8.39042e+06
815.905  6.2225e-08 8.52889e+06
824.064  6.19282e-08 8.66946e+06
832.304  6.16345e-08 8.81218e+06
840.627  6.1344e-08 8.95707e+06
849.034  6.10565e-08 9.10415e+06
857.524  6.0772e-08 9.25346e+06
866.099  6.04906e-08 9.40502e+06
874.76  6.02122e-08 9.55887e+06
883.508  5.99368e-08 9.71503e+06
892.343  5.96644e-08 9.87354e+06
901.266  5.93948e-08 1.00344e+07
910.279  5.91282e-08 1.01977e+07
919.382  5.88645e-08 1.03634e+07
928.575  5.86036e-08 1.05316e+07
937.861  5.83456e-08 1.07023e+07
947.24  5.80904e-08 1.08756e+07
956.712  5.7838e-08 1.10514e+07
966.279  5.75884e-08 1.12298e+07
975.942  5.73415e-08 1.14108e+07
985.702  5.70973e-08 1.15945e+07
995.559  5.68559e-08 1.17809e+07
