0.001  7.35753e-05 0.167367
0.00101  7.36472e-05 0.168201
0.0010201  7.37195e-05 0.16904
0.0010303  7.37922e-05 0.169883
0.0010406  7.38654e-05 0.170731
0.00105101  7.3939e-05 0.171582
0.00106152  7.4013e-05 0.172438
0.00107214  7.40874e-05 0.173298
0.00108286  7.41623e-05 0.174162
0.00109369  7.42377e-05 0.175031
0.00110462  7.43124e-05 0.175904
0.00111567  7.43808e-05 0.176781
0.00112683  7.44495e-05 0.177663
0.00113809  7.45099e-05 0.178549
0.00114947  7.457e-05 0.17944
0.00116097  7.46304e-05 0.180335
0.00117258  7.46911e-05 0.181234
0.0011843  7.4745e-05 0.182138
0.00119615  7.47985e-05 0.183046
0.00120811  7.48521e-05 0.183959
0.00122019  7.4906e-05 0.184877
0.00123239  7.49601e-05 0.185799
0.00124472  7.50145e-05 0.186726
0.00125716  7.5069e-05 0.187657
0.00126973  7.51237e-05 0.188593
0.00128243  7.51787e-05 0.189533
0.00129526  7.52339e-05 0.190479
0.00130821  7.52892e-05 0.191429
0.00132129  7.53448e-05 0.192383
0.0013345  7.54006e-05 0.193343
0.00134785  7.54567e-05 0.194307
0.00136133  7.55129e-05 0.195276
0.00137494  7.55693e-05 0.19625
0.00138869  7.5626e-05 0.197229
0.00140258  7.56829e-05 0.198213
0.0014166  7.574e-05 0.199201
0.00143077  7.57973e-05 0.200195
0.00144508  7.58549e-05 0.201194
0.00145953  7.59126e-05 0.202197
0.00147412  7.59694e-05 0.203205
0.00148886  7.60219e-05 0.204219
0.00150375  7.60744e-05 0.205204
0.00151879  7.61206e-05 0.206198
0.00153398  7.61668e-05 0.207205
0.00154932  7.62132e-05 0.208224
0.00156481  7.62596e-05 0.209256
0.00158046  7.63031e-05 0.210299
0.00159626  7.63465e-05 0.211354
0.00161223  7.63901e-05 0.212421
0.00162835  7.64337e-05 0.213499
0.00164463  7.64773e-05 0.214588
0.00166108  7.6521e-05 0.215689
0.00167769  7.65648e-05 0.21678
0.00169447  7.66086e-05 0.217846
0.00171141  7.66524e-05 0.218922
0.00172852  7.66963e-05 0.220007
0.00174581  7.67403e-05 0.221101
0.00176327  7.67843e-05 0.222204
0.0017809  7.68283e-05 0.223315
0.00179871  7.68724e-05 0.224434
0.0018167  7.69166e-05 0.225561
0.00183486  7.69607e-05 0.226694
0.00185321  7.7005e-05 0.227835
0.00187174  7.70492e-05 0.228981
0.00189046  7.70935e-05 0.230126
0.00190937  7.71378e-05 0.231274
0.00192846  7.71822e-05 0.232428
0.00194774  7.72266e-05 0.233588
0.00196722  7.72706e-05 0.234753
0.00198689  7.73143e-05 0.235923
0.00200676  7.7358e-05 0.2371
0.00202683  7.74018e-05 0.238282
0.0020471  7.74455e-05 0.239469
0.00206757  7.74893e-05 0.240663
0.00208825  7.75331e-05 0.241863
0.00210913  7.75769e-05 0.243069
0.00213022  7.76207e-05 0.244281
0.00215152  7.76646e-05 0.245499
0.00217304  7.77084e-05 0.246723
0.00219477  7.77522e-05 0.247953
0.00221672  7.77939e-05 0.24919
0.00223888  7.78331e-05 0.250433
0.00226127  7.78708e-05 0.251682
0.00228388  7.79045e-05 0.252938
0.00230672  7.79381e-05 0.2542
0.00232979  7.79716e-05 0.255468
0.00235309  7.80052e-05 0.256742
0.00237662  7.80391e-05 0.258023
0.00240038  7.80729e-05 0.25931
0.00242439  7.81065e-05 0.260604
0.00244863  7.81401e-05 0.261903
0.00247312  7.81735e-05 0.26321
0.00249785  7.82068e-05 0.264522
0.00252283  7.82399e-05 0.265842
0.00254806  7.82729e-05 0.267167
0.00257354  7.83058e-05 0.2685
0.00259927  7.83385e-05 0.269839
0.00262527  7.8371e-05 0.271184
0.00265152  7.84034e-05 0.272537
0.00267803  7.84356e-05 0.273896
0.00270481  7.84677e-05 0.275262
0.00273186  7.84996e-05 0.276635
0.00275918  7.85313e-05 0.278015
0.00278677  7.85629e-05 0.279401
0.00281464  7.85943e-05 0.280795
0.00284279  7.86255e-05 0.282195
0.00287121  7.86565e-05 0.283603
0.00289993  7.86873e-05 0.285017
0.00292893  7.87179e-05 0.286439
0.00295822  7.87473e-05 0.287867
0.0029878  7.87756e-05 0.289303
0.00301768  7.88029e-05 0.290746
0.00304785  7.88286e-05 0.292196
0.00307833  7.8854e-05 0.293653
0.00310911  7.88791e-05 0.295118
0.0031402  7.89053e-05 0.29659
0.00317161  7.89339e-05 0.298069
0.00320332  7.89623e-05 0.299556
0.00323536  7.89904e-05 0.30105
0.00326771  7.90182e-05 0.302551
0.00330039  7.90458e-05 0.30406
0.00333339  7.90732e-05 0.305577
0.00336672  7.91002e-05 0.307101
0.00340039  7.9127e-05 0.308632
0.0034344  7.91535e-05 0.310172
0.00346874  7.91797e-05 0.311719
0.00350343  7.92057e-05 0.313273
0.00353846  7.92313e-05 0.314836
0.00357385  7.92566e-05 0.316406
0.00360958  7.92816e-05 0.317984
0.00364568  7.93063e-05 0.31957
0.00368214  7.93307e-05 0.321164
0.00371896  7.93543e-05 0.322765
0.00375615  7.93776e-05 0.324375
0.00379371  7.94001e-05 0.325993
0.00383165  7.94222e-05 0.327619
0.00386996  7.94439e-05 0.329253
0.00390866  7.94653e-05 0.330895
0.00394775  7.94941e-05 0.332546
0.00398723  7.95233e-05 0.334204
0.0040271  7.95522e-05 0.335871
0.00406737  7.95808e-05 0.337546
0.00410804  7.9609e-05 0.33923
0.00414912  7.9637e-05 0.340921
0.00419062  7.96646e-05 0.342622
0.00423252  7.96919e-05 0.344331
0.00427485  7.97189e-05 0.346048
0.0043176  7.97455e-05 0.347774
0.00436077  7.97717e-05 0.349508
0.00440438  7.97976e-05 0.351252
0.00444842  7.98235e-05 0.353003
0.00449291  7.9849e-05 0.354764
0.00453784  7.98744e-05 0.356533
0.00458321  7.98997e-05 0.358312
0.00462905  7.99245e-05 0.360099
0.00467534  7.9949e-05 0.361895
0.00472209  7.99731e-05 0.363699
0.00476931  7.99967e-05 0.365513
0.004817  8.002e-05 0.367336
0.00486517  8.00428e-05 0.369169
0.00491383  8.00652e-05 0.37101
0.00496296  8.00872e-05 0.37286
0.00501259  8.01087e-05 0.37472
0.00506272  8.01297e-05 0.376589
0.00511335  8.01504e-05 0.378467
0.00516448  8.01705e-05 0.380355
0.00521613  8.01902e-05 0.382252
0.00526829  8.02094e-05 0.384158
0.00532097  8.02281e-05 0.386074
0.00537418  8.02463e-05 0.388
0.00542792  8.0264e-05 0.389935
0.0054822  8.02812e-05 0.39188
0.00553702  8.02978e-05 0.393834
0.00559239  8.03139e-05 0.395798
0.00564832  8.03295e-05 0.397772
0.0057048  8.03445e-05 0.399756
0.00576185  8.0359e-05 0.40175
0.00581947  8.03729e-05 0.403754
0.00587766  8.03888e-05 0.405767
0.00593644  8.04187e-05 0.407791
0.0059958  8.04484e-05 0.409825
0.00605576  8.04796e-05 0.411869
0.00611632  8.05112e-05 0.413923
0.00617748  8.05424e-05 0.415988
0.00623926  8.05732e-05 0.418062
0.00630165  8.06035e-05 0.420148
0.00636466  8.06334e-05 0.422243
0.00642831  8.06629e-05 0.424349
0.00649259  8.06919e-05 0.426465
0.00655752  8.07204e-05 0.428592
0.0066231  8.07485e-05 0.43073
0.00668933  8.0776e-05 0.432878
0.00675622  8.08031e-05 0.435037
0.00682378  8.08297e-05 0.437207
0.00689202  8.08557e-05 0.439387
0.00696094  8.08813e-05 0.441579
0.00703055  8.09063e-05 0.443781
0.00710085  8.09308e-05 0.445995
0.00717186  8.09547e-05 0.448219
0.00724358  8.09781e-05 0.450455
0.00731602  8.10009e-05 0.452701
0.00738918  8.10255e-05 0.454959
0.00746307  8.10521e-05 0.457228
0.0075377  8.10799e-05 0.459508
0.00761308  8.11115e-05 0.4618
0.00768921  8.11425e-05 0.464104
0.0077661  8.1173e-05 0.466418
0.00784376  8.12081e-05 0.468745
0.0079222  8.12573e-05 0.471082
0.00800142  8.13062e-05 0.473432
0.00808144  8.13547e-05 0.475793
0.00816225  8.14028e-05 0.478166
0.00824387  8.14506e-05 0.480551
0.00832631  8.1498e-05 0.482948
0.00840957  8.1545e-05 0.485356
0.00849367  8.15917e-05 0.487777
0.00857861  8.16379e-05 0.49021
0.00866439  8.16837e-05 0.492655
0.00875104  8.17291e-05 0.495112
0.00883855  8.17741e-05 0.497581
0.00892693  8.18186e-05 0.500063
0.0090162  8.18628e-05 0.502557
0.00910636  8.19064e-05 0.505064
0.00919743  8.19496e-05 0.507583
0.0092894  8.19923e-05 0.510114
0.0093823  8.20346e-05 0.512658
0.00947612  8.20763e-05 0.515215
0.00957088  8.21176e-05 0.517785
0.00966659  8.21583e-05 0.520367
0.00976325  8.21986e-05 0.522963
0.00986089  8.22383e-05 0.525571
0.0099595  8.22774e-05 0.528192
0.0100591  8.23161e-05 0.530827
0.0101597  8.23541e-05 0.533474
0.0102613  8.23916e-05 0.536135
0.0103639  8.24286e-05 0.538809
0.0104675  8.24649e-05 0.541496
0.0105722  8.25006e-05 0.544197
0.0106779  8.25358e-05 0.546911
0.0107847  8.25703e-05 0.549639
0.0108926  8.26042e-05 0.55238
0.0110015  8.26374e-05 0.555135
0.0111115  8.26764e-05 0.557904
0.0112226  8.27172e-05 0.560687
0.0113348  8.2763e-05 0.563483
0.0114482  8.28132e-05 0.566293
0.0115627  8.28628e-05 0.569118
0.0116783  8.2912e-05 0.571956
0.0117951  8.29727e-05 0.574809
0.011913  8.30447e-05 0.577675
0.0120322  8.31164e-05 0.580557
0.0121525  8.31877e-05 0.583452
0.012274  8.32588e-05 0.586362
0.0123967  8.33295e-05 0.589287
0.0125207  8.33999e-05 0.592226
0.0126459  8.34699e-05 0.59518
0.0127724  8.35395e-05 0.598148
0.0129001  8.36088e-05 0.601131
0.0130291  8.36778e-05 0.604129
0.0131594  8.37463e-05 0.607142
0.013291  8.38145e-05 0.610171
0.0134239  8.38822e-05 0.613214
0.0135581  8.39495e-05 0.616272
0.0136937  8.40165e-05 0.619346
0.0138307  8.40829e-05 0.622435
0.013969  8.4149e-05 0.62554
0.0141086  8.42146e-05 0.628659
0.0142497  8.42797e-05 0.631795
0.0143922  8.43444e-05 0.634946
0.0145362  8.44085e-05 0.638113
0.0146815  8.44722e-05 0.641295
0.0148283  8.45448e-05 0.644494
0.0149766  8.46192e-05 0.647708
0.0151264  8.47017e-05 0.650938
0.0152776  8.47892e-05 0.654185
0.0154304  8.48763e-05 0.657448
0.0155847  8.49631e-05 0.660727
0.0157406  8.50611e-05 0.664022
0.015898  8.51665e-05 0.667334
0.016057  8.52719e-05 0.670663
0.0162175  8.53771e-05 0.674007
0.0163797  8.54821e-05 0.677369
0.0165435  8.5587e-05 0.680747
0.0167089  8.56917e-05 0.684143
0.016876  8.57963e-05 0.687555
0.0170448  8.59007e-05 0.690984
0.0172152  8.60049e-05 0.69443
0.0173874  8.61089e-05 0.697894
0.0175613  8.62127e-05 0.701375
0.0177369  8.63163e-05 0.704873
0.0179142  8.64197e-05 0.708388
0.0180934  8.65229e-05 0.711921
0.0182743  8.66258e-05 0.715472
0.0184571  8.67285e-05 0.71904
0.0186416  8.6831e-05 0.722627
0.018828  8.69332e-05 0.726231
0.0190163  8.70351e-05 0.729853
0.0192065  8.71367e-05 0.733493
0.0193986  8.72381e-05 0.737151
0.0195925  8.73418e-05 0.740828
0.0197885  8.74579e-05 0.744523
0.0199864  8.75739e-05 0.748236
0.0201862  8.76897e-05 0.751968
0.0203881  8.78053e-05 0.755719
0.020592  8.79207e-05 0.759488
0.0207979  8.8036e-05 0.763276
0.0210059  8.8151e-05 0.767082
0.0212159  8.82658e-05 0.770908
0.0214281  8.83804e-05 0.774753
0.0216424  8.84948e-05 0.778617
0.0218588  8.86089e-05 0.782501
0.0220774  8.87237e-05 0.786404
0.0222981  8.88514e-05 0.790326
0.0225211  8.89789e-05 0.794268
0.0227463  8.91208e-05 0.798229
0.0229738  8.92648e-05 0.80221
0.0232035  8.94088e-05 0.806211
0.0234356  8.95528e-05 0.810232
0.0236699  8.97114e-05 0.814273
0.0239066  8.98727e-05 0.818334
0.0241457  9.00342e-05 0.822416
0.0243871  9.01958e-05 0.826518
0.024631  9.03576e-05 0.83064
0.0248773  9.05195e-05 0.834783
0.0251261  9.06815e-05 0.838946
0.0253774  9.08437e-05 0.843131
0.0256311  9.1006e-05 0.847336
0.0258874  9.11684e-05 0.851562
0.0261463  9.13309e-05 0.855809
0.0264078  9.14936e-05 0.860077
0.0266719  9.16563e-05 0.864367
0.0269386  9.18191e-05 0.868678
0.027208  9.1982e-05 0.873011
0.02748  9.2145e-05 0.877365
0.0277548  9.23081e-05 0.881741
0.0280324  9.24712e-05 0.886139
0.0283127  9.26344e-05 0.890558
0.0285958  9.27976e-05 0.895
0.0288818  9.29609e-05 0.899464
0.0291706  9.31242e-05 0.90395
0.0294623  9.32892e-05 0.908458
0.029757  9.34639e-05 0.912989
0.0300545  9.36387e-05 0.917542
0.0303551  9.38264e-05 0.922119
0.0306586  9.40149e-05 0.926718
0.0309652  9.42037e-05 0.93134
0.0312749  9.43927e-05 0.935985
0.0315876  9.45998e-05 0.940654
0.0319035  9.48086e-05 0.945345
0.0322225  9.50177e-05 0.95006
0.0325447  9.52273e-05 0.954798
0.0328702  9.54372e-05 0.95956
0.0331989  9.56476e-05 0.964346
0.0335309  9.58583e-05 0.969156
0.0338662  9.60695e-05 0.97399
0.0342049  9.6281e-05 0.978847
0.0345469  9.64928e-05 0.98373
0.0348924  9.67051e-05 0.988636
0.0352413  9.69177e-05 0.993567
0.0355937  9.71307e-05 0.998522
0.0359496  9.73441e-05 1.0035
0.0363091  9.75577e-05 1.00851
0.0366722  9.77718e-05 1.01354
0.037039  9.79927e-05 1.01859
0.0374093  9.82166e-05 1.02367
0.0377834  9.84465e-05 1.02878
0.0381613  9.8682e-05 1.03391
0.0385429  9.89179e-05 1.03907
0.0389283  9.91544e-05 1.04425
0.0393176  9.94024e-05 1.04946
0.0397108  9.96614e-05 1.05469
0.0401079  9.99212e-05 1.05995
0.040509  0.000100182 1.06524
0.040914  0.000100443 1.07055
0.0413232  0.000100705 1.07589
0.0417364  0.000100967 1.08126
0.0421538  0.000101231 1.08665
0.0425753  0.000101495 1.09207
0.0430011  0.000101759 1.09752
0.0434311  0.000102025 1.10299
0.0438654  0.000102291 1.10849
0.044304  0.000102562 1.11402
0.0447471  0.000102839 1.11958
0.0451946  0.00010312 1.12516
0.0456465  0.000103411 1.13077
0.046103  0.000103704 1.13641
0.046564  0.000103997 1.14208
0.0470296  0.000104291 1.14777
0.0474999  0.000104585 1.1535
0.0479749  0.000104881 1.15925
0.0484547  0.000105178 1.16503
0.0489392  0.000105475 1.17084
0.0494286  0.000105774 1.17668
0.0499229  0.000106073 1.18255
0.0504221  0.000106373 1.18845
0.0509264  0.000106674 1.19438
0.0514356  0.000106976 1.20034
0.05195  0.000107279 1.20632
0.0524695  0.000107583 1.21234
0.0529942  0.000107887 1.21839
0.0535241  0.000108193 1.22446
0.0540594  0.000108499 1.23057
0.0546  0.000108806 1.23671
0.055146  0.000109115 1.24288
0.0556974  0.000109424 1.24907
0.0562544  0.000109733 1.2553
0.0568169  0.000110044 1.26156
0.0573851  0.000110356 1.26786
0.0579589  0.000110668 1.27418
0.0585385  0.000110982 1.28053
0.0591239  0.000111326 1.28692
0.0597152  0.000111685 1.29334
0.0603123  0.000112049 1.29979
0.0609154  0.000112424 1.30627
0.0615246  0.0001128 1.31279
0.0621398  0.000113177 1.31934
0.0627612  0.000113556 1.32592
0.0633888  0.000113937 1.33253
0.0640227  0.000114319 1.33918
0.064663  0.000114702 1.34586
0.0653096  0.000115087 1.35257
0.0659627  0.000115473 1.35931
0.0666223  0.000115861 1.36609
0.0672885  0.00011625 1.37291
0.0679614  0.000116641 1.37975
0.068641  0.000117033 1.38664
0.0693275  0.000117426 1.39355
0.0700207  0.000117821 1.4005
0.0707209  0.000118218 1.40749
0.0714281  0.000118616 1.41451
0.0721424  0.000119015 1.42156
0.0728638  0.000119416 1.42865
0.0735925  0.000119819 1.43578
0.0743284  0.000120236 1.44294
0.0750717  0.000120654 1.45013
0.0758224  0.000121086 1.45737
0.0765806  0.000121523 1.46464
0.0773464  0.000121961 1.47194
0.0781199  0.000122401 1.47928
0.0789011  0.000122842 1.48666
0.0796901  0.000123286 1.49408
0.080487  0.000123731 1.50153
0.0812919  0.000124178 1.50902
0.0821048  0.000124627 1.51654
0.0829259  0.000125077 1.52411
0.0837551  0.00012553 1.53171
0.0845927  0.000125984 1.53935
0.0854386  0.00012644 1.54702
0.086293  0.000126898 1.55474
0.0871559  0.000127357 1.56249
0.0880275  0.000127819 1.57029
0.0889077  0.000128282 1.57812
0.0897968  0.000128747 1.58599
0.0906948  0.000129214 1.5939
0.0916017  0.000129683 1.60185
0.0925178  0.000130154 1.60984
0.0934429  0.000130626 1.61787
0.0943774  0.0001311 1.62594
0.0953211  0.000131577 1.63405
0.0962743  0.000132055 1.6422
0.0972371  0.000132534 1.65039
0.0982095  0.000133016 1.65862
0.0991916  0.0001335 1.66689
0.100183  0.000133985 1.67521
0.101185  0.000134473 1.68356
0.102197  0.000134962 1.69196
0.103219  0.000135453 1.7004
0.104251  0.000135946 1.70888
0.105294  0.000136441 1.7174
0.106347  0.000136938 1.72597
0.10741  0.000137437 1.73457
0.108484  0.000137937 1.74322
0.109569  0.00013844 1.75192
0.110665  0.00013895 1.76066
0.111772  0.000139476 1.76944
0.112889  0.000140006 1.77826
0.114018  0.000140558 1.78713
0.115158  0.000141113 1.79604
0.11631  0.00014167 1.805
0.117473  0.000142231 1.814
0.118648  0.00014282 1.82305
0.119834  0.000143411 1.83215
0.121033  0.000144004 1.84129
0.122243  0.0001446 1.85047
0.123465  0.000145199 1.8597
0.1247  0.000145801 1.86898
0.125947  0.000146405 1.8783
0.127206  0.000147012 1.88767
0.128478  0.000147622 1.89709
0.129763  0.000148234 1.90655
0.131061  0.00014885 1.91606
0.132372  0.000149467 1.92561
0.133695  0.000150088 1.93521
0.135032  0.000150712 1.94486
0.136383  0.000151338 1.95456
0.137746  0.000151967 1.9643
0.139124  0.000152599 1.97409
0.140515  0.000153233 1.98393
0.14192  0.000153871 1.99382
0.143339  0.000154511 2.00376
0.144773  0.000155154 2.01375
0.146221  0.0001558 2.02379
0.147683  0.000156449 2.03389
0.14916  0.000157101 2.04403
0.150651  0.000157715 2.05424
0.152158  0.000158268 2.06449
0.153679  0.000158823 2.07481
0.155216  0.000159378 2.08518
0.156768  0.000159937 2.0956
0.158336  0.000160506 2.10609
0.159919  0.000161076 2.11663
0.161518  0.000161647 2.12723
0.163134  0.00016222 2.13789
0.164765  0.000162794 2.14862
0.166413  0.000163369 2.1594
0.168077  0.000163945 2.17025
0.169757  0.000164522 2.18117
0.171455  0.000165101 2.19214
0.17317  0.000165681 2.20319
0.174901  0.000166262 2.21429
0.17665  0.000166844 2.22547
0.178417  0.000167427 2.2367
0.180201  0.000168011 2.24801
0.182003  0.000168597 2.25938
0.183823  0.000169183 2.27081
0.185661  0.00016977 2.28231
0.187518  0.000170359 2.29388
0.189393  0.000170948 2.30551
0.191287  0.000171598 2.31637
0.1932  0.000172478 2.324
0.195132  0.000173366 2.33163
0.197083  0.000174266 2.33925
0.199054  0.000175175 2.34686
0.201045  0.000176091 2.35446
0.203055  0.000177014 2.36205
0.205086  0.000177944 2.36963
0.207136  0.000178881 2.3772
0.209208  0.000179826 2.38475
0.2113  0.000180778 2.3923
0.213413  0.000181737 2.39983
0.215547  0.000182705 2.40734
0.217702  0.000183679 2.41484
0.219879  0.000184662 2.42233
0.222078  0.000185663 2.4298
0.224299  0.000186677 2.43725
0.226542  0.000187708 2.44469
0.228807  0.000188757 2.45211
0.231095  0.000189815 2.4595
0.233406  0.000190881 2.46688
0.235741  0.00019196 2.47424
0.238098  0.000193051 2.48157
0.240479  0.000194151 2.48889
0.242884  0.000195261 2.49618
0.245313  0.000196379 2.50344
0.247766  0.000197507 2.51069
0.250243  0.000198644 2.5179
0.252746  0.000199791 2.52509
0.255273  0.000200947 2.53225
0.257826  0.000202113 2.53939
0.260404  0.000203289 2.5465
0.263008  0.000204474 2.55357
0.265638  0.00020567 2.56062
0.268295  0.000206876 2.56763
0.270978  0.000208092 2.57462
0.273687  0.000209318 2.58157
0.276424  0.000210555 2.58849
0.279189  0.000211802 2.59537
0.28198  0.000213061 2.60222
0.2848  0.00021433 2.60903
0.287648  0.00021561 2.6158
0.290525  0.000216901 2.62253
0.29343  0.000218203 2.62923
0.296364  0.000219521 2.63589
0.299328  0.000220853 2.6425
0.302321  0.0002222 2.64907
0.305344  0.000223562 2.6556
0.308398  0.000224936 2.66209
0.311482  0.000226323 2.66853
0.314597  0.000227725 2.67493
0.317743  0.000229143 2.68128
0.32092  0.000230574 2.68758
0.324129  0.000232018 2.69383
0.32737  0.000233474 2.70004
0.330644  0.000234944 2.70619
0.333951  0.000236426 2.71229
0.33729  0.000237922 2.71834
0.340663  0.000239432 2.72434
0.34407  0.000240955 2.73028
0.34751  0.000242492 2.73616
0.350985  0.000244043 2.74199
0.354495  0.000245608 2.74777
0.35804  0.000247188 2.75348
0.361621  0.000248782 2.75914
0.365237  0.00025039 2.76473
0.368889  0.000252015 2.77026
0.372578  0.000253658 2.77574
0.376304  0.000255316 2.78114
0.380067  0.000256995 2.78649
0.383868  0.000258689 2.79177
0.387706  0.000260398 2.79698
0.391583  0.000262125 2.80212
0.395499  0.0002637 2.80908
0.399454  0.000265198 2.81698
0.403449  0.000266704 2.82486
0.407483  0.000268218 2.83275
0.411558  0.00026974 2.84063
0.415674  0.00027127 2.84851
0.41983  0.000272808 2.85639
0.424029  0.000274353 2.86427
0.428269  0.000275907 2.87214
0.432552  0.000277469 2.88001
0.436877  0.000279038 2.88789
0.441246  0.000280615 2.89576
0.445658  0.000282204 2.90362
0.450115  0.000283801 2.91149
0.454616  0.00028541 2.91936
0.459162  0.000287027 2.92723
0.463754  0.000288652 2.9351
0.468391  0.000290284 2.94296
0.473075  0.000291924 2.95083
0.477806  0.000293572 2.9587
0.482584  0.000295227 2.96657
0.48741  0.000296889 2.97444
0.492284  0.000298558 2.98232
0.497207  0.000300235 2.99019
0.502179  0.000301918 2.99807
0.507201  0.000303609 3.00595
0.512273  0.000305307 3.01382
0.517396  0.000307011 3.02171
0.52257  0.000308723 3.02959
0.527795  0.000310442 3.03746
0.533073  0.000312167 3.04535
0.538404  0.000313899 3.05323
0.543788  0.000315637 3.06113
0.549226  0.000317382 3.06902
0.554718  0.000319133 3.07692
0.560265  0.00032089 3.08483
0.565868  0.000322653 3.09274
0.571527  0.000324422 3.10066
0.577242  0.000326197 3.10859
0.583014  0.000327978 3.11653
0.588844  0.000329767 3.12448
0.594733  0.00033157 3.13243
0.60068  0.000333369 3.14041
0.606687  0.000335043 3.14839
0.612754  0.000336719 3.15639
0.618881  0.000338396 3.1644
0.62507  0.000340075 3.17243
0.631321  0.000341754 3.18048
0.637634  0.000343434 3.18855
0.644011  0.000345115 3.19663
0.650451  0.000346796 3.20474
0.656955  0.000348477 3.21287
0.663525  0.000350158 3.22102
0.67016  0.000351838 3.2292
0.676862  0.000353518 3.23741
0.68363  0.000355196 3.24564
0.690466  0.000356874 3.2539
0.697371  0.00035855 3.26219
0.704345  0.000360225 3.27051
0.711388  0.000361897 3.27885
0.718502  0.000363567 3.28723
0.725687  0.000365235 3.29564
0.732944  0.0003669 3.30408
0.740273  0.000368565 3.31255
0.747676  0.000370228 3.32106
0.755153  0.00037189 3.3296
0.762705  0.00037355 3.33818
0.770332  0.000375206 3.3468
0.778035  0.000376858 3.35545
0.785815  0.000378508 3.36414
0.793673  0.000380155 3.37287
0.80161  0.000381797 3.38164
0.809626  0.000383433 3.39046
0.817722  0.000385064 3.39932
0.8259  0.000386689 3.40822
0.834159  0.000388307 3.41717
0.8425  0.000389919 3.42617
0.850925  0.000391523 3.43522
0.859435  0.00039312 3.44431
0.868029  0.00039471 3.45346
0.876709  0.000396291 3.46267
0.885476  0.000397865 3.47192
0.894331  0.000399429 3.48124
0.903274  0.000400985 3.49061
0.912307  0.000402531 3.50004
0.92143  0.000404068 3.50953
0.930644  0.000405595 3.51908
0.939951  0.000407111 3.52869
0.94935  0.000408618 3.53837
0.958844  0.000410113 3.54811
0.968432  0.000411597 3.55793
0.978117  0.000413069 3.56781
0.987898  0.000414529 3.57776
0.997777  0.000415977 3.58779
1.00775  0.000417413 3.59789
1.01783  0.000418836 3.60807
1.02801  0.000420245 3.61832
1.03829  0.000421641 3.62866
1.04867  0.000423023 3.63907
1.05916  0.000424391 3.64958
1.06975  0.000425744 3.66016
1.08045  0.000427082 3.67084
1.09125  0.000428405 3.68161
1.10217  0.000429713 3.69246
1.11319  0.000431008 3.70341
1.12432  0.000432288 3.71446
1.13556  0.000433554 3.72561
1.14692  0.000434805 3.73685
1.15839  0.000436038 3.7482
1.16997  0.000437255 3.75965
1.18167  0.000438457 3.7712
1.19349  0.000439642 3.78287
1.20542  0.000440809 3.79465
1.21748  0.000441957 3.80654
1.22965  0.000443087 3.81855
1.24195  0.000444198 3.83068
1.25437  0.000445289 3.84293
1.26691  0.000446361 3.8553
1.27958  0.000447413 3.8678
1.29238  0.000448445 3.88043
1.3053  0.000449457 3.89319
1.31835  0.000450448 3.90608
1.33154  0.000451418 3.91912
1.34485  0.000452367 3.93229
1.3583  0.000453295 3.94561
1.37188  0.000454201 3.95907
1.3856  0.000455085 3.97268
1.39946  0.000455948 3.98644
1.41345  0.000456788 4.00036
1.42759  0.000457606 4.01443
1.44186  0.000458402 4.02867
1.45628  0.000459175 4.04307
1.47085  0.000459924 4.05763
1.48555  0.000460654 4.07237
1.50041  0.00046136 4.08728
1.51541  0.000462046 4.10237
1.53057  0.000462708 4.11764
1.54587  0.000463347 4.1331
1.56133  0.000463963 4.14874
1.57695  0.000464556 4.16457
1.59271  0.000465125 4.1806
1.60864  0.000465671 4.19683
1.62473  0.000466192 4.21326
1.64098  0.000466689 4.2299
1.65739  0.000467162 4.24674
1.67396  0.000467611 4.2638
1.6907  0.000468034 4.28108
1.70761  0.000468434 4.29859
1.72468  0.000468809 4.31632
1.74193  0.000469159 4.33428
1.75935  0.000469484 4.35247
1.77694  0.000469785 4.3709
1.79471  0.000470062 4.38958
1.81266  0.000470313 4.40851
1.83078  0.00047054 4.42768
1.84909  0.000470743 4.44712
1.86758  0.000470921 4.46681
1.88626  0.000471074 4.48678
1.90512  0.000471203 4.50701
1.92417  0.000471308 4.52752
1.94341  0.000471388 4.54832
1.96285  0.000471445 4.56939
1.98248  0.000471478 4.59076
2.0023  0.000471487 4.61243
2.02232  0.000471472 4.63439
2.04255  0.000471434 4.65667
2.06297  0.000471372 4.67925
2.0836  0.000471286 4.70215
2.10444  0.000471176 4.72538
2.12548  0.000471044 4.74894
2.14674  0.000470888 4.77283
2.16821  0.000470709 4.79706
2.18989  0.000470508 4.82163
2.21179  0.000470284 4.84656
2.2339  0.00047004 4.87185
2.25624  0.000469774 4.8975
2.27881  0.000469488 4.92352
2.30159  0.000469181 4.94992
2.32461  0.000468851 4.9767
2.34786  0.000468501 5.00387
2.37134  0.000468131 5.03143
2.39505  0.00046774 5.0594
2.419  0.000467328 5.08778
2.44319  0.000466896 5.11658
2.46762  0.000466444 5.1458
2.4923  0.000465972 5.17544
2.51722  0.000465481 5.20553
2.54239  0.00046497 5.23606
2.56782  0.00046444 5.26704
2.59349  0.000463892 5.29848
2.61943  0.000463325 5.33039
2.64562  0.00046274 5.36277
2.67208  0.000462137 5.39563
2.6988  0.000461516 5.42898
2.72579  0.000460878 5.46284
2.75305  0.000460223 5.49719
2.78058  0.000459552 5.53206
2.80838  0.000458864 5.56745
2.83647  0.00045816 5.60338
2.86483  0.00045744 5.63984
2.89348  0.000456705 5.67684
2.92241  0.000455955 5.71441
2.95164  0.00045519 5.75254
2.98115  0.000454412 5.79124
3.01097  0.00045362 5.83052
3.04108  0.000452815 5.8704
3.07149  0.000451997 5.91088
3.1022  0.000451166 5.95197
3.13322  0.000450322 5.99368
3.16456  0.000449467 6.03602
3.1962  0.000448599 6.07899
3.22816  0.00044772 6.12262
3.26045  0.000446829 6.16691
3.29305  0.000445927 6.21186
3.32598  0.000445014 6.25749
3.35924  0.00044409 6.30382
3.39283  0.000443156 6.35084
3.42676  0.000442212 6.39858
3.46103  0.000441258 6.44704
3.49564  0.000440295 6.49623
3.53059  0.000439323 6.54616
3.5659  0.000438342 6.59685
3.60156  0.000437353 6.6483
3.63758  0.000436355 6.70053
3.67395  0.00043535 6.75356
3.71069  0.000434338 6.80738
3.7478  0.000433318 6.86201
3.78528  0.000432292 6.91747
3.82313  0.00043126 6.97377
3.86136  0.000430221 7.03092
3.89997  0.000429176 7.08893
3.93897  0.000428126 7.14781
3.97836  0.00042707 7.20758
4.01815  0.00042601 7.26826
4.05833  0.000424943 7.32984
4.09891  0.000423872 7.39236
4.1399  0.000422796 7.45581
4.1813  0.000421716 7.52022
4.22311  0.000420631 7.58559
4.26534  0.000419543 7.65195
4.308  0.00041845 7.71931
4.35108  0.000417354 7.78768
4.39459  0.000416255 7.85707
4.43853  0.000415153 7.9275
4.48292  0.000414048 7.99899
4.52775  0.000412941 8.07155
4.57303  0.000411832 8.14519
4.61876  0.00041072 8.21994
4.66494  0.000409606 8.2958
4.71159  0.00040849 8.37279
4.75871  0.000407372 8.45094
4.8063  0.000406253 8.53025
4.85436  0.000405131 8.61074
4.9029  0.000404009 8.69243
4.95193  0.000402885 8.77534
5.00145  0.000401759 8.85948
5.05146  0.000400633 8.94487
5.10198  0.000399506 9.03153
5.153  0.000398378 9.11948
5.20453  0.000397249 9.20873
5.25657  0.00039612 9.29931
5.30914  0.000394991 9.39122
5.36223  0.000393861 9.4845
5.41585  0.00039273 9.57916
5.47001  0.0003916 9.67522
5.52471  0.00039047 9.7727
5.57996  0.000389339 9.87162
5.63576  0.000388209 9.972
5.69212  0.000387079 10.0739
5.74904  0.000385949 10.1772
5.80653  0.000384819 10.2821
5.86459  0.00038369 10.3885
5.92324  0.000382562 10.4965
5.98247  0.000381436 10.6061
6.0423  0.00038031 10.7173
6.10272  0.000379185 10.8301
6.16375  0.000378061 10.9446
6.22538  0.000376938 11.0608
6.28764  0.000375815 11.1787
6.35051  0.000374693 11.2983
6.41402  0.000373572 11.4196
6.47816  0.000372452 11.5428
6.54294  0.000371332 11.6677
6.60837  0.000370213 11.7945
6.67445  0.000369095 11.9231
6.7412  0.000367978 12.0536
6.80861  0.000366862 12.186
6.8767  0.000365746 12.3203
6.94546  0.000364632 12.4566
7.01492  0.000363518 12.595
7.08507  0.000362405 12.7353
7.15592  0.000361293 12.8776
7.22748  0.000360182 13.0221
7.29975  0.000359072 13.1687
7.37275  0.000357963 13.3174
7.44648  0.000356855 13.4682
7.52094  0.000355747 13.6213
7.59615  0.000354642 13.7766
7.67211  0.000353537 13.9342
7.74883  0.000352433 14.094
7.82632  0.00035133 14.2562
7.90459  0.000350228 14.4208
7.98363  0.000349127 14.5878
8.06347  0.000348027 14.7572
8.1441  0.000346927 14.929
8.22554  0.000345828 15.1034
8.3078  0.00034473 15.2804
8.39088  0.000343632 15.4599
8.47479  0.000342535 15.642
8.55953  0.000341438 15.8268
8.64513  0.000340341 16.0143
8.73158  0.000339246 16.2045
8.8189  0.00033815 16.3975
8.90709  0.000337055 16.5933
8.99616  0.000335961 16.792
9.08612  0.000334866 16.9936
9.17698  0.000333772 17.1981
9.26875  0.000332679 17.4057
9.36144  0.000331585 17.6162
9.45505  0.000330492 17.8299
9.5496  0.000329399 18.0467
9.6451  0.000328306 18.2667
9.74155  0.000327213 18.4898
9.83896  0.000326121 18.7163
9.93735  0.000325028 18.9461
10.0367  0.000323936 19.1793
10.1371  0.000322843 19.4159
10.2385  0.00032175 19.6559
10.3409  0.000320657 19.8995
10.4443  0.000319565 20.1467
10.5487  0.000318471 20.3976
10.6542  0.000317378 20.6521
10.7607  0.000316285 20.9104
10.8683  0.000315191 21.1725
10.977  0.000314098 21.4385
11.0868  0.000313004 21.7084
11.1977  0.00031191 21.9823
11.3096  0.000310816 22.2603
11.4227  0.000309722 22.5424
11.537  0.000308628 22.8286
11.6523  0.000307534 23.1192
11.7689  0.000306439 23.414
11.8865  0.000305344 23.7132
12.0054  0.000304249 24.0169
12.1255  0.000303154 24.3252
12.2467  0.000302057 24.638
12.3692  0.000300961 24.9555
12.4929  0.000299864 25.2777
12.6178  0.000298766 25.6048
12.744  0.000297668 25.9368
12.8714  0.000296569 26.2737
13.0001  0.000295469 26.6157
13.1301  0.000294369 26.9629
13.2614  0.000293268 27.3153
13.3941  0.000292167 27.6729
13.528  0.000291065 28.036
13.6633  0.000289962 28.4046
13.7999  0.000288859 28.7787
13.9379  0.000287755 29.1585
14.0773  0.00028665 29.5441
14.2181  0.000285545 29.9355
14.3602  0.000284439 30.3329
14.5038  0.000283332 30.7363
14.6489  0.000282225 31.1458
14.7954  0.000281117 31.5616
14.9433  0.000280009 31.9838
15.0928  0.0002789 32.4124
15.2437  0.000277791 32.8476
15.3961  0.000276681 33.2894
15.5501  0.00027557 33.738
15.7056  0.000274459 34.1935
15.8626  0.000273347 34.6561
16.0213  0.000272235 35.1257
16.1815  0.000271122 35.6026
16.3433  0.000270009 36.0869
16.5067  0.000268894 36.5786
16.6718  0.00026778 37.078
16.8385  0.000266664 37.5851
17.0069  0.000265548 38.1001
17.177  0.000264431 38.6231
17.3487  0.000263314 39.1543
17.5222  0.000262196 39.6937
17.6974  0.000261078 40.2416
17.8744  0.000259959 40.798
18.0532  0.000258839 41.3632
18.2337  0.000257719 41.9372
18.416  0.000256599 42.5203
18.6002  0.000255478 43.1126
18.7862  0.000254356 43.7141
18.9741  0.000253235 44.3252
19.1638  0.000252112 44.946
19.3554  0.00025099 45.5766
19.549  0.000249867 46.2172
19.7445  0.000248744 46.8679
19.9419  0.00024762 47.5289
20.1413  0.000246497 48.2005
20.3427  0.000245373 48.8827
20.5462  0.000244249 49.5758
20.7516  0.000243125 50.2799
20.9592  0.000242 50.9953
21.1687  0.000240876 51.7221
21.3804  0.000239751 52.4604
21.5942  0.000238626 53.2107
21.8102  0.000237502 53.973
22.0283  0.000236377 54.7476
22.2486  0.000235253 55.5347
22.4711  0.000234128 56.3346
22.6958  0.000233004 57.1475
22.9227  0.000231881 57.9737
23.1519  0.000230757 58.8134
23.3835  0.000229634 59.6669
23.6173  0.000228511 60.5344
23.8535  0.000227389 61.4162
24.092  0.000226267 62.3126
24.3329  0.000225145 63.2237
24.5763  0.000224024 64.1496
24.822  0.000222903 65.0907
25.0702  0.000221783 66.0471
25.3209  0.000220663 67.0189
25.5742  0.000219544 68.0065
25.8299  0.000218425 69.01
26.0882  0.000217307 70.0296
26.3491  0.00021619 71.0655
26.6126  0.000215074 72.1179
26.8787  0.000213958 73.1871
27.1475  0.000212843 74.2737
27.419  0.00021173 75.3782
27.6931  0.000210617 76.5009
27.9701  0.000209505 77.6425
28.2498  0.000208394 78.8035
28.5323  0.000207284 79.9845
28.8176  0.000206175 81.186
29.1058  0.000205068 82.4086
29.3968  0.000203961 83.653
29.6908  0.000202857 84.9197
29.9877  0.000189137 86.2095
30.2876  0.000188108 87.5228
30.5905  0.000187083 88.8601
30.8964  0.000186059 90.222
31.2053  0.000185037 91.609
31.5174  0.000184016 93.0217
31.8326  0.000182997 94.4606
32.1509  0.000181979 95.9264
32.4724  0.000180963 97.4195
32.7971  0.000179949 98.9406
33.1251  0.000178936 100.49
33.4563  0.000177924 102.069
33.7909  0.000176915 103.678
34.1288  0.000175907 105.317
34.4701  0.000174902 106.986
34.8148  0.000173898 108.685
35.1629  0.000172896 110.415
35.5146  0.000171896 112.175
35.8697  0.000170898 113.966
36.2284  0.000169902 115.789
36.5907  0.000168908 117.642
36.9566  0.000167915 119.527
37.3262  0.000166924 121.443
37.6994  0.000165936 123.391
38.0764  0.00016495 125.37
38.4572  0.000163967 127.383
38.8418  0.000162986 129.429
39.2302  0.000162007 131.51
39.6225  0.000161032 133.626
40.0187  0.000160058 135.778
40.4189  0.000159088 137.968
40.8231  0.00015812 140.195
41.2313  0.000157155 142.462
41.6436  0.000156192 144.768
42.0601  0.000155233 147.116
42.4807  0.000154276 149.505
42.9055  0.000153322 151.937
43.3345  0.000152371 154.412
43.7679  0.000151423 156.931
44.2056  0.000150478 159.495
44.6476  0.000149536 162.104
45.0941  0.000148597 164.759
45.545  0.000147661 167.462
46.0005  0.000146726 170.211
46.4605  0.000145794 173.009
46.9251  0.000144866 175.856
47.3943  0.000143941 178.753
47.8683  0.00014302 181.7
48.347  0.000142101 184.699
48.8304  0.000141186 187.751
49.3187  0.000140275 190.856
49.8119  0.000139367 194.016
50.31  0.000138462 197.232
50.8131  0.000137561 200.504
51.3213  0.000136663 203.835
51.8345  0.000135769 207.224
52.3528  0.000134879 210.674
52.8764  0.000133992 214.185
53.4051  0.000133108 217.758
53.9392  0.000132228 221.395
54.4786  0.000131352 225.097
55.0234  0.000130479 228.865
55.5736  0.00012961 232.7
56.1293  0.000128745 236.604
56.6906  0.000127884 240.577
57.2575  0.000127026 244.621
57.8301  0.000126172 248.737
58.4084  0.000125321 252.927
58.9925  0.000124475 257.191
59.5824  0.000123632 261.532
60.1782  0.000122793 265.95
60.78  0.000121958 270.446
61.3878  0.000121126 275.024
62.0017  0.000120297 279.683
62.6217  0.000119473 284.425
63.2479  0.000118652 289.253
63.8804  0.000117835 294.167
64.5192  0.000117022 299.169
65.1644  0.000116212 304.261
65.816  0.000115407 309.444
66.4742  0.000114605 314.72
67.1389  0.000113808 320.092
67.8103  0.000113014 325.56
68.4884  0.000112225 331.126
69.1733  0.000111439 336.793
69.8651  0.000110657 342.561
70.5637  0.000109879 348.434
71.2693  0.000109105 354.412
71.982  0.000108335 360.498
72.7019  0.000107569 366.694
73.4289  0.000106807 373.001
74.1632  0.000106049 379.423
74.9048  0.000105295 385.96
75.6538  0.000104546 392.615
76.4104  0.0001038 399.39
77.1745  0.000103058 406.288
77.9462  0.00010232 413.311
78.7257  0.000101586 420.46
79.513  0.000100856 427.739
80.3081  0.00010013 435.149
81.1112  9.94082e-05 442.694
81.9223  9.86913e-05 450.375
82.7415  9.79783e-05 458.195
83.5689  9.72693e-05 466.158
84.4046  9.65642e-05 474.264
85.2486  9.5863e-05 482.517
86.1011  9.51653e-05 490.921
86.9621  9.44713e-05 499.476
87.8318  9.37812e-05 508.187
88.7101  9.30951e-05 517.056
89.5972  9.24129e-05 526.086
90.4932  9.17347e-05 535.281
91.3981  9.10603e-05 544.642
92.3121  9.03899e-05 554.174
93.2352  8.97233e-05 563.879
94.1675  8.90607e-05 573.76
95.1092  8.8402e-05 583.822
96.0603  8.77472e-05 594.066
97.0209  8.70963e-05 604.497
97.9911  8.64492e-05 615.118
98.971  8.5806e-05 625.932
99.9607  8.51668e-05 636.944
100.96  8.45313e-05 648.156
101.97  8.38998e-05 659.573
102.99  8.32721e-05 671.198
104.02  8.26482e-05 683.034
105.06  8.20282e-05 695.087
106.11  8.1412e-05 707.36
107.171  8.07996e-05 719.857
108.243  8.0191e-05 732.582
109.326  7.95862e-05 745.539
110.419  7.89853e-05 758.733
111.523  7.83881e-05 772.168
112.638  7.77948e-05 785.848
113.765  7.72053e-05 799.779
114.902  7.66196e-05 813.964
116.051  7.60377e-05 828.409
117.212  7.54594e-05 843.118
118.384  7.4885e-05 858.096
119.568  7.43143e-05 873.348
120.763  7.37472e-05 888.879
121.971  7.31839e-05 904.694
123.191  7.26246e-05 920.799
124.423  7.20689e-05 937.199
125.667  7.15168e-05 953.899
126.924  7.09684e-05 970.906
128.193  7.04235e-05 988.224
129.475  6.98822e-05 1005.86
130.77  6.93445e-05 1023.82
132.077  6.88104e-05 1042.11
133.398  6.82797e-05 1060.73
134.732  6.77527e-05 1079.69
136.079  6.72291e-05 1099.01
137.44  6.67091e-05 1118.67
138.814  6.61926e-05 1138.7
140.203  6.56795e-05 1159.1
141.605  6.517e-05 1179.87
143.021  6.46638e-05 1201.02
144.451  6.41612e-05 1222.56
145.895  6.3662e-05 1244.49
147.354  6.31662e-05 1266.83
148.828  6.26738e-05 1289.58
150.316  6.21849e-05 1312.74
151.819  6.16993e-05 1336.33
153.338  6.1217e-05 1360.36
154.871  6.0738e-05 1384.82
156.42  6.02624e-05 1409.74
157.984  5.97902e-05 1435.12
159.564  5.93212e-05 1460.96
161.159  5.88556e-05 1487.27
162.771  5.83933e-05 1514.07
164.399  5.79342e-05 1541.36
166.043  5.74784e-05 1569.16
167.703  5.70259e-05 1597.46
169.38  5.65765e-05 1626.29
171.074  5.61304e-05 1655.65
172.785  5.56875e-05 1685.54
174.512  5.52478e-05 1715.99
176.258  5.48112e-05 1747
178.02  5.43778e-05 1778.58
179.8  5.39475e-05 1810.74
181.598  5.35203e-05 1843.49
183.414  5.30962e-05 1876.84
185.248  5.26753e-05 1910.81
187.101  5.22574e-05 1945.4
188.972  5.18426e-05 1980.63
190.862  5.14308e-05 2016.51
192.77  5.10221e-05 2053.05
194.698  5.06163e-05 2090.26
196.645  5.02136e-05 2128.16
198.611  4.98138e-05 2166.75
200.598  4.9417e-05 2206.06
202.604  4.90232e-05 2246.09
204.63  4.86322e-05 2286.86
206.676  4.82442e-05 2328.37
208.743  4.78591e-05 2370.66
210.83  4.74768e-05 2413.72
212.938  4.70974e-05 2457.57
215.068  4.67208e-05 2502.23
217.218  4.63471e-05 2547.72
219.391  4.59762e-05 2594.04
221.584  4.56081e-05 2641.22
223.8  4.52428e-05 2689.26
226.038  4.48803e-05 2738.19
228.299  4.45206e-05 2788.03
230.582  4.41636e-05 2838.78
232.888  4.38093e-05 2890.46
235.216  4.34577e-05 2943.1
237.569  4.31089e-05 2996.7
239.944  4.27627e-05 3051.3
242.344  4.24191e-05 3106.9
244.767  4.20782e-05 3163.52
247.215  4.17399e-05 3221.19
249.687  4.14042e-05 3279.92
252.184  4.10711e-05 3339.73
254.706  4.07407e-05 3400.64
257.253  4.04128e-05 3462.67
259.825  4.00874e-05 3525.85
262.423  3.97645e-05 3590.19
265.048  3.94442e-05 3655.72
267.698  3.91263e-05 3722.45
270.375  3.8811e-05 3790.41
273.079  3.8498e-05 3859.62
275.81  3.81876e-05 3930.11
278.568  3.78795e-05 4001.9
281.354  3.75739e-05 4075.01
284.167  3.72707e-05 4149.46
287.009  3.69698e-05 4225.28
289.879  3.66713e-05 4302.5
292.778  3.63752e-05 4381.15
295.705  3.60814e-05 4461.24
298.662  3.57899e-05 4542.8
301.649  3.55008e-05 4625.87
304.666  3.52139e-05 4710.46
307.712  3.49293e-05 4796.61
310.789  3.4647e-05 4884.35
313.897  3.43669e-05 4973.7
317.036  3.4089e-05 5064.7
320.207  3.38134e-05 5157.37
323.409  3.35399e-05 5251.74
326.643  3.32687e-05 5347.86
329.909  3.29996e-05 5445.74
333.208  3.27326e-05 5545.42
336.54  3.24678e-05 5646.93
339.906  3.22051e-05 5750.31
343.305  3.19445e-05 5855.59
346.738  3.1686e-05 5962.81
350.205  3.14295e-05 6072
353.707  3.11752e-05 6183.19
357.244  3.09228e-05 6296.44
360.817  3.06724e-05 6411.76
364.425  3.04239e-05 6529.2
368.069  3.01775e-05 6648.8
371.75  2.99332e-05 6770.6
375.467  2.96908e-05 6894.63
379.222  2.94503e-05 7020.95
383.014  2.92119e-05 7149.58
386.844  2.89754e-05 7280.58
390.713  2.87408e-05 7413.98
394.62  2.85081e-05 7549.84
398.566  2.82773e-05 7688.19
402.552  2.80484e-05 7829.07
406.577  2.78214e-05 7972.55
410.643  2.75963e-05 8118.66
414.75  2.7373e-05 8267.45
418.897  2.71515e-05 8418.97
423.086  2.69318e-05 8573.27
427.317  2.6714e-05 8730.4
431.59  2.64979e-05 8890.41
435.906  2.62836e-05 9053.36
440.265  2.60711e-05 9219.29
444.668  2.58604e-05 9388.27
449.114  2.56513e-05 9560.35
453.605  2.5444e-05 9735.58
458.142  2.52385e-05 9914.02
462.723  2.50346e-05 10095.7
467.35  2.48324e-05 10280.8
472.024  2.46319e-05 10469.2
476.744  2.4433e-05 10661.1
481.511  2.42358e-05 10856.5
486.326  2.40402e-05 11055.5
491.19  2.38463e-05 11258.1
496.102  2.36539e-05 11464.4
501.063  2.34632e-05 11674.5
506.073  2.3274e-05 11888.5
511.134  2.30864e-05 12106.3
516.245  2.29004e-05 12328.2
521.408  2.27159e-05 12554.1
526.622  2.25329e-05 12784.1
531.888  2.23515e-05 13018.4
537.207  2.21615e-05 13256.9
542.579  2.19831e-05 13499.8
548.005  2.18063e-05 13747.1
553.485  2.16309e-05 13998.9
559.02  2.1457e-05 14255.4
564.61  2.12845e-05 14516.5
570.256  2.11135e-05 14782.4
575.959  2.09439e-05 15053.1
581.718  2.07757e-05 15328.8
587.535  2.06089e-05 15609.5
593.411  2.04435e-05 15895.4
599.345  2.02794e-05 16186.4
605.338  2.01168e-05 16482.8
611.392  1.99555e-05 16784.6
617.506  1.97956e-05 17091.8
623.681  1.9637e-05 17404.7
629.917  1.94797e-05 17723.2
636.217  1.93237e-05 18047.6
642.579  1.91691e-05 18377.9
649.005  1.90158e-05 18714.2
655.495  1.88637e-05 19056.6
662.05  1.8713e-05 19405.2
668.67  1.85635e-05 19760.2
675.357  1.84153e-05 20121.6
682.11  1.82683e-05 20489.6
688.931  1.81226e-05 20864.3
695.821  1.79781e-05 21245.9
702.779  1.78349e-05 21634.3
709.807  1.76928e-05 22029.8
716.905  1.7552e-05 22432.5
724.074  1.74124e-05 22842.5
731.315  1.72739e-05 23259.9
738.628  1.71367e-05 23684.9
746.014  1.70006e-05 24117.7
753.474  1.68657e-05 24558.2
761.009  1.67319e-05 25006.8
768.619  1.65992e-05 25463.5
776.305  1.64677e-05 25928.4
784.068  1.63374e-05 26401.8
791.909  1.62081e-05 26883.8
799.828  1.608e-05 27374.5
807.826  1.59529e-05 27874
815.905  1.58269e-05 28382.6
824.064  1.5702e-05 28900.4
832.304  1.55782e-05 29427.6
840.627  1.54554e-05 29964.3
849.034  1.53337e-05 30510.7
857.524  1.52131e-05 31067
866.099  1.50934e-05 31633.3
874.76  1.49748e-05 32209.8
883.508  1.48572e-05 32796.7
892.343  1.47406e-05 33394.3
901.266  1.4625e-05 34002.6
910.279  1.45104e-05 34621.8
919.382  1.43968e-05 35252.3
928.575  1.42842e-05 35894
937.861  1.41725e-05 36547.4
947.24  1.40618e-05 37212.5
956.712  1.39521e-05 37889.5
966.279  1.38433e-05 38578.8
975.942  1.37354e-05 39280.4
985.702  1.36284e-05 39994.6
995.559  1.35224e-05 40721.7
