0.001  6.74382e-06 0.296572
0.00101  6.77745e-06 0.298051
0.0010201  6.81126e-06 0.299537
0.0010303  6.84523e-06 0.301031
0.0010406  6.87937e-06 0.302533
0.00105101  6.91368e-06 0.304042
0.00106152  6.94816e-06 0.305558
0.00107214  6.98282e-06 0.307082
0.00108286  7.01764e-06 0.308614
0.00109369  7.05264e-06 0.310153
0.00110462  7.08782e-06 0.3117
0.00111567  7.12317e-06 0.313254
0.00112683  7.1587e-06 0.314817
0.00113809  7.1944e-06 0.316387
0.00114947  7.23028e-06 0.317965
0.00116097  7.26635e-06 0.319551
0.00117258  7.30259e-06 0.321144
0.0011843  7.33901e-06 0.322746
0.00119615  7.37561e-06 0.324356
0.00120811  7.4124e-06 0.325974
0.00122019  7.44937e-06 0.327599
0.00123239  7.48652e-06 0.329233
0.00124472  7.52386e-06 0.330875
0.00125716  7.56139e-06 0.332525
0.00126973  7.5991e-06 0.334184
0.00128243  7.637e-06 0.335851
0.00129526  7.67509e-06 0.337526
0.00130821  7.71337e-06 0.339209
0.00132129  7.75184e-06 0.340901
0.0013345  7.79051e-06 0.342601
0.00134785  7.82936e-06 0.34431
0.00136133  7.86841e-06 0.346027
0.00137494  7.90766e-06 0.347753
0.00138869  7.9471e-06 0.349487
0.00140258  7.98673e-06 0.351231
0.0014166  8.02657e-06 0.352982
0.00143077  8.0666e-06 0.354743
0.00144508  8.10683e-06 0.356512
0.00145953  8.14727e-06 0.35829
0.00147412  8.1879e-06 0.360077
0.00148886  8.22874e-06 0.361873
0.00150375  8.26978e-06 0.363678
0.00151879  8.31103e-06 0.365492
0.00153398  8.35248e-06 0.367315
0.00154932  8.39414e-06 0.369147
0.00156481  8.436e-06 0.370988
0.00158046  8.47808e-06 0.372838
0.00159626  8.52036e-06 0.374698
0.00161223  8.56286e-06 0.376566
0.00162835  8.60557e-06 0.378445
0.00164463  8.64849e-06 0.380332
0.00166108  8.69162e-06 0.382229
0.00167769  8.73497e-06 0.384135
0.00169447  8.77854e-06 0.386051
0.00171141  8.82232e-06 0.387977
0.00172852  8.86632e-06 0.389912
0.00174581  8.91054e-06 0.391856
0.00176327  8.95499e-06 0.393811
0.0017809  8.99965e-06 0.395775
0.00179871  9.04454e-06 0.397749
0.0018167  9.08965e-06 0.399733
0.00183486  9.13498e-06 0.401726
0.00185321  9.18054e-06 0.40373
0.00187174  9.22633e-06 0.405744
0.00189046  9.27235e-06 0.407767
0.00190937  9.31859e-06 0.409801
0.00192846  9.36507e-06 0.411845
0.00194774  9.41178e-06 0.413899
0.00196722  9.45872e-06 0.415963
0.00198689  9.5059e-06 0.418038
0.00200676  9.55331e-06 0.420123
0.00202683  9.60096e-06 0.422218
0.0020471  9.64884e-06 0.424324
0.00206757  9.69697e-06 0.42644
0.00208825  9.74533e-06 0.428567
0.00210913  9.79394e-06 0.430705
0.00213022  9.84278e-06 0.432853
0.00215152  9.89188e-06 0.435012
0.00217304  9.94121e-06 0.437181
0.00219477  9.99079e-06 0.439362
0.00221672  1.00406e-05 0.441553
0.00223888  1.00907e-05 0.443755
0.00226127  1.0141e-05 0.445968
0.00228388  1.01916e-05 0.448193
0.00230672  1.02424e-05 0.450428
0.00232979  1.02935e-05 0.452675
0.00235309  1.03449e-05 0.454933
0.00237662  1.03965e-05 0.457202
0.00240038  1.04483e-05 0.459482
0.00242439  1.05004e-05 0.461773
0.00244863  1.05528e-05 0.464077
0.00247312  1.06054e-05 0.466391
0.00249785  1.06583e-05 0.468717
0.00252283  1.07115e-05 0.471055
0.00254806  1.07649e-05 0.473404
0.00257354  1.08186e-05 0.475765
0.00259927  1.08726e-05 0.478138
0.00262527  1.09268e-05 0.480523
0.00265152  1.09813e-05 0.48292
0.00267803  1.10361e-05 0.485328
0.00270481  1.10911e-05 0.487749
0.00273186  1.11464e-05 0.490182
0.00275918  1.1202e-05 0.492626
0.00278677  1.12579e-05 0.495083
0.00281464  1.1314e-05 0.497552
0.00284279  1.13705e-05 0.500034
0.00287121  1.14272e-05 0.502528
0.00289993  1.14842e-05 0.505034
0.00292893  1.15414e-05 0.507553
0.00295822  1.1599e-05 0.510085
0.0029878  1.16569e-05 0.512629
0.00301768  1.1715e-05 0.515186
0.00304785  1.17734e-05 0.517755
0.00307833  1.18321e-05 0.520337
0.00310911  1.18912e-05 0.522933
0.0031402  1.19505e-05 0.525541
0.00317161  1.20101e-05 0.528162
0.00320332  1.207e-05 0.530796
0.00323536  1.21302e-05 0.533443
0.00326771  1.21907e-05 0.536104
0.00330039  1.22515e-05 0.538778
0.00333339  1.23126e-05 0.541465
0.00336672  1.2374e-05 0.544166
0.00340039  1.24357e-05 0.54688
0.0034344  1.24977e-05 0.549607
0.00346874  1.25601e-05 0.552348
0.00350343  1.26227e-05 0.555103
0.00353846  1.26857e-05 0.557872
0.00357385  1.27489e-05 0.560654
0.00360958  1.28125e-05 0.56345
0.00364568  1.28764e-05 0.566261
0.00368214  1.29406e-05 0.569085
0.00371896  1.30052e-05 0.571923
0.00375615  1.307e-05 0.574776
0.00379371  1.31352e-05 0.577643
0.00383165  1.32007e-05 0.580524
0.00386996  1.32666e-05 0.583419
0.00390866  1.33328e-05 0.586329
0.00394775  1.33993e-05 0.589253
0.00398723  1.34661e-05 0.592192
0.0040271  1.35332e-05 0.595145
0.00406737  1.36007e-05 0.598114
0.00410804  1.36686e-05 0.601097
0.00414912  1.37368e-05 0.604095
0.00419062  1.38053e-05 0.607108
0.00423252  1.38741e-05 0.610136
0.00427485  1.39433e-05 0.613179
0.0043176  1.40129e-05 0.616237
0.00436077  1.40827e-05 0.619311
0.00440438  1.4153e-05 0.622399
0.00444842  1.42236e-05 0.625504
0.00449291  1.42945e-05 0.628623
0.00453784  1.43658e-05 0.631759
0.00458321  1.44375e-05 0.63491
0.00462905  1.45095e-05 0.638076
0.00467534  1.45818e-05 0.641259
0.00472209  1.46546e-05 0.644457
0.00476931  1.47277e-05 0.647671
0.004817  1.48011e-05 0.650902
0.00486517  1.48749e-05 0.654148
0.00491383  1.49491e-05 0.65741
0.00496296  1.50237e-05 0.660689
0.00501259  1.50986e-05 0.663984
0.00506272  1.51739e-05 0.667296
0.00511335  1.52496e-05 0.670624
0.00516448  1.53257e-05 0.673969
0.00521613  1.54021e-05 0.677331
0.00526829  1.54789e-05 0.680709
0.00532097  1.55561e-05 0.684104
0.00537418  1.56337e-05 0.687516
0.00542792  1.57117e-05 0.690945
0.0054822  1.579e-05 0.694391
0.00553702  1.58688e-05 0.697854
0.00559239  1.59479e-05 0.701335
0.00564832  1.60275e-05 0.704833
0.0057048  1.61074e-05 0.708348
0.00576185  1.61878e-05 0.711881
0.00581947  1.62685e-05 0.715432
0.00587766  1.63496e-05 0.719
0.00593644  1.64312e-05 0.722586
0.0059958  1.65131e-05 0.72619
0.00605576  1.65955e-05 0.729812
0.00611632  1.66783e-05 0.733452
0.00617748  1.67614e-05 0.73711
0.00623926  1.6845e-05 0.740786
0.00630165  1.69291e-05 0.744481
0.00636466  1.70135e-05 0.748194
0.00642831  1.70984e-05 0.751925
0.00649259  1.71836e-05 0.755676
0.00655752  1.72693e-05 0.759445
0.0066231  1.73555e-05 0.763233
0.00668933  1.7442e-05 0.767039
0.00675622  1.7529e-05 0.770865
0.00682378  1.76164e-05 0.77471
0.00689202  1.77043e-05 0.778573
0.00696094  1.77926e-05 0.782457
0.00703055  1.78814e-05 0.786359
0.00710085  1.79705e-05 0.790281
0.00717186  1.80602e-05 0.794223
0.00724358  1.81502e-05 0.798184
0.00731602  1.82408e-05 0.802165
0.00738918  1.83317e-05 0.806166
0.00746307  1.84232e-05 0.810187
0.0075377  1.85151e-05 0.814228
0.00761308  1.86074e-05 0.818288
0.00768921  1.87002e-05 0.82237
0.0077661  1.87935e-05 0.826471
0.00784376  1.88872e-05 0.830593
0.0079222  1.89814e-05 0.834736
0.00800142  1.90761e-05 0.838899
0.00808144  1.91712e-05 0.843083
0.00816225  1.92668e-05 0.847288
0.00824387  1.93629e-05 0.851514
0.00832631  1.94595e-05 0.855761
0.00840957  1.95566e-05 0.860029
0.00849367  1.96541e-05 0.864319
0.00857861  1.97521e-05 0.868629
0.00866439  1.98507e-05 0.872962
0.00875104  1.99497e-05 0.877316
0.00883855  2.00492e-05 0.881691
0.00892693  2.01492e-05 0.886089
0.0090162  2.02497e-05 0.890508
0.00910636  2.03506e-05 0.894949
0.00919743  2.04521e-05 0.899413
0.0092894  2.05542e-05 0.903899
0.0093823  2.06567e-05 0.908407
0.00947612  2.07597e-05 0.912938
0.00957088  2.08632e-05 0.917491
0.00966659  2.09673e-05 0.922067
0.00976325  2.10719e-05 0.926666
0.00986089  2.1177e-05 0.931288
0.0099595  2.12826e-05 0.935933
0.0100591  2.13887e-05 0.940601
0.0101597  2.14954e-05 0.945292
0.0102613  2.16026e-05 0.950007
0.0103639  2.17104e-05 0.954745
0.0104675  2.18187e-05 0.959507
0.0105722  2.19275e-05 0.964293
0.0106779  2.20368e-05 0.969102
0.0107847  2.21467e-05 0.973935
0.0108926  2.22572e-05 0.978793
0.0110015  2.23682e-05 0.983675
0.0111115  2.24798e-05 0.988581
0.0112226  2.25919e-05 0.993511
0.0113348  2.27046e-05 0.998466
0.0114482  2.28178e-05 1.00345
0.0115627  2.29316e-05 1.00845
0.0116783  2.3046e-05 1.01348
0.0117951  2.31609e-05 1.01854
0.011913  2.32765e-05 1.02362
0.0120322  2.33925e-05 1.02872
0.0121525  2.35092e-05 1.03385
0.012274  2.36265e-05 1.03901
0.0123967  2.37443e-05 1.04419
0.0125207  2.38627e-05 1.0494
0.0126459  2.39818e-05 1.05463
0.0127724  2.41014e-05 1.05989
0.0129001  2.42216e-05 1.06518
0.0130291  2.43424e-05 1.07049
0.0131594  2.44638e-05 1.07583
0.013291  2.45858e-05 1.0812
0.0134239  2.47084e-05 1.08659
0.0135581  2.48317e-05 1.09201
0.0136937  2.49555e-05 1.09745
0.0138307  2.508e-05 1.10293
0.013969  2.52051e-05 1.10843
0.0141086  2.53308e-05 1.11396
0.0142497  2.54571e-05 1.11951
0.0143922  2.55841e-05 1.1251
0.0145362  2.57117e-05 1.13071
0.0146815  2.58399e-05 1.13635
0.0148283  2.59688e-05 1.14201
0.0149766  2.60983e-05 1.14771
0.0151264  2.62285e-05 1.15343
0.0152776  2.63593e-05 1.15919
0.0154304  2.64908e-05 1.16497
0.0155847  2.66229e-05 1.17078
0.0157406  2.67557e-05 1.17662
0.015898  2.68891e-05 1.18249
0.016057  2.70232e-05 1.18838
0.0162175  2.7158e-05 1.19431
0.0163797  2.72935e-05 1.20027
0.0165435  2.74296e-05 1.20626
0.0167089  2.75664e-05 1.21228
0.016876  2.77039e-05 1.21832
0.0170448  2.78421e-05 1.2244
0.0172152  2.79809e-05 1.23051
0.0173874  2.81205e-05 1.23665
0.0175613  2.82607e-05 1.24281
0.0177369  2.84017e-05 1.24901
0.0179142  2.85434e-05 1.25524
0.0180934  2.86857e-05 1.2615
0.0182743  2.88288e-05 1.26778
0.0184571  2.89726e-05 1.2741
0.0186416  2.91171e-05 1.28045
0.018828  2.92623e-05 1.28684
0.0190163  2.94082e-05 1.29325
0.0192065  2.95549e-05 1.2997
0.0193986  2.97023e-05 1.30618
0.0195925  2.98505e-05 1.31269
0.0197885  2.99994e-05 1.31924
0.0199864  3.0149e-05 1.32582
0.0201862  3.0294e-05 1.33244
0.0203881  3.04235e-05 1.33909
0.020592  3.05535e-05 1.34578
0.0207979  3.06839e-05 1.35251
0.0210059  3.08147e-05 1.35927
0.0212159  3.0946e-05 1.36607
0.0214281  3.10776e-05 1.3729
0.0216424  3.12096e-05 1.37978
0.0218588  3.13421e-05 1.3867
0.0220774  3.14749e-05 1.39365
0.0222981  3.16081e-05 1.40065
0.0225211  3.17418e-05 1.40768
0.0227463  3.18758e-05 1.41476
0.0229738  3.20102e-05 1.42188
0.0232035  3.2145e-05 1.42904
0.0234356  3.22802e-05 1.43625
0.0236699  3.24158e-05 1.44349
0.0239066  3.25518e-05 1.45078
0.0241457  3.26881e-05 1.45811
0.0243871  3.28248e-05 1.46548
0.024631  3.29619e-05 1.4729
0.0248773  3.30993e-05 1.48036
0.0251261  3.32372e-05 1.48786
0.0253774  3.33754e-05 1.49541
0.0256311  3.35139e-05 1.503
0.0258874  3.36528e-05 1.51063
0.0261463  3.3792e-05 1.51831
0.0264078  3.39316e-05 1.52603
0.0266719  3.40716e-05 1.53379
0.0269386  3.42119e-05 1.5416
0.027208  3.43525e-05 1.54946
0.02748  3.44934e-05 1.55736
0.0277548  3.46347e-05 1.56531
0.0280324  3.47763e-05 1.57331
0.0283127  3.49182e-05 1.58135
0.0285958  3.50605e-05 1.58944
0.0288818  3.5203e-05 1.59758
0.0291706  3.53459e-05 1.60577
0.0294623  3.5489e-05 1.61401
0.029757  3.56325e-05 1.62229
0.0300545  3.57762e-05 1.63063
0.0303551  3.59202e-05 1.63901
0.0306586  3.60645e-05 1.64745
0.0309652  3.62091e-05 1.65593
0.0312749  3.63539e-05 1.66447
0.0315876  3.6499e-05 1.67305
0.0319035  3.66444e-05 1.68169
0.0322225  3.679e-05 1.69038
0.0325447  3.69358e-05 1.69912
0.0328702  3.70819e-05 1.70791
0.0331989  3.72282e-05 1.71676
0.0335309  3.73747e-05 1.72566
0.0338662  3.75214e-05 1.73461
0.0342049  3.76684e-05 1.74362
0.0345469  3.78155e-05 1.75268
0.0348924  3.79629e-05 1.7618
0.0352413  3.81104e-05 1.77098
0.0355937  3.82581e-05 1.7802
0.0359496  3.8406e-05 1.78949
0.0363091  3.8554e-05 1.79883
0.0366722  3.87022e-05 1.80823
0.037039  3.88505e-05 1.81769
0.0374093  3.8999e-05 1.82721
0.0377834  3.91476e-05 1.83678
0.0381613  3.92963e-05 1.84641
0.0385429  3.94451e-05 1.85611
0.0389283  3.9594e-05 1.86586
0.0393176  3.9743e-05 1.87567
0.0397108  3.98921e-05 1.88555
0.0401079  4.00412e-05 1.89548
0.040509  4.01904e-05 1.90548
0.040914  4.03397e-05 1.91554
0.0413232  4.0489e-05 1.92566
0.0417364  4.06383e-05 1.93585
0.0421538  4.07877e-05 1.9461
0.0425753  4.0937e-05 1.95642
0.0430011  4.10864e-05 1.9668
0.0434311  4.12357e-05 1.97725
0.0438654  4.1385e-05 1.98776
0.044304  4.15342e-05 1.99834
0.0447471  4.16834e-05 2.00899
0.0451946  4.18326e-05 2.0197
0.0456465  4.19817e-05 2.03049
0.046103  4.21306e-05 2.04134
0.046564  4.22795e-05 2.05227
0.0470296  4.24282e-05 2.06326
0.0474999  4.25769e-05 2.07432
0.0479749  4.27254e-05 2.08546
0.0484547  4.28737e-05 2.09667
0.0489392  4.30218e-05 2.10795
0.0494286  4.31698e-05 2.11931
0.0499229  4.33176e-05 2.13074
0.0504221  4.34651e-05 2.14224
0.0509264  4.36125e-05 2.15383
0.0514356  4.37596e-05 2.16548
0.05195  4.39064e-05 2.17722
0.0524695  4.40529e-05 2.18903
0.0529942  4.41992e-05 2.20092
0.0535241  4.43452e-05 2.21289
0.0540594  4.44908e-05 2.22494
0.0546  4.46361e-05 2.23707
0.055146  4.47811e-05 2.24928
0.0556974  4.49257e-05 2.26158
0.0562544  4.50699e-05 2.27396
0.0568169  4.52137e-05 2.28642
0.0573851  4.5357e-05 2.29896
0.0579589  4.55e-05 2.31159
0.0585385  4.56424e-05 2.32431
0.0591239  4.57845e-05 2.33712
0.0597152  4.5926e-05 2.35001
0.0603123  4.6067e-05 2.36299
0.0609154  4.62075e-05 2.37607
0.0615246  4.63474e-05 2.38923
0.0621398  4.64868e-05 2.40248
0.0627612  4.66256e-05 2.41583
0.0633888  4.67637e-05 2.42927
0.0640227  4.69013e-05 2.44281
0.064663  4.70382e-05 2.45644
0.0653096  4.71745e-05 2.47017
0.0659627  4.73101e-05 2.484
0.0666223  4.7445e-05 2.49792
0.0672885  4.75792e-05 2.51194
0.0679614  4.77126e-05 2.52607
0.068641  4.78453e-05 2.54029
0.0693275  4.79772e-05 2.55462
0.0700207  4.81083e-05 2.56905
0.0707209  4.82385e-05 2.58358
0.0714281  4.8368e-05 2.59822
0.0721424  4.84965e-05 2.61296
0.0728638  4.86242e-05 2.62781
0.0735925  4.8751e-05 2.64278
0.0743284  4.88769e-05 2.65785
0.0750717  4.90018e-05 2.67303
0.0758224  4.91258e-05 2.68832
0.0765806  4.92488e-05 2.70374
0.0773464  4.93707e-05 2.71926
0.0781199  4.94917e-05 2.73491
0.0789011  4.96116e-05 2.75067
0.0796901  4.97304e-05 2.76656
0.080487  4.98481e-05 2.78257
0.0812919  4.99445e-05 2.79871
0.0821048  5.00379e-05 2.81498
0.0829259  5.01296e-05 2.83137
0.0837551  5.02198e-05 2.8479
0.0845927  5.03083e-05 2.86456
0.0854386  5.03951e-05 2.88136
0.086293  5.04802e-05 2.89829
0.0871559  5.05636e-05 2.91537
0.0880275  5.06452e-05 2.93258
0.0889077  5.0725e-05 2.94995
0.0897968  5.0803e-05 2.96746
0.0906948  5.08791e-05 2.98512
0.0916017  5.09534e-05 3.00293
0.0925178  5.10257e-05 3.02089
0.0934429  5.10961e-05 3.03901
0.0943774  5.11645e-05 3.05729
0.0953211  5.1231e-05 3.07572
0.0962743  5.12954e-05 3.09432
0.0972371  5.13578e-05 3.11308
0.0982095  5.14181e-05 3.132
0.0991916  5.14763e-05 3.1511
0.100183  5.15324e-05 3.17036
0.101185  5.15863e-05 3.18979
0.102197  5.1638e-05 3.2094
0.103219  5.16875e-05 3.22918
0.104251  5.17348e-05 3.24914
0.105294  5.17798e-05 3.26928
0.106347  5.18225e-05 3.28961
0.10741  5.18629e-05 3.31012
0.108484  5.1901e-05 3.33082
0.109569  5.19367e-05 3.35171
0.110665  5.197e-05 3.3728
0.111772  5.20008e-05 3.39409
0.112889  5.20293e-05 3.41558
0.114018  5.20553e-05 3.43727
0.115158  5.20788e-05 3.45917
0.11631  5.20997e-05 3.48127
0.117473  5.21182e-05 3.50359
0.118648  5.21341e-05 3.52613
0.119834  5.21474e-05 3.54889
0.121033  5.21582e-05 3.57186
0.122243  5.21663e-05 3.59507
0.123465  5.21718e-05 3.6185
0.1247  5.21746e-05 3.64216
0.125947  5.21748e-05 3.66606
0.127206  5.21722e-05 3.6902
0.128478  5.2167e-05 3.71459
0.129763  5.21591e-05 3.73922
0.131061  5.21484e-05 3.7641
0.132372  5.21349e-05 3.78924
0.133695  5.21187e-05 3.81463
0.135032  5.20997e-05 3.84029
0.136383  5.20779e-05 3.86621
0.137746  5.20533e-05 3.8924
0.139124  5.20258e-05 3.91887
0.140515  5.19955e-05 3.94562
0.14192  5.19624e-05 3.97265
0.143339  5.19265e-05 3.99997
0.144773  5.18877e-05 4.02759
0.146221  5.1846e-05 4.0555
0.147683  5.18014e-05 4.08372
0.14916  5.1754e-05 4.11224
0.150651  5.17036e-05 4.14107
0.152158  5.16504e-05 4.17023
0.153679  5.15943e-05 4.1997
0.155216  5.15353e-05 4.2295
0.156768  5.14733e-05 4.25964
0.158336  5.14085e-05 4.29011
0.159919  5.13408e-05 4.32093
0.161518  5.12702e-05 4.3521
0.163134  5.11967e-05 4.38363
0.164765  5.11203e-05 4.41552
0.166413  5.1041e-05 4.44778
0.168077  5.09588e-05 4.48041
0.169757  5.08737e-05 4.51342
0.171455  5.07858e-05 4.54681
0.17317  5.0695e-05 4.5806
0.174901  5.06014e-05 4.61479
0.17665  5.05049e-05 4.64939
0.178417  5.04055e-05 4.6844
0.180201  5.03034e-05 4.71983
0.182003  5.01984e-05 4.75569
0.183823  5.00906e-05 4.79199
0.185661  4.99801e-05 4.82873
0.187518  4.98668e-05 4.86592
0.189393  4.97507e-05 4.90356
0.191287  4.96319e-05 4.94168
0.1932  4.95104e-05 4.98027
0.195132  4.93862e-05 5.01934
0.197083  4.92593e-05 5.0589
0.199054  4.91298e-05 5.09896
0.201045  4.89976e-05 5.13953
0.203055  4.88628e-05 5.18062
0.205086  4.87255e-05 5.22223
0.207136  4.85856e-05 5.26438
0.209208  4.84431e-05 5.30708
0.2113  4.82982e-05 5.35033
0.213413  4.81508e-05 5.39415
0.215547  4.80009e-05 5.43854
0.217702  4.78486e-05 5.48351
0.219879  4.76939e-05 5.52909
0.222078  4.75369e-05 5.57526
0.224299  4.73775e-05 5.62206
0.226542  4.72159e-05 5.66948
0.228807  4.7052e-05 5.71755
0.231095  4.68859e-05 5.76626
0.233406  4.67176e-05 5.81564
0.235741  4.65471e-05 5.86569
0.238098  4.63745e-05 5.91643
0.240479  4.61999e-05 5.96787
0.242884  4.60232e-05 6.02002
0.245313  4.58445e-05 6.0729
0.247766  4.56638e-05 6.12651
0.250243  4.54812e-05 6.18088
0.252746  4.52968e-05 6.23601
0.255273  4.51105e-05 6.29193
0.257826  4.49224e-05 6.34863
0.260404  4.47325e-05 6.40615
0.263008  4.4541e-05 6.46449
0.265638  4.43477e-05 6.52366
0.268295  4.41529e-05 6.5837
0.270978  4.39564e-05 6.6446
0.273687  4.37585e-05 6.70638
0.276424  4.3559e-05 6.76907
0.279189  4.3358e-05 6.83267
0.28198  4.31557e-05 6.89722
0.2848  4.2952e-05 6.96271
0.287648  4.2747e-05 7.02918
0.290525  4.25407e-05 7.09663
0.29343  4.23332e-05 7.16509
0.296364  4.21245e-05 7.23458
0.299328  4.19147e-05 7.30511
0.302321  4.17038e-05 7.3767
0.305344  4.14919e-05 7.44938
0.308398  4.1279e-05 7.52316
0.311482  4.10651e-05 7.59806
0.314597  4.08503e-05 7.67411
0.317743  4.06347e-05 7.75133
0.32092  4.04183e-05 7.82973
0.324129  4.02011e-05 7.90935
0.32737  3.99832e-05 7.9902
0.330644  3.97646e-05 8.0723
0.333951  3.95454e-05 8.15568
0.33729  3.93257e-05 8.24036
0.340663  3.91054e-05 8.32637
0.34407  3.88846e-05 8.41373
0.34751  3.86633e-05 8.50247
0.350985  3.84417e-05 8.59261
0.354495  3.82197e-05 8.68418
0.35804  3.79974e-05 8.7772
0.361621  3.77748e-05 8.8717
0.365237  3.7552e-05 8.96772
0.368889  3.73291e-05 9.06527
0.372578  3.7106e-05 9.16439
0.376304  3.68827e-05 9.2651
0.380067  3.66595e-05 9.36744
0.383868  3.64362e-05 9.47143
0.387706  3.62129e-05 9.57711
0.391583  3.59897e-05 9.6845
0.395499  3.57666e-05 9.79365
0.399454  3.55436e-05 9.90457
0.403449  3.53208e-05 10.0173
0.407483  3.50982e-05 10.1319
0.411558  3.48758e-05 10.2484
0.415674  3.46538e-05 10.3668
0.41983  3.44321e-05 10.4871
0.424029  3.42107e-05 10.6094
0.428269  3.39897e-05 10.7338
0.432552  3.37691e-05 10.8602
0.436877  3.3549e-05 10.9887
0.441246  3.33293e-05 11.1193
0.445658  3.31102e-05 11.2522
0.450115  3.28917e-05 11.3872
0.454616  3.26737e-05 11.5245
0.459162  3.24563e-05 11.6641
0.463754  3.22395e-05 11.8061
0.468391  3.20234e-05 11.9504
0.473075  3.1808e-05 12.0972
0.477806  3.15933e-05 12.2464
0.482584  3.13793e-05 12.3981
0.48741  3.11661e-05 12.5525
0.492284  3.09537e-05 12.7094
0.497207  3.07421e-05 12.869
0.502179  3.05313e-05 13.0313
0.507201  3.03214e-05 13.1963
0.512273  3.01124e-05 13.3642
0.517396  2.99042e-05 13.5349
0.52257  2.9697e-05 13.7085
0.527795  2.94906e-05 13.8851
0.533073  2.92853e-05 14.0647
0.538404  2.90809e-05 14.2474
0.543788  2.88775e-05 14.4331
0.549226  2.8675e-05 14.6221
0.554718  2.84736e-05 14.8143
0.560265  2.82732e-05 15.0098
0.565868  2.80739e-05 15.2087
0.571527  2.78756e-05 15.411
0.577242  2.76783e-05 15.6167
0.583014  2.74822e-05 15.826
0.588844  2.72871e-05 16.0389
0.594733  2.70931e-05 16.2555
0.60068  2.69002e-05 16.4758
0.606687  2.67085e-05 16.6999
0.612754  2.65178e-05 16.9279
0.618881  2.63283e-05 17.1598
0.62507  2.61399e-05 17.3957
0.631321  2.59527e-05 17.6357
0.637634  2.57666e-05 17.8798
0.644011  2.55817e-05 18.1282
0.650451  2.53979e-05 18.3808
0.656955  2.52153e-05 18.6379
0.663525  2.50338e-05 18.8994
0.67016  2.48536e-05 19.1654
0.676862  2.46745e-05 19.436
0.68363  2.44965e-05 19.7113
0.690466  2.43198e-05 19.9914
0.697371  2.41442e-05 20.2763
0.704345  2.39698e-05 20.5662
0.711388  2.37966e-05 20.8611
0.718502  2.36245e-05 21.1612
0.725687  2.34537e-05 21.4664
0.732944  2.3284e-05 21.777
0.740273  2.31154e-05 22.0929
0.747676  2.29481e-05 22.4143
0.755153  2.27819e-05 22.7413
0.762705  2.26169e-05 23.074
0.770332  2.24531e-05 23.4125
0.778035  2.22904e-05 23.7568
0.785815  2.21289e-05 24.1071
0.793673  2.19686e-05 24.4635
0.80161  2.18094e-05 24.8261
0.809626  2.16513e-05 25.195
0.817722  2.14944e-05 25.5703
0.8259  2.13386e-05 25.9521
0.834159  2.1184e-05 26.3406
0.8425  2.10305e-05 26.7358
0.850925  2.08781e-05 27.1379
0.859435  2.07268e-05 27.5469
0.868029  2.05767e-05 27.9631
0.876709  2.04276e-05 28.3865
0.885476  2.02797e-05 28.8172
0.894331  2.01328e-05 29.2555
0.903274  1.99871e-05 29.7013
0.912307  1.98424e-05 30.1549
0.92143  1.96988e-05 30.6163
0.930644  1.95562e-05 31.0858
0.939951  1.94148e-05 31.5634
0.94935  1.92743e-05 32.0493
0.958844  1.9135e-05 32.5437
0.968432  1.89966e-05 33.0466
0.978117  1.88593e-05 33.5582
0.987898  1.8723e-05 34.0788
0.997777  1.85877e-05 34.6083
1.00775  1.84535e-05 35.1471
1.01783  1.83202e-05 35.6952
1.02801  1.8188e-05 36.2528
1.03829  1.80567e-05 36.82
1.04867  1.79264e-05 37.3972
1.05916  1.77971e-05 37.9843
1.06975  1.76687e-05 38.5816
1.08045  1.75413e-05 39.1892
1.09125  1.74148e-05 39.8074
1.10217  1.72893e-05 40.4363
1.11319  1.71647e-05 41.0761
1.12432  1.7041e-05 41.727
1.13556  1.69183e-05 42.3892
1.14692  1.67965e-05 43.0628
1.15839  1.66755e-05 43.7481
1.16997  1.65555e-05 44.4453
1.18167  1.64363e-05 45.1546
1.19349  1.6318e-05 45.8761
1.20542  1.62006e-05 46.6102
1.21748  1.60841e-05 47.3569
1.22965  1.59684e-05 48.1166
1.24195  1.58535e-05 48.8895
1.25437  1.57395e-05 49.6757
1.26691  1.56264e-05 50.4755
1.27958  1.5514e-05 51.2892
1.29238  1.54025e-05 52.117
1.3053  1.52918e-05 52.9591
1.31835  1.51818e-05 53.8158
1.33154  1.50727e-05 54.6873
1.34485  1.49644e-05 55.5739
1.3583  1.48569e-05 56.4759
1.37188  1.47501e-05 57.3935
1.3856  1.46441e-05 58.3269
1.39946  1.45388e-05 59.2766
1.41345  1.44344e-05 60.2426
1.42759  1.43306e-05 61.2254
1.44186  1.42276e-05 62.2252
1.45628  1.41254e-05 63.2423
1.47085  1.40238e-05 64.277
1.48555  1.3923e-05 65.3296
1.50041  1.38229e-05 66.4004
1.51541  1.37235e-05 67.4898
1.53057  1.36249e-05 68.5981
1.54587  1.35269e-05 69.7255
1.56133  1.34296e-05 70.8725
1.57695  1.3333e-05 72.0393
1.59271  1.32371e-05 73.2263
1.60864  1.31418e-05 74.4339
1.62473  1.30472e-05 75.6624
1.64098  1.29533e-05 76.9122
1.65739  1.286e-05 78.1836
1.67396  1.27674e-05 79.4771
1.6907  1.26754e-05 80.793
1.70761  1.25841e-05 82.1317
1.72468  1.24934e-05 83.4936
1.74193  1.24033e-05 84.8791
1.75935  1.23139e-05 86.2886
1.77694  1.22251e-05 87.7225
1.79471  1.21368e-05 89.1813
1.81266  1.20492e-05 90.6655
1.83078  1.19622e-05 92.1753
1.84909  1.18758e-05 93.7113
1.86758  1.179e-05 95.274
1.88626  1.17048e-05 96.8638
1.90512  1.16202e-05 98.4812
1.92417  1.15361e-05 100.127
1.94341  1.14526e-05 101.801
1.96285  1.13697e-05 103.504
1.98248  1.12874e-05 105.237
2.0023  1.12056e-05 106.999
2.02232  1.11244e-05 108.793
2.04255  1.10437e-05 110.617
2.06297  1.09636e-05 112.474
2.0836  1.0884e-05 114.362
2.10444  1.0805e-05 116.284
2.12548  1.07265e-05 118.238
2.14674  1.06485e-05 120.227
2.16821  1.05711e-05 122.251
2.18989  1.04942e-05 124.309
2.21179  1.04178e-05 126.404
2.2339  1.03419e-05 128.534
2.25624  1.02665e-05 130.702
2.27881  1.01917e-05 132.908
2.30159  1.01173e-05 135.152
2.32461  1.00435e-05 137.436
2.34786  9.97013e-06 139.759
2.37134  9.89728e-06 142.122
2.39505  9.82491e-06 144.527
2.419  9.75304e-06 146.974
2.44319  9.68165e-06 149.463
2.46762  9.61075e-06 151.996
2.4923  9.54032e-06 154.573
2.51722  9.47036e-06 157.195
2.54239  9.40088e-06 159.863
2.56782  9.33186e-06 162.577
2.59349  9.26331e-06 165.339
2.61943  9.19522e-06 168.149
2.64562  9.12759e-06 171.009
2.67208  9.06042e-06 173.918
2.6988  8.9937e-06 176.878
2.72579  8.92743e-06 179.89
2.75305  8.8616e-06 182.955
2.78058  8.79622e-06 186.073
2.80838  8.73128e-06 189.246
2.83647  8.66678e-06 192.474
2.86483  8.60271e-06 195.759
2.89348  8.53907e-06 199.101
2.92241  8.47586e-06 202.503
2.95164  8.41308e-06 205.963
2.98115  8.35073e-06 209.485
3.01097  8.28879e-06 213.068
3.04108  8.22727e-06 216.714
3.07149  8.16617e-06 220.424
3.1022  8.10549e-06 224.2
3.13322  8.04521e-06 228.041
3.16456  7.98534e-06 231.951
3.1962  7.92587e-06 235.929
3.22816  7.86681e-06 239.977
3.26045  7.80815e-06 244.096
3.29305  7.74989e-06 248.288
3.32598  7.69202e-06 252.554
3.35924  7.63455e-06 256.894
3.39283  7.57746e-06 261.311
3.42676  7.52076e-06 265.806
3.46103  7.46445e-06 270.38
3.49564  7.40852e-06 275.034
3.53059  7.35298e-06 279.769
3.5659  7.29781e-06 284.588
3.60156  7.24302e-06 289.492
3.63758  7.1886e-06 294.482
3.67395  7.13455e-06 299.56
3.71069  7.08087e-06 304.727
3.7478  7.02756e-06 309.986
3.78528  6.97462e-06 315.338
3.82313  6.92203e-06 320.784
3.86136  6.86981e-06 326.328
3.89997  6.81795e-06 331.969
3.93897  6.76644e-06 337.712
3.97836  6.71529e-06 343.556
4.01815  6.66448e-06 349.505
4.05833  6.61403e-06 355.56
4.09891  6.56392e-06 361.724
4.1399  6.51416e-06 367.998
4.1813  6.46475e-06 374.384
4.22311  6.41567e-06 380.886
4.26534  6.36694e-06 387.505
4.308  6.31854e-06 394.243
4.35108  6.27047e-06 401.103
4.39459  6.22274e-06 408.088
4.43853  6.17534e-06 415.199
4.48292  6.12827e-06 422.439
4.52775  6.08153e-06 429.811
4.57303  6.03511e-06 437.317
4.61876  5.98902e-06 444.96
4.66494  5.94324e-06 452.741
4.71159  5.89779e-06 460.664
4.75871  5.85265e-06 468.731
4.8063  5.80783e-06 476.943
4.85436  5.76332e-06 485.305
4.9029  5.71913e-06 493.818
4.95193  5.67524e-06 502.486
5.00145  5.63166e-06 511.31
5.05146  5.58839e-06 520.294
5.10198  5.54542e-06 529.441
5.153  5.50276e-06 538.753
5.20453  5.46039e-06 548.234
5.25657  5.41832e-06 557.886
5.30914  5.37655e-06 567.714
5.36223  5.33508e-06 577.72
5.41585  5.2939e-06 587.907
5.47001  5.25301e-06 598.279
5.52471  5.21241e-06 608.84
5.57996  5.17209e-06 619.592
5.63576  5.13207e-06 630.541
5.69212  5.09233e-06 641.688
5.74904  5.05287e-06 653.038
5.80653  5.01369e-06 664.594
5.86459  4.97479e-06 676.361
5.92324  4.93617e-06 688.341
5.98247  4.89782e-06 700.54
6.0423  4.85975e-06 712.96
6.10272  4.82195e-06 725.607
6.16375  4.78442e-06 738.483
6.22538  4.74716e-06 751.594
6.28764  4.71017e-06 764.943
6.35051  4.67344e-06 778.535
6.41402  4.63698e-06 792.374
6.47816  4.60078e-06 806.466
6.54294  4.56484e-06 820.813
6.60837  4.52916e-06 835.422
6.67445  4.49374e-06 850.296
6.7412  4.45857e-06 865.442
6.80861  4.42366e-06 880.863
6.8767  4.389e-06 896.565
6.94546  4.35459e-06 912.553
7.01492  4.32043e-06 928.832
7.08507  4.28652e-06 945.409
7.15592  4.25286e-06 962.287
7.22748  4.21944e-06 979.472
7.29975  4.18626e-06 996.971
7.37275  4.15333e-06 1014.79
7.44648  4.12063e-06 1032.93
7.52094  4.08818e-06 1051.41
7.59615  4.05596e-06 1070.22
7.67211  4.02398e-06 1089.37
7.74883  3.99223e-06 1108.87
7.82632  3.96071e-06 1128.73
7.90459  3.92943e-06 1148.95
7.98363  3.89837e-06 1169.55
8.06347  3.86622e-06 1190.51
8.1441  3.83418e-06 1211.86
8.22554  3.80237e-06 1233.6
8.3078  3.77082e-06 1255.73
8.39088  3.73953e-06 1278.27
8.47479  3.70849e-06 1301.23
8.55953  3.67772e-06 1324.6
8.64513  3.64719e-06 1348.39
8.73158  3.61693e-06 1372.63
8.8189  3.58691e-06 1397.3
8.90709  3.55714e-06 1422.43
8.99616  3.52761e-06 1448.01
9.08612  3.49834e-06 1474.07
9.17698  3.4693e-06 1500.6
9.26875  3.4405e-06 1527.61
9.36144  3.41195e-06 1555.12
9.45505  3.38362e-06 1583.13
9.5496  3.35554e-06 1611.66
9.6451  3.32768e-06 1640.7
9.74155  3.30006e-06 1670.28
9.83896  3.27267e-06 1700.4
9.93735  3.2455e-06 1731.07
10.0367  3.21856e-06 1762.3
10.1371  3.19184e-06 1794.1
10.2385  3.16534e-06 1826.49
10.3409  3.13906e-06 1859.46
10.4443  3.113e-06 1893.04
10.5487  3.08715e-06 1927.24
10.6542  3.06152e-06 1962.06
10.7607  3.0361e-06 1997.52
10.8683  3.01089e-06 2033.63
10.977  2.98589e-06 2070.4
11.0868  2.9611e-06 2107.84
11.1977  2.93652e-06 2145.97
11.3096  2.91214e-06 2184.79
11.4227  2.88796e-06 2224.33
11.537  2.86396e-06 2264.6
11.6523  2.84016e-06 2305.6
11.7689  2.81656e-06 2347.35
11.8865  2.79315e-06 2389.87
12.0054  2.76994e-06 2433.16
12.1255  2.74692e-06 2477.26
12.2467  2.72409e-06 2522.16
12.3692  2.70145e-06 2567.88
12.4929  2.67899e-06 2614.44
12.6178  2.65672e-06 2661.85
12.744  2.63464e-06 2710.14
12.8714  2.61274e-06 2759.31
13.0001  2.59102e-06 2809.38
13.1301  2.56948e-06 2860.37
13.2614  2.54812e-06 2912.3
13.3941  2.52694e-06 2965.18
13.528  2.50593e-06 3019.03
13.6633  2.4851e-06 3073.87
13.7999  2.46444e-06 3129.71
13.9379  2.44395e-06 3186.58
14.0773  2.42363e-06 3244.5
14.2181  2.40348e-06 3303.47
14.3602  2.38349e-06 3363.53
14.5038  2.36368e-06 3424.69
14.6489  2.34402e-06 3486.98
14.7954  2.32453e-06 3550.4
14.9433  2.3052e-06 3615
15.0928  2.28604e-06 3680.78
15.2437  2.26703e-06 3747.76
15.3961  2.24818e-06 3815.98
15.5501  2.22948e-06 3885.45
15.7056  2.21094e-06 3956.2
15.8626  2.19256e-06 4028.24
16.0213  2.17432e-06 4101.61
16.1815  2.15624e-06 4176.33
16.3433  2.13831e-06 4252.42
16.5067  2.12053e-06 4329.91
16.6718  2.10289e-06 4408.82
16.8385  2.08539e-06 4489.18
17.0069  2.06804e-06 4571.02
17.177  2.05084e-06 4654.37
17.3487  2.03377e-06 4739.24
17.5222  2.01685e-06 4825.68
17.6974  2.00007e-06 4913.7
17.8744  1.98343e-06 5003.35
18.0532  1.96693e-06 5094.64
18.2337  1.95056e-06 5187.61
18.416  1.93433e-06 5282.29
18.6002  1.91823e-06 5378.71
18.7862  1.90227e-06 5476.9
18.9741  1.88644e-06 5576.9
19.1638  1.87075e-06 5678.74
19.3554  1.85518e-06 5782.45
19.549  1.83974e-06 5888.07
19.7445  1.82443e-06 5995.63
19.9419  1.80925e-06 6105.18
20.1413  1.79419e-06 6216.73
20.3427  1.77926e-06 6330.34
20.5462  1.76446e-06 6446.04
20.7516  1.74977e-06 6563.87
20.9592  1.73521e-06 6683.86
21.1687  1.72077e-06 6806.06
21.3804  1.70645e-06 6930.52
21.5942  1.69225e-06 7057.26
21.8102  1.67817e-06 7186.33
22.0283  1.6642e-06 7317.78
22.2486  1.65035e-06 7451.65
22.4711  1.63662e-06 7587.98
22.6958  1.623e-06 7726.82
22.9227  1.6095e-06 7868.22
23.1519  1.59611e-06 8012.22
23.3835  1.58282e-06 8158.87
23.6173  1.56965e-06 8308.22
23.8535  1.55659e-06 8460.32
24.092  1.54364e-06 8615.22
24.3329  1.5308e-06 8772.97
24.5763  1.51806e-06 8933.62
24.822  1.50543e-06 9097.23
25.0702  1.49291e-06 9263.85
25.3209  1.48049e-06 9433.54
25.5742  1.46818e-06 9606.36
25.8299  1.45596e-06 9782.35
26.0882  1.44385e-06 9961.59
26.3491  1.43184e-06 10144.1
26.6126  1.41993e-06 10330
26.8787  1.40812e-06 10519.3
27.1475  1.39641e-06 10712.1
27.419  1.3848e-06 10908.5
27.6931  1.37329e-06 11108.5
27.9701  1.36187e-06 11312.1
28.2498  1.35054e-06 11519.5
28.5323  1.33931e-06 11730.7
28.8176  1.32818e-06 11945.9
29.1058  1.31714e-06 12164.9
29.3968  1.30619e-06 12388
29.6908  1.29533e-06 12615.2
29.9877  1.28457e-06 12846.6
30.2876  1.27389e-06 13082.3
30.5905  1.2633e-06 13322.3
30.8964  1.25281e-06 13566.7
31.2053  1.2424e-06 13815.6
31.5174  1.23207e-06 14069.1
31.8326  1.22184e-06 14327.3
32.1509  1.21169e-06 14590.2
32.4724  1.20162e-06 14857.9
32.7971  1.19164e-06 15130.6
33.1251  1.18175e-06 15408.3
33.4563  1.17193e-06 15691.1
33.7909  1.1622e-06 15979.1
34.1288  1.15256e-06 16272.5
34.4701  1.14299e-06 16571.2
34.8148  1.1335e-06 16875.4
35.1629  1.12409e-06 17185.2
35.5146  1.11476e-06 17500.8
35.8697  1.10552e-06 17822.1
36.2284  1.09634e-06 18149.4
36.5907  1.08725e-06 18482.6
36.9566  1.07823e-06 18822
37.3262  1.06929e-06 19167.7
37.6994  1.06042e-06 19519.7
38.0764  1.05163e-06 19878.2
38.4572  1.04291e-06 20243.3
38.8418  1.03427e-06 20615.1
39.2302  1.02569e-06 20993.7
39.6225  1.0172e-06 21379.3
40.0187  1.00877e-06 21772.1
40.4189  1.00041e-06 22172
40.8231  9.92125e-07 22579.3
41.2313  9.83909e-07 22994.1
41.6436  9.75762e-07 23416.5
42.0601  9.67684e-07 23846.7
42.4807  9.59674e-07 24284.8
42.9055  9.51732e-07 24730.9
43.3345  9.43857e-07 25185.3
43.7679  9.36048e-07 25648
44.2056  9.28306e-07 26119.2
44.6476  9.20629e-07 26599.1
45.0941  9.13017e-07 27087.8
45.545  9.05469e-07 27585.5
46.0005  8.97986e-07 28092.3
46.4605  8.90565e-07 28608.5
46.9251  8.83208e-07 29134.1
47.3943  8.75912e-07 29669.4
47.8683  8.68679e-07 30214.6
48.347  8.61507e-07 30769.7
48.8304  8.54395e-07 31335.1
49.3187  8.47344e-07 31910.9
49.8119  8.40353e-07 32497.2
50.31  8.33421e-07 33094.3
50.8131  8.26548e-07 33702.4
51.3213  8.19733e-07 34321.6
51.8345  8.12976e-07 34952.2
52.3528  8.06276e-07 35594.4
52.8764  7.99634e-07 36248.3
53.4051  7.93047e-07 36914.3
53.9392  7.86517e-07 37592.5
54.4786  7.80042e-07 38283.2
55.0234  7.73622e-07 38986.5
55.5736  7.67257e-07 39702.8
56.1293  7.60946e-07 40432.2
56.6906  7.54689e-07 41174.9
57.2575  7.48485e-07 41931.3
57.8301  7.42334e-07 42701.6
58.4084  7.36235e-07 43486
58.9925  7.30188e-07 44284.7
59.5824  7.24192e-07 45098.2
60.1782  7.18248e-07 45926.5
60.78  7.12354e-07 46770
61.3878  7.06511e-07 47629
62.0017  7.00718e-07 48503.7
62.6217  6.94973e-07 49394.5
63.2479  6.89278e-07 50301.5
63.8804  6.83632e-07 51225.2
64.5192  6.78034e-07 52165.8
65.1644  6.72483e-07 53123.6
65.816  6.6698e-07 54099
66.4742  6.61524e-07 55092.2
67.1389  6.56115e-07 56103.6
67.8103  6.50752e-07 57133.5
68.4884  6.45434e-07 58182.3
69.1733  6.40163e-07 59250.2
69.8651  6.34936e-07 60337.7
70.5637  6.29754e-07 61445.1
71.2693  6.24617e-07 62572.7
71.982  6.19523e-07 63720.9
72.7019  6.14474e-07 64890.2
73.4289  6.09467e-07 66080.8
74.1632  6.04503e-07 67293.1
74.9048  5.99582e-07 68527.6
75.6538  5.94703e-07 69784.7
76.4104  5.89866e-07 71064.7
77.1745  5.85071e-07 72368.1
77.9462  5.80316e-07 73695.2
78.7257  5.75603e-07 75046.6
79.513  5.7093e-07 76422.7
80.3081  5.66297e-07 77823.9
81.1112  5.61704e-07 79250.6
81.9223  5.5715e-07 80703.3
82.7415  5.52636e-07 82182.6
83.5689  5.4816e-07 83688.7
84.4046  5.43723e-07 85222.4
85.2486  5.39324e-07 86784
86.1011  5.34963e-07 88374
86.9621  5.30639e-07 89993
87.8318  5.26353e-07 91641.5
88.7101  5.22104e-07 93320
89.5972  5.17891e-07 95029
90.4932  5.13715e-07 96769.2
91.3981  5.09575e-07 98541
92.3121  5.0547e-07 100345
93.2352  5.01401e-07 102182
94.1675  4.97367e-07 104052
95.1092  4.93368e-07 105956
96.0603  4.89403e-07 107895
97.0209  4.85472e-07 109869
97.9911  4.81576e-07 111879
98.971  4.77713e-07 113925
99.9607  4.73884e-07 116009
100.96  4.70088e-07 118130
101.97  4.66325e-07 120290
102.99  4.62594e-07 122488
104.02  4.58895e-07 124727
105.06  4.55229e-07 127007
106.11  4.51594e-07 129327
107.171  4.47991e-07 131690
108.243  4.4442e-07 134095
109.326  4.40879e-07 136544
110.419  4.37369e-07 139037
111.523  4.33889e-07 141576
112.638  4.3044e-07 144160
113.765  4.2702e-07 146791
114.902  4.23631e-07 149470
116.051  4.2027e-07 152196
117.212  4.16939e-07 154973
118.384  4.13637e-07 157799
119.568  4.10364e-07 160676
120.763  4.07119e-07 163605
121.971  4.03903e-07 166587
123.191  4.00714e-07 169623
124.423  3.97553e-07 172714
125.667  3.9442e-07 175860
126.924  3.91314e-07 179063
128.193  3.88236e-07 182323
129.475  3.85184e-07 185642
130.77  3.82159e-07 189021
132.077  3.7916e-07 192460
133.398  3.76187e-07 195962
134.732  3.73241e-07 199526
136.079  3.7032e-07 203154
137.44  3.67425e-07 206848
138.814  3.64555e-07 210607
140.203  3.6171e-07 214435
141.605  3.5889e-07 218330
143.021  3.56095e-07 222296
144.451  3.53324e-07 226332
145.895  3.50578e-07 230441
147.354  3.47856e-07 234624
148.828  3.45157e-07 238881
150.316  3.42483e-07 243214
151.819  3.39831e-07 247625
153.338  3.37203e-07 252114
154.871  3.34599e-07 256684
156.42  3.32017e-07 261336
157.984  3.29458e-07 266070
159.564  3.26921e-07 270889
161.159  3.24407e-07 275793
162.771  3.21915e-07 280785
164.399  3.19444e-07 285866
166.043  3.16996e-07 291037
167.703  3.14569e-07 296301
169.38  3.12164e-07 301658
171.074  3.0978e-07 307110
172.785  3.07417e-07 312658
174.512  3.05074e-07 318306
176.258  3.02753e-07 324053
178.02  3.00452e-07 329902
179.8  2.98171e-07 335855
181.598  2.95911e-07 341913
183.414  2.93671e-07 348079
185.248  2.9145e-07 354353
187.101  2.89249e-07 360739
188.972  2.87068e-07 367237
190.862  2.84906e-07 373850
192.77  2.82763e-07 380580
194.698  2.80639e-07 387429
196.645  2.78535e-07 394399
198.611  2.76448e-07 401492
200.598  2.74381e-07 408710
202.604  2.72332e-07 416055
204.63  2.70301e-07 423529
206.676  2.68288e-07 431135
208.743  2.66293e-07 438874
210.83  2.64316e-07 446749
212.938  2.62357e-07 454762
215.068  2.60415e-07 462916
217.218  2.5849e-07 471212
219.391  2.56583e-07 479652
221.584  2.54692e-07 488240
223.8  2.52819e-07 496977
226.038  2.50962e-07 505866
228.299  2.49122e-07 514909
230.582  2.47299e-07 524110
232.888  2.45492e-07 533471
235.216  2.43701e-07 542995
237.569  2.41926e-07 552685
239.944  2.40167e-07 562545
242.344  2.38424e-07 572576
244.767  2.36697e-07 582783
247.215  2.34985e-07 593169
249.687  2.33289e-07 603737
252.184  2.31608e-07 614490
254.706  2.29942e-07 625431
257.253  2.28291e-07 636565
259.825  2.26655e-07 647894
262.423  2.25033e-07 659423
265.048  2.23427e-07 671155
267.698  2.21835e-07 683094
270.375  2.20257e-07 695244
273.079  2.18694e-07 707609
275.81  2.17145e-07 720192
278.568  2.1561e-07 732999
281.354  2.14089e-07 746032
284.167  2.12581e-07 759297
287.009  2.11088e-07 772797
289.879  2.09608e-07 786537
292.778  2.08141e-07 800519
295.705  2.06688e-07 814748
298.662  2.05248e-07 829227
301.649  2.03821e-07 843961
304.666  2.02407e-07 858954
307.712  2.01006e-07 874208
310.789  1.99618e-07 889730
313.897  1.98243e-07 905522
317.036  1.9688e-07 921588
320.207  1.9553e-07 937934
323.409  1.94192e-07 954563
326.643  1.92867e-07 971481
329.909  1.91553e-07 988692
333.208  1.90252e-07 1.0062e+06
336.54  1.88963e-07 1.02401e+06
339.906  1.87685e-07 1.04213e+06
343.305  1.8642e-07 1.06057e+06
346.738  1.85166e-07 1.07932e+06
350.205  1.83923e-07 1.0984e+06
353.707  1.82692e-07 1.1178e+06
357.244  1.81473e-07 1.13754e+06
360.817  1.80265e-07 1.15762e+06
364.425  1.79068e-07 1.17805e+06
368.069  1.77882e-07 1.19883e+06
371.75  1.76707e-07 1.21996e+06
375.467  1.75543e-07 1.24146e+06
379.222  1.7439e-07 1.26332e+06
383.014  1.73247e-07 1.28556e+06
386.844  1.72115e-07 1.30818e+06
390.713  1.70994e-07 1.33118e+06
394.62  1.69883e-07 1.35458e+06
398.566  1.68783e-07 1.37837e+06
402.552  1.67693e-07 1.40257e+06
406.577  1.66613e-07 1.42718e+06
410.643  1.65544e-07 1.45221e+06
414.75  1.64484e-07 1.47766e+06
418.897  1.63434e-07 1.50354e+06
423.086  1.62394e-07 1.52985e+06
427.317  1.61364e-07 1.55662e+06
431.59  1.60344e-07 1.58383e+06
435.906  1.59333e-07 1.6115e+06
440.265  1.58332e-07 1.63963e+06
444.668  1.57341e-07 1.66824e+06
449.114  1.56359e-07 1.69733e+06
453.605  1.55386e-07 1.7269e+06
458.142  1.54422e-07 1.75697e+06
462.723  1.53467e-07 1.78754e+06
467.35  1.52522e-07 1.81862e+06
472.024  1.51586e-07 1.85022e+06
476.744  1.50658e-07 1.88235e+06
481.511  1.49739e-07 1.91501e+06
486.326  1.4883e-07 1.94821e+06
491.19  1.47928e-07 1.98196e+06
496.102  1.47036e-07 2.01627e+06
501.063  1.46152e-07 2.05114e+06
506.073  1.45277e-07 2.08659e+06
511.134  1.4441e-07 2.12263e+06
516.245  1.43551e-07 2.15926e+06
521.408  1.42701e-07 2.19649e+06
526.622  1.41859e-07 2.23433e+06
531.888  1.41025e-07 2.27279e+06
537.207  1.40199e-07 2.31188e+06
542.579  1.39381e-07 2.35161e+06
548.005  1.38571e-07 2.39199e+06
553.485  1.37769e-07 2.43302e+06
559.02  1.36975e-07 2.47472e+06
564.61  1.36189e-07 2.5171e+06
570.256  1.3541e-07 2.56017e+06
575.959  1.34639e-07 2.60393e+06
581.718  1.33875e-07 2.64841e+06
587.535  1.33119e-07 2.6936e+06
593.411  1.32371e-07 2.73951e+06
599.345  1.3163e-07 2.78617e+06
605.338  1.30896e-07 2.83358e+06
611.392  1.30169e-07 2.88174e+06
617.506  1.2945e-07 2.93068e+06
623.681  1.28738e-07 2.9804e+06
629.917  1.28032e-07 3.03092e+06
636.217  1.27334e-07 3.08224e+06
642.579  1.26643e-07 3.13438e+06
649.005  1.25959e-07 3.18734e+06
655.495  1.25282e-07 3.24115e+06
662.05  1.24611e-07 3.29581e+06
668.67  1.23947e-07 3.35133e+06
675.357  1.2329e-07 3.40773e+06
682.11  1.22639e-07 3.46501e+06
688.931  1.21995e-07 3.5232e+06
695.821  1.21358e-07 3.58231e+06
702.779  1.20727e-07 3.64234e+06
709.807  1.20103e-07 3.7033e+06
716.905  1.19484e-07 3.76523e+06
724.074  1.18873e-07 3.82811e+06
731.315  1.18267e-07 3.89198e+06
738.628  1.17668e-07 3.95684e+06
746.014  1.17075e-07 4.02271e+06
753.474  1.16487e-07 4.08959e+06
761.009  1.15906e-07 4.15751e+06
768.619  1.15331e-07 4.22648e+06
776.305  1.14762e-07 4.29652e+06
784.068  1.14199e-07 4.36763e+06
791.909  1.13642e-07 4.43983e+06
799.828  1.13091e-07 4.51313e+06
807.826  1.12545e-07 4.58756e+06
815.905  1.12005e-07 4.66313e+06
824.064  1.11471e-07 4.73984e+06
832.304  1.10942e-07 4.81773e+06
840.627  1.10419e-07 4.89679e+06
849.034  1.09902e-07 4.97706e+06
857.524  1.0939e-07 5.05854e+06
866.099  1.08883e-07 5.14125e+06
874.76  1.08382e-07 5.2252e+06
883.508  1.07886e-07 5.31042e+06
892.343  1.07396e-07 5.39692e+06
901.266  1.06911e-07 5.48471e+06
910.279  1.06431e-07 5.57382e+06
919.382  1.05956e-07 5.66426e+06
928.575  1.05487e-07 5.75604e+06
937.861  1.05022e-07 5.84919e+06
947.24  1.04563e-07 5.94372e+06
956.712  1.04108e-07 6.03965e+06
966.279  1.03659e-07 6.137e+06
975.942  1.03215e-07 6.23579e+06
985.702  1.02775e-07 6.33603e+06
995.559  1.02341e-07 6.43774e+06
