0.001  1.54068e-05 0.364193
0.00101  1.54022e-05 0.36601
0.0010201  1.53976e-05 0.367835
0.0010303  1.53929e-05 0.36967
0.0010406  1.5388e-05 0.371513
0.00105101  1.53829e-05 0.373366
0.00106152  1.53776e-05 0.375229
0.00107214  1.53741e-05 0.3771
0.00108286  1.5372e-05 0.378981
0.00109369  1.53697e-05 0.380871
0.00110462  1.53673e-05 0.382771
0.00111567  1.53647e-05 0.38468
0.00112683  1.5362e-05 0.386598
0.00113809  1.53591e-05 0.388526
0.00114947  1.5356e-05 0.390464
0.00116097  1.53527e-05 0.392412
0.00117258  1.53492e-05 0.394369
0.0011843  1.53456e-05 0.396336
0.00119615  1.53418e-05 0.398312
0.00120811  1.53378e-05 0.400299
0.00122019  1.53336e-05 0.402295
0.00123239  1.53292e-05 0.404302
0.00124472  1.5325e-05 0.406318
0.00125716  1.5321e-05 0.408345
0.00126973  1.53169e-05 0.410382
0.00128243  1.53125e-05 0.412428
0.00129526  1.53079e-05 0.414485
0.00130821  1.53032e-05 0.416552
0.00132129  1.52982e-05 0.41863
0.0013345  1.52932e-05 0.420718
0.00134785  1.52928e-05 0.422816
0.00136133  1.52923e-05 0.424925
0.00137494  1.52916e-05 0.427044
0.00138869  1.52907e-05 0.429174
0.00140258  1.52897e-05 0.431315
0.0014166  1.52884e-05 0.433466
0.00143077  1.5287e-05 0.435628
0.00144508  1.52855e-05 0.437801
0.00145953  1.52837e-05 0.439984
0.00147412  1.52818e-05 0.442178
0.00148886  1.52797e-05 0.444384
0.00150375  1.52774e-05 0.4466
0.00151879  1.52749e-05 0.448828
0.00153398  1.52722e-05 0.451066
0.00154932  1.52693e-05 0.453316
0.00156481  1.52662e-05 0.455577
0.00158046  1.5263e-05 0.457849
0.00159626  1.52595e-05 0.460133
0.00161223  1.52593e-05 0.462427
0.00162835  1.52597e-05 0.464734
0.00164463  1.526e-05 0.467052
0.00166108  1.52601e-05 0.469381
0.00167769  1.52625e-05 0.471722
0.00169447  1.52663e-05 0.474075
0.00171141  1.527e-05 0.476439
0.00172852  1.52735e-05 0.478815
0.00174581  1.52769e-05 0.481204
0.00176327  1.52801e-05 0.483604
0.0017809  1.52832e-05 0.486016
0.00179871  1.52861e-05 0.48844
0.0018167  1.52889e-05 0.490876
0.00183486  1.52915e-05 0.493324
0.00185321  1.5294e-05 0.495784
0.00187174  1.52974e-05 0.498257
0.00189046  1.5301e-05 0.500742
0.00190937  1.53044e-05 0.503239
0.00192846  1.53076e-05 0.505749
0.00194774  1.53107e-05 0.508272
0.00196722  1.53137e-05 0.510807
0.00198689  1.53165e-05 0.513355
0.00200676  1.53204e-05 0.515915
0.00202683  1.53273e-05 0.518488
0.0020471  1.53341e-05 0.521074
0.00206757  1.53408e-05 0.523673
0.00208825  1.53474e-05 0.526285
0.00210913  1.53538e-05 0.528909
0.00213022  1.53601e-05 0.531547
0.00215152  1.53694e-05 0.534198
0.00217304  1.53789e-05 0.536863
0.00219477  1.53884e-05 0.539541
0.00221672  1.53977e-05 0.542232
0.00223888  1.54069e-05 0.544936
0.00226127  1.5416e-05 0.547654
0.00228388  1.5425e-05 0.550385
0.00230672  1.54338e-05 0.55313
0.00232979  1.54426e-05 0.555889
0.00235309  1.54512e-05 0.558661
0.00237662  1.54597e-05 0.561448
0.00240038  1.54681e-05 0.564248
0.00242439  1.54763e-05 0.567062
0.00244863  1.54844e-05 0.56989
0.00247312  1.54924e-05 0.572733
0.00249785  1.55019e-05 0.575589
0.00252283  1.55115e-05 0.57846
0.00254806  1.5521e-05 0.581345
0.00257354  1.55303e-05 0.584245
0.00259927  1.55395e-05 0.587158
0.00262527  1.55486e-05 0.590087
0.00265152  1.55576e-05 0.59303
0.00267803  1.55697e-05 0.595988
0.00270481  1.55862e-05 0.59896
0.00273186  1.56026e-05 0.601948
0.00275918  1.56191e-05 0.60495
0.00278677  1.56354e-05 0.607967
0.00281464  1.56517e-05 0.610999
0.00284279  1.56679e-05 0.614047
0.00287121  1.5684e-05 0.617109
0.00289993  1.57001e-05 0.620187
0.00292893  1.57161e-05 0.62328
0.00295822  1.5732e-05 0.626389
0.0029878  1.57479e-05 0.629513
0.00301768  1.5767e-05 0.632433
0.00304785  1.58191e-05 0.633186
0.00307833  1.58714e-05 0.633952
0.00310911  1.59239e-05 0.634731
0.0031402  1.59767e-05 0.635523
0.00317161  1.60298e-05 0.636327
0.00320332  1.60835e-05 0.637142
0.00323536  1.61402e-05 0.63797
0.00326771  1.61971e-05 0.638808
0.00330039  1.62544e-05 0.639658
0.00333339  1.63119e-05 0.640519
0.00336672  1.63751e-05 0.641391
0.00340039  1.64388e-05 0.642273
0.0034344  1.6503e-05 0.643165
0.00346874  1.65675e-05 0.644067
0.00350343  1.66324e-05 0.644979
0.00353846  1.66977e-05 0.6459
0.00357385  1.67634e-05 0.646831
0.00360958  1.68294e-05 0.647771
0.00364568  1.68958e-05 0.648719
0.00368214  1.69627e-05 0.649677
0.00371896  1.70302e-05 0.650643
0.00375615  1.71001e-05 0.651618
0.00379371  1.71704e-05 0.6526
0.00383165  1.72412e-05 0.653592
0.00386996  1.73124e-05 0.654591
0.00390866  1.7384e-05 0.655598
0.00394775  1.74561e-05 0.656613
0.00398723  1.75286e-05 0.657635
0.0040271  1.76016e-05 0.658665
0.00406737  1.76751e-05 0.659702
0.00410804  1.7749e-05 0.660746
0.00414912  1.78234e-05 0.661798
0.00419062  1.78982e-05 0.662856
0.00423252  1.79736e-05 0.663922
0.00427485  1.80502e-05 0.664994
0.0043176  1.813e-05 0.666074
0.00436077  1.82103e-05 0.66716
0.00440438  1.82912e-05 0.668253
0.00444842  1.83726e-05 0.669352
0.00449291  1.84545e-05 0.670458
0.00453784  1.85369e-05 0.67157
0.00458321  1.86199e-05 0.672688
0.00462905  1.87035e-05 0.673813
0.00467534  1.87876e-05 0.674944
0.00472209  1.88723e-05 0.676082
0.00476931  1.89575e-05 0.677226
0.004817  1.90433e-05 0.678376
0.00486517  1.91296e-05 0.679532
0.00491383  1.92166e-05 0.680694
0.00496296  1.93045e-05 0.681862
0.00501259  1.93961e-05 0.683037
0.00506272  1.94951e-05 0.684217
0.00511335  1.95947e-05 0.685404
0.00516448  1.9695e-05 0.686596
0.00521613  1.97961e-05 0.687795
0.00526829  1.98978e-05 0.688999
0.00532097  2.00002e-05 0.69021
0.00537418  2.01066e-05 0.691426
0.00542792  2.02144e-05 0.692649
0.0054822  2.03229e-05 0.693878
0.00553702  2.04322e-05 0.695113
0.00559239  2.05423e-05 0.696354
0.00564832  2.06532e-05 0.697601
0.0057048  2.07649e-05 0.698854
0.00576185  2.08773e-05 0.700113
0.00581947  2.09906e-05 0.701378
0.00587766  2.11046e-05 0.702649
0.00593644  2.12194e-05 0.703927
0.0059958  2.1335e-05 0.705211
0.00605576  2.14515e-05 0.706501
0.00611632  2.15687e-05 0.707798
0.00617748  2.16868e-05 0.709101
0.00623926  2.18068e-05 0.71041
0.00630165  2.1928e-05 0.711726
0.00636466  2.205e-05 0.713048
0.00642831  2.21729e-05 0.714376
0.00649259  2.22966e-05 0.715712
0.00655752  2.24212e-05 0.717053
0.0066231  2.25466e-05 0.718402
0.00668933  2.26729e-05 0.719757
0.00675622  2.28001e-05 0.721119
0.00682378  2.29282e-05 0.722488
0.00689202  2.30571e-05 0.723864
0.00696094  2.31869e-05 0.725247
0.00703055  2.33176e-05 0.726637
0.00710085  2.34491e-05 0.728034
0.00717186  2.35816e-05 0.729438
0.00724358  2.3715e-05 0.730849
0.00731602  2.38493e-05 0.732268
0.00738918  2.39844e-05 0.733694
0.00746307  2.41213e-05 0.735127
0.0075377  2.42599e-05 0.736568
0.00761308  2.43995e-05 0.738017
0.00768921  2.45399e-05 0.739473
0.0077661  2.46814e-05 0.740937
0.00784376  2.48237e-05 0.742409
0.0079222  2.4967e-05 0.743888
0.00800142  2.51117e-05 0.745376
0.00808144  2.52627e-05 0.746872
0.00816225  2.54148e-05 0.748375
0.00824387  2.55679e-05 0.749887
0.00832631  2.5722e-05 0.751407
0.00840957  2.58772e-05 0.752936
0.00849367  2.60333e-05 0.754473
0.00857861  2.61905e-05 0.756019
0.00866439  2.63488e-05 0.757573
0.00875104  2.65081e-05 0.759136
0.00883855  2.66684e-05 0.760708
0.00892693  2.68298e-05 0.762289
0.0090162  2.69922e-05 0.763879
0.00910636  2.71557e-05 0.765478
0.00919743  2.73202e-05 0.767086
0.0092894  2.74858e-05 0.768703
0.0093823  2.76525e-05 0.77033
0.00947612  2.78203e-05 0.771966
0.00957088  2.79891e-05 0.773612
0.00966659  2.8159e-05 0.775267
0.00976325  2.833e-05 0.776932
0.00986089  2.8502e-05 0.778607
0.0099595  2.86762e-05 0.780292
0.0100591  2.8856e-05 0.781987
0.0101597  2.90402e-05 0.783692
0.0102613  2.92256e-05 0.785407
0.0103639  2.94122e-05 0.787133
0.0104675  2.95999e-05 0.788868
0.0105722  2.97889e-05 0.790615
0.0106779  2.9979e-05 0.792372
0.0107847  3.01704e-05 0.79414
0.0108926  3.03629e-05 0.795919
0.0110015  3.05567e-05 0.797708
0.0111115  3.07517e-05 0.799509
0.0112226  3.09479e-05 0.801321
0.0113348  3.11453e-05 0.803143
0.0114482  3.1344e-05 0.804978
0.0115627  3.15439e-05 0.806823
0.0116783  3.1745e-05 0.80868
0.0117951  3.19474e-05 0.810549
0.011913  3.2151e-05 0.812429
0.0120322  3.23558e-05 0.814321
0.0121525  3.25619e-05 0.816226
0.012274  3.27692e-05 0.818142
0.0123967  3.29781e-05 0.82007
0.0125207  3.319e-05 0.822011
0.0126459  3.34032e-05 0.823964
0.0127724  3.36176e-05 0.825929
0.0129001  3.38334e-05 0.827907
0.0130291  3.40504e-05 0.829898
0.0131594  3.42687e-05 0.831901
0.013291  3.44884e-05 0.833917
0.0134239  3.4711e-05 0.835946
0.0135581  3.49361e-05 0.837988
0.0136937  3.51625e-05 0.840043
0.0138307  3.53902e-05 0.842112
0.013969  3.56192e-05 0.844194
0.0141086  3.58497e-05 0.846289
0.0142497  3.60814e-05 0.848398
0.0143922  3.63145e-05 0.850521
0.0145362  3.6549e-05 0.852657
0.0146815  3.67849e-05 0.854807
0.0148283  3.70221e-05 0.856971
0.0149766  3.72607e-05 0.859149
0.0151264  3.75006e-05 0.861342
0.0152776  3.7742e-05 0.863549
0.0154304  3.79847e-05 0.86577
0.0155847  3.82288e-05 0.868006
0.0157406  3.84743e-05 0.870256
0.015898  3.87211e-05 0.872521
0.016057  3.89714e-05 0.874801
0.0162175  3.92259e-05 0.877095
0.0163797  3.94819e-05 0.879405
0.0165435  3.97394e-05 0.881729
0.0167089  3.99987e-05 0.884069
0.016876  4.0261e-05 0.886425
0.0170448  4.05248e-05 0.888795
0.0172152  4.07901e-05 0.891182
0.0173874  4.10569e-05 0.893583
0.0175613  4.13252e-05 0.896001
0.0177369  4.1595e-05 0.898434
0.0179142  4.18663e-05 0.900884
0.0180934  4.21391e-05 0.903349
0.0182743  4.24134e-05 0.90583
0.0184571  4.26893e-05 0.908328
0.0186416  4.29678e-05 0.910842
0.018828  4.32498e-05 0.913373
0.0190163  4.35333e-05 0.91592
0.0192065  4.38184e-05 0.918483
0.0193986  4.41051e-05 0.921064
0.0195925  4.43933e-05 0.923661
0.0197885  4.46831e-05 0.926276
0.0199864  4.49745e-05 0.928907
0.0201862  4.52692e-05 0.931555
0.0203881  4.55658e-05 0.934221
0.020592  4.58639e-05 0.936903
0.0207979  4.61637e-05 0.939604
0.0210059  4.64651e-05 0.942321
0.0212159  4.67681e-05 0.945056
0.0214281  4.70737e-05 0.947809
0.0216424  4.7382e-05 0.95058
0.0218588  4.76919e-05 0.953369
0.0220774  4.80036e-05 0.956175
0.0222981  4.83169e-05 0.959
0.0225211  4.86319e-05 0.961843
0.0227463  4.89485e-05 0.964705
0.0229738  4.92669e-05 0.967584
0.0232035  4.9587e-05 0.970483
0.0234356  4.99088e-05 0.9734
0.0236699  5.02323e-05 0.976336
0.0239066  5.05576e-05 0.979291
0.0241457  5.08845e-05 0.982265
0.0243871  5.12132e-05 0.985258
0.024631  5.15437e-05 0.988271
0.0248773  5.18758e-05 0.991303
0.0251261  5.22098e-05 0.994353
0.0253774  5.25455e-05 0.997423
0.0256311  5.28829e-05 1.00051
0.0258874  5.32222e-05 1.00362
0.0261463  5.35632e-05 1.00675
0.0264078  5.3906e-05 1.00989
0.0266719  5.42506e-05 1.01306
0.0269386  5.46002e-05 1.01625
0.027208  5.49516e-05 1.01945
0.02748  5.53048e-05 1.02267
0.0277548  5.56599e-05 1.02592
0.0280324  5.60169e-05 1.02918
0.0283127  5.63757e-05 1.03247
0.0285958  5.67364e-05 1.03577
0.0288818  5.7099e-05 1.0391
0.0291706  5.74635e-05 1.04245
0.0294623  5.78298e-05 1.04582
0.029757  5.81981e-05 1.04921
0.0300545  5.85683e-05 1.05262
0.0303551  5.89127e-05 1.05606
0.0306586  5.92455e-05 1.05952
0.0309652  5.95795e-05 1.063
0.0312749  5.99147e-05 1.06651
0.0315876  6.0251e-05 1.07004
0.0319035  6.05884e-05 1.07359
0.0322225  6.09279e-05 1.07717
0.0325447  6.12689e-05 1.08078
0.0328702  6.1611e-05 1.08441
0.0331989  6.19542e-05 1.08806
0.0335309  6.22996e-05 1.09175
0.0338662  6.26469e-05 1.09545
0.0342049  6.29953e-05 1.09919
0.0345469  6.33448e-05 1.10295
0.0348924  6.36954e-05 1.10674
0.0352413  6.40472e-05 1.11056
0.0355937  6.44001e-05 1.11441
0.0359496  6.4754e-05 1.11828
0.0363091  6.51091e-05 1.12217
0.0366722  6.54653e-05 1.1261
0.037039  6.58225e-05 1.13005
0.0374093  6.61827e-05 1.13403
0.0377834  6.65446e-05 1.13804
0.0381613  6.69076e-05 1.14207
0.0385429  6.72717e-05 1.14613
0.0389283  6.76369e-05 1.15022
0.0393176  6.80031e-05 1.15433
0.0397108  6.83705e-05 1.15848
0.0401079  6.87388e-05 1.16265
0.040509  6.91083e-05 1.16685
0.040914  6.94787e-05 1.17108
0.0413232  6.98502e-05 1.17533
0.0417364  7.02228e-05 1.17962
0.0421538  7.05963e-05 1.18393
0.0425753  7.09709e-05 1.18827
0.0430011  7.13475e-05 1.19264
0.0434311  7.17254e-05 1.19704
0.0438654  7.21042e-05 1.20148
0.044304  7.24841e-05 1.20593
0.0447471  7.28649e-05 1.21042
0.0451946  7.32468e-05 1.21494
0.0456465  7.36296e-05 1.21949
0.046103  7.40133e-05 1.22407
0.046564  7.4398e-05 1.22868
0.0470296  7.47837e-05 1.23332
0.0474999  7.51702e-05 1.23799
0.0479749  7.55577e-05 1.24268
0.0484547  7.59461e-05 1.24741
0.0489392  7.63355e-05 1.25217
0.0494286  7.67257e-05 1.25697
0.0499229  7.71176e-05 1.26179
0.0504221  7.75119e-05 1.26664
0.0509264  7.79074e-05 1.27152
0.0514356  7.83039e-05 1.27644
0.05195  7.87012e-05 1.28138
0.0524695  7.90993e-05 1.28636
0.0529942  7.94983e-05 1.29137
0.0535241  7.98986e-05 1.29641
0.0540594  8.03005e-05 1.30148
0.0546  8.07032e-05 1.30659
0.055146  8.11068e-05 1.31173
0.0556974  8.15111e-05 1.3169
0.0562544  8.19162e-05 1.3221
0.0568169  8.23221e-05 1.32733
0.0573851  8.27288e-05 1.3326
0.0579589  8.31362e-05 1.3379
0.0585385  8.35444e-05 1.34323
0.0591239  8.39532e-05 1.34859
0.0597152  8.43628e-05 1.35399
0.0603123  8.47731e-05 1.35942
0.0609154  8.51841e-05 1.36489
0.0615246  8.55957e-05 1.37039
0.0621398  8.60083e-05 1.37592
0.0627612  8.64219e-05 1.38148
0.0633888  8.68362e-05 1.38708
0.0640227  8.72511e-05 1.39271
0.064663  8.76666e-05 1.39838
0.0653096  8.80826e-05 1.40408
0.0659627  8.84993e-05 1.40981
0.0666223  8.89165e-05 1.41558
0.0672885  8.93353e-05 1.42139
0.0679614  8.97549e-05 1.42723
0.068641  9.01749e-05 1.4331
0.0693275  9.05954e-05 1.43901
0.0700207  9.10165e-05 1.44495
0.0707209  9.14379e-05 1.45093
0.0714281  9.18599e-05 1.45694
0.0721424  9.22823e-05 1.46299
0.0728638  9.2705e-05 1.46907
0.0735925  9.31282e-05 1.47519
0.0743284  9.35518e-05 1.48134
0.0750717  9.39765e-05 1.48753
0.0758224  9.44014e-05 1.49376
0.0765806  9.48267e-05 1.50002
0.0773464  9.52523e-05 1.50632
0.0781199  9.56781e-05 1.51265
0.0789011  9.61043e-05 1.51902
0.0796901  9.65307e-05 1.52542
0.080487  9.6958e-05 1.53187
0.0812919  9.7386e-05 1.53835
0.0821048  9.78142e-05 1.54486
0.0829259  9.82425e-05 1.55141
0.0837551  9.86711e-05 1.558
0.0845927  9.90997e-05 1.56463
0.0854386  9.95284e-05 1.57129
0.086293  9.99573e-05 1.57799
0.0871559  0.000100386 1.58473
0.0880275  0.000100815 1.5915
0.0889077  0.000101244 1.59832
0.0897968  0.000101673 1.60517
0.0906948  0.000102102 1.61205
0.0916017  0.000102531 1.61898
0.0925178  0.000102959 1.62594
0.0934429  0.000103388 1.63294
0.0943774  0.000103817 1.63998
0.0953211  0.000104245 1.64706
0.0962743  0.000104673 1.65418
0.0972371  0.000105101 1.66134
0.0982095  0.000105529 1.66853
0.0991916  0.000105957 1.67576
0.100183  0.000106385 1.68304
0.101185  0.000106813 1.69035
0.102197  0.000107242 1.6977
0.103219  0.00010767 1.70508
0.104251  0.000108097 1.71251
0.105294  0.000108524 1.71998
0.106347  0.000108951 1.72748
0.10741  0.000109378 1.73503
0.108484  0.000109805 1.74261
0.109569  0.000110231 1.75023
0.110665  0.000110656 1.75789
0.111772  0.000111081 1.7656
0.112889  0.000111506 1.77334
0.114018  0.00011193 1.78112
0.115158  0.000112353 1.78895
0.11631  0.000112775 1.79681
0.117473  0.000113197 1.80472
0.118648  0.000113618 1.81267
0.119834  0.000114039 1.82067
0.121033  0.00011444 1.82871
0.122243  0.000114809 1.83679
0.123465  0.000115176 1.84492
0.1247  0.000115541 1.85309
0.125947  0.000115904 1.8613
0.127206  0.000116265 1.86957
0.128478  0.000116624 1.87788
0.129763  0.000116981 1.88623
0.131061  0.000117335 1.89464
0.132372  0.000117687 1.90309
0.133695  0.000118037 1.9116
0.135032  0.000118384 1.92015
0.136383  0.00011873 1.92875
0.137746  0.000119072 1.93741
0.139124  0.000119412 1.94611
0.140515  0.000119749 1.95487
0.14192  0.000120084 1.96368
0.143339  0.000120416 1.97254
0.144773  0.000120745 1.98145
0.146221  0.00012107 1.99042
0.147683  0.000121393 1.99944
0.14916  0.000121713 2.00851
0.150651  0.00012203 2.01763
0.152158  0.000122344 2.02681
0.153679  0.000122654 2.03605
0.155216  0.000122962 2.04534
0.156768  0.000123265 2.05468
0.158336  0.000123566 2.06408
0.159919  0.000123863 2.07354
0.161518  0.000124157 2.08306
0.163134  0.000124448 2.09263
0.164765  0.000124735 2.10226
0.166413  0.000125018 2.11195
0.168077  0.000125298 2.12171
0.169757  0.000125574 2.13152
0.171455  0.000125846 2.1414
0.17317  0.000126114 2.15133
0.174901  0.000126378 2.16134
0.17665  0.000126639 2.1714
0.178417  0.000126895 2.18153
0.180201  0.000127147 2.19173
0.182003  0.000127394 2.20199
0.183823  0.000127638 2.21232
0.185661  0.000127877 2.22272
0.187518  0.000128112 2.23318
0.189393  0.000128342 2.24372
0.191287  0.000128568 2.25432
0.1932  0.00012879 2.265
0.195132  0.000129007 2.27575
0.197083  0.000129219 2.28658
0.199054  0.000129426 2.29748
0.201045  0.000129629 2.30846
0.203055  0.000129827 2.31951
0.205086  0.00013002 2.33064
0.207136  0.000130208 2.34185
0.209208  0.000130391 2.35314
0.2113  0.000130569 2.36451
0.213413  0.000130742 2.37597
0.215547  0.000130909 2.38751
0.217702  0.000131072 2.39914
0.219879  0.000131229 2.41086
0.222078  0.000131381 2.42266
0.224299  0.000131527 2.43455
0.226542  0.000131668 2.44654
0.228807  0.000131804 2.45862
0.231095  0.000131933 2.47079
0.233406  0.000132057 2.48306
0.235741  0.000132176 2.49543
0.238098  0.000132288 2.5079
0.240479  0.000132395 2.52047
0.242884  0.000132496 2.53314
0.245313  0.000132591 2.54592
0.247766  0.000132681 2.55881
0.250243  0.000132764 2.5718
0.252746  0.000132842 2.58491
0.255273  0.000132914 2.59813
0.257826  0.000132979 2.61146
0.260404  0.000133039 2.62492
0.263008  0.000133092 2.63849
0.265638  0.000133139 2.65218
0.268295  0.00013318 2.666
0.270978  0.000133216 2.67995
0.273687  0.000133245 2.69402
0.276424  0.000133267 2.70823
0.279189  0.000133283 2.72257
0.28198  0.000133293 2.73704
0.2848  0.000133297 2.75166
0.287648  0.000133294 2.76642
0.290525  0.000133285 2.78132
0.29343  0.000133269 2.79637
0.296364  0.000133247 2.81157
0.299328  0.000133218 2.82693
0.302321  0.000133182 2.84244
0.305344  0.000133141 2.85811
0.308398  0.000133092 2.87395
0.311482  0.000133037 2.88995
0.314597  0.000132976 2.90612
0.317743  0.000132908 2.92247
0.32092  0.000132833 2.93899
0.324129  0.000132752 2.95569
0.32737  0.000132665 2.97257
0.330644  0.000132571 2.98964
0.333951  0.00013247 3.00691
0.33729  0.000132363 3.02437
0.340663  0.00013225 3.04202
0.34407  0.00013213 3.05989
0.34751  0.000132003 3.07796
0.350985  0.00013187 3.09624
0.354495  0.00013173 3.11473
0.35804  0.000131584 3.13345
0.361621  0.000131431 3.1524
0.365237  0.000131272 3.17157
0.368889  0.000131106 3.19097
0.372578  0.000130934 3.21062
0.376304  0.000130756 3.23051
0.380067  0.000130572 3.25065
0.383868  0.000130381 3.27104
0.387706  0.000130184 3.2917
0.391583  0.00012998 3.31261
0.395499  0.00012977 3.3338
0.399454  0.000129554 3.35527
0.403449  0.000129332 3.37701
0.407483  0.000129104 3.39904
0.411558  0.000128869 3.42137
0.415674  0.000128629 3.44399
0.41983  0.000128382 3.46692
0.424029  0.00012813 3.49016
0.428269  0.000127871 3.51372
0.432552  0.000127607 3.53761
0.436877  0.000127337 3.56182
0.441246  0.000127062 3.58638
0.445658  0.00012678 3.61127
0.450115  0.000126493 3.63652
0.454616  0.0001262 3.66213
0.459162  0.000125902 3.6881
0.463754  0.000125598 3.71445
0.468391  0.000125289 3.74118
0.473075  0.000124975 3.76829
0.477806  0.000124655 3.79581
0.482584  0.00012433 3.82373
0.48741  0.000123999 3.85206
0.492284  0.000123664 3.88081
0.497207  0.000123324 3.90999
0.502179  0.000122978 3.93962
0.507201  0.000122629 3.96968
0.512273  0.000122274 4.00021
0.517396  0.000121915 4.0312
0.52257  0.000121551 4.06266
0.527795  0.000121182 4.09461
0.533073  0.000120809 4.12705
0.538404  0.000120431 4.16
0.543788  0.00012005 4.19346
0.549226  0.000119664 4.22744
0.554718  0.000119273 4.26196
0.560265  0.000118879 4.29702
0.565868  0.000118481 4.33264
0.571527  0.000118078 4.36882
0.577242  0.000117672 4.40558
0.583014  0.000117262 4.44293
0.588844  0.000116848 4.48089
0.594733  0.000116431 4.51945
0.60068  0.00011601 4.55864
0.606687  0.000115586 4.59847
0.612754  0.000115158 4.63894
0.618881  0.000114727 4.68008
0.62507  0.000114293 4.72189
0.631321  0.000113856 4.76439
0.637634  0.000113416 4.80759
0.644011  0.000112972 4.85151
0.650451  0.000112526 4.89616
0.656955  0.000112077 4.94154
0.663525  0.000111626 4.98769
0.67016  0.000111172 5.03461
0.676862  0.000110715 5.08231
0.68363  0.000110256 5.13082
0.690466  0.000109795 5.18014
0.697371  0.000109331 5.2303
0.704345  0.000108865 5.28131
0.711388  0.000108397 5.33318
0.718502  0.000107927 5.38594
0.725687  0.000107455 5.43959
0.732944  0.000106981 5.49416
0.740273  0.000106505 5.54966
0.747676  0.000106028 5.60612
0.755153  0.000105549 5.66354
0.762705  0.000105069 5.72195
0.770332  0.000104587 5.78137
0.778035  0.000104103 5.84181
0.785815  0.000103618 5.9033
0.793673  0.000103132 5.96585
0.80161  0.000102645 6.02949
0.809626  0.000102157 6.09423
0.817722  0.000101668 6.16009
0.8259  0.000101178 6.22711
0.834159  0.000100687 6.29529
0.8425  0.000100195 6.36466
0.850925  9.97019e-05 6.43525
0.859435  9.92084e-05 6.50707
0.868029  9.87144e-05 6.58014
0.876709  9.82197e-05 6.6545
0.885476  9.77246e-05 6.73017
0.894331  9.7229e-05 6.80716
0.903274  9.6733e-05 6.88551
0.912307  9.62368e-05 6.96524
0.92143  9.57402e-05 7.04637
0.930644  9.52435e-05 7.12894
0.939951  9.47466e-05 7.21296
0.94935  9.42496e-05 7.29846
0.958844  9.37526e-05 7.38548
0.968432  9.32556e-05 7.47404
0.978117  9.27587e-05 7.56416
0.987898  9.22619e-05 7.65588
0.997777  9.17655e-05 7.74923
1.00775  9.12694e-05 7.84423
1.01783  9.07736e-05 7.94091
1.02801  9.02782e-05 8.03932
1.03829  8.97831e-05 8.13947
1.04867  8.92885e-05 8.2414
1.05916  8.87944e-05 8.34514
1.06975  8.83009e-05 8.45073
1.08045  8.7808e-05 8.55819
1.09125  8.73158e-05 8.66757
1.10217  8.68242e-05 8.7789
1.11319  8.63333e-05 8.8922
1.12432  8.58432e-05 9.00753
1.13556  8.53539e-05 9.12491
1.14692  8.48654e-05 9.24438
1.15839  8.43777e-05 9.36598
1.16997  8.3891e-05 9.48975
1.18167  8.34052e-05 9.61573
1.19349  8.29204e-05 9.74395
1.20542  8.24366e-05 9.87446
1.21748  8.19538e-05 10.0073
1.22965  8.14722e-05 10.1425
1.24195  8.09916e-05 10.2801
1.25437  8.05123e-05 10.4202
1.26691  8.00342e-05 10.5628
1.27958  7.95573e-05 10.7079
1.29238  7.90816e-05 10.8556
1.3053  7.86072e-05 11.0059
1.31835  7.81341e-05 11.1589
1.33154  7.76623e-05 11.3147
1.34485  7.71919e-05 11.4732
1.3583  7.67229e-05 11.6345
1.37188  7.62554e-05 11.7987
1.3856  7.57892e-05 11.9659
1.39946  7.53245e-05 12.136
1.41345  7.48613e-05 12.3092
1.42759  7.43996e-05 12.4854
1.44186  7.39394e-05 12.6648
1.45628  7.34808e-05 12.8474
1.47085  7.30237e-05 13.0332
1.48555  7.25682e-05 13.2223
1.50041  7.21144e-05 13.4148
1.51541  7.16621e-05 13.6107
1.53057  7.12115e-05 13.8101
1.54587  7.07625e-05 14.013
1.56133  7.03153e-05 14.2196
1.57695  6.98697e-05 14.4298
1.59271  6.94259e-05 14.6438
1.60864  6.89838e-05 14.8615
1.62473  6.85436e-05 15.0831
1.64098  6.81051e-05 15.3087
1.65739  6.76684e-05 15.5382
1.67396  6.72335e-05 15.7718
1.6907  6.68004e-05 16.0096
1.70761  6.63692e-05 16.2515
1.72468  6.59398e-05 16.4978
1.74193  6.55123e-05 16.7484
1.75935  6.50866e-05 17.0034
1.77694  6.46627e-05 17.263
1.79471  6.42408e-05 17.5271
1.81266  6.38207e-05 17.7959
1.83078  6.34026e-05 18.0694
1.84909  6.29863e-05 18.3478
1.86758  6.25721e-05 18.6311
1.88626  6.21598e-05 18.9194
1.90512  6.17494e-05 19.2128
1.92417  6.1341e-05 19.5113
1.94341  6.09345e-05 19.8151
1.96285  6.053e-05 20.1243
1.98248  6.01274e-05 20.4389
2.0023  5.97269e-05 20.759
2.02232  5.93283e-05 21.0848
2.04255  5.89317e-05 21.4163
2.06297  5.85372e-05 21.7536
2.0836  5.81446e-05 22.0969
2.10444  5.7754e-05 22.4462
2.12548  5.73654e-05 22.8016
2.14674  5.69788e-05 23.1632
2.16821  5.65942e-05 23.5312
2.18989  5.62117e-05 23.9057
2.21179  5.58312e-05 24.2867
2.2339  5.54527e-05 24.6744
2.25624  5.50761e-05 25.0689
2.27881  5.47016e-05 25.4703
2.30159  5.43292e-05 25.8787
2.32461  5.39587e-05 26.2943
2.34786  5.35902e-05 26.7171
2.37134  5.32238e-05 27.1473
2.39505  5.28593e-05 27.5851
2.419  5.24969e-05 28.0305
2.44319  5.21364e-05 28.4837
2.46762  5.1778e-05 28.9448
2.4923  5.14216e-05 29.414
2.51722  5.10673e-05 29.8914
2.54239  5.07149e-05 30.3771
2.56782  5.03646e-05 30.8713
2.59349  5.00162e-05 31.3741
2.61943  4.96698e-05 31.8857
2.64562  4.93254e-05 32.4062
2.67208  4.8983e-05 32.9358
2.6988  4.86427e-05 33.4746
2.72579  4.83043e-05 34.0229
2.75305  4.79679e-05 34.5806
2.78058  4.76334e-05 35.1482
2.80838  4.73009e-05 35.7256
2.83647  4.69704e-05 36.313
2.86483  4.66417e-05 36.9108
2.89348  4.63151e-05 37.5189
2.92241  4.59903e-05 38.1376
2.95164  4.56675e-05 38.7672
2.98115  4.53466e-05 39.4077
3.01097  4.50276e-05 40.0593
3.04108  4.47106e-05 40.7224
3.07149  4.43954e-05 41.3969
3.1022  4.40821e-05 42.0833
3.13322  4.37707e-05 42.7816
3.16456  4.34611e-05 43.4921
3.1962  4.31534e-05 44.215
3.22816  4.28477e-05 44.9505
3.26045  4.25437e-05 45.6988
3.29305  4.22417e-05 46.4601
3.32598  4.19414e-05 47.2348
3.35924  4.1643e-05 48.0229
3.39283  4.13465e-05 48.8248
3.42676  4.10517e-05 49.6408
3.46103  4.07588e-05 50.4709
3.49564  4.04676e-05 51.3156
3.53059  4.01782e-05 52.175
3.5659  3.98906e-05 53.0494
3.60156  3.96048e-05 53.9391
3.63758  3.93207e-05 54.8444
3.67395  3.90384e-05 55.7655
3.71069  3.87578e-05 56.7028
3.7478  3.8479e-05 57.6564
3.78528  3.8202e-05 58.6268
3.82313  3.79266e-05 59.6142
3.86136  3.76536e-05 60.6178
3.89997  3.73816e-05 61.6402
3.93897  3.71112e-05 62.6805
3.97836  3.68425e-05 63.739
4.01815  3.65756e-05 64.8161
4.05833  3.63102e-05 65.912
4.09891  3.60466e-05 67.0271
4.1399  3.57846e-05 68.1618
4.1813  3.55242e-05 69.3163
4.22311  3.52654e-05 70.4911
4.26534  3.50083e-05 71.6864
4.308  3.47528e-05 72.9027
4.35108  3.44989e-05 74.1403
4.39459  3.42466e-05 75.3998
4.43853  3.39959e-05 76.6814
4.48292  3.37468e-05 77.9857
4.52775  3.34992e-05 79.3131
4.57303  3.32532e-05 80.664
4.61876  3.30087e-05 82.0388
4.66494  3.27657e-05 83.4382
4.71159  3.25243e-05 84.8624
4.75871  3.22845e-05 86.312
4.8063  3.20461e-05 87.7875
4.85436  3.18092e-05 89.2893
4.9029  3.15738e-05 90.8177
4.95193  3.134e-05 92.3731
5.00145  3.11076e-05 93.956
5.05146  3.08767e-05 95.5667
5.10198  3.06473e-05 97.2056
5.153  3.04194e-05 98.8732
5.20453  3.01929e-05 100.57
5.25657  2.99679e-05 102.296
5.30914  2.97443e-05 104.052
5.36223  2.95221e-05 105.838
5.41585  2.93014e-05 107.655
5.47001  2.9082e-05 109.504
5.52471  2.88641e-05 111.386
5.57996  2.86476e-05 113.301
5.63576  2.84325e-05 115.251
5.69212  2.82187e-05 117.236
5.74904  2.80064e-05 119.257
5.80653  2.77954e-05 121.316
5.86459  2.75857e-05 123.413
5.92324  2.73774e-05 125.55
5.98247  2.71705e-05 127.727
6.0423  2.63594e-05 129.946
6.10272  2.6156e-05 132.207
6.16375  2.5954e-05 134.512
6.22538  2.57534e-05 136.862
6.28764  2.55542e-05 139.256
6.35051  2.53562e-05 141.698
6.41402  2.51597e-05 144.186
6.47816  2.49644e-05 146.723
6.54294  2.47704e-05 149.31
6.60837  2.45778e-05 151.948
6.67445  2.43865e-05 154.637
6.7412  2.41965e-05 157.379
6.80861  2.40077e-05 160.175
6.8767  2.38203e-05 163.025
6.94546  2.36342e-05 165.93
7.01492  2.34493e-05 168.889
7.08507  2.32657e-05 171.905
7.15592  2.30834e-05 174.976
7.22748  2.29024e-05 178.104
7.29975  2.27226e-05 181.289
7.37275  2.25439e-05 184.531
7.44648  2.23663e-05 187.831
7.52094  2.21901e-05 191.188
7.59615  2.20151e-05 194.604
7.67211  2.18413e-05 198.08
7.74883  2.16687e-05 201.616
7.82632  2.14974e-05 205.215
7.90459  2.13272e-05 208.878
7.98363  2.11583e-05 212.606
8.06347  2.09906e-05 216.401
8.1441  2.08241e-05 220.265
8.22554  2.06588e-05 224.199
8.3078  2.04947e-05 228.205
8.39088  2.03318e-05 232.285
8.47479  2.01701e-05 236.44
8.55953  2.00095e-05 240.672
8.64513  1.98501e-05 244.983
8.73158  1.96918e-05 249.373
8.8189  1.95347e-05 253.844
8.90709  1.93787e-05 258.398
8.99616  1.92239e-05 263.035
9.08612  1.90703e-05 267.757
9.17698  1.89177e-05 272.565
9.26875  1.87662e-05 277.461
9.36144  1.86158e-05 282.445
9.45505  1.84662e-05 287.526
9.5496  1.8318e-05 292.694
9.6451  1.81709e-05 297.955
9.74155  1.8025e-05 303.312
9.83896  1.78801e-05 308.766
9.93735  1.77363e-05 314.32
10.0367  1.75935e-05 319.974
10.1371  1.74519e-05 325.731
10.2385  1.73114e-05 331.593
10.3409  1.71719e-05 337.563
10.4443  1.70334e-05 343.641
10.5487  1.6896e-05 349.83
10.6542  1.67597e-05 356.133
10.7607  1.66244e-05 362.551
10.8683  1.64901e-05 369.087
10.977  1.63569e-05 375.742
11.0868  1.62246e-05 382.519
11.1977  1.60934e-05 389.42
11.3096  1.59632e-05 396.447
11.4227  1.5834e-05 403.603
11.537  1.57058e-05 410.89
11.6523  1.55786e-05 418.309
11.7689  1.54523e-05 425.864
11.8865  1.5327e-05 433.558
12.0054  1.51937e-05 441.391
12.1255  1.50705e-05 449.368
12.2467  1.49481e-05 457.49
12.3692  1.48266e-05 465.76
12.4929  1.47061e-05 474.182
12.6178  1.45865e-05 482.757
12.744  1.44678e-05 491.489
12.8714  1.435e-05 500.381
13.0001  1.42332e-05 509.435
13.1301  1.41173e-05 518.655
13.2614  1.40023e-05 528.043
13.3941  1.38882e-05 537.603
13.528  1.3775e-05 547.338
13.6633  1.36627e-05 557.251
13.7999  1.35513e-05 567.345
13.9379  1.34408e-05 577.624
14.0773  1.33311e-05 588.091
14.2181  1.32223e-05 598.749
14.3602  1.31144e-05 609.602
14.5038  1.30074e-05 620.654
14.6489  1.29011e-05 631.907
14.7954  1.27958e-05 643.366
14.9433  1.26912e-05 655.035
15.0928  1.25875e-05 666.917
15.2437  1.24847e-05 679.016
15.3961  1.23826e-05 691.337
15.5501  1.22814e-05 703.882
15.7056  1.2181e-05 716.657
15.8626  1.20814e-05 729.665
16.0213  1.19825e-05 742.912
16.1815  1.18845e-05 756.4
16.3433  1.17873e-05 770.135
16.5067  1.16909e-05 784.121
16.6718  1.15952e-05 798.363
16.8385  1.15003e-05 812.866
17.0069  1.14062e-05 827.633
17.177  1.13129e-05 842.671
17.3487  1.12202e-05 857.983
17.5222  1.11282e-05 873.576
17.6974  1.1037e-05 889.454
17.8744  1.09466e-05 905.622
18.0532  1.08568e-05 922.086
18.2337  1.07678e-05 938.851
18.416  1.06796e-05 955.923
18.6002  1.0592e-05 973.307
18.7862  1.05051e-05 991.009
18.9741  1.0419e-05 1009.03
19.1638  1.03335e-05 1027.39
19.3554  1.02487e-05 1046.08
19.549  1.01647e-05 1065.11
19.7445  1.00813e-05 1084.5
19.9419  9.99854e-06 1104.23
20.1413  9.91649e-06 1124.33
20.3427  9.8351e-06 1144.8
20.5462  9.75438e-06 1165.63
20.7516  9.67432e-06 1186.86
20.9592  9.59491e-06 1208.46
21.1687  9.51614e-06 1230.47
21.3804  9.43801e-06 1252.88
21.5942  9.36052e-06 1275.69
21.8102  9.28366e-06 1298.93
22.0283  9.20743e-06 1322.59
22.2486  9.13182e-06 1346.68
22.4711  9.05683e-06 1371.22
22.6958  8.98245e-06 1396.2
22.9227  8.90867e-06 1421.64
23.1519  8.8355e-06 1447.55
23.3835  8.76292e-06 1473.93
23.6173  8.69094e-06 1500.79
23.8535  8.61954e-06 1528.15
24.092  8.54873e-06 1556
24.3329  8.4785e-06 1584.37
24.5763  8.40884e-06 1613.26
24.822  8.33974e-06 1642.67
25.0702  8.2712e-06 1672.63
25.3209  8.20322e-06 1703.13
25.5742  8.13579e-06 1734.19
25.8299  8.06891e-06 1765.82
26.0882  8.00258e-06 1798.03
26.3491  7.93679e-06 1830.83
26.6126  7.87154e-06 1864.23
26.8787  7.80682e-06 1898.24
27.1475  7.74263e-06 1932.88
27.419  7.67896e-06 1968.15
27.6931  7.61581e-06 2004.07
27.9701  7.55318e-06 2040.65
28.2498  7.49106e-06 2077.89
28.5323  7.42945e-06 2115.82
28.8176  7.36834e-06 2154.45
29.1058  7.30774e-06 2193.78
29.3968  7.24762e-06 2233.83
29.6908  7.188e-06 2274.62
29.9877  7.12887e-06 2316.16
30.2876  7.07022e-06 2358.46
30.5905  7.01205e-06 2401.53
30.8964  6.95435e-06 2445.4
31.2053  6.89712e-06 2490.06
31.5174  6.84037e-06 2535.55
31.8326  6.78407e-06 2581.88
32.1509  6.72824e-06 2629.05
32.4724  6.67287e-06 2677.09
32.7971  6.61795e-06 2726.01
33.1251  6.56348e-06 2775.82
33.4563  6.50946e-06 2826.55
33.7909  6.45588e-06 2878.22
34.1288  6.40274e-06 2930.83
34.4701  6.35004e-06 2984.4
34.8148  6.29777e-06 3038.96
35.1629  6.24593e-06 3094.52
35.5146  6.19451e-06 3151.1
35.8697  6.14352e-06 3208.72
36.2284  6.09294e-06 3267.4
36.5907  6.04278e-06 3327.15
36.9566  5.99304e-06 3388.01
37.3262  5.9437e-06 3449.97
37.6994  5.89477e-06 3513.08
38.0764  5.84624e-06 3577.35
38.4572  5.79811e-06 3642.79
38.8418  5.75037e-06 3709.44
39.2302  5.70303e-06 3777.31
39.6225  5.65607e-06 3846.43
40.0187  5.60951e-06 3916.82
40.4189  5.56332e-06 3988.5
40.8231  5.51752e-06 4061.49
41.2313  5.47209e-06 4135.83
41.6436  5.42704e-06 4211.54
42.0601  5.38236e-06 4288.63
42.4807  5.33804e-06 4367.14
42.9055  5.29409e-06 4447.09
43.3345  5.25051e-06 4528.51
43.7679  5.20728e-06 4611.43
44.2056  5.16441e-06 4695.87
44.6476  5.12189e-06 4781.86
45.0941  5.07973e-06 4869.44
45.545  5.03791e-06 4958.62
46.0005  4.99643e-06 5049.44
46.4605  4.9553e-06 5141.93
46.9251  4.91451e-06 5236.12
47.3943  4.87405e-06 5332.04
47.8683  4.83393e-06 5429.72
48.347  4.79414e-06 5529.19
48.8304  4.75468e-06 5630.5
49.3187  4.71555e-06 5733.67
49.8119  4.67674e-06 5838.73
50.31  4.63825e-06 5945.72
50.8131  4.60008e-06 6054.68
51.3213  4.56223e-06 6165.64
51.8345  4.52469e-06 6278.64
52.3528  4.48746e-06 6393.72
52.8764  4.45054e-06 6510.91
53.4051  4.41392e-06 6630.25
53.9392  4.37761e-06 6751.79
54.4786  4.3416e-06 6875.56
55.0234  4.30589e-06 7001.61
55.5736  4.27047e-06 7129.97
56.1293  4.23535e-06 7260.69
56.6906  4.20052e-06 7393.82
57.2575  4.16598e-06 7529.39
57.8301  4.13172e-06 7667.45
58.4084  4.09775e-06 7808.04
58.9925  4.06406e-06 7951.22
59.5824  4.03065e-06 8097.03
60.1782  3.99752e-06 8245.52
60.78  3.96467e-06 8396.74
61.3878  3.93209e-06 8550.73
62.0017  3.89978e-06 8707.56
62.6217  3.86773e-06 8867.26
63.2479  3.83596e-06 9029.9
63.8804  3.80445e-06 9195.53
64.5192  3.7732e-06 9364.2
65.1644  3.74221e-06 9535.97
65.816  3.71148e-06 9710.89
66.4742  3.68101e-06 9889.02
67.1389  3.65079e-06 10070.4
67.8103  3.62083e-06 10255.2
68.4884  3.59111e-06 10443.3
69.1733  3.56164e-06 10634.9
69.8651  3.53242e-06 10830
70.5637  3.50344e-06 11028.7
71.2693  3.4747e-06 11231
71.982  3.4462e-06 11437
72.7019  3.41793e-06 11646.9
73.4289  3.3899e-06 11860.5
74.1632  3.3621e-06 12078.1
74.9048  3.33454e-06 12299.7
75.6538  3.3072e-06 12525.4
76.4104  3.2801e-06 12755.2
77.1745  3.25322e-06 12989.2
77.9462  3.22657e-06 13227.5
78.7257  3.20014e-06 13470.2
79.513  3.17394e-06 13717.3
80.3081  3.14795e-06 13969
81.1112  3.12218e-06 14225.2
81.9223  3.09663e-06 14486.2
82.7415  3.0713e-06 14752
83.5689  3.04617e-06 15022.6
84.4046  3.02126e-06 15298.2
85.2486  2.99656e-06 15578.9
86.1011  2.97207e-06 15864.7
86.9621  2.94778e-06 16155.7
87.8318  2.9237e-06 16452
88.7101  2.89982e-06 16753.8
89.5972  2.87614e-06 17061.2
90.4932  2.85266e-06 17374.1
91.3981  2.82938e-06 17692.8
92.3121  2.8063e-06 18017.3
93.2352  2.78341e-06 18347.8
94.1675  2.76071e-06 18684.3
95.1092  2.73821e-06 19026.9
96.0603  2.71589e-06 19375.9
97.0209  2.69377e-06 19731.2
97.9911  2.67183e-06 20093
98.971  2.65007e-06 20461.5
99.9607  2.62851e-06 20836.7
100.96  2.60712e-06 21218.7
101.97  2.58592e-06 21607.8
102.99  2.56489e-06 22003.9
104.02  2.54405e-06 22407.3
105.06  2.52338e-06 22818.1
106.11  2.50288e-06 23236.3
107.171  2.48256e-06 23662.2
108.243  2.46242e-06 24095.9
109.326  2.44244e-06 24537.6
110.419  2.42264e-06 24987.2
111.523  2.403e-06 25445.1
112.638  2.38353e-06 25911.4
113.765  2.36422e-06 26386.2
114.902  2.34508e-06 26869.6
116.051  2.32611e-06 27361.8
117.212  2.30729e-06 27863.1
118.384  2.28863e-06 28373.4
119.568  2.27014e-06 28893.1
120.763  2.2518e-06 29422.3
121.971  2.23361e-06 29961.1
123.191  2.21559e-06 30509.7
124.423  2.19771e-06 31068.4
125.667  2.17999e-06 31637.2
126.924  2.16242e-06 32216.3
128.193  2.145e-06 32806
129.475  2.12773e-06 33406.4
130.77  2.11061e-06 34017.8
132.077  2.09364e-06 34640.3
133.398  2.0768e-06 35274.1
134.732  2.06012e-06 35919.4
136.079  2.04357e-06 36576.5
137.44  2.02717e-06 37245.5
138.814  2.01091e-06 37926.7
140.203  1.99479e-06 38620.3
141.605  1.9788e-06 39326.4
143.021  1.96295e-06 40045.4
144.451  1.94724e-06 40777.4
145.895  1.93166e-06 41522.7
147.354  1.91622e-06 42281.6
148.828  1.90091e-06 43054.2
150.316  1.88573e-06 43840.8
151.819  1.87068e-06 44641.7
153.338  1.85576e-06 45457.1
154.871  1.84097e-06 46287.3
156.42  1.82631e-06 47132.5
157.984  1.81177e-06 47993.1
159.564  1.79736e-06 48869.2
161.159  1.78307e-06 49761.2
162.771  1.76891e-06 50669.3
164.399  1.75487e-06 51593.8
166.043  1.74095e-06 52535.1
167.703  1.72715e-06 53493.4
169.38  1.71346e-06 54468.9
171.074  1.6999e-06 55462.2
172.785  1.68646e-06 56473.3
174.512  1.67313e-06 57502.7
176.258  1.65991e-06 58550.7
178.02  1.64681e-06 59617.6
179.8  1.63383e-06 60703.8
181.598  1.62096e-06 61809.5
183.414  1.6082e-06 62935.2
185.248  1.59555e-06 64081.1
187.101  1.58301e-06 65247.7
188.972  1.57058e-06 66435.3
190.862  1.55825e-06 67644.2
192.77  1.54604e-06 68874.9
194.698  1.53393e-06 70127.7
196.645  1.52193e-06 71403.1
198.611  1.51003e-06 72701.4
200.598  1.49823e-06 74023
202.604  1.48654e-06 75368.3
204.63  1.47495e-06 76737.8
206.676  1.46346e-06 78131.8
208.743  1.45207e-06 79550.9
210.83  1.44078e-06 80995.3
212.938  1.42959e-06 82465.7
215.068  1.4185e-06 83962.4
217.218  1.4075e-06 85485.9
219.391  1.3966e-06 87036.6
221.584  1.3858e-06 88615.1
223.8  1.37509e-06 90221.8
226.038  1.36447e-06 91857.3
228.299  1.35395e-06 93521.9
230.582  1.34352e-06 95216.3
232.888  1.33318e-06 96940.9
235.216  1.32293e-06 98696.3
237.569  1.31277e-06 100483
239.944  1.3027e-06 102302
242.344  1.29272e-06 104153
244.767  1.28283e-06 106036
247.215  1.27302e-06 107954
249.687  1.2633e-06 109905
252.184  1.25367e-06 111892
254.706  1.24412e-06 113913
257.253  1.23465e-06 115970
259.825  1.22527e-06 118064
262.423  1.21597e-06 120195
265.048  1.20675e-06 122364
267.698  1.19761e-06 124571
270.375  1.18855e-06 126818
273.079  1.17957e-06 129104
275.81  1.17068e-06 131430
278.568  1.16186e-06 133798
281.354  1.15311e-06 136207
284.167  1.14445e-06 138659
287.009  1.13586e-06 141155
289.879  1.12735e-06 143694
292.778  1.11891e-06 146278
295.705  1.11054e-06 148908
298.662  1.10225e-06 151585
301.649  1.09404e-06 154308
304.666  1.08589e-06 157079
307.712  1.07782e-06 159899
310.789  1.06982e-06 162769
313.897  1.06189e-06 165689
317.036  1.05403e-06 168660
320.207  1.04624e-06 171684
323.409  1.03852e-06 174760
326.643  1.03087e-06 177890
329.909  1.02328e-06 181074
333.208  1.01577e-06 184314
336.54  1.00832e-06 187610
339.906  1.00093e-06 190963
343.305  9.93617e-07 194375
346.738  9.86365e-07 197846
350.205  9.79178e-07 201378
353.707  9.72055e-07 204971
357.244  9.64996e-07 208627
360.817  9.58e-07 212346
364.425  9.51067e-07 216131
368.069  9.44196e-07 219982
371.75  9.37387e-07 223900
375.467  9.30639e-07 227887
379.222  9.23952e-07 231944
383.014  9.17326e-07 236071
386.844  9.10759e-07 240272
390.713  9.04251e-07 244546
394.62  8.97803e-07 248896
398.566  8.91413e-07 253322
402.552  8.8508e-07 257826
406.577  8.78805e-07 262410
410.643  8.72586e-07 267075
414.75  8.66424e-07 271823
418.897  8.60318e-07 276655
423.086  8.54267e-07 281572
427.317  8.48271e-07 286577
431.59  8.42329e-07 291670
435.906  8.36441e-07 296854
440.265  8.30607e-07 302129
444.668  8.24825e-07 307497
449.114  8.19096e-07 312959
453.605  8.1342e-07 318518
458.142  8.07794e-07 324174
462.723  8.0222e-07 329928
467.35  7.96697e-07 335783
472.024  7.91224e-07 341741
476.744  7.858e-07 347801
481.511  7.80427e-07 353967
486.326  7.75102e-07 360240
491.19  7.69825e-07 366621
496.102  7.64597e-07 373113
501.063  7.59417e-07 379718
506.073  7.54284e-07 386437
511.134  7.49198e-07 393272
516.245  7.44158e-07 400225
521.408  7.39165e-07 407298
526.622  7.34217e-07 414494
531.888  7.29316e-07 421814
537.207  7.24459e-07 429259
542.579  7.19647e-07 436833
548.005  7.14879e-07 444538
553.485  7.10155e-07 452374
559.02  7.05475e-07 460346
564.61  7.00838e-07 468453
570.256  6.96245e-07 476700
575.959  6.91693e-07 485087
581.718  6.87185e-07 493618
587.535  6.82718e-07 502294
593.411  6.78292e-07 511117
599.345  6.73908e-07 520091
605.338  6.69565e-07 529217
611.392  6.65262e-07 538498
617.506  6.61e-07 547936
623.681  6.56777e-07 557533
629.917  6.52595e-07 567293
636.217  6.48451e-07 577217
642.579  6.44347e-07 587309
649.005  6.40281e-07 597571
655.495  6.36253e-07 608005
662.05  6.32263e-07 618615
668.67  6.28312e-07 629403
675.357  6.24397e-07 640371
682.11  6.2052e-07 651524
688.931  6.16679e-07 662862
695.821  6.12875e-07 674390
702.779  6.09108e-07 686110
709.807  6.05376e-07 698025
716.905  6.0168e-07 710138
724.074  5.98019e-07 722452
731.315  5.94393e-07 734971
738.628  5.90802e-07 747697
746.014  5.87245e-07 760633
753.474  5.83723e-07 773783
761.009  5.80235e-07 787149
768.619  5.7678e-07 800736
776.305  5.73359e-07 814546
784.068  5.69971e-07 828582
791.909  5.66615e-07 842849
799.828  5.63293e-07 857350
807.826  5.60002e-07 872087
815.905  5.56744e-07 887066
824.064  5.53517e-07 902288
832.304  5.50322e-07 917758
840.627  5.47159e-07 933480
849.034  5.44026e-07 949456
857.524  5.40924e-07 965692
866.099  5.37852e-07 982190
874.76  5.34811e-07 998955
883.508  5.318e-07 1.01599e+06
892.343  5.28818e-07 1.0333e+06
901.266  5.25866e-07 1.05089e+06
910.279  5.22944e-07 1.06876e+06
919.382  5.2005e-07 1.08691e+06
928.575  5.17185e-07 1.10536e+06
937.861  5.14348e-07 1.1241e+06
947.24  5.1154e-07 1.14315e+06
956.712  5.0876e-07 1.16249e+06
966.279  5.06008e-07 1.18214e+06
975.942  5.03283e-07 1.20211e+06
985.702  5.00586e-07 1.22239e+06
995.559  4.97916e-07 1.24299e+06
