0.001  8.45779e-05 0.148153
0.00101  8.46569e-05 0.148892
0.0010201  8.47363e-05 0.149634
0.0010303  8.48161e-05 0.150381
0.0010406  8.48964e-05 0.151131
0.00105101  8.49772e-05 0.151885
0.00106152  8.50584e-05 0.152642
0.00107214  8.51401e-05 0.153403
0.00108286  8.52222e-05 0.154168
0.00109369  8.53049e-05 0.154937
0.00110462  8.5388e-05 0.15571
0.00111567  8.54716e-05 0.156487
0.00112683  8.55556e-05 0.157267
0.00113809  8.56402e-05 0.158052
0.00114947  8.57252e-05 0.15884
0.00116097  8.58108e-05 0.159632
0.00117258  8.58968e-05 0.160428
0.0011843  8.59833e-05 0.161228
0.00119615  8.60703e-05 0.162033
0.00120811  8.61578e-05 0.162841
0.00122019  8.62459e-05 0.163653
0.00123239  8.63344e-05 0.164469
0.00124472  8.64235e-05 0.165289
0.00125716  8.6513e-05 0.166114
0.00126973  8.66031e-05 0.166942
0.00128243  8.66937e-05 0.167775
0.00129526  8.67849e-05 0.168612
0.00130821  8.68765e-05 0.169453
0.00132129  8.69687e-05 0.170298
0.0013345  8.70614e-05 0.171147
0.00134785  8.71547e-05 0.172001
0.00136133  8.72485e-05 0.172859
0.00137494  8.73429e-05 0.173721
0.00138869  8.74376e-05 0.174587
0.00140258  8.75184e-05 0.175458
0.0014166  8.75943e-05 0.176333
0.00143077  8.76707e-05 0.177213
0.00144508  8.77473e-05 0.178097
0.00145953  8.78244e-05 0.178985
0.00147412  8.79018e-05 0.179878
0.00148886  8.79746e-05 0.180775
0.00150375  8.80438e-05 0.181676
0.00151879  8.81134e-05 0.182582
0.00153398  8.81831e-05 0.183493
0.00154932  8.82532e-05 0.184408
0.00156481  8.83236e-05 0.185328
0.00158046  8.83942e-05 0.186252
0.00159626  8.84651e-05 0.187165
0.00161223  8.85363e-05 0.188069
0.00162835  8.86078e-05 0.188984
0.00164463  8.86796e-05 0.189911
0.00166108  8.87516e-05 0.190848
0.00167769  8.8824e-05 0.191797
0.00169447  8.88966e-05 0.192756
0.00171141  8.89695e-05 0.193727
0.00172852  8.90428e-05 0.194707
0.00174581  8.91163e-05 0.195699
0.00176327  8.91901e-05 0.1967
0.0017809  8.92642e-05 0.197711
0.00179871  8.93385e-05 0.198686
0.0018167  8.94132e-05 0.199666
0.00183486  8.94882e-05 0.200654
0.00185321  8.95627e-05 0.20165
0.00187174  8.9627e-05 0.202655
0.00189046  8.96884e-05 0.203667
0.00190937  8.975e-05 0.204687
0.00192846  8.98117e-05 0.205713
0.00194774  8.98735e-05 0.206747
0.00196722  8.99355e-05 0.207786
0.00198689  8.99953e-05 0.208832
0.00200676  9.0054e-05 0.20988
0.00202683  9.01128e-05 0.210927
0.0020471  9.01716e-05 0.21198
0.00206757  9.02306e-05 0.213037
0.00208825  9.02897e-05 0.2141
0.00210913  9.03489e-05 0.215168
0.00213022  9.04082e-05 0.21624
0.00215152  9.04676e-05 0.217318
0.00217304  9.05271e-05 0.218402
0.00219477  9.05867e-05 0.219491
0.00221672  9.06464e-05 0.220585
0.00223888  9.07062e-05 0.221685
0.00226127  9.07661e-05 0.22279
0.00228388  9.08261e-05 0.2239
0.00230672  9.08862e-05 0.225017
0.00232979  9.09464e-05 0.226139
0.00235309  9.10067e-05 0.227267
0.00237662  9.1067e-05 0.2284
0.00240038  9.11274e-05 0.22954
0.00242439  9.1188e-05 0.230685
0.00244863  9.12486e-05 0.231836
0.00247312  9.13091e-05 0.232992
0.00249785  9.1369e-05 0.234155
0.00252283  9.1429e-05 0.235323
0.00254806  9.14891e-05 0.236497
0.00257354  9.15492e-05 0.237676
0.00259927  9.16094e-05 0.238862
0.00262527  9.16697e-05 0.240053
0.00265152  9.173e-05 0.24125
0.00267803  9.17904e-05 0.242454
0.00270481  9.18509e-05 0.243663
0.00273186  9.19113e-05 0.244878
0.00275918  9.19719e-05 0.246099
0.00278677  9.20302e-05 0.247326
0.00281464  9.20805e-05 0.24856
0.00284279  9.21295e-05 0.249799
0.00287121  9.21784e-05 0.251045
0.00289993  9.22272e-05 0.252297
0.00292893  9.2276e-05 0.253556
0.00295822  9.23246e-05 0.25482
0.0029878  9.23738e-05 0.256091
0.00301768  9.24231e-05 0.257368
0.00304785  9.24722e-05 0.258652
0.00307833  9.25212e-05 0.259942
0.00310911  9.25701e-05 0.261239
0.0031402  9.2619e-05 0.262541
0.00317161  9.26677e-05 0.263851
0.00320332  9.27163e-05 0.265167
0.00323536  9.27648e-05 0.266489
0.00326771  9.28132e-05 0.267819
0.00330039  9.28614e-05 0.269154
0.00333339  9.29096e-05 0.270497
0.00336672  9.29575e-05 0.271846
0.00340039  9.30054e-05 0.273202
0.0034344  9.30531e-05 0.274564
0.00346874  9.31007e-05 0.275934
0.00350343  9.31481e-05 0.27731
0.00353846  9.31954e-05 0.278693
0.00357385  9.32425e-05 0.280083
0.00360958  9.32894e-05 0.28148
0.00364568  9.33362e-05 0.282884
0.00368214  9.33828e-05 0.284294
0.00371896  9.34281e-05 0.285712
0.00375615  9.34699e-05 0.287137
0.00379371  9.35112e-05 0.288569
0.00383165  9.35523e-05 0.290009
0.00386996  9.35931e-05 0.291455
0.00390866  9.36336e-05 0.292909
0.00394775  9.36739e-05 0.294369
0.00398723  9.37185e-05 0.295838
0.0040271  9.37628e-05 0.297313
0.00406737  9.3807e-05 0.298796
0.00410804  9.38509e-05 0.300286
0.00414912  9.38946e-05 0.301784
0.00419062  9.39381e-05 0.303289
0.00423252  9.39813e-05 0.304802
0.00427485  9.40242e-05 0.306322
0.0043176  9.40669e-05 0.30785
0.00436077  9.41093e-05 0.309385
0.00440438  9.41514e-05 0.310928
0.00444842  9.41932e-05 0.312479
0.00449291  9.42347e-05 0.314037
0.00453784  9.4276e-05 0.315604
0.00458321  9.43169e-05 0.317178
0.00462905  9.43576e-05 0.31876
0.00467534  9.43971e-05 0.320349
0.00472209  9.4436e-05 0.321947
0.00476931  9.44746e-05 0.323553
0.004817  9.45128e-05 0.325167
0.00486517  9.45507e-05 0.326788
0.00491383  9.45882e-05 0.328418
0.00496296  9.46308e-05 0.330056
0.00501259  9.46774e-05 0.331702
0.00506272  9.47237e-05 0.333357
0.00511335  9.47697e-05 0.335019
0.00516448  9.48154e-05 0.33669
0.00521613  9.48608e-05 0.338369
0.00526829  9.49059e-05 0.340057
0.00532097  9.49507e-05 0.341753
0.00537418  9.49952e-05 0.343458
0.00542792  9.50393e-05 0.345171
0.0054822  9.50831e-05 0.346892
0.00553702  9.51265e-05 0.348622
0.00559239  9.517e-05 0.350361
0.00564832  9.52136e-05 0.352108
0.0057048  9.52569e-05 0.353864
0.00576185  9.52999e-05 0.355629
0.00581947  9.53425e-05 0.357403
0.00587766  9.53846e-05 0.359186
0.00593644  9.54264e-05 0.360977
0.0059958  9.54678e-05 0.362777
0.00605576  9.55088e-05 0.364587
0.00611632  9.55494e-05 0.366405
0.00617748  9.55895e-05 0.368233
0.00623926  9.56292e-05 0.370069
0.00630165  9.56685e-05 0.371915
0.00636466  9.57073e-05 0.37377
0.00642831  9.57456e-05 0.375634
0.00649259  9.57835e-05 0.377507
0.00655752  9.58209e-05 0.37939
0.0066231  9.58579e-05 0.381282
0.00668933  9.58943e-05 0.383184
0.00675622  9.59302e-05 0.385095
0.00682378  9.59656e-05 0.387016
0.00689202  9.60005e-05 0.388946
0.00696094  9.60349e-05 0.390886
0.00703055  9.60687e-05 0.392835
0.00710085  9.6102e-05 0.394795
0.00717186  9.61347e-05 0.396764
0.00724358  9.61668e-05 0.398743
0.00731602  9.61983e-05 0.400731
0.00738918  9.62293e-05 0.40273
0.00746307  9.62767e-05 0.404739
0.0075377  9.63298e-05 0.406757
0.00761308  9.63826e-05 0.408786
0.00768921  9.64349e-05 0.410825
0.0077661  9.64869e-05 0.412874
0.00784376  9.65384e-05 0.414933
0.0079222  9.65895e-05 0.417002
0.00800142  9.66402e-05 0.419082
0.00808144  9.66904e-05 0.421172
0.00816225  9.67402e-05 0.423273
0.00824387  9.67895e-05 0.425384
0.00832631  9.68384e-05 0.427506
0.00840957  9.68867e-05 0.429638
0.00849367  9.69346e-05 0.431781
0.00857861  9.6982e-05 0.433934
0.00866439  9.70288e-05 0.436098
0.00875104  9.70752e-05 0.438273
0.00883855  9.7121e-05 0.440459
0.00892693  9.71663e-05 0.442656
0.0090162  9.7211e-05 0.444864
0.00910636  9.72552e-05 0.447083
0.00919743  9.72987e-05 0.449312
0.0092894  9.73442e-05 0.451553
0.0093823  9.7398e-05 0.453806
0.00947612  9.74527e-05 0.456069
0.00957088  9.75069e-05 0.458344
0.00966659  9.75606e-05 0.46063
0.00976325  9.76138e-05 0.462927
0.00986089  9.76665e-05 0.465236
0.0099595  9.7739e-05 0.467556
0.0100591  9.78135e-05 0.469888
0.0101597  9.78877e-05 0.472232
0.0102613  9.79615e-05 0.474587
0.0103639  9.8035e-05 0.476954
0.0104675  9.81082e-05 0.479333
0.0105722  9.8181e-05 0.481723
0.0106779  9.82534e-05 0.484126
0.0107847  9.83255e-05 0.486541
0.0108926  9.83971e-05 0.488967
0.0110015  9.84684e-05 0.491406
0.0111115  9.85393e-05 0.493857
0.0112226  9.86098e-05 0.49632
0.0113348  9.86798e-05 0.498795
0.0114482  9.87494e-05 0.501283
0.0115627  9.88186e-05 0.503783
0.0116783  9.88874e-05 0.506296
0.0117951  9.89556e-05 0.508821
0.011913  9.90234e-05 0.511359
0.0120322  9.90907e-05 0.513909
0.0121525  9.91576e-05 0.516472
0.012274  9.92239e-05 0.519048
0.0123967  9.92897e-05 0.521637
0.0125207  9.9355e-05 0.524239
0.0126459  9.94198e-05 0.526853
0.0127724  9.9484e-05 0.529481
0.0129001  9.95476e-05 0.532122
0.0130291  9.96107e-05 0.534776
0.0131594  9.96732e-05 0.537443
0.013291  9.97351e-05 0.540124
0.0134239  9.97964e-05 0.542817
0.0135581  9.98571e-05 0.545525
0.0136937  9.99171e-05 0.548245
0.0138307  9.99765e-05 0.55098
0.013969  0.000100043 0.553728
0.0141086  0.000100124 0.556489
0.0142497  0.000100204 0.559265
0.0143922  0.000100283 0.562054
0.0145362  0.000100363 0.564858
0.0146815  0.000100441 0.567675
0.0148283  0.000100524 0.570506
0.0149766  0.000100629 0.573352
0.0151264  0.000100734 0.576211
0.0152776  0.000100839 0.579085
0.0154304  0.000100943 0.581973
0.0155847  0.000101047 0.584876
0.0157406  0.000101151 0.587793
0.015898  0.000101254 0.590724
0.016057  0.000101357 0.593671
0.0162175  0.00010146 0.596632
0.0163797  0.000101563 0.599607
0.0165435  0.000101665 0.602598
0.0167089  0.000101767 0.605604
0.016876  0.000101869 0.608624
0.0170448  0.00010197 0.61166
0.0172152  0.000102071 0.61471
0.0173874  0.000102171 0.617776
0.0175613  0.000102271 0.620857
0.0177369  0.000102371 0.623954
0.0179142  0.00010247 0.627066
0.0180934  0.000102569 0.630193
0.0182743  0.000102667 0.633336
0.0184571  0.000102765 0.636495
0.0186416  0.000102875 0.63967
0.018828  0.000103001 0.64286
0.0190163  0.000103128 0.646066
0.0192065  0.000103254 0.649289
0.0193986  0.00010338 0.652527
0.0195925  0.000103506 0.655781
0.0197885  0.000103637 0.659052
0.0199864  0.000103784 0.662339
0.0201862  0.000103931 0.665642
0.0203881  0.000104079 0.668962
0.020592  0.000104226 0.672299
0.0207979  0.000104373 0.675652
0.0210059  0.00010452 0.679022
0.0212159  0.000104667 0.682409
0.0214281  0.000104814 0.685812
0.0216424  0.000104961 0.689233
0.0218588  0.000105108 0.69267
0.0220774  0.000105255 0.696125
0.0222981  0.000105402 0.699597
0.0225211  0.000105548 0.703086
0.0227463  0.000105695 0.706592
0.0229738  0.000105841 0.710117
0.0232035  0.000105987 0.713659
0.0234356  0.000106133 0.717218
0.0236699  0.000106279 0.720795
0.0239066  0.000106424 0.72439
0.0241457  0.00010657 0.728003
0.0243871  0.000106715 0.731634
0.024631  0.00010686 0.735283
0.0248773  0.000107019 0.73895
0.0251261  0.000107181 0.742635
0.0253774  0.000107344 0.746339
0.0256311  0.000107506 0.750062
0.0258874  0.000107668 0.753803
0.0261463  0.00010783 0.757563
0.0264078  0.000107992 0.761341
0.0266719  0.000108154 0.765138
0.0269386  0.000108316 0.768954
0.027208  0.000108477 0.77279
0.02748  0.000108639 0.776644
0.0277548  0.0001088 0.780517
0.0280324  0.000108986 0.78441
0.0283127  0.000109182 0.788322
0.0285958  0.00010938 0.792254
0.0288818  0.000109577 0.796205
0.0291706  0.000109774 0.800177
0.0294623  0.000109972 0.804168
0.029757  0.000110179 0.808178
0.0300545  0.000110397 0.812209
0.0303551  0.000110615 0.81626
0.0306586  0.000110833 0.820331
0.0309652  0.000111052 0.824423
0.0312749  0.000111271 0.828534
0.0315876  0.00011149 0.832667
0.0319035  0.00011171 0.83682
0.0322225  0.00011193 0.840993
0.0325447  0.00011215 0.845188
0.0328702  0.000112371 0.849403
0.0331989  0.000112592 0.85364
0.0335309  0.000112813 0.857897
0.0338662  0.000113034 0.862176
0.0342049  0.000113256 0.866476
0.0345469  0.000113477 0.870798
0.0348924  0.0001137 0.875141
0.0352413  0.000113922 0.879506
0.0355937  0.000114144 0.883892
0.0359496  0.000114367 0.888301
0.0363091  0.00011459 0.892731
0.0366722  0.000114813 0.897184
0.037039  0.000115037 0.901658
0.0374093  0.000115282 0.906156
0.0377834  0.000115535 0.910675
0.0381613  0.000115788 0.915217
0.0385429  0.000116042 0.919782
0.0389283  0.000116296 0.924369
0.0393176  0.00011655 0.928979
0.0397108  0.000116818 0.933612
0.0401079  0.000117095 0.938269
0.040509  0.000117374 0.942949
0.040914  0.000117652 0.947652
0.0413232  0.000117932 0.952378
0.0417364  0.000118212 0.957128
0.0421538  0.000118493 0.961902
0.0425753  0.000118774 0.9667
0.0430011  0.000119056 0.971521
0.0434311  0.000119339 0.976366
0.0438654  0.000119622 0.981236
0.044304  0.000119905 0.98613
0.0447471  0.00012019 0.991048
0.0451946  0.000120475 0.995991
0.0456465  0.00012076 1.00096
0.046103  0.000121047 1.00595
0.046564  0.000121341 1.01097
0.0470296  0.000121652 1.01601
0.0474999  0.000121963 1.02108
0.0479749  0.000122275 1.02617
0.0484547  0.000122588 1.03129
0.0489392  0.000122901 1.03643
0.0494286  0.000123219 1.0416
0.0499229  0.000123559 1.0468
0.0504221  0.0001239 1.05202
0.0509264  0.000124242 1.05726
0.0514356  0.000124585 1.06254
0.05195  0.000124929 1.06784
0.0524695  0.000125274 1.07316
0.0529942  0.00012562 1.07852
0.0535241  0.000125967 1.08389
0.0540594  0.000126315 1.0893
0.0546  0.000126664 1.09473
0.055146  0.000127014 1.10019
0.0556974  0.000127369 1.10568
0.0562544  0.000127743 1.1112
0.0568169  0.000128122 1.11674
0.0573851  0.000128503 1.12231
0.0579589  0.000128884 1.1279
0.0585385  0.000129267 1.13353
0.0591239  0.000129651 1.13918
0.0597152  0.000130036 1.14487
0.0603123  0.000130423 1.15058
0.0609154  0.000130811 1.15631
0.0615246  0.0001312 1.16208
0.0621398  0.00013159 1.16788
0.0627612  0.000131982 1.1737
0.0633888  0.000132375 1.17956
0.0640227  0.000132769 1.18544
0.064663  0.000133164 1.19135
0.0653096  0.000133561 1.19729
0.0659627  0.000133959 1.20326
0.0666223  0.000134358 1.20927
0.0672885  0.000134758 1.2153
0.0679614  0.00013516 1.22136
0.068641  0.000135563 1.22745
0.0693275  0.000135967 1.23357
0.0700207  0.000136372 1.23972
0.0707209  0.000136779 1.24591
0.0714281  0.000137187 1.25212
0.0721424  0.000137596 1.25837
0.0728638  0.000138006 1.26464
0.0735925  0.000138417 1.27095
0.0743284  0.000138851 1.27729
0.0750717  0.000139328 1.28366
0.0758224  0.00013981 1.29006
0.0765806  0.000140293 1.2965
0.0773464  0.000140779 1.30296
0.0781199  0.000141266 1.30946
0.0789011  0.000141756 1.31599
0.0796901  0.000142247 1.32256
0.080487  0.00014274 1.32915
0.0812919  0.000143235 1.33578
0.0821048  0.000143732 1.34244
0.0829259  0.000144231 1.34914
0.0837551  0.000144732 1.35587
0.0845927  0.000145235 1.36263
0.0854386  0.00014574 1.36943
0.086293  0.000146246 1.37626
0.0871559  0.000146755 1.38312
0.0880275  0.000147265 1.39002
0.0889077  0.000147778 1.39695
0.0897968  0.000148292 1.40392
0.0906948  0.000148809 1.41092
0.0916017  0.000149327 1.41796
0.0925178  0.000149848 1.42503
0.0934429  0.000150392 1.43214
0.0943774  0.000150949 1.43928
0.0953211  0.000151508 1.44646
0.0962743  0.000152069 1.45367
0.0972371  0.000152633 1.46092
0.0982095  0.000153199 1.46821
0.0991916  0.000153767 1.47553
0.100183  0.000154337 1.48289
0.101185  0.00015491 1.49029
0.102197  0.000155486 1.49772
0.103219  0.000156063 1.50519
0.104251  0.000156644 1.5127
0.105294  0.000157226 1.52024
0.106347  0.000157811 1.52783
0.10741  0.000158398 1.53545
0.108484  0.000158987 1.5431
0.109569  0.000159579 1.5508
0.110665  0.000160174 1.55854
0.111772  0.000160771 1.56631
0.112889  0.00016137 1.57412
0.114018  0.000161971 1.58197
0.115158  0.000162576 1.58986
0.11631  0.000163182 1.59779
0.117473  0.000163791 1.60576
0.118648  0.000164402 1.61377
0.119834  0.000165016 1.62181
0.121033  0.000165633 1.6299
0.122243  0.000166251 1.63803
0.123465  0.000166873 1.6462
0.1247  0.000167496 1.65441
0.125947  0.000168123 1.66267
0.127206  0.000168751 1.67096
0.128478  0.000169382 1.67929
0.129763  0.000170016 1.68767
0.131061  0.000170652 1.69609
0.132372  0.000171291 1.70455
0.133695  0.000171932 1.71306
0.135032  0.000172576 1.7216
0.136383  0.000173223 1.73019
0.137746  0.000173871 1.73882
0.139124  0.000174528 1.74749
0.140515  0.000175222 1.7562
0.14192  0.000175927 1.76496
0.143339  0.000176635 1.77376
0.144773  0.000177346 1.7826
0.146221  0.000178061 1.79149
0.147683  0.000178778 1.80042
0.14916  0.000179522 1.80939
0.150651  0.000180276 1.81841
0.152158  0.000181034 1.82747
0.153679  0.000181796 1.83659
0.155216  0.00018256 1.84574
0.156768  0.000183329 1.85495
0.158336  0.000184101 1.8642
0.159919  0.000184876 1.87351
0.161518  0.000185542 1.88286
0.163134  0.000186201 1.89226
0.164765  0.000186862 1.90172
0.166413  0.000187525 1.91123
0.168077  0.000188189 1.92078
0.169757  0.000188855 1.9304
0.171455  0.000189522 1.94006
0.17317  0.000190191 1.94978
0.174901  0.000190861 1.95956
0.17665  0.000191533 1.96939
0.178417  0.000192206 1.97929
0.180201  0.00019288 1.98923
0.182003  0.000193556 1.99924
0.183823  0.000194234 2.00931
0.185661  0.000194913 2.01944
0.187518  0.000195593 2.02962
0.189393  0.000196274 2.03987
0.191287  0.000196957 2.05017
0.1932  0.000197641 2.06054
0.195132  0.000198326 2.07096
0.197083  0.000199012 2.08145
0.199054  0.00019971 2.09199
0.201045  0.000200411 2.1026
0.203055  0.000201113 2.11327
0.205086  0.000201817 2.124
0.207136  0.000202522 2.13479
0.209208  0.000203228 2.14564
0.2113  0.000203935 2.15656
0.213413  0.000204869 2.165
0.215547  0.00020596 2.17176
0.217702  0.00020706 2.17851
0.219879  0.000208169 2.18524
0.222078  0.000209287 2.19196
0.224299  0.000210414 2.19867
0.226542  0.000211551 2.20535
0.228807  0.000212696 2.21203
0.231095  0.000213851 2.21868
0.233406  0.000215015 2.22532
0.235741  0.000216189 2.23195
0.238098  0.000217372 2.23855
0.240479  0.000218565 2.24513
0.242884  0.000219768 2.25169
0.245313  0.000220981 2.25824
0.247766  0.000222208 2.26476
0.250243  0.00022345 2.27125
0.252746  0.000224702 2.27773
0.255273  0.000225965 2.28418
0.257826  0.000227239 2.29061
0.260404  0.000228523 2.29701
0.263008  0.000229819 2.30338
0.265638  0.000231125 2.30973
0.268295  0.000232442 2.31605
0.270978  0.000233771 2.32234
0.273687  0.000235111 2.32861
0.276424  0.000236463 2.33484
0.279189  0.000237838 2.34104
0.28198  0.000239252 2.34721
0.2848  0.00024068 2.35335
0.287648  0.00024212 2.35946
0.290525  0.000243573 2.36553
0.29343  0.000245038 2.37157
0.296364  0.000246517 2.37757
0.299328  0.000248017 2.38353
0.302321  0.00024953 2.38946
0.305344  0.000251056 2.39535
0.308398  0.000252597 2.40121
0.311482  0.000254151 2.40702
0.314597  0.000255718 2.41279
0.317743  0.0002573 2.41852
0.32092  0.000258897 2.42421
0.324129  0.000260507 2.42986
0.32737  0.000262132 2.43546
0.330644  0.000263772 2.44101
0.333951  0.000265427 2.44653
0.33729  0.000267097 2.45199
0.340663  0.000268782 2.45741
0.34407  0.000270483 2.46278
0.34751  0.000272199 2.46809
0.350985  0.000273931 2.47336
0.354495  0.000275679 2.47858
0.35804  0.000277444 2.48375
0.361621  0.000279224 2.48886
0.365237  0.000281022 2.49392
0.368889  0.000282836 2.49893
0.372578  0.000284672 2.50388
0.376304  0.000286536 2.50877
0.380067  0.000288418 2.51361
0.383868  0.000290318 2.51839
0.387706  0.000292235 2.52311
0.391583  0.000294171 2.52777
0.395499  0.000296126 2.53236
0.399454  0.000298106 2.5369
0.403449  0.000300106 2.54137
0.407483  0.000302125 2.54578
0.411558  0.000304163 2.55013
0.415674  0.00030622 2.55441
0.41983  0.000308229 2.5592
0.424029  0.000310004 2.56608
0.428269  0.000311788 2.57294
0.432552  0.000313583 2.57981
0.436877  0.000315387 2.58667
0.441246  0.000317201 2.59352
0.445658  0.000319025 2.60037
0.450115  0.000320859 2.60721
0.454616  0.000322702 2.61405
0.459162  0.000324555 2.62088
0.463754  0.000326419 2.62771
0.468391  0.000328301 2.63453
0.473075  0.000330194 2.64136
0.477806  0.000332097 2.64817
0.482584  0.00033401 2.65498
0.48741  0.000335932 2.66179
0.492284  0.000337864 2.6686
0.497207  0.000339811 2.6754
0.502179  0.000341769 2.68221
0.507201  0.000343737 2.689
0.512273  0.000345714 2.6958
0.517396  0.000347701 2.7026
0.52257  0.000349697 2.70939
0.527795  0.000351701 2.71618
0.533073  0.000353715 2.72297
0.538404  0.000355738 2.72976
0.543788  0.00035777 2.73654
0.549226  0.00035981 2.74333
0.554718  0.000361859 2.75011
0.560265  0.000363924 2.75689
0.565868  0.000366001 2.76367
0.571527  0.000368087 2.77046
0.577242  0.000370181 2.77724
0.583014  0.000372284 2.78402
0.588844  0.000374395 2.7908
0.594733  0.000376514 2.79758
0.60068  0.000378641 2.80437
0.606687  0.000380776 2.81116
0.612754  0.000382919 2.81796
0.618881  0.000385069 2.82475
0.62507  0.000387227 2.83156
0.631321  0.000389393 2.83837
0.637634  0.000391566 2.84519
0.644011  0.000393642 2.85202
0.650451  0.000395657 2.85885
0.656955  0.000397675 2.8657
0.663525  0.000399694 2.87256
0.67016  0.000401715 2.87943
0.676862  0.000403738 2.88632
0.68363  0.000405762 2.89321
0.690466  0.000407787 2.90013
0.697371  0.000409813 2.90706
0.704345  0.00041184 2.91401
0.711388  0.000413867 2.92098
0.718502  0.000415893 2.92797
0.725687  0.000417919 2.93498
0.732944  0.000419947 2.942
0.740273  0.000421972 2.94905
0.747676  0.00042401 2.95613
0.755153  0.000426051 2.96323
0.762705  0.00042809 2.97035
0.770332  0.000430127 2.9775
0.778035  0.000432161 2.98467
0.785815  0.000434193 2.99187
0.793673  0.000436222 2.99909
0.80161  0.000438248 3.00634
0.809626  0.00044027 3.01363
0.817722  0.000442289 3.02094
0.8259  0.000444303 3.02828
0.834159  0.000446312 3.03565
0.8425  0.000448317 3.04306
0.850925  0.000450316 3.0505
0.859435  0.000452309 3.05797
0.868029  0.000454297 3.06548
0.876709  0.000456278 3.07302
0.885476  0.000458252 3.08061
0.894331  0.00046022 3.08823
0.903274  0.000462179 3.0959
0.912307  0.000464131 3.1036
0.92143  0.000466075 3.11135
0.930644  0.000468013 3.11914
0.939951  0.000469949 3.12698
0.94935  0.000471876 3.13486
0.958844  0.000473794 3.14279
0.968432  0.000475701 3.15077
0.978117  0.000477598 3.1588
0.987898  0.000479485 3.16688
0.997777  0.000481365 3.17501
1.00775  0.000483234 3.1832
1.01783  0.00048509 3.19144
1.02801  0.000486935 3.19974
1.03829  0.000488767 3.2081
1.04867  0.000490585 3.21651
1.05916  0.00049239 3.22499
1.06975  0.000494181 3.23353
1.08045  0.000495958 3.24214
1.09125  0.00049772 3.25081
1.10217  0.000499467 3.25954
1.11319  0.000501199 3.26835
1.12432  0.000502914 3.27722
1.13556  0.000504613 3.28617
1.14692  0.000506296 3.2952
1.15839  0.000507961 3.30429
1.16997  0.000509609 3.31347
1.18167  0.00051124 3.32273
1.19349  0.000512852 3.33206
1.20542  0.000514445 3.34148
1.21748  0.000516019 3.35098
1.22965  0.000517574 3.36057
1.24195  0.000519109 3.37025
1.25437  0.000520625 3.38002
1.26691  0.000522119 3.38988
1.27958  0.000523593 3.39984
1.29238  0.000525046 3.40989
1.3053  0.000526477 3.42004
1.31835  0.000527886 3.43029
1.33154  0.000529273 3.44065
1.34485  0.000530638 3.45111
1.3583  0.00053198 3.46168
1.37188  0.000533298 3.47235
1.3856  0.000534593 3.48314
1.39946  0.000535869 3.49404
1.41345  0.000537126 3.50506
1.42759  0.000538358 3.5162
1.44186  0.000539566 3.52746
1.45628  0.000540748 3.53885
1.47085  0.000541906 3.55036
1.48555  0.000543039 3.562
1.50041  0.00054415 3.57377
1.51541  0.000545235 3.58568
1.53057  0.000546294 3.59772
1.54587  0.000547326 3.6099
1.56133  0.000548332 3.62223
1.57695  0.00054931 3.6347
1.59271  0.000550263 3.64731
1.60864  0.000551188 3.66008
1.62473  0.000552085 3.673
1.64098  0.000552954 3.68608
1.65739  0.000553796 3.69932
1.67396  0.00055461 3.71273
1.6907  0.000555396 3.7263
1.70761  0.000556153 3.74003
1.72468  0.000556883 3.75394
1.74193  0.000557583 3.76803
1.75935  0.000558255 3.7823
1.77694  0.000558898 3.79674
1.79471  0.000559513 3.81138
1.81266  0.000560099 3.8262
1.83078  0.000560655 3.84122
1.84909  0.000561183 3.85643
1.86758  0.000561686 3.87185
1.88626  0.000562162 3.88746
1.90512  0.00056261 3.90329
1.92417  0.000563029 3.91932
1.94341  0.000563418 3.93557
1.96285  0.000563779 3.95204
1.98248  0.000564111 3.96874
2.0023  0.000564416 3.98565
2.02232  0.000564692 4.00281
2.04255  0.000564939 4.02019
2.06297  0.000565158 4.03782
2.0836  0.000565348 4.05569
2.10444  0.000565509 4.0738
2.12548  0.000565641 4.09217
2.14674  0.000565745 4.1108
2.16821  0.000565821 4.12968
2.18989  0.000565869 4.14883
2.21179  0.000565888 4.16825
2.2339  0.00056588 4.18795
2.25624  0.000565844 4.20793
2.27881  0.00056578 4.22819
2.30159  0.000565689 4.24874
2.32461  0.000565571 4.26958
2.34786  0.000565425 4.29073
2.37134  0.000565253 4.31217
2.39505  0.000565055 4.33393
2.419  0.00056483 4.356
2.44319  0.000564579 4.3784
2.46762  0.000564302 4.40111
2.4923  0.000564001 4.42416
2.51722  0.000563675 4.44755
2.54239  0.000563323 4.47127
2.56782  0.000562947 4.49535
2.59349  0.000562547 4.51977
2.61943  0.000562122 4.54456
2.64562  0.000561673 4.56971
2.67208  0.000561201 4.59523
2.6988  0.000560706 4.62113
2.72579  0.000560187 4.64741
2.75305  0.000559646 4.67408
2.78058  0.000559082 4.70115
2.80838  0.000558501 4.72861
2.83647  0.0005579 4.75649
2.86483  0.000557277 4.78478
2.89348  0.000556633 4.81349
2.92241  0.000555969 4.84263
2.95164  0.000555285 4.87221
2.98115  0.000554582 4.90223
3.01097  0.000553859 4.93269
3.04108  0.000553118 4.96361
3.07149  0.000552358 4.995
3.1022  0.000551579 5.02685
3.13322  0.000550783 5.05918
3.16456  0.000549969 5.092
3.1962  0.000549137 5.12531
3.22816  0.000548289 5.15912
3.26045  0.000547425 5.19343
3.29305  0.000546544 5.22827
3.32598  0.000545647 5.26362
3.35924  0.000544735 5.29951
3.39283  0.000543808 5.33593
3.42676  0.000542866 5.37291
3.46103  0.000541911 5.41043
3.49564  0.000540941 5.44853
3.53059  0.000539958 5.48719
3.5659  0.000538961 5.52644
3.60156  0.000537952 5.56627
3.63758  0.000536931 5.60671
3.67395  0.000535897 5.64775
3.71069  0.000534852 5.68941
3.7478  0.000533799 5.73169
3.78528  0.000532735 5.77461
3.82313  0.00053166 5.81818
3.86136  0.000530575 5.86239
3.89997  0.00052948 5.90727
3.93897  0.000528376 5.95283
3.97836  0.000527264 5.99906
4.01815  0.000526143 6.04599
4.05833  0.000525013 6.09362
4.09891  0.000523876 6.14197
4.1399  0.00052273 6.19103
4.1813  0.000521577 6.24084
4.22311  0.000520417 6.29138
4.26534  0.000519249 6.34268
4.308  0.000518075 6.39475
4.35108  0.000516895 6.44759
4.39459  0.000515709 6.50122
4.43853  0.000514516 6.55564
4.48292  0.000513319 6.61088
4.52775  0.000512116 6.66694
4.57303  0.000510908 6.72384
4.61876  0.000509695 6.78157
4.66494  0.000508479 6.84017
4.71159  0.000507259 6.89963
4.75871  0.000506036 6.95998
4.8063  0.000504809 7.02122
4.85436  0.000503578 7.08336
4.9029  0.000502344 7.14643
4.95193  0.000501107 7.21042
5.00145  0.000499869 7.27536
5.05146  0.000498627 7.34126
5.10198  0.000497384 7.40813
5.153  0.000496137 7.47598
5.20453  0.000494889 7.54483
5.25657  0.000493639 7.61469
5.30914  0.000492387 7.68558
5.36223  0.000491133 7.75751
5.41585  0.000489878 7.8305
5.47001  0.000488621 7.90455
5.52471  0.000487363 7.97969
5.57996  0.000486105 8.05593
5.63576  0.000484847 8.13328
5.69212  0.000483589 8.21176
5.74904  0.000482329 8.29139
5.80653  0.00048107 8.37218
5.86459  0.000479809 8.45414
5.92324  0.000478549 8.5373
5.98247  0.000477288 8.62167
6.0423  0.000476027 8.70726
6.10272  0.000474766 8.7941
6.16375  0.000473505 8.8822
6.22538  0.000472244 8.97157
6.28764  0.000470983 9.06224
6.35051  0.000469722 9.15423
6.41402  0.000468462 9.24755
6.47816  0.000467202 9.34221
6.54294  0.000465942 9.43825
6.60837  0.000464683 9.53567
6.67445  0.000463424 9.6345
6.7412  0.000462165 9.73475
6.80861  0.000460907 9.83646
6.8767  0.00045965 9.93962
6.94546  0.000458393 10.0443
7.01492  0.000457137 10.1504
7.08507  0.000455881 10.2581
7.15592  0.000454626 10.3674
7.22748  0.000453371 10.4782
7.29975  0.000452117 10.5906
7.37275  0.000450864 10.7046
7.44648  0.000449613 10.8202
7.52094  0.000448364 10.9375
7.59615  0.000447116 11.0565
7.67211  0.000445868 11.1772
7.74883  0.000444621 11.2997
7.82632  0.000443374 11.4239
7.90459  0.000442129 11.5498
7.98363  0.000440883 11.6776
8.06347  0.000439639 11.8072
8.1441  0.000438394 11.9387
8.22554  0.000437151 12.072
8.3078  0.000435907 12.2073
8.39088  0.000434665 12.3445
8.47479  0.000433422 12.4836
8.55953  0.00043218 12.6248
8.64513  0.000430938 12.768
8.73158  0.000429697 12.9132
8.8189  0.000428456 13.0605
8.90709  0.000427215 13.2099
8.99616  0.000425974 13.3614
9.08612  0.000424734 13.5151
9.17698  0.000423493 13.6711
9.26875  0.000422253 13.8292
9.36144  0.000421014 13.9896
9.45505  0.000419775 14.1524
9.5496  0.000418537 14.3174
9.6451  0.000417298 14.4848
9.74155  0.000416059 14.6547
9.83896  0.00041482 14.8269
9.93735  0.000413582 15.0016
10.0367  0.000412343 15.1789
10.1371  0.000411104 15.3587
10.2385  0.000409865 15.541
10.3409  0.000408625 15.726
10.4443  0.000407385 15.9137
10.5487  0.000406145 16.104
10.6542  0.000404904 16.2971
10.7607  0.000403662 16.493
10.8683  0.00040242 16.6917
10.977  0.000401177 16.8932
11.0868  0.000399933 17.0977
11.1977  0.000398689 17.3051
11.3096  0.000397444 17.5156
11.4227  0.000396199 17.729
11.537  0.000394952 17.9456
11.6523  0.000393704 18.1653
11.7689  0.000392456 18.3881
11.8865  0.000391207 18.6142
12.0054  0.000389956 18.8436
12.1255  0.000388705 19.0763
12.2467  0.000387452 19.3124
12.3692  0.000386199 19.552
12.4929  0.000384944 19.795
12.6178  0.000383688 20.0416
12.744  0.000382431 20.2917
12.8714  0.000381173 20.5455
13.0001  0.000379913 20.8031
13.1301  0.000378653 21.0644
13.2614  0.00037739 21.3295
13.3941  0.000376127 21.5985
13.528  0.000374862 21.8714
13.6633  0.000373596 22.1484
13.7999  0.000372328 22.4294
13.9379  0.00037106 22.7146
14.0773  0.000369791 23.004
14.2181  0.00036852 23.2977
14.3602  0.000367248 23.5956
14.5038  0.000365975 23.898
14.6489  0.0003647 24.2049
14.7954  0.000363424 24.5163
14.9433  0.000362147 24.8323
15.0928  0.000360868 25.1531
15.2437  0.000359588 25.4786
15.3961  0.000358307 25.8089
15.5501  0.000357023 26.1442
15.7056  0.000355738 26.4845
15.8626  0.000354452 26.8299
16.0213  0.000353164 27.1804
16.1815  0.000351875 27.5362
16.3433  0.000350583 27.8974
16.5067  0.000349291 28.2639
16.6718  0.000347996 28.636
16.8385  0.000346701 29.0137
17.0069  0.000345403 29.3971
17.177  0.000344104 29.7863
17.3487  0.000342804 30.1813
17.5222  0.000341502 30.5824
17.6974  0.000340198 30.9895
17.8744  0.000338893 31.4028
18.0532  0.000337586 31.8224
18.2337  0.000336278 32.2483
18.416  0.000334968 32.6808
18.6002  0.000333657 33.1199
18.7862  0.000332346 33.5657
18.9741  0.000331033 34.0183
19.1638  0.000329719 34.4778
19.3554  0.000328403 34.9445
19.549  0.000327086 35.4183
19.7445  0.000325767 35.8994
19.9419  0.000324448 36.3879
20.1413  0.000323127 36.884
20.3427  0.000321805 37.3878
20.5462  0.000320482 37.8994
20.7516  0.000319157 38.4189
20.9592  0.000317831 38.9465
21.1687  0.000316505 39.4823
21.3804  0.000315177 40.0264
21.5942  0.000313847 40.579
21.8102  0.000312517 41.1402
22.0283  0.000311186 41.7101
22.2486  0.000309854 42.2889
22.4711  0.00030852 42.8768
22.6958  0.000307186 43.4739
22.9227  0.000305851 44.0803
23.1519  0.000304515 44.6963
23.3835  0.000303178 45.322
23.6173  0.000301841 45.9576
23.8535  0.000300502 46.6033
24.092  0.000299163 47.2593
24.3329  0.000297824 47.9258
24.5763  0.000296483 48.6029
24.822  0.000295143 49.291
25.0702  0.000293802 49.9901
25.3209  0.00029246 50.7005
25.5742  0.000291118 51.4224
25.8299  0.000289775 52.1559
26.0882  0.000288433 52.9012
26.3491  0.00028709 53.6584
26.6126  0.000285746 54.4277
26.8787  0.000284403 55.2093
27.1475  0.000283059 56.0032
27.419  0.000281715 56.8097
27.6931  0.000280372 57.6288
27.9701  0.000279028 58.4608
28.2498  0.000277685 59.3058
28.5323  0.000276343 60.1641
28.8176  0.000275 61.0358
29.1058  0.000273658 61.9215
29.3968  0.000272316 62.8215
29.6908  0.000270974 63.7363
29.9877  0.000269633 64.6663
30.2876  0.000268293 65.6118
30.5905  0.000266953 66.5734
30.8964  0.000265613 67.5516
31.2053  0.000264275 68.5468
31.5174  0.000262936 69.5595
31.8326  0.000241851 70.5902
32.1509  0.000240625 71.6394
32.4724  0.000239404 72.7075
32.7971  0.000238187 73.7949
33.1251  0.00023697 74.902
33.4563  0.000235754 76.0292
33.7909  0.000234538 77.177
34.1288  0.000233324 78.3459
34.4701  0.000232111 79.5362
34.8148  0.000230899 80.7485
35.1629  0.000229688 81.9833
35.5146  0.000228479 83.2409
35.8697  0.000227271 84.522
36.2284  0.000226064 85.8267
36.5907  0.000224859 87.1552
36.9566  0.000223655 88.5076
37.3262  0.000222453 89.8841
37.6994  0.000221253 91.2847
38.0764  0.000220055 92.7096
38.4572  0.000218858 94.1589
38.8418  0.000217664 95.6326
39.2302  0.000216469 97.1309
39.6225  0.000215276 98.6538
40.0187  0.000214085 100.201
40.4189  0.000212896 101.774
40.8231  0.00021171 103.372
41.2313  0.000210526 104.996
41.6436  0.000209344 106.647
42.0601  0.000208164 108.326
42.4807  0.000206987 110.032
42.9055  0.000205812 111.768
43.3345  0.000204639 113.533
43.7679  0.000203469 115.328
44.2056  0.000202302 117.154
44.6476  0.000201137 119.012
45.0941  0.000199975 120.903
45.545  0.000198816 122.827
46.0005  0.00019766 124.785
46.4605  0.000196506 126.777
46.9251  0.000195355 128.803
47.3943  0.000194208 130.866
47.8683  0.000193063 132.964
48.347  0.000191921 135.098
48.8304  0.00019078 137.27
49.3187  0.000189641 139.479
49.8119  0.000188506 141.726
50.31  0.000187374 144.012
50.8131  0.000186246 146.338
51.3213  0.00018512 148.703
51.8345  0.000183999 151.11
52.3528  0.00018288 153.558
52.8764  0.000181765 156.048
53.4051  0.000180654 158.582
53.9392  0.000179546 161.16
54.4786  0.000178442 163.783
55.0234  0.000177341 166.451
55.5736  0.000176244 169.167
56.1293  0.000175151 171.93
56.6906  0.000174062 174.741
57.2575  0.000172976 177.602
57.8301  0.000171894 180.514
58.4084  0.000170816 183.476
58.9925  0.000169742 186.491
59.5824  0.000168671 189.559
60.1782  0.000167605 192.68
60.78  0.000166542 195.857
61.3878  0.000165483 199.09
62.0017  0.000164428 202.38
62.6217  0.000163378 205.727
63.2479  0.000162331 209.134
63.8804  0.000161288 212.601
64.5192  0.000160249 216.129
65.1644  0.000159213 219.719
65.816  0.000158181 223.373
66.4742  0.000157152 227.092
67.1389  0.000156128 230.876
67.8103  0.000155108 234.728
68.4884  0.000154092 238.647
69.1733  0.00015308 242.637
69.8651  0.000152072 246.697
70.5637  0.000151069 250.83
71.2693  0.000150069 255.036
71.982  0.000149074 259.316
72.7019  0.000148084 263.673
73.4289  0.000147097 268.108
74.1632  0.000146115 272.622
74.9048  0.000145137 277.216
75.6538  0.000144164 281.893
76.4104  0.000143195 286.653
77.1745  0.000142231 291.497
77.9462  0.000141271 296.429
78.7257  0.000140315 301.448
79.513  0.000139364 306.558
80.3081  0.000138417 311.759
81.1112  0.000137474 317.053
81.9223  0.000136536 322.441
82.7415  0.000135602 327.927
83.5689  0.000134673 333.51
84.4046  0.000133748 339.194
85.2486  0.000132827 344.98
86.1011  0.000131911 350.87
86.9621  0.000131001 356.865
87.8318  0.000130095 362.969
88.7101  0.000129194 369.182
89.5972  0.000128297 375.507
90.4932  0.000127405 381.946
91.3981  0.000126516 388.501
92.3121  0.000125632 395.174
93.2352  0.000124752 401.967
94.1675  0.000123877 408.882
95.1092  0.000123006 415.923
96.0603  0.000122139 423.09
97.0209  0.000121277 430.387
97.9911  0.00012042 437.816
98.971  0.000119566 445.379
99.9607  0.000118718 453.079
100.96  0.000117874 460.918
101.97  0.000117034 468.899
102.99  0.000116199 477.025
104.02  0.000115368 485.297
105.06  0.000114542 493.72
106.11  0.00011372 502.295
107.171  0.000112903 511.025
108.243  0.00011209 519.914
109.326  0.000111282 528.964
110.419  0.000110478 538.178
111.523  0.000109678 547.56
112.638  0.000108883 557.112
113.765  0.000108093 566.838
114.902  0.000107307 576.74
116.051  0.000106525 586.822
117.212  0.000105748 597.088
118.384  0.000104975 607.54
119.568  0.000104207 618.182
120.763  0.000103443 629.019
121.971  0.000102683 640.052
123.191  0.000101928 651.287
124.423  0.000101178 662.726
125.667  0.000100431 674.373
126.924  9.96895e-05 686.233
128.193  9.8952e-05 698.31
129.475  9.8219e-05 710.606
130.77  9.74906e-05 723.127
132.077  9.67669e-05 735.876
133.398  9.60474e-05 748.858
134.732  9.53323e-05 762.078
136.079  9.46214e-05 775.538
137.44  9.39148e-05 789.245
138.814  9.32126e-05 803.202
140.203  9.25147e-05 817.414
141.605  9.18212e-05 831.887
143.021  9.11319e-05 846.623
144.451  9.04469e-05 861.63
145.895  8.97661e-05 876.911
147.354  8.90895e-05 892.472
148.828  8.84173e-05 908.317
150.316  8.77492e-05 924.453
151.819  8.70854e-05 940.884
153.338  8.64258e-05 957.617
154.871  8.57703e-05 974.656
156.42  8.5119e-05 992.007
157.984  8.44719e-05 1009.68
159.564  8.38289e-05 1027.67
161.159  8.31901e-05 1045.99
162.771  8.25551e-05 1064.65
164.399  8.19242e-05 1083.65
166.043  8.12975e-05 1103
167.703  8.06748e-05 1122.71
169.38  8.00562e-05 1142.78
171.074  7.94417e-05 1163.21
172.785  7.88313e-05 1184.02
174.512  7.82249e-05 1205.22
176.258  7.76225e-05 1226.8
178.02  7.70242e-05 1248.78
179.8  7.64299e-05 1271.16
181.598  7.58395e-05 1293.95
183.414  7.52532e-05 1317.17
185.248  7.46708e-05 1340.81
187.101  7.40925e-05 1364.88
188.972  7.35181e-05 1389.4
190.862  7.29477e-05 1414.36
192.77  7.23811e-05 1439.79
194.698  7.18185e-05 1465.68
196.645  7.12597e-05 1492.05
198.611  7.07049e-05 1518.91
200.598  7.0154e-05 1546.26
202.604  6.96069e-05 1574.11
204.63  6.90636e-05 1602.48
206.676  6.85241e-05 1631.36
208.743  6.79884e-05 1660.78
210.83  6.74564e-05 1690.74
212.938  6.69281e-05 1721.26
215.068  6.64036e-05 1752.33
217.218  6.58828e-05 1783.98
219.391  6.53657e-05 1816.2
221.584  6.48523e-05 1849.03
223.8  6.43425e-05 1882.45
226.038  6.38364e-05 1916.49
228.299  6.33339e-05 1951.16
230.582  6.2835e-05 1986.47
232.888  6.23396e-05 2022.43
235.216  6.18479e-05 2059.05
237.569  6.13597e-05 2096.34
239.944  6.08751e-05 2134.32
242.344  6.0394e-05 2173
244.767  5.99163e-05 2212.4
247.215  5.94422e-05 2252.52
249.687  5.89716e-05 2293.38
252.184  5.85044e-05 2334.99
254.706  5.80406e-05 2377.37
257.253  5.75803e-05 2420.52
259.825  5.71233e-05 2464.48
262.423  5.66698e-05 2509.24
265.048  5.62196e-05 2554.83
267.698  5.57727e-05 2601.26
270.375  5.53292e-05 2648.54
273.079  5.48891e-05 2696.7
275.81  5.44523e-05 2745.74
278.568  5.40188e-05 2795.69
281.354  5.35886e-05 2846.55
284.167  5.31616e-05 2898.36
287.009  5.27378e-05 2951.11
289.879  5.23173e-05 3004.84
292.778  5.18999e-05 3059.56
295.705  5.14857e-05 3115.29
298.662  5.10746e-05 3172.05
301.649  5.06668e-05 3229.85
304.666  5.0262e-05 3288.71
307.712  4.98603e-05 3348.66
310.789  4.94617e-05 3409.71
313.897  4.90661e-05 3471.89
317.036  4.86736e-05 3535.21
320.207  4.8284e-05 3599.7
323.409  4.78975e-05 3665.38
326.643  4.75139e-05 3732.26
329.909  4.71332e-05 3800.38
333.208  4.67555e-05 3869.75
336.54  4.63808e-05 3940.4
339.906  4.60089e-05 4012.35
343.305  4.56399e-05 4085.63
346.738  4.52738e-05 4160.25
350.205  4.49105e-05 4236.25
353.707  4.455e-05 4313.64
357.244  4.41924e-05 4392.46
360.817  4.38376e-05 4472.73
364.425  4.34855e-05 4554.48
368.069  4.31362e-05 4637.73
371.75  4.27897e-05 4722.52
375.467  4.24459e-05 4808.86
379.222  4.21048e-05 4896.79
383.014  4.17663e-05 4986.34
386.844  4.14304e-05 5077.53
390.713  4.10972e-05 5170.41
394.62  4.07666e-05 5264.99
398.566  4.04387e-05 5361.31
402.552  4.01134e-05 5459.4
406.577  3.97907e-05 5559.29
410.643  3.94705e-05 5661.02
414.75  3.9153e-05 5764.61
418.897  3.88379e-05 5870.12
423.086  3.85254e-05 5977.56
427.317  3.82154e-05 6086.97
431.59  3.79079e-05 6198.39
435.906  3.76029e-05 6311.86
440.265  3.73003e-05 6427.42
444.668  3.70002e-05 6545.09
449.114  3.67025e-05 6664.93
453.605  3.64072e-05 6786.97
458.142  3.61143e-05 6911.24
462.723  3.58237e-05 7037.8
467.35  3.55356e-05 7166.68
472.024  3.52498e-05 7297.92
476.744  3.49663e-05 7431.57
481.511  3.46852e-05 7567.67
486.326  3.44063e-05 7706.27
491.19  3.41297e-05 7847.41
496.102  3.38553e-05 7991.14
501.063  3.35832e-05 8137.5
506.073  3.33134e-05 8286.55
511.134  3.30457e-05 8438.32
516.245  3.27802e-05 8592.88
521.408  3.25169e-05 8750.26
526.622  3.22558e-05 8910.53
531.888  3.19968e-05 9073.73
537.207  3.17399e-05 9239.93
542.579  3.14851e-05 9409.16
548.005  3.12324e-05 9581.49
553.485  3.09819e-05 9756.98
559.02  3.07334e-05 9935.67
564.61  3.04869e-05 10117.6
570.256  3.02425e-05 10302.9
575.959  3e-05 10491.6
581.718  2.97596e-05 10683.7
587.535  2.95211e-05 10879.4
593.411  2.92846e-05 11078.6
599.345  2.905e-05 11281.5
605.338  2.88174e-05 11488
611.392  2.85867e-05 11698.3
617.506  2.83578e-05 11912.5
623.681  2.81309e-05 12130.6
629.917  2.79058e-05 12352.7
636.217  2.76826e-05 12578.8
642.579  2.74612e-05 12809
649.005  2.72416e-05 13043.5
655.495  2.70239e-05 13282.2
662.05  2.6808e-05 13525.3
668.67  2.65938e-05 13772.8
675.357  2.63815e-05 14024.8
682.11  2.61709e-05 14281.4
688.931  2.59621e-05 14542.6
695.821  2.5755e-05 14808.7
702.779  2.55496e-05 15079.5
709.807  2.5346e-05 15355.4
716.905  2.51441e-05 15636.2
724.074  2.49439e-05 15922.1
731.315  2.47453e-05 16213.2
738.628  2.45484e-05 16509.7
746.014  2.43533e-05 16811.5
753.474  2.41597e-05 17118.8
761.009  2.39679e-05 17431.7
768.619  2.37776e-05 17750.2
776.305  2.3589e-05 18074.6
784.068  2.33919e-05 18404.8
791.909  2.32066e-05 18741
799.828  2.30228e-05 19083.4
807.826  2.28405e-05 19431.9
815.905  2.26599e-05 19786.7
824.064  2.24807e-05 20148
832.304  2.23031e-05 20515.9
840.627  2.2127e-05 20890.4
849.034  2.19524e-05 21271.6
857.524  2.17793e-05 21659.8
866.099  2.16076e-05 22055
874.76  2.14374e-05 22457.4
883.508  2.12687e-05 22867
892.343  2.11014e-05 23284.1
901.266  2.09355e-05 23708.6
910.279  2.07711e-05 24140.9
919.382  2.0608e-05 24581
928.575  2.04463e-05 25029
937.861  2.0286e-05 25485.1
947.24  2.01271e-05 25949.4
956.712  1.99695e-05 26422.1
966.279  1.98133e-05 26903.3
975.942  1.96584e-05 27393.2
985.702  1.95049e-05 27891.9
995.559  1.93526e-05 28399.6
