# Fusion cross sections for ELAB=  90.000, ECM=  71.940
     0.0  0.3324      1
     0.0   1.000     -1
     1.0   5.007      1
     1.0   9.009     -1
     2.0   10.05      1
     2.0   21.78     -1
     3.0   18.86      1
     3.0   35.37     -1
     4.0   21.38      1
     4.0   45.65     -1
     5.0   29.35      1
     5.0   55.33     -1
     6.0   29.69      1
     6.0   63.15     -1
     7.0   35.74      1
     7.0   67.42     -1
     8.0   31.34      1
     8.0   66.75     -1
     9.0   32.29      1
     9.0   60.80     -1
    10.0   23.62      1
    10.0   50.65     -1
    11.0   20.79      1
    11.0   38.47     -1
    12.0   12.03      1
    12.0   26.74     -1
    13.0   9.645      1
    13.0   17.28     -1
    14.0   4.635      1
    14.0   10.61     -1
    15.0   3.570      1
    15.0   6.311     -1
    16.0   1.597      1
    16.0   3.687     -1
    17.0   1.208      1
    17.0   2.131     -1
    18.0  0.5291      1
    18.0   1.223     -1
    19.0  0.3961      1
    19.0  0.6983     -1
    20.0  0.1719      1
    20.0  0.3972     -1
    21.0  0.1278      1
    21.0  0.2252     -1
    22.0  0.5509E-01  1
    22.0  0.1273     -1
    23.0  0.4072E-01  1
    23.0  0.7177E-01 -1
    24.0  0.1746E-01  1
    24.0  0.4036E-01 -1
    25.0  0.1285E-01  1
    25.0  0.2264E-01 -1
    26.0  0.5482E-02  1
    26.0  0.1267E-01 -1
    27.0  0.4018E-02  1
    27.0  0.7079E-02 -1
    28.0  0.1707E-02  1
    28.0  0.3947E-02 -1
    29.0  0.1247E-02  1
    29.0  0.2196E-02 -1
    30.0  0.5275E-03  1
    30.0  0.1220E-02 -1
    31.0  0.3843E-03  1
    31.0  0.6768E-03 -1
    32.0  0.1620E-03  1
    32.0  0.3749E-03 -1
    33.0  0.1177E-03  1
    33.0  0.2073E-03 -1
    34.0  0.4947E-04  1
    34.0  0.1145E-03 -1
    35.0  0.3587E-04  1
    35.0  0.6316E-04 -1
    36.0  0.1503E-04  1
    36.0  0.3480E-04 -1
    37.0  0.1088E-04  1
    37.0  0.1915E-04 -1
    38.0  0.4547E-05  1
    38.0  0.1053E-04 -1
    39.0  0.3285E-05  1
    39.0  0.5782E-05 -1
    40.0  0.1370E-05  1
    40.0  0.3172E-05 -1
 &
