# Fusion cross sections for ELAB=  90.000, ECM=  71.940
     0.0   1.000       1.009      0.9029E-02
     1.0   9.009       9.086      0.7699E-01
     2.0   21.78       21.94      0.1619    
     3.0   35.37       35.59      0.2245    
     4.0   45.65       45.90      0.2569    
     5.0   55.33       55.60      0.2638    
     6.0   63.15       63.41      0.2581    
     7.0   67.42       67.67      0.2442    
     8.0   66.75       66.97      0.2184    
     9.0   60.80       60.97      0.1735    
    10.0   50.65       50.77      0.1147    
    11.0   38.47       38.53      0.6164E-01
    12.0   26.74       26.77      0.2775E-01
    13.0   17.28       17.29      0.1107E-01
    14.0   10.61       10.61      0.4115E-02
    15.0   6.311       6.313      0.1475E-02
    16.0   3.687       3.687      0.5189E-03
    17.0   2.131       2.131      0.1810E-03
    18.0   1.223       1.223      0.6281E-04
    19.0  0.6983      0.6983      0.2174E-04
    20.0  0.3972      0.3972      0.7504E-05
    21.0  0.2252      0.2252      0.2582E-05
    22.0  0.1273      0.1273      0.8849E-06
    23.0  0.7177E-01  0.7177E-01  0.3021E-06
    24.0  0.4036E-01  0.4036E-01  0.1029E-06
    25.0  0.2264E-01  0.2264E-01  0.3499E-07
    26.0  0.1267E-01  0.1267E-01  0.1189E-07
    27.0  0.7079E-02  0.7079E-02  0.4043E-08
    28.0  0.3947E-02  0.3947E-02  0.1374E-08
    29.0  0.2196E-02  0.2196E-02  0.4665E-09
    30.0  0.1220E-02  0.1220E-02  0.1582E-09
    31.0  0.6768E-03  0.6768E-03  0.5358E-10
    32.0  0.3749E-03  0.3749E-03  0.1811E-10
    33.0  0.2073E-03  0.2073E-03  0.6107E-11
    34.0  0.1145E-03  0.1145E-03  0.2048E-11
    35.0  0.6316E-04  0.6316E-04  0.6806E-12
    36.0  0.3480E-04  0.3480E-04  0.2229E-12
    37.0  0.1915E-04  0.1915E-04  0.7170E-13
    38.0  0.1053E-04  0.1053E-04  0.2262E-13
    39.0  0.5782E-05  0.5782E-05  0.6973E-14
    40.0  0.3172E-05  0.3172E-05  0.2100E-14
 &
