           2           1           1
    0.0+     2 1  0.3359       0.000      0.3495E-02  0.3324    
    0.0-     1 1  0.3339       0.000      0.5533E-02  0.3284    
    0.0-     3 2  0.3392       0.000       0.000      0.3392    
    1.0+     0 1  0.9997       0.000      0.1211E-01  0.9876    
    1.0+     2 2   1.009       0.000      0.1652E-02   1.008    
    1.0+     2 3   1.008       0.000      0.9948E-02  0.9978    
    1.0+     2 4   1.005       0.000      0.1768E-01  0.9877    
    1.0+     4 5   1.026       0.000       0.000       1.026    
    1.0-     1 1   1.003       0.000      0.1083E-01  0.9927    
    1.0-     1 2   1.002       0.000      0.1492E-01  0.9868    
    1.0-     3 3   1.018       0.000      0.1021E-02   1.017    
    1.0-     3 4   1.015       0.000      0.8827E-02   1.006    
    2.0+     0 1   1.666       0.000      0.1083E-01   1.655    
    2.0+     2 2   1.682       0.000      0.8293E-02   1.674    
    2.0+     2 3   1.680       0.000      0.1469E-01   1.665    
    2.0+     2 4   1.676       0.000      0.2537E-01   1.650    
    2.0+     4 5   1.711       0.000      0.2226E-02   1.708    
    2.0+     4 6   1.706       0.000      0.1212E-01   1.694    
    2.0-     1 1   1.674       0.000      0.1004E-01   1.664    
    2.0-     1 2   1.672       0.000      0.1304E-01   1.659    
    2.0-     1 3   1.669       0.000      0.1956E-01   1.650    
    2.0-     3 4   1.696       0.000      0.5103E-02   1.691    
    2.0-     3 5   1.692       0.000      0.1378E-01   1.678    
    2.0-     3 6   1.686       0.000      0.2689E-01   1.659    
    2.0-     5 7   1.727       0.000       0.000       1.727    
    3.0+     0 1   2.333       0.000       0.000       2.333    
    3.0+     2 2   2.355       0.000      0.2322E-01   2.332    
    3.0+     2 3   2.351       0.000      0.1646E-01   2.335    
    3.0+     2 4   2.346       0.000      0.2664E-01   2.319    
    3.0+     4 5   2.395       0.000      0.7792E-02   2.387    
    3.0+     4 6   2.389       0.000      0.1595E-01   2.373    
    3.0+     4 7   2.381       0.000      0.3227E-01   2.349    
    3.0+     6 8   2.429       0.000       0.000       2.429    
    3.0-     1 1   2.341       0.000      0.7304E-02   2.334    
    3.0-     1 2   2.337       0.000      0.1565E-01   2.322    
    3.0-     3 3   2.374       0.000      0.1429E-01   2.360    
    3.0-     3 4   2.368       0.000      0.1737E-01   2.351    
    3.0-     3 5   2.361       0.000      0.3137E-01   2.329    
    3.0-     5 6   2.418       0.000      0.3018E-02   2.415    
    3.0-     5 7   2.410       0.000      0.1313E-01   2.397    
    4.0+     2 1   3.023       0.000      0.1408E-01   3.009    
    4.0+     2 2   3.016       0.000      0.1900E-01   2.997    
    4.0+     4 3   3.079       0.000      0.1803E-01   3.061    
    4.0+     4 4   3.071       0.000      0.1875E-01   3.053    
    4.0+     4 5   3.061       0.000      0.3393E-01   3.027    
    4.0+     6 6   3.124       0.000      0.3476E-02   3.120    
    4.0+     6 7   3.125       0.000      0.1276E-01   3.113    
    4.0-     1 1   3.005       0.000       0.000       3.005    
    4.0-     3 2   3.053       0.000      0.3057E-01   3.022    
    4.0-     3 3   3.045       0.000      0.1899E-01   3.026    
    4.0-     3 4   3.035       0.000      0.2954E-01   3.006    
    4.0-     5 5   3.108       0.000      0.9053E-02   3.099    
    4.0-     5 6   3.099       0.000      0.1595E-01   3.083    
    4.0-     5 7   3.087       0.000      0.3273E-01   3.055    
    4.0-     7 8   2.971       0.000       0.000       2.971    
    5.0+     2 1   3.686       0.000       0.000       3.686    
    5.0+     4 2   3.763       0.000      0.3427E-01   3.729    
    5.0+     4 3   3.754       0.000      0.2025E-01   3.734    
    5.0+     4 4   3.742       0.000      0.2995E-01   3.712    
    5.0+     6 5   3.818       0.000      0.9560E-02   3.808    
    5.0+     6 6   3.820       0.000      0.1480E-01   3.805    
    5.0+     6 7   3.816       0.000      0.2960E-01   3.786    
    5.0+     8 8   3.087       0.000       0.000       3.087    
    5.0-     3 1   3.722       0.000      0.1815E-01   3.704    
    5.0-     3 2   3.710       0.000      0.1967E-01   3.690    
    5.0-     5 3   3.799       0.000      0.1897E-01   3.780    
    5.0-     5 4   3.788       0.000      0.1806E-01   3.770    
    5.0-     5 5   3.773       0.000      0.3231E-01   3.741    
    5.0-     7 6   3.631       0.000      0.4330E-02   3.627    
    5.0-     7 7   3.687       0.000      0.1391E-01   3.673    
    6.0+     4 1   4.436       0.000      0.2015E-01   4.416    
    6.0+     4 2   4.422       0.000      0.1906E-01   4.403    
    6.0+     6 3   4.512       0.000      0.1883E-01   4.493    
    6.0+     6 4   4.515       0.000      0.1636E-01   4.498    
    6.0+     6 5   4.510       0.000      0.2798E-01   4.482    
    6.0+     8 6   3.648       0.000      0.4588E-02   3.643    
    6.0+     8 7   3.772       0.000      0.1384E-01   3.759    
    6.0-     3 1   4.384       0.000       0.000       4.384    
    6.0-     5 2   4.490       0.000      0.3362E-01   4.456    
    6.0-     5 3   4.476       0.000      0.1931E-01   4.457    
    6.0-     5 4   4.459       0.000      0.2727E-01   4.432    
    6.0-     7 5   4.292       0.000      0.1126E-01   4.280    
    6.0-     7 6   4.357       0.000      0.1567E-01   4.341    
    6.0-     7 7   4.419       0.000      0.3014E-01   4.388    
    6.0-     9 8   2.715       0.000       0.000       2.715    
    7.0+     4 1   5.102       0.000       0.000       5.102    
    7.0+     6 2   5.206       0.000      0.3187E-01   5.174    
    7.0+     6 3   5.209       0.000      0.1736E-01   5.192    
    7.0+     6 4   5.203       0.000      0.2287E-01   5.180    
    7.0+     8 5   4.209       0.000      0.1147E-01   4.198    
    7.0+     8 6   4.353       0.000      0.1528E-01   4.337    
    7.0+     8 7   4.512       0.000      0.2974E-01   4.483    
    7.0+    10 8   2.076       0.000       0.000       2.076    
    7.0-     5 1   5.165       0.000      0.1954E-01   5.145    
    7.0-     5 2   5.146       0.000      0.1678E-01   5.129    
    7.0-     7 3   4.952       0.000      0.2126E-01   4.931    
    7.0-     7 4   5.027       0.000      0.1705E-01   5.010    
    7.0-     7 5   5.098       0.000      0.2762E-01   5.071    
    7.0-     9 6   3.132       0.000      0.3428E-02   3.129    
    7.0-     9 7   3.277       0.000      0.9979E-02   3.267    
    8.0+     6 1   5.904       0.000      0.1770E-01   5.886    
    8.0+     6 2   5.897       0.000      0.1372E-01   5.883    
    8.0+     8 3   4.770       0.000      0.2100E-01   4.749    
    8.0+     8 4   4.933       0.000      0.1642E-01   4.917    
    8.0+     8 5   5.114       0.000      0.2661E-01   5.087    
    8.0+    10 6   2.353       0.000      0.1894E-02   2.351    
    8.0+    10 7   2.466       0.000      0.5343E-02   2.461    
    8.0-     5 1   5.832       0.000       0.000       5.832    
    8.0-     7 2   5.612       0.000      0.3480E-01   5.577    
    8.0-     7 3   5.698       0.000      0.1797E-01   5.680    
    8.0-     7 4   5.778       0.000      0.2203E-01   5.756    
    8.0-     9 5   3.550       0.000      0.8326E-02   3.542    
    8.0-     9 6   3.714       0.000      0.1086E-01   3.703    
    8.0-     9 7   3.909       0.000      0.2169E-01   3.887    
    8.0-    11 8   1.438       0.000       0.000       1.438    
    9.0+     6 1   6.591       0.000       0.000       6.591    
    9.0+     8 2   5.332       0.000      0.3353E-01   5.298    
    9.0+     8 3   5.513       0.000      0.1723E-01   5.496    
    9.0+     8 4   5.716       0.000      0.2082E-01   5.695    
    9.0+    10 5   2.630       0.000      0.4498E-02   2.626    
    9.0+    10 6   2.756       0.000      0.5749E-02   2.751    
    9.0+    10 7   2.908       0.000      0.1165E-01   2.896    
    9.0+    12 8  0.9330       0.000       0.000      0.9330    
    9.0-     7 1   6.368       0.000      0.1840E-01   6.349    
    9.0-     7 2   6.458       0.000      0.1296E-01   6.445    
    9.0-     9 3   3.968       0.000      0.1489E-01   3.953    
    9.0-     9 4   4.151       0.000      0.1157E-01   4.140    
    9.0-     9 5   4.369       0.000      0.1904E-01   4.350    
    9.0-    11 6   1.607       0.000      0.8588E-03   1.606    
    9.0-    11 7   1.675       0.000      0.2349E-02   1.673    
   10.0+     8 1   6.094       0.000      0.1766E-01   6.076    
   10.0+     8 2   6.317       0.000      0.1205E-01   6.305    
   10.0+    10 3   2.907       0.000      0.7896E-02   2.899    
   10.0+    10 4   3.047       0.000      0.6082E-02   3.040    
   10.0+    10 5   3.214       0.000      0.1008E-01   3.204    
   10.0+    12 6   1.031       0.000      0.3476E-03   1.031    
   10.0+    12 7   1.067       0.000      0.9240E-03   1.066    
   10.0-     7 1   7.138       0.000       0.000       7.138    
   10.0-     9 2   4.385       0.000      0.2331E-01   4.362    
   10.0-     9 3   4.588       0.000      0.1209E-01   4.576    
   10.0-     9 4   4.828       0.000      0.1467E-01   4.814    
   10.0-    11 5   1.776       0.000      0.2004E-02   1.774    
   10.0-    11 6   1.851       0.000      0.2507E-02   1.849    
   10.0-    11 7   1.941       0.000      0.5097E-02   1.936    
   10.0-    13 8  0.5817       0.000       0.000      0.5817    
   11.0+     8 1   6.919       0.000       0.000       6.919    
   11.0+    10 2   3.184       0.000      0.1217E-01   3.172    
   11.0+    10 3   3.337       0.000      0.6333E-02   3.330    
   11.0+    10 4   3.520       0.000      0.7665E-02   3.513    
   11.0+    12 5   1.129       0.000      0.7994E-03   1.129    
   11.0+    12 6   1.168       0.000      0.9790E-03   1.167    
   11.0+    12 7   1.214       0.000      0.1988E-02   1.212    
   11.0+    14 8  0.3535       0.000       0.000      0.3535    
   11.0-     9 1   5.025       0.000      0.1239E-01   5.013    
   11.0-     9 2   5.288       0.000      0.8383E-02   5.280    
   11.0-    11 3   1.945       0.000      0.3465E-02   1.941    
   11.0-    11 4   2.028       0.000      0.2637E-02   2.025    
   11.0-    11 5   2.126       0.000      0.4355E-02   2.122    
   11.0-    13 6  0.6371       0.000      0.1322E-03  0.6369    
   11.0-    13 7  0.6539       0.000      0.3426E-03  0.6536    
   12.0+    10 1   3.627       0.000      0.6494E-02   3.620    
   12.0+    10 2   3.826       0.000      0.4332E-02   3.822    
   12.0+    12 3   1.228       0.000      0.1366E-02   1.226    
   12.0+    12 4   1.270       0.000      0.1025E-02   1.269    
   12.0+    12 5   1.319       0.000      0.1680E-02   1.318    
   12.0+    14 6  0.3842       0.000      0.4862E-04  0.3841    
   12.0+    14 7  0.3918       0.000      0.1232E-03  0.3916    
   12.0-     9 1   5.748       0.000       0.000       5.748    
   12.0-    11 2   2.114       0.000      0.5273E-02   2.109    
   12.0-    11 3   2.204       0.000      0.2737E-02   2.201    
   12.0-    11 4   2.311       0.000      0.3277E-02   2.308    
   12.0-    13 5  0.6925       0.000      0.3005E-03  0.6922    
   12.0-    13 6  0.7108       0.000      0.3610E-03  0.7104    
   12.0-    13 7  0.7317       0.000      0.7303E-03  0.7310    
   12.0-    15 8  0.2112       0.000       0.000      0.2112    
   13.0+    10 1   4.132       0.000       0.000       4.132    
   13.0+    12 2   1.326       0.000      0.2056E-02   1.324    
   13.0+    12 3   1.372       0.000      0.1061E-02   1.371    
   13.0+    12 4   1.425       0.000      0.1253E-02   1.424    
   13.0+    14 5  0.4149       0.000      0.1094E-03  0.4148    
   13.0+    14 6  0.4231       0.000      0.1293E-03  0.4230    
   13.0+    14 7  0.4323       0.000      0.2606E-03  0.4320    
   13.0+    16 8  0.1246       0.000       0.000      0.1246    
   13.0-    11 1   2.380       0.000      0.2805E-02   2.378    
   13.0-    11 2   2.496       0.000      0.1835E-02   2.494    
   13.0-    13 3  0.7478       0.000      0.5079E-03  0.7473    
   13.0-    13 4  0.7676       0.000      0.3765E-03  0.7673    
   13.0-    13 5  0.7902       0.000      0.6119E-03  0.7896    
   13.0-    15 6  0.2281       0.000      0.1756E-04  0.2280    
   13.0-    15 7  0.2313       0.000      0.4367E-04  0.2313    
   14.0+    12 1   1.473       0.000      0.1087E-02   1.472    
   14.0+    12 2   1.530       0.000      0.6961E-03   1.530    
   14.0+    14 3  0.4457       0.000      0.1833E-03  0.4455    
   14.0+    14 4  0.4545       0.000      0.1344E-03  0.4543    
   14.0+    14 5  0.4643       0.000      0.2167E-03  0.4641    
   14.0+    16 6  0.1339       0.000      0.6272E-05  0.1339    
   14.0+    16 7  0.1353       0.000      0.1535E-04  0.1352    
   14.0-    11 1   2.681       0.000       0.000       2.681    
   14.0-    13 2  0.8032       0.000      0.7577E-03  0.8025    
   14.0-    13 3  0.8245       0.000      0.3890E-03  0.8241    
   14.0-    13 4  0.8487       0.000      0.4528E-03  0.8483    
   14.0-    15 5  0.2449       0.000      0.3917E-04  0.2449    
   14.0-    15 6  0.2485       0.000      0.4562E-04  0.2484    
   14.0-    15 7  0.2524       0.000      0.9172E-04  0.2523    
   14.0-    17 8  0.7290E-01   0.000       0.000      0.7290E-01
   15.0+    12 1   1.636       0.000       0.000       1.636    
   15.0+    14 2  0.4764       0.000      0.2713E-03  0.4761    
   15.0+    14 3  0.4858       0.000      0.1386E-03  0.4857    
   15.0+    14 4  0.4963       0.000      0.1593E-03  0.4961    
   15.0+    16 5  0.1431       0.000      0.1389E-04  0.1431    
   15.0+    16 6  0.1446       0.000      0.1598E-04  0.1446    
   15.0+    16 7  0.1462       0.000      0.3206E-04  0.1462    
   15.0+    18 8  0.4233E-01   0.000       0.000      0.4233E-01
   15.0-    13 1  0.8814       0.000      0.3981E-03  0.8810    
   15.0-    13 2  0.9073       0.000      0.2498E-03  0.9070    
   15.0-    15 3  0.2618       0.000      0.6513E-04  0.2618    
   15.0-    15 4  0.2656       0.000      0.4730E-04  0.2656    
   15.0-    15 5  0.2698       0.000      0.7576E-04  0.2697    
   15.0-    17 6  0.7792E-01   0.000      0.2225E-05  0.7792E-01
   15.0-    17 7  0.7851E-01   0.000      0.5369E-05  0.7850E-01
   16.0+    14 1  0.5171       0.000      0.1417E-03  0.5170    
   16.0+    14 2  0.5283       0.000      0.8733E-04  0.5282    
   16.0+    16 3  0.1523       0.000      0.2294E-04  0.1523    
   16.0+    16 4  0.1539       0.000      0.1653E-04  0.1539    
   16.0+    16 5  0.1556       0.000      0.2633E-04  0.1556    
   16.0+    18 6  0.4506E-01   0.000      0.7849E-06  0.4506E-01
   16.0+    18 7  0.4530E-01   0.000      0.1872E-05  0.4529E-01
   16.0-    13 1  0.9658       0.000       0.000      0.9658    
   16.0-    15 2  0.2787       0.000      0.9574E-04  0.2786    
   16.0-    15 3  0.2828       0.000      0.4869E-04  0.2827    
   16.0-    15 4  0.2872       0.000      0.5535E-04  0.2871    
   16.0-    17 5  0.8295E-01   0.000      0.4894E-05  0.8295E-01
   16.0-    17 6  0.8357E-01   0.000      0.5575E-05  0.8357E-01
   16.0-    17 7  0.8424E-01   0.000      0.1116E-04  0.8423E-01
   16.0-    19 8  0.2443E-01   0.000       0.000      0.2443E-01
   17.0+    14 1  0.5603       0.000       0.000      0.5603    
   17.0+    16 2  0.1616       0.000      0.3352E-04  0.1615    
   17.0+    16 3  0.1632       0.000      0.1699E-04  0.1632    
   17.0+    16 4  0.1651       0.000      0.1913E-04  0.1651    
   17.0+    18 5  0.4779E-01   0.000      0.1717E-05  0.4779E-01
   17.0+    18 6  0.4804E-01   0.000      0.1939E-05  0.4804E-01
   17.0+    18 7  0.4831E-01   0.000      0.3878E-05  0.4831E-01
   17.0+    20 8  0.1403E-01   0.000       0.000      0.1403E-01
   17.0-    15 1  0.2999       0.000      0.4976E-04  0.2998    
   17.0-    15 2  0.3046       0.000      0.3019E-04  0.3046    
   17.0-    17 3  0.8798E-01   0.000      0.8037E-05  0.8797E-01
   17.0-    17 4  0.8864E-01   0.000      0.5754E-05  0.8863E-01
   17.0-    17 5  0.8934E-01   0.000      0.9120E-05  0.8933E-01
   17.0-    19 6  0.2591E-01   0.000      0.2756E-06  0.2591E-01
   17.0-    19 7  0.2601E-01   0.000      0.6505E-06  0.2601E-01
   18.0+    16 1  0.1726       0.000      0.1735E-04  0.1726    
   18.0+    16 2  0.1745       0.000      0.1039E-04  0.1745    
   18.0+    18 3  0.5052E-01   0.000      0.2805E-05  0.5052E-01
   18.0+    18 4  0.5079E-01   0.000      0.1997E-05  0.5079E-01
   18.0+    18 5  0.5107E-01   0.000      0.3153E-05  0.5107E-01
   18.0+    20 6  0.1483E-01   0.000      0.9625E-07  0.1483E-01
   18.0+    20 7  0.1487E-01   0.000      0.2251E-06  0.1487E-01
   18.0-    15 1  0.3220       0.000       0.000      0.3220    
   18.0-    17 2  0.9301E-01   0.000      0.1168E-04  0.9300E-01
   18.0-    17 3  0.9370E-01   0.000      0.5904E-05  0.9369E-01
   18.0-    17 4  0.9445E-01   0.000      0.6597E-05  0.9444E-01
   18.0-    19 5  0.2739E-01   0.000      0.5999E-06  0.2739E-01
   18.0-    19 6  0.2749E-01   0.000      0.6722E-06  0.2749E-01
   18.0-    19 7  0.2760E-01   0.000      0.1343E-05  0.2760E-01
   18.0-    21 8  0.8016E-02   0.000       0.000      0.8016E-02
   19.0+    16 1  0.1839       0.000       0.000      0.1839    
   19.0+    18 2  0.5325E-01   0.000      0.4058E-05  0.5325E-01
   19.0+    18 3  0.5353E-01   0.000      0.2047E-05  0.5353E-01
   19.0+    18 4  0.5383E-01   0.000      0.2271E-05  0.5383E-01
   19.0+    20 5  0.1563E-01   0.000      0.2085E-06  0.1563E-01
   19.0+    20 6  0.1567E-01   0.000      0.2321E-06  0.1567E-01
   19.0+    20 7  0.1571E-01   0.000      0.4637E-06  0.1571E-01
   19.0+    22 8  0.4563E-02   0.000       0.000      0.4563E-02
   19.0-    17 1  0.9877E-01   0.000      0.6025E-05  0.9876E-01
   19.0-    17 2  0.9955E-01   0.000      0.3566E-05  0.9955E-01
   19.0-    19 3  0.2887E-01   0.000      0.9756E-06  0.2887E-01
   19.0-    19 4  0.2898E-01   0.000      0.6913E-06  0.2898E-01
   19.0-    19 5  0.2909E-01   0.000      0.1088E-05  0.2909E-01
   19.0-    21 6  0.8449E-02   0.000      0.3340E-07  0.8449E-02
   19.0-    21 7  0.8465E-02   0.000      0.7746E-07  0.8465E-02
   20.0+    18 1  0.5628E-01   0.000      0.2087E-05  0.5628E-01
   20.0+    18 2  0.5660E-01   0.000      0.1223E-05  0.5659E-01
   20.0+    20 3  0.1643E-01   0.000      0.3377E-06  0.1643E-01
   20.0+    20 4  0.1647E-01   0.000      0.2384E-06  0.1647E-01
   20.0+    20 5  0.1652E-01   0.000      0.3741E-06  0.1652E-01
   20.0+    22 6  0.4797E-02   0.000      0.1153E-07  0.4797E-02
   20.0+    22 7  0.4803E-02   0.000      0.2654E-07  0.4803E-02
   20.0-    17 1  0.1047       0.000       0.000      0.1047    
   20.0-    19 2  0.3035E-01   0.000      0.1406E-05  0.3035E-01
   20.0-    19 3  0.3046E-01   0.000      0.7077E-06  0.3046E-01
   20.0-    19 4  0.3059E-01   0.000      0.7807E-06  0.3058E-01
   20.0-    21 5  0.8882E-02   0.000      0.7207E-07  0.8882E-02
   20.0-    21 6  0.8899E-02   0.000      0.7975E-07  0.8899E-02
   20.0-    21 7  0.8916E-02   0.000      0.1593E-06  0.8916E-02
   20.0-    23 8  0.2588E-02   0.000       0.000      0.2588E-02
   21.0+    18 1  0.5936E-01   0.000       0.000      0.5936E-01
   21.0+    20 2  0.1723E-01   0.000      0.4847E-06  0.1723E-01
   21.0+    20 3  0.1728E-01   0.000      0.2438E-06  0.1728E-01
   21.0+    20 4  0.1732E-01   0.000      0.2675E-06  0.1732E-01
   21.0+    22 5  0.5031E-02   0.000      0.2478E-07  0.5031E-02
   21.0+    22 6  0.5038E-02   0.000      0.2729E-07  0.5037E-02
   21.0+    22 7  0.5044E-02   0.000      0.5448E-07  0.5044E-02
   21.0+    24 8  0.1463E-02   0.000       0.000      0.1463E-02
   21.0-    19 1  0.3195E-01   0.000      0.7213E-06  0.3195E-01
   21.0-    19 2  0.3208E-01   0.000      0.4189E-06  0.3208E-01
   21.0-    21 3  0.9316E-02   0.000      0.1163E-06  0.9316E-02
   21.0-    21 4  0.9333E-02   0.000      0.8179E-07  0.9333E-02
   21.0-    21 5  0.9351E-02   0.000      0.1281E-06  0.9351E-02
   21.0-    23 6  0.2714E-02   0.000      0.3966E-08  0.2714E-02
   21.0-    23 7  0.2717E-02   0.000      0.9073E-08  0.2717E-02
   22.0+    20 1  0.1808E-01   0.000      0.2483E-06  0.1808E-01
   22.0+    20 2  0.1813E-01   0.000      0.1431E-06  0.1813E-01
   22.0+    22 3  0.5265E-02   0.000      0.3986E-07  0.5265E-02
   22.0+    22 4  0.5272E-02   0.000      0.2795E-07  0.5272E-02
   22.0+    22 5  0.5279E-02   0.000      0.4367E-07  0.5279E-02
   22.0+    24 6  0.1531E-02   0.000      0.1362E-08  0.1531E-02
   22.0+    24 7  0.1532E-02   0.000      0.3098E-08  0.1532E-02
   22.0-    19 1  0.3357E-01   0.000       0.000      0.3357E-01
   22.0-    21 2  0.9749E-02   0.000      0.1663E-06  0.9749E-02
   22.0-    21 3  0.9767E-02   0.000      0.8356E-07  0.9767E-02
   22.0-    21 4  0.9786E-02   0.000      0.9128E-07  0.9786E-02
   22.0-    23 5  0.2841E-02   0.000      0.8499E-08  0.2841E-02
   22.0-    23 6  0.2843E-02   0.000      0.9313E-08  0.2843E-02
   22.0-    23 7  0.2846E-02   0.000      0.1859E-07  0.2846E-02
   22.0-    25 8  0.8247E-03   0.000       0.000      0.8247E-03
   23.0+    20 1  0.1894E-01   0.000       0.000      0.1894E-01
   23.0+    22 2  0.5499E-02   0.000      0.5682E-07  0.5499E-02
   23.0+    22 3  0.5506E-02   0.000      0.2853E-07  0.5506E-02
   23.0+    22 4  0.5514E-02   0.000      0.3104E-07  0.5514E-02
   23.0+    24 5  0.1599E-02   0.000      0.2910E-08  0.1599E-02
   23.0+    24 6  0.1600E-02   0.000      0.3176E-08  0.1600E-02
   23.0+    24 7  0.1601E-02   0.000      0.6340E-08  0.1601E-02
   23.0+    26 8  0.4636E-03   0.000       0.000      0.4636E-03
   23.0-    21 1  0.1020E-01   0.000      0.8506E-07  0.1020E-01
   23.0-    21 2  0.1022E-01   0.000      0.4868E-07  0.1022E-01
   23.0-    23 3  0.2967E-02   0.000      0.1362E-07  0.2967E-02
   23.0-    23 4  0.2970E-02   0.000      0.9529E-08  0.2969E-02
   23.0-    23 5  0.2972E-02   0.000      0.1486E-07  0.2972E-02
   23.0-    25 6  0.8614E-03   0.000      0.4674E-09  0.8614E-03
   23.0-    25 7  0.8618E-03   0.000      0.1057E-08  0.8618E-03
   24.0+    22 1  0.5740E-02   0.000      0.2902E-07  0.5740E-02
   24.0+    22 2  0.5748E-02   0.000      0.1651E-07  0.5748E-02
   24.0+    24 3  0.1667E-02   0.000      0.4652E-08  0.1667E-02
   24.0+    24 4  0.1668E-02   0.000      0.3246E-08  0.1668E-02
   24.0+    24 5  0.1669E-02   0.000      0.5054E-08  0.1669E-02
   24.0+    26 6  0.4834E-03   0.000      0.1602E-09  0.4834E-03
   24.0+    26 7  0.4835E-03   0.000      0.3605E-09  0.4835E-03
   24.0-    21 1  0.1066E-01   0.000       0.000      0.1066E-01
   24.0-    23 2  0.3093E-02   0.000      0.1937E-07  0.3093E-02
   24.0-    23 3  0.3096E-02   0.000      0.9719E-08  0.3096E-02
   24.0-    23 4  0.3099E-02   0.000      0.1054E-07  0.3099E-02
   24.0-    25 5  0.8980E-03   0.000      0.9957E-09  0.8980E-03
   24.0-    25 6  0.8984E-03   0.000      0.1082E-08  0.8984E-03
   24.0-    25 7  0.8989E-03   0.000      0.2161E-08  0.8989E-03
   24.0-    27 8  0.2600E-03   0.000       0.000      0.2600E-03
   25.0+    22 1  0.5983E-02   0.000       0.000      0.5983E-02
   25.0+    24 2  0.1735E-02   0.000      0.6597E-08  0.1735E-02
   25.0+    24 3  0.1736E-02   0.000      0.3309E-08  0.1736E-02
   25.0+    24 4  0.1738E-02   0.000      0.3575E-08  0.1738E-02
   25.0+    26 5  0.5031E-03   0.000      0.3404E-09  0.5031E-03
   25.0+    26 6  0.5032E-03   0.000      0.3688E-09  0.5032E-03
   25.0+    26 7  0.5034E-03   0.000      0.7363E-09  0.5034E-03
   25.0+    28 8  0.1455E-03   0.000       0.000      0.1455E-03
   25.0-    23 1  0.3222E-02   0.000      0.9883E-08  0.3222E-02
   25.0-    23 2  0.3225E-02   0.000      0.5590E-08  0.3225E-02
   25.0-    25 3  0.9347E-03   0.000      0.1588E-08  0.9347E-03
   25.0-    25 4  0.9351E-03   0.000      0.1105E-08  0.9351E-03
   25.0-    25 5  0.9355E-03   0.000      0.1719E-08  0.9355E-03
   25.0-    27 6  0.2706E-03   0.000      0.5486E-10  0.2706E-03
   25.0-    27 7  0.2707E-03   0.000      0.1229E-09  0.2707E-03
   26.0+    24 1  0.1805E-02   0.000      0.3362E-08  0.1805E-02
   26.0+    24 2  0.1806E-02   0.000      0.1892E-08  0.1806E-02
   26.0+    26 3  0.5228E-03   0.000      0.5415E-09  0.5228E-03
   26.0+    26 4  0.5230E-03   0.000      0.3763E-09  0.5230E-03
   26.0+    26 5  0.5231E-03   0.000      0.5843E-09  0.5231E-03
   26.0+    28 6  0.1512E-03   0.000      0.1876E-10  0.1512E-03
   26.0+    28 7  0.1512E-03   0.000      0.4186E-10  0.1512E-03
   26.0-    23 1  0.3352E-02   0.000       0.000      0.3352E-02
   26.0-    25 2  0.9714E-03   0.000      0.2246E-08  0.9714E-03
   26.0-    25 3  0.9718E-03   0.000      0.1126E-08  0.9718E-03
   26.0-    25 4  0.9722E-03   0.000      0.1213E-08  0.9722E-03
   26.0-    27 5  0.2812E-03   0.000      0.1163E-09  0.2812E-03
   26.0-    27 6  0.2813E-03   0.000      0.1256E-09  0.2813E-03
   26.0-    27 7  0.2813E-03   0.000      0.2508E-09  0.2813E-03
   26.0-    29 8  0.8121E-04   0.000       0.000      0.8121E-04
   27.0+    24 1  0.1874E-02   0.000       0.000      0.1874E-02
   27.0+    26 2  0.5425E-03   0.000      0.7642E-09  0.5425E-03
   27.0+    26 3  0.5427E-03   0.000      0.3830E-09  0.5427E-03
   27.0+    26 4  0.5429E-03   0.000      0.4115E-09  0.5429E-03
   27.0+    28 5  0.1569E-03   0.000      0.3969E-10  0.1569E-03
   27.0+    28 6  0.1569E-03   0.000      0.4275E-10  0.1569E-03
   27.0+    28 7  0.1569E-03   0.000      0.8535E-10  0.1569E-03
   27.0+    30 8  0.4525E-04   0.000       0.000      0.4525E-04
   27.0-    25 1  0.1008E-02   0.000      0.1144E-08  0.1008E-02
   27.0-    25 2  0.1009E-02   0.000      0.6407E-09  0.1009E-02
   27.0-    27 3  0.2918E-03   0.000      0.1846E-09  0.2918E-03
   27.0-    27 4  0.2919E-03   0.000      0.1281E-09  0.2919E-03
   27.0-    27 5  0.2919E-03   0.000      0.1986E-09  0.2919E-03
   27.0-    29 6  0.8427E-04   0.000      0.6405E-11  0.8427E-04
   27.0-    29 7  0.8428E-04   0.000      0.1424E-10  0.8428E-04
   28.0+    26 1  0.5624E-03   0.000      0.3889E-09  0.5624E-03
   28.0+    26 2  0.5626E-03   0.000      0.2170E-09  0.5626E-03
   28.0+    28 3  0.1626E-03   0.000      0.6287E-10  0.1626E-03
   28.0+    28 4  0.1626E-03   0.000      0.4355E-10  0.1626E-03
   28.0+    28 5  0.1626E-03   0.000      0.6746E-10  0.1626E-03
   28.0+    30 6  0.4689E-04   0.000      0.2182E-11  0.4689E-04
   28.0+    30 7  0.4690E-04   0.000      0.4832E-11  0.4690E-04
   28.0-    25 1  0.1046E-02   0.000       0.000      0.1046E-02
   28.0-    27 2  0.3024E-03   0.000      0.2600E-09  0.3024E-03
   28.0-    27 3  0.3025E-03   0.000      0.1303E-09  0.3025E-03
   28.0-    27 4  0.3026E-03   0.000      0.1396E-09  0.3026E-03
   28.0-    29 5  0.8734E-04   0.000      0.1352E-10  0.8734E-04
   28.0-    29 6  0.8734E-04   0.000      0.1452E-10  0.8734E-04
   28.0-    29 7  0.8735E-04   0.000      0.2900E-10  0.8735E-04
   28.0-    31 8  0.2517E-04   0.000       0.000      0.2517E-04
   29.0+    26 1  0.5824E-03   0.000       0.000      0.5824E-03
   29.0+    28 2  0.1683E-03   0.000      0.8837E-10  0.1683E-03
   29.0+    28 3  0.1683E-03   0.000      0.4427E-10  0.1683E-03
   29.0+    28 4  0.1683E-03   0.000      0.4733E-10  0.1683E-03
   29.0+    30 5  0.4854E-04   0.000      0.4598E-11  0.4854E-04
   29.0+    30 6  0.4854E-04   0.000      0.4926E-11  0.4854E-04
   29.0+    30 7  0.4855E-04   0.000      0.9838E-11  0.4855E-04
   29.0+    32 8  0.1397E-04   0.000       0.000      0.1397E-04
   29.0-    27 1  0.3131E-03   0.000      0.1322E-09  0.3131E-03
   29.0-    27 2  0.3132E-03   0.000      0.7347E-10  0.3132E-03
   29.0-    29 3  0.9040E-04   0.000      0.2138E-10  0.9040E-04
   29.0-    29 4  0.9041E-04   0.000      0.1479E-10  0.9041E-04
   29.0-    29 5  0.9042E-04   0.000      0.2288E-10  0.9042E-04
   29.0-    31 6  0.2605E-04   0.000      0.7420E-12  0.2605E-04
   29.0-    31 7  0.2605E-04   0.000      0.1638E-11  0.2605E-04
   30.0+    28 1  0.1740E-03   0.000      0.4492E-10  0.1740E-03
   30.0+    28 2  0.1740E-03   0.000      0.2487E-10  0.1740E-03
   30.0+    30 3  0.5019E-04   0.000      0.7256E-11  0.5019E-04
   30.0+    30 4  0.5019E-04   0.000      0.5013E-11  0.5019E-04
   30.0+    30 5  0.5019E-04   0.000      0.7749E-11  0.5019E-04
   30.0+    32 6  0.1445E-04   0.000      0.2516E-12  0.1445E-04
   30.0+    32 7  0.1445E-04   0.000      0.5536E-12  0.1445E-04
   30.0-    27 1  0.3238E-03   0.000       0.000      0.3238E-03
   30.0-    29 2  0.9346E-04   0.000      0.3000E-10  0.9346E-04
   30.0-    29 3  0.9347E-04   0.000      0.1503E-10  0.9347E-04
   30.0-    29 4  0.9348E-04   0.000      0.1603E-10  0.9348E-04
   30.0-    31 5  0.2693E-04   0.000      0.1561E-11  0.2693E-04
   30.0-    31 6  0.2693E-04   0.000      0.1668E-11  0.2693E-04
   30.0-    31 7  0.2694E-04   0.000      0.3332E-11  0.2694E-04
   30.0-    33 8  0.7747E-05   0.000       0.000      0.7747E-05
   31.0+    28 1  0.1797E-03   0.000       0.000      0.1797E-03
   31.0+    30 2  0.5183E-04   0.000      0.1016E-10  0.5183E-04
   31.0+    30 3  0.5183E-04   0.000      0.5091E-11  0.5183E-04
   31.0+    30 4  0.5184E-04   0.000      0.5419E-11  0.5184E-04
   31.0+    32 5  0.1492E-04   0.000      0.5285E-12  0.1492E-04
   31.0+    32 6  0.1492E-04   0.000      0.5637E-12  0.1492E-04
   31.0+    32 7  0.1492E-04   0.000      0.1126E-11  0.1492E-04
   31.0+    34 8  0.4288E-05   0.000       0.000      0.4288E-05
   31.0-    29 1  0.9654E-04   0.000      0.1524E-10  0.9654E-04
   31.0-    29 2  0.9655E-04   0.000      0.8408E-11  0.9655E-04
   31.0-    31 3  0.2782E-04   0.000      0.2459E-11  0.2782E-04
   31.0-    31 4  0.2782E-04   0.000      0.1697E-11  0.2782E-04
   31.0-    31 5  0.2782E-04   0.000      0.2621E-11  0.2782E-04
   31.0-    33 6  0.8001E-05   0.000      0.8485E-13  0.8001E-05
   31.0-    33 7  0.8001E-05   0.000      0.1861E-12  0.8001E-05
   32.0+    30 1  0.5348E-04   0.000      0.5161E-11  0.5348E-04
   32.0+    30 2  0.5348E-04   0.000      0.2839E-11  0.5348E-04
   32.0+    32 3  0.1540E-04   0.000      0.8313E-12  0.1540E-04
   32.0+    32 4  0.1540E-04   0.000      0.5729E-12  0.1540E-04
   32.0+    32 5  0.1540E-04   0.000      0.8841E-12  0.1540E-04
   32.0+    34 6  0.4424E-05   0.000      0.2830E-13  0.4424E-05
   32.0+    34 7  0.4424E-05   0.000      0.6185E-13  0.4424E-05
   32.0-    29 1  0.9961E-04   0.000       0.000      0.9961E-04
   32.0-    31 2  0.2870E-04   0.000      0.3439E-11  0.2870E-04
   32.0-    31 3  0.2870E-04   0.000      0.1722E-11  0.2870E-04
   32.0-    31 4  0.2870E-04   0.000      0.1830E-11  0.2870E-04
   32.0-    33 5  0.8255E-05   0.000      0.1779E-12  0.8255E-05
   32.0-    33 6  0.8255E-05   0.000      0.1894E-12  0.8255E-05
   32.0-    33 7  0.8255E-05   0.000      0.3783E-12  0.8255E-05
   32.0-    35 8  0.2370E-05   0.000       0.000      0.2370E-05
   33.0+    30 1  0.5513E-04   0.000       0.000      0.5513E-04
   33.0+    32 2  0.1587E-04   0.000      0.1161E-11  0.1587E-04
   33.0+    32 3  0.1587E-04   0.000      0.5813E-12  0.1587E-04
   33.0+    32 4  0.1587E-04   0.000      0.6165E-12  0.1587E-04
   33.0+    34 5  0.4560E-05   0.000      0.5922E-13  0.4560E-05
   33.0+    34 6  0.4561E-05   0.000      0.6290E-13  0.4561E-05
   33.0+    34 7  0.4561E-05   0.000      0.1257E-12  0.4561E-05
   33.0+    36 8  0.1309E-05   0.000       0.000      0.1309E-05
   33.0-    31 1  0.2958E-04   0.000      0.1745E-11  0.2958E-04
   33.0-    31 2  0.2959E-04   0.000      0.9571E-12  0.2959E-04
   33.0-    33 3  0.8509E-05   0.000      0.2795E-12  0.8509E-05
   33.0-    33 4  0.8509E-05   0.000      0.1924E-12  0.8509E-05
   33.0-    33 5  0.8509E-05   0.000      0.2967E-12  0.8509E-05
   33.0-    35 6  0.2443E-05   0.000      0.9279E-14  0.2443E-05
   33.0-    35 7  0.2443E-05   0.000      0.2025E-13  0.2443E-05
   34.0+    32 1  0.1634E-04   0.000      0.5889E-12  0.1634E-04
   34.0+    32 2  0.1634E-04   0.000      0.3221E-12  0.1634E-04
   34.0+    34 3  0.4697E-05   0.000      0.9294E-13  0.4697E-05
   34.0+    34 4  0.4697E-05   0.000      0.6392E-13  0.4697E-05
   34.0+    34 5  0.4697E-05   0.000      0.9849E-13  0.4697E-05
   34.0+    36 6  0.1348E-05   0.000      0.2982E-14  0.1348E-05
   34.0+    36 7  0.1348E-05   0.000      0.6489E-14  0.1348E-05
   34.0-    31 1  0.3047E-04   0.000       0.000      0.3047E-04
   34.0-    33 2  0.8763E-05   0.000      0.3898E-12  0.8763E-05
   34.0-    33 3  0.8763E-05   0.000      0.1951E-12  0.8763E-05
   34.0-    33 4  0.8763E-05   0.000      0.2066E-12  0.8763E-05
   34.0-    35 5  0.2516E-05   0.000      0.1940E-13  0.2516E-05
   34.0-    35 6  0.2516E-05   0.000      0.2058E-13  0.2516E-05
   34.0-    35 7  0.2516E-05   0.000      0.4112E-13  0.2516E-05
   34.0-    37 8  0.7215E-06   0.000       0.000      0.7215E-06
   35.0+    32 1  0.1682E-04   0.000       0.000      0.1682E-04
   35.0+    34 2  0.4833E-05   0.000      0.1294E-12  0.4833E-05
   35.0+    34 3  0.4833E-05   0.000      0.6481E-13  0.4833E-05
   35.0+    34 4  0.4833E-05   0.000      0.6851E-13  0.4833E-05
   35.0+    36 5  0.1387E-05   0.000      0.6230E-14  0.1387E-05
   35.0+    36 6  0.1387E-05   0.000      0.6594E-14  0.1387E-05
   35.0+    36 7  0.1387E-05   0.000      0.1317E-13  0.1387E-05
   35.0+    38 8  0.3973E-06   0.000       0.000      0.3973E-06
   35.0-    33 1  0.9017E-05   0.000      0.1976E-12  0.9017E-05
   35.0-    33 2  0.9017E-05   0.000      0.1078E-12  0.9017E-05
   35.0-    35 3  0.2589E-05   0.000      0.3040E-13  0.2589E-05
   35.0-    35 4  0.2589E-05   0.000      0.2089E-13  0.2589E-05
   35.0-    35 5  0.2589E-05   0.000      0.3216E-13  0.2589E-05
   35.0-    37 6  0.7424E-06   0.000      0.9389E-15  0.7424E-06
   35.0-    37 7  0.7424E-06   0.000      0.2039E-14  0.7424E-06
   36.0+    34 1  0.4969E-05   0.000      0.6561E-13  0.4969E-05
   36.0+    34 2  0.4969E-05   0.000      0.3570E-13  0.4969E-05
   36.0+    36 3  0.1426E-05   0.000      0.9747E-14  0.1426E-05
   36.0+    36 4  0.1426E-05   0.000      0.6689E-14  0.1426E-05
   36.0+    36 5  0.1426E-05   0.000      0.1029E-13  0.1426E-05
   36.0+    38 6  0.4085E-06   0.000      0.2903E-15  0.4085E-06
   36.0+    38 7  0.4085E-06   0.000      0.6258E-15  0.4085E-06
   36.0-    33 1  0.9271E-05   0.000       0.000      0.9271E-05
   36.0-    35 2  0.2662E-05   0.000      0.4229E-13  0.2662E-05
   36.0-    35 3  0.2662E-05   0.000      0.2117E-13  0.2662E-05
   36.0-    35 4  0.2662E-05   0.000      0.2235E-13  0.2662E-05
   36.0-    37 5  0.7633E-06   0.000      0.1958E-14  0.7633E-06
   36.0-    37 6  0.7633E-06   0.000      0.2070E-14  0.7633E-06
   36.0-    37 7  0.7633E-06   0.000      0.4136E-14  0.7633E-06
   36.0-    39 8  0.2186E-06   0.000       0.000      0.2186E-06
   37.0+    34 1  0.5105E-05   0.000       0.000      0.5105E-05
   37.0+    36 2  0.1465E-05   0.000      0.1355E-13  0.1465E-05
   37.0+    36 3  0.1465E-05   0.000      0.6775E-14  0.1465E-05
   37.0+    36 4  0.1465E-05   0.000      0.7146E-14  0.1465E-05
   37.0+    38 5  0.4197E-06   0.000      0.6031E-15  0.4197E-06
   37.0+    38 6  0.4197E-06   0.000      0.6347E-15  0.4197E-06
   37.0+    38 7  0.4197E-06   0.000      0.1273E-14  0.4197E-06
   37.0+    40 8  0.1201E-06   0.000       0.000      0.1201E-06
   37.0-    35 1  0.2735E-05   0.000      0.2143E-13  0.2735E-05
   37.0-    35 2  0.2735E-05   0.000      0.1163E-13  0.2735E-05
   37.0-    37 3  0.7842E-06   0.000      0.3060E-14  0.7842E-06
   37.0-    37 4  0.7842E-06   0.000      0.2099E-14  0.7842E-06
   37.0-    37 5  0.7842E-06   0.000      0.3228E-14  0.7842E-06
   37.0-    39 6  0.2246E-06   0.000      0.8830E-16  0.2246E-06
   37.0-    39 7  0.2246E-06   0.000      0.1886E-15  0.2246E-06
   38.0+    36 1  0.1504E-05   0.000      0.6857E-14  0.1504E-05
   38.0+    36 2  0.1504E-05   0.000      0.3714E-14  0.1504E-05
   38.0+    38 3  0.4309E-06   0.000      0.9446E-15  0.4309E-06
   38.0+    38 4  0.4309E-06   0.000      0.6433E-15  0.4309E-06
   38.0+    38 5  0.4309E-06   0.000      0.9918E-15  0.4309E-06
   38.0+    40 6  0.1233E-06   0.000      0.2678E-16  0.1233E-06
   38.0+    40 7  0.1233E-06   0.000      0.5639E-16  0.1233E-06
   38.0-    35 1  0.2808E-05   0.000       0.000      0.2808E-05
   38.0-    37 2  0.8051E-06   0.000      0.4248E-14  0.8051E-06
   38.0-    37 3  0.8051E-06   0.000      0.2126E-14  0.8051E-06
   38.0-    37 4  0.8051E-06   0.000      0.2238E-14  0.8051E-06
   38.0-    39 5  0.2306E-06   0.000      0.1825E-15  0.2306E-06
   38.0-    39 6  0.2306E-06   0.000      0.1933E-15  0.2306E-06
   38.0-    39 7  0.2306E-06   0.000      0.4008E-15  0.2306E-06
   38.0-    41 8  0.6594E-07   0.000       0.000      0.6594E-07
   39.0+    36 1  0.1543E-05   0.000       0.000      0.1543E-05
   39.0+    38 2  0.4421E-06   0.000      0.1300E-14  0.4421E-06
   39.0+    38 3  0.4421E-06   0.000      0.6526E-15  0.4421E-06
   39.0+    38 4  0.4421E-06   0.000      0.6853E-15  0.4421E-06
   39.0+    40 5  0.1265E-06   0.000      0.5510E-16  0.1265E-06
   39.0+    40 6  0.1265E-06   0.000      0.5965E-16  0.1265E-06
   39.0+    40 7  0.1265E-06   0.000      0.1150E-15  0.1265E-06
   39.0+    42 8  0.3617E-07   0.000       0.000      0.3617E-07
   39.0-    37 1  0.8261E-06   0.000      0.2150E-14  0.8261E-06
   39.0-    37 2  0.8261E-06   0.000      0.1162E-14  0.8261E-06
   39.0-    39 3  0.2365E-06   0.000      0.2806E-15  0.2365E-06
   39.0-    39 4  0.2365E-06   0.000      0.1931E-15  0.2365E-06
   39.0-    39 5  0.2365E-06   0.000      0.2967E-15  0.2365E-06
   39.0-    41 6  0.6765E-07   0.000      0.7138E-17  0.6765E-07
   39.0-    41 7  0.6765E-07   0.000      0.1517E-16  0.6765E-07
   40.0+    38 1  0.4533E-06   0.000      0.6593E-15  0.4533E-06
   40.0+    38 2  0.4533E-06   0.000      0.3555E-15  0.4533E-06
   40.0+    40 3  0.1297E-06   0.000      0.8340E-16  0.1297E-06
   40.0+    40 4  0.1297E-06   0.000      0.5651E-16  0.1297E-06
   40.0+    40 5  0.1297E-06   0.000      0.8604E-16  0.1297E-06
   40.0+    42 6  0.3708E-07   0.000      0.1942E-17  0.3708E-07
   40.0+    42 7  0.3708E-07   0.000      0.4250E-17  0.3708E-07
   40.0-    37 1  0.8470E-06   0.000       0.000      0.8470E-06
   40.0-    39 2  0.2425E-06   0.000      0.3909E-15  0.2425E-06
   40.0-    39 3  0.2425E-06   0.000      0.1948E-15  0.2425E-06
   40.0-    39 4  0.2425E-06   0.000      0.2062E-15  0.2425E-06
   40.0-    41 5  0.6937E-07   0.000      0.1498E-16  0.6937E-07
   40.0-    41 6  0.6937E-07   0.000      0.1510E-16  0.6937E-07
   40.0-    41 7  0.6937E-07   0.000      0.3085E-16  0.6937E-07
   40.0-    43 8  0.1982E-07   0.000       0.000      0.1982E-07
