0.001  7.78263e-05 0.158225
0.00101  7.79024e-05 0.159014
0.0010201  7.79789e-05 0.159807
0.0010303  7.80558e-05 0.160604
0.0010406  7.81332e-05 0.161405
0.00105101  7.8211e-05 0.16221
0.00106152  7.82893e-05 0.163019
0.00107214  7.83681e-05 0.163832
0.00108286  7.84473e-05 0.164649
0.00109369  7.85269e-05 0.16547
0.00110462  7.8606e-05 0.166296
0.00111567  7.86783e-05 0.167125
0.00112683  7.8751e-05 0.167959
0.00113809  7.88149e-05 0.168796
0.00114947  7.88785e-05 0.169638
0.00116097  7.89424e-05 0.170484
0.00117258  7.90066e-05 0.171335
0.0011843  7.90636e-05 0.172189
0.00119615  7.91201e-05 0.173048
0.00120811  7.91769e-05 0.173911
0.00122019  7.92339e-05 0.174778
0.00123239  7.92912e-05 0.17565
0.00124472  7.93486e-05 0.176526
0.00125716  7.94063e-05 0.177407
0.00126973  7.94642e-05 0.178291
0.00128243  7.95223e-05 0.179181
0.00129526  7.95807e-05 0.180074
0.00130821  7.96393e-05 0.180973
0.00132129  7.96981e-05 0.181875
0.0013345  7.97571e-05 0.182782
0.00134785  7.98164e-05 0.183694
0.00136133  7.98759e-05 0.18461
0.00137494  7.99356e-05 0.185531
0.00138869  7.99955e-05 0.186456
0.00140258  8.00557e-05 0.187386
0.0014166  8.01161e-05 0.188321
0.00143077  8.01767e-05 0.18926
0.00144508  8.02376e-05 0.190204
0.00145953  8.02987e-05 0.191153
0.00147412  8.03587e-05 0.192106
0.00148886  8.04143e-05 0.193064
0.00150375  8.04698e-05 0.193995
0.00151879  8.05186e-05 0.194935
0.00153398  8.05676e-05 0.195887
0.00154932  8.06166e-05 0.196851
0.00156481  8.06658e-05 0.197826
0.00158046  8.07117e-05 0.198812
0.00159626  8.07577e-05 0.199809
0.00161223  8.08037e-05 0.200818
0.00162835  8.08498e-05 0.201837
0.00164463  8.0896e-05 0.202867
0.00166108  8.09422e-05 0.203908
0.00167769  8.09885e-05 0.204939
0.00169447  8.10348e-05 0.205947
0.00171141  8.10812e-05 0.206964
0.00172852  8.11277e-05 0.20799
0.00174581  8.11742e-05 0.209024
0.00176327  8.12207e-05 0.210067
0.0017809  8.12673e-05 0.211117
0.00179871  8.13139e-05 0.212175
0.0018167  8.13606e-05 0.21324
0.00183486  8.14074e-05 0.214312
0.00185321  8.14541e-05 0.21539
0.00187174  8.15009e-05 0.216473
0.00189046  8.15478e-05 0.217556
0.00190937  8.15947e-05 0.218642
0.00192846  8.16416e-05 0.219733
0.00194774  8.16885e-05 0.220829
0.00196722  8.17351e-05 0.22193
0.00198689  8.17813e-05 0.223037
0.00200676  8.18276e-05 0.224149
0.00202683  8.18739e-05 0.225266
0.0020471  8.19202e-05 0.226389
0.00206757  8.19665e-05 0.227518
0.00208825  8.20128e-05 0.228652
0.00210913  8.20592e-05 0.229792
0.00213022  8.21055e-05 0.230938
0.00215152  8.21518e-05 0.232089
0.00217304  8.21982e-05 0.233246
0.00219477  8.22445e-05 0.234409
0.00221672  8.22886e-05 0.235579
0.00223888  8.23301e-05 0.236754
0.00226127  8.237e-05 0.237935
0.00228388  8.24057e-05 0.239122
0.00230672  8.24412e-05 0.240315
0.00232979  8.24767e-05 0.241514
0.00235309  8.25122e-05 0.242719
0.00237662  8.2548e-05 0.243929
0.00240038  8.25838e-05 0.245146
0.00242439  8.26194e-05 0.246369
0.00244863  8.26548e-05 0.247598
0.00247312  8.26902e-05 0.248833
0.00249785  8.27254e-05 0.250074
0.00252283  8.27604e-05 0.251321
0.00254806  8.27953e-05 0.252574
0.00257354  8.28301e-05 0.253834
0.00259927  8.28647e-05 0.2551
0.00262527  8.28991e-05 0.256372
0.00265152  8.29334e-05 0.25765
0.00267803  8.29675e-05 0.258935
0.00270481  8.30014e-05 0.260227
0.00273186  8.30352e-05 0.261525
0.00275918  8.30687e-05 0.262829
0.00278677  8.31021e-05 0.26414
0.00281464  8.31353e-05 0.265457
0.00284279  8.31683e-05 0.266781
0.00287121  8.32011e-05 0.268112
0.00289993  8.32336e-05 0.269449
0.00292893  8.3266e-05 0.270793
0.00295822  8.32971e-05 0.272143
0.0029878  8.33271e-05 0.273501
0.00301768  8.33559e-05 0.274865
0.00304785  8.33831e-05 0.276236
0.00307833  8.341e-05 0.277614
0.00310911  8.34366e-05 0.278998
0.0031402  8.34643e-05 0.28039
0.00317161  8.34946e-05 0.281788
0.00320332  8.35246e-05 0.283193
0.00323536  8.35543e-05 0.284606
0.00326771  8.35837e-05 0.286025
0.00330039  8.36129e-05 0.287452
0.00333339  8.36418e-05 0.288885
0.00336672  8.36705e-05 0.290326
0.00340039  8.36988e-05 0.291774
0.0034344  8.37268e-05 0.293229
0.00346874  8.37546e-05 0.294692
0.00350343  8.3782e-05 0.296162
0.00353846  8.38091e-05 0.297639
0.00357385  8.38359e-05 0.299123
0.00360958  8.38623e-05 0.300615
0.00364568  8.38885e-05 0.302114
0.00368214  8.39142e-05 0.303621
0.00371896  8.39392e-05 0.305135
0.00375615  8.39639e-05 0.306657
0.00379371  8.39876e-05 0.308187
0.00383165  8.4011e-05 0.309724
0.00386996  8.4034e-05 0.311269
0.00390866  8.40566e-05 0.312821
0.00394775  8.40871e-05 0.314381
0.00398723  8.4118e-05 0.315949
0.0040271  8.41485e-05 0.317525
0.00406737  8.41788e-05 0.319109
0.00410804  8.42087e-05 0.3207
0.00414912  8.42382e-05 0.3223
0.00419062  8.42675e-05 0.323907
0.00423252  8.42963e-05 0.325523
0.00427485  8.43248e-05 0.327146
0.0043176  8.4353e-05 0.328778
0.00436077  8.43807e-05 0.330418
0.00440438  8.44081e-05 0.332066
0.00444842  8.44355e-05 0.333722
0.00449291  8.44625e-05 0.335386
0.00453784  8.44894e-05 0.337059
0.00458321  8.45161e-05 0.33874
0.00462905  8.45424e-05 0.340429
0.00467534  8.45683e-05 0.342127
0.00472209  8.45937e-05 0.343834
0.00476931  8.46188e-05 0.345548
0.004817  8.46433e-05 0.347272
0.00486517  8.46675e-05 0.349004
0.00491383  8.46912e-05 0.350745
0.00496296  8.47144e-05 0.352494
0.00501259  8.47372e-05 0.354252
0.00506272  8.47595e-05 0.356019
0.00511335  8.47813e-05 0.357794
0.00516448  8.48026e-05 0.359579
0.00521613  8.48234e-05 0.361372
0.00526829  8.48437e-05 0.363175
0.00532097  8.48635e-05 0.364986
0.00537418  8.48827e-05 0.366806
0.00542792  8.49014e-05 0.368636
0.0054822  8.49196e-05 0.370474
0.00553702  8.49372e-05 0.372322
0.00559239  8.49543e-05 0.374179
0.00564832  8.49708e-05 0.376045
0.0057048  8.49867e-05 0.377921
0.00576185  8.5002e-05 0.379806
0.00581947  8.50167e-05 0.3817
0.00587766  8.50335e-05 0.383604
0.00593644  8.50651e-05 0.385517
0.0059958  8.50965e-05 0.38744
0.00605576  8.51295e-05 0.389372
0.00611632  8.5163e-05 0.391314
0.00617748  8.5196e-05 0.393266
0.00623926  8.52285e-05 0.395227
0.00630165  8.52606e-05 0.397198
0.00636466  8.52923e-05 0.399179
0.00642831  8.53234e-05 0.40117
0.00649259  8.53541e-05 0.403171
0.00655752  8.53843e-05 0.405182
0.0066231  8.54139e-05 0.407203
0.00668933  8.54431e-05 0.409233
0.00675622  8.54717e-05 0.411275
0.00682378  8.54998e-05 0.413326
0.00689202  8.55274e-05 0.415387
0.00696094  8.55544e-05 0.417459
0.00703055  8.55809e-05 0.419541
0.00710085  8.56068e-05 0.421634
0.00717186  8.56321e-05 0.423737
0.00724358  8.56568e-05 0.42585
0.00731602  8.56809e-05 0.427974
0.00738918  8.57069e-05 0.430108
0.00746307  8.57352e-05 0.432253
0.0075377  8.57646e-05 0.434409
0.00761308  8.57979e-05 0.436576
0.00768921  8.58307e-05 0.438753
0.0077661  8.5863e-05 0.440942
0.00784376  8.59001e-05 0.443141
0.0079222  8.59522e-05 0.445351
0.00800142  8.60038e-05 0.447572
0.00808144  8.60552e-05 0.449805
0.00816225  8.61061e-05 0.452048
0.00824387  8.61566e-05 0.454302
0.00832631  8.62068e-05 0.456568
0.00840957  8.62565e-05 0.458845
0.00849367  8.63058e-05 0.461134
0.00857861  8.63547e-05 0.463434
0.00866439  8.64032e-05 0.465745
0.00875104  8.64512e-05 0.468068
0.00883855  8.64988e-05 0.470403
0.00892693  8.65459e-05 0.472749
0.0090162  8.65926e-05 0.475107
0.00910636  8.66388e-05 0.477476
0.00919743  8.66845e-05 0.479858
0.0092894  8.67297e-05 0.482251
0.0093823  8.67743e-05 0.484656
0.00947612  8.68185e-05 0.487073
0.00957088  8.68621e-05 0.489503
0.00966659  8.69053e-05 0.491944
0.00976325  8.69478e-05 0.494398
0.00986089  8.69898e-05 0.496863
0.0099595  8.70313e-05 0.499342
0.0100591  8.70721e-05 0.501832
0.0101597  8.71124e-05 0.504335
0.0102613  8.7152e-05 0.50685
0.0103639  8.71911e-05 0.509378
0.0104675  8.72295e-05 0.511919
0.0105722  8.72673e-05 0.514472
0.0106779  8.73045e-05 0.517038
0.0107847  8.7341e-05 0.519616
0.0108926  8.73768e-05 0.522208
0.0110015  8.7412e-05 0.524813
0.0111115  8.74532e-05 0.52743
0.0112226  8.74964e-05 0.530061
0.0113348  8.75449e-05 0.532704
0.0114482  8.75979e-05 0.535361
0.0115627  8.76505e-05 0.538031
0.0116783  8.77025e-05 0.540715
0.0117951  8.77667e-05 0.543412
0.011913  8.78428e-05 0.546122
0.0120322  8.79187e-05 0.548846
0.0121525  8.79941e-05 0.551583
0.012274  8.80693e-05 0.554334
0.0123967  8.81441e-05 0.557099
0.0125207  8.82185e-05 0.559877
0.0126459  8.82926e-05 0.56267
0.0127724  8.83663e-05 0.565476
0.0129001  8.84396e-05 0.568296
0.0130291  8.85125e-05 0.571131
0.0131594  8.8585e-05 0.573979
0.013291  8.86571e-05 0.576842
0.0134239  8.87287e-05 0.579719
0.0135581  8.88e-05 0.58261
0.0136937  8.88707e-05 0.585516
0.0138307  8.89411e-05 0.588437
0.013969  8.90109e-05 0.591371
0.0141086  8.90803e-05 0.594321
0.0142497  8.91492e-05 0.597285
0.0143922  8.92176e-05 0.600264
0.0145362  8.92855e-05 0.603258
0.0146815  8.93528e-05 0.606266
0.0148283  8.94297e-05 0.60929
0.0149766  8.95083e-05 0.612329
0.0151264  8.95956e-05 0.615383
0.0152776  8.96881e-05 0.618452
0.0154304  8.97803e-05 0.621537
0.0155847  8.98721e-05 0.624637
0.0157406  8.99757e-05 0.627752
0.015898  9.00873e-05 0.630883
0.016057  9.01987e-05 0.63403
0.0162175  9.031e-05 0.637192
0.0163797  9.04211e-05 0.64037
0.0165435  9.0532e-05 0.643564
0.0167089  9.06428e-05 0.646773
0.016876  9.07534e-05 0.649999
0.0170448  9.08638e-05 0.653241
0.0172152  9.09741e-05 0.656499
0.0173874  9.10841e-05 0.659774
0.0175613  9.11939e-05 0.663064
0.0177369  9.13035e-05 0.666371
0.0179142  9.14129e-05 0.669695
0.0180934  9.1522e-05 0.673035
0.0182743  9.16309e-05 0.676392
0.0184571  9.17395e-05 0.679765
0.0186416  9.18479e-05 0.683155
0.018828  9.1956e-05 0.686563
0.0190163  9.20638e-05 0.689987
0.0192065  9.21713e-05 0.693428
0.0193986  9.22785e-05 0.696887
0.0195925  9.23882e-05 0.700363
0.0197885  9.2511e-05 0.703856
0.0199864  9.26337e-05 0.707366
0.0201862  9.27562e-05 0.710894
0.0203881  9.28785e-05 0.71444
0.020592  9.30006e-05 0.718003
0.0207979  9.31225e-05 0.721584
0.0210059  9.32442e-05 0.725183
0.0212159  9.33656e-05 0.7288
0.0214281  9.34869e-05 0.732435
0.0216424  9.36078e-05 0.736088
0.0218588  9.37286e-05 0.739759
0.0220774  9.38499e-05 0.743449
0.0222981  9.3985e-05 0.747157
0.0225211  9.41199e-05 0.750883
0.0227463  9.427e-05 0.754628
0.0229738  9.44223e-05 0.758392
0.0232035  9.45746e-05 0.762174
0.0234356  9.4727e-05 0.765976
0.0236699  9.48947e-05 0.769796
0.0239066  9.50654e-05 0.773635
0.0241457  9.52361e-05 0.777494
0.0243871  9.54071e-05 0.781372
0.024631  9.55782e-05 0.785269
0.0248773  9.57495e-05 0.789186
0.0251261  9.59209e-05 0.793122
0.0253774  9.60924e-05 0.797077
0.0256311  9.62641e-05 0.801053
0.0258874  9.64359e-05 0.805048
0.0261463  9.66078e-05 0.809063
0.0264078  9.67799e-05 0.813098
0.0266719  9.6952e-05 0.817154
0.0269386  9.71242e-05 0.821229
0.027208  9.72965e-05 0.825325
0.02748  9.7469e-05 0.829442
0.0277548  9.76414e-05 0.833579
0.0280324  9.7814e-05 0.837736
0.0283127  9.79866e-05 0.841914
0.0285958  9.81593e-05 0.846113
0.0288818  9.8332e-05 0.850333
0.0291706  9.85047e-05 0.854574
0.0294623  9.86793e-05 0.858836
0.029757  9.8864e-05 0.86312
0.0300545  9.90489e-05 0.867425
0.0303551  9.92475e-05 0.871751
0.0306586  9.94469e-05 0.876099
0.0309652  9.96466e-05 0.880469
0.0312749  9.98465e-05 0.88486
0.0315876  0.000100066 0.889273
0.0319035  0.000100286 0.893709
0.0322225  0.000100508 0.898166
0.0325447  0.000100729 0.902645
0.0328702  0.000100951 0.907147
0.0331989  0.000101174 0.911672
0.0335309  0.000101397 0.916219
0.0338662  0.00010162 0.920788
0.0342049  0.000101844 0.925381
0.0345469  0.000102068 0.929996
0.0348924  0.000102293 0.934635
0.0352413  0.000102517 0.939296
0.0355937  0.000102743 0.943981
0.0359496  0.000102968 0.948689
0.0363091  0.000103194 0.953421
0.0366722  0.000103421 0.958176
0.037039  0.000103655 0.962955
0.0374093  0.000103891 0.967757
0.0377834  0.000104135 0.972584
0.0381613  0.000104384 0.977435
0.0385429  0.000104633 0.98231
0.0389283  0.000104883 0.98721
0.0393176  0.000105146 0.992133
0.0397108  0.00010542 0.997082
0.0401079  0.000105694 1.00205
0.040509  0.00010597 1.00705
0.040914  0.000106246 1.01208
0.0413232  0.000106523 1.01712
0.0417364  0.000106801 1.0222
0.0421538  0.00010708 1.02729
0.0425753  0.000107359 1.03242
0.0430011  0.000107639 1.03757
0.0434311  0.00010792 1.04274
0.0438654  0.000108201 1.04794
0.044304  0.000108487 1.05317
0.0447471  0.000108781 1.05842
0.0451946  0.000109078 1.0637
0.0456465  0.000109386 1.06901
0.046103  0.000109695 1.07434
0.046564  0.000110005 1.0797
0.0470296  0.000110316 1.08508
0.0474999  0.000110628 1.09049
0.0479749  0.000110941 1.09593
0.0484547  0.000111255 1.1014
0.0489392  0.000111569 1.10689
0.0494286  0.000111885 1.11241
0.0499229  0.000112201 1.11796
0.0504221  0.000112519 1.12354
0.0509264  0.000112837 1.12914
0.0514356  0.000113157 1.13477
0.05195  0.000113477 1.14043
0.0524695  0.000113799 1.14612
0.0529942  0.000114121 1.15183
0.0535241  0.000114444 1.15758
0.0540594  0.000114768 1.16335
0.0546  0.000115093 1.16916
0.055146  0.000115419 1.17499
0.0556974  0.000115746 1.18085
0.0562544  0.000116074 1.18674
0.0568169  0.000116402 1.19266
0.0573851  0.000116732 1.1986
0.0579589  0.000117063 1.20458
0.0585385  0.000117394 1.21059
0.0591239  0.000117758 1.21663
0.0597152  0.000118138 1.2227
0.0603123  0.000118523 1.22879
0.0609154  0.000118919 1.23492
0.0615246  0.000119317 1.24108
0.0621398  0.000119716 1.24727
0.0627612  0.000120117 1.25349
0.0633888  0.00012052 1.25974
0.0640227  0.000120924 1.26603
0.064663  0.000121329 1.27234
0.0653096  0.000121736 1.27869
0.0659627  0.000122145 1.28506
0.0666223  0.000122555 1.29147
0.0672885  0.000122967 1.29792
0.0679614  0.00012338 1.30439
0.068641  0.000123795 1.31089
0.0693275  0.000124211 1.31743
0.0700207  0.000124629 1.324
0.0707209  0.000125048 1.33061
0.0714281  0.000125469 1.33724
0.0721424  0.000125892 1.34391
0.0728638  0.000126316 1.35062
0.0735925  0.000126742 1.35735
0.0743284  0.000127182 1.36412
0.0750717  0.000127625 1.37093
0.0758224  0.000128082 1.37776
0.0765806  0.000128544 1.38464
0.0773464  0.000129007 1.39154
0.0781199  0.000129473 1.39848
0.0789011  0.00012994 1.40546
0.0796901  0.000130409 1.41247
0.080487  0.00013088 1.41951
0.0812919  0.000131353 1.42659
0.0821048  0.000131827 1.43371
0.0829259  0.000132304 1.44086
0.0837551  0.000132783 1.44804
0.0845927  0.000133263 1.45526
0.0854386  0.000133745 1.46252
0.086293  0.00013423 1.46982
0.0871559  0.000134716 1.47715
0.0880275  0.000135204 1.48452
0.0889077  0.000135694 1.49192
0.0897968  0.000136186 1.49936
0.0906948  0.00013668 1.50684
0.0916017  0.000137176 1.51435
0.0925178  0.000137674 1.52191
0.0934429  0.000138173 1.5295
0.0943774  0.000138675 1.53713
0.0953211  0.000139179 1.54479
0.0962743  0.000139684 1.5525
0.0972371  0.000140192 1.56024
0.0982095  0.000140702 1.56802
0.0991916  0.000141213 1.57584
0.100183  0.000141727 1.5837
0.101185  0.000142242 1.5916
0.102197  0.00014276 1.59954
0.103219  0.000143279 1.60752
0.104251  0.000143801 1.61554
0.105294  0.000144324 1.62359
0.106347  0.00014485 1.63169
0.10741  0.000145378 1.63983
0.108484  0.000145907 1.64801
0.109569  0.000146439 1.65623
0.110665  0.000146979 1.66449
0.111772  0.000147535 1.67279
0.112889  0.000148095 1.68113
0.114018  0.000148679 1.68951
0.115158  0.000149266 1.69794
0.11631  0.000149855 1.70641
0.117473  0.000150449 1.71492
0.118648  0.000151072 1.72347
0.119834  0.000151697 1.73207
0.121033  0.000152324 1.74071
0.122243  0.000152955 1.7494
0.123465  0.000153589 1.75812
0.1247  0.000154225 1.76689
0.125947  0.000154864 1.77571
0.127206  0.000155506 1.78457
0.128478  0.000156151 1.79347
0.129763  0.000156799 1.80241
0.131061  0.00015745 1.8114
0.132372  0.000158103 1.82043
0.133695  0.00015876 1.82951
0.135032  0.000159419 1.83863
0.136383  0.000160082 1.84779
0.137746  0.000160747 1.857
0.139124  0.000161415 1.86626
0.140515  0.000162087 1.87556
0.14192  0.000162761 1.88491
0.143339  0.000163438 1.89431
0.144773  0.000164119 1.90375
0.146221  0.000164802 1.91325
0.147683  0.000165488 1.92279
0.14916  0.000166178 1.93239
0.150651  0.000166828 1.94203
0.152158  0.000167413 1.95173
0.153679  0.000167999 1.96148
0.155216  0.000168587 1.97128
0.156768  0.000169178 1.98114
0.158336  0.00016978 1.99105
0.159919  0.000170383 2.00101
0.161518  0.000170987 2.01104
0.163134  0.000171593 2.02112
0.164765  0.0001722 2.03125
0.166413  0.000172808 2.04145
0.168077  0.000173417 2.05171
0.169757  0.000174028 2.06203
0.171455  0.00017464 2.0724
0.17317  0.000175254 2.08284
0.174901  0.000175868 2.09335
0.17665  0.000176484 2.10391
0.178417  0.000177101 2.11453
0.180201  0.000177719 2.12522
0.182003  0.000178338 2.13596
0.183823  0.000178958 2.14677
0.185661  0.000179579 2.15765
0.187518  0.000180202 2.16858
0.189393  0.000180825 2.17958
0.191287  0.000181512 2.18984
0.1932  0.000182444 2.19706
0.195132  0.000183383 2.20427
0.197083  0.000184335 2.21148
0.199054  0.000185296 2.21867
0.201045  0.000186265 2.22586
0.203055  0.000187241 2.23303
0.205086  0.000188225 2.2402
0.207136  0.000189216 2.24735
0.209208  0.000190216 2.25449
0.2113  0.000191223 2.26163
0.213413  0.000192238 2.26874
0.215547  0.000193261 2.27585
0.217702  0.000194292 2.28294
0.219879  0.000195331 2.29002
0.222078  0.00019639 2.29708
0.224299  0.000197463 2.30413
0.226542  0.000198553 2.31115
0.228807  0.000199663 2.31817
0.231095  0.000200782 2.32516
0.233406  0.00020191 2.33213
0.235741  0.000203051 2.33909
0.238098  0.000204205 2.34602
0.240479  0.000205369 2.35294
0.242884  0.000206542 2.35983
0.245313  0.000207725 2.3667
0.247766  0.000208918 2.37355
0.250243  0.000210121 2.38037
0.252746  0.000211334 2.38717
0.255273  0.000212557 2.39394
0.257826  0.000213791 2.40068
0.260404  0.000215034 2.4074
0.263008  0.000216288 2.41409
0.265638  0.000217553 2.42075
0.268295  0.000218829 2.42739
0.270978  0.000220115 2.43399
0.273687  0.000221412 2.44056
0.276424  0.00022272 2.4471
0.279189  0.00022404 2.45361
0.28198  0.000225371 2.46008
0.2848  0.000226713 2.46652
0.287648  0.000228067 2.47292
0.290525  0.000229433 2.47929
0.29343  0.00023081 2.48562
0.296364  0.000232205 2.49191
0.299328  0.000233613 2.49816
0.302321  0.000235038 2.50438
0.305344  0.000236479 2.51055
0.308398  0.000237933 2.51668
0.311482  0.000239399 2.52277
0.314597  0.000240883 2.52882
0.317743  0.000242383 2.53482
0.32092  0.000243896 2.54078
0.324129  0.000245423 2.54669
0.32737  0.000246964 2.55255
0.330644  0.000248518 2.55837
0.333951  0.000250086 2.56414
0.33729  0.000251669 2.56986
0.340663  0.000253266 2.57553
0.34407  0.000254877 2.58115
0.34751  0.000256503 2.58671
0.350985  0.000258143 2.59222
0.354495  0.000259799 2.59768
0.35804  0.00026147 2.60308
0.361621  0.000263156 2.60843
0.365237  0.000264857 2.61372
0.368889  0.000266576 2.61895
0.372578  0.000268313 2.62412
0.376304  0.000270068 2.62923
0.380067  0.000271843 2.63428
0.383868  0.000273635 2.63927
0.387706  0.000275444 2.6442
0.391583  0.00027727 2.64907
0.395499  0.000278936 2.65565
0.399454  0.00028052 2.66311
0.403449  0.000282113 2.67056
0.407483  0.000283715 2.67802
0.411558  0.000285325 2.68547
0.415674  0.000286943 2.69292
0.41983  0.00028857 2.70037
0.424029  0.000290205 2.70781
0.428269  0.000291848 2.71526
0.432552  0.0002935 2.7227
0.436877  0.00029516 2.73014
0.441246  0.000296828 2.73758
0.445658  0.000298509 2.74502
0.450115  0.000300198 2.75246
0.454616  0.0003019 2.7599
0.459162  0.000303611 2.76734
0.463754  0.00030533 2.77478
0.468391  0.000307056 2.78221
0.473075  0.000308791 2.78965
0.477806  0.000310534 2.79709
0.482584  0.000312284 2.80453
0.48741  0.000314042 2.81197
0.492284  0.000315808 2.81942
0.497207  0.000317582 2.82686
0.502179  0.000319363 2.83431
0.507201  0.000321151 2.84175
0.512273  0.000322947 2.8492
0.517396  0.00032475 2.85665
0.52257  0.00032656 2.86411
0.527795  0.000328379 2.87155
0.533073  0.000330204 2.879
0.538404  0.000332035 2.88646
0.543788  0.000333874 2.89392
0.549226  0.000335719 2.90139
0.554718  0.000337571 2.90886
0.560265  0.00033943 2.91633
0.565868  0.000341295 2.92381
0.571527  0.000343166 2.9313
0.577242  0.000345044 2.93879
0.583014  0.000346928 2.9463
0.588844  0.00034882 2.95381
0.594733  0.000350727 2.96133
0.60068  0.00035263 2.96887
0.606687  0.000354401 2.97642
0.612754  0.000356174 2.98398
0.618881  0.000357948 2.99156
0.62507  0.000359723 2.99915
0.631321  0.0003615 3.00676
0.637634  0.000363277 3.01438
0.644011  0.000365055 3.02203
0.650451  0.000366833 3.02969
0.656955  0.000368611 3.03737
0.663525  0.000370389 3.04508
0.67016  0.000372166 3.05282
0.676862  0.000373943 3.06057
0.68363  0.000375719 3.06836
0.690466  0.000377493 3.07617
0.697371  0.000379266 3.084
0.704345  0.000381038 3.09186
0.711388  0.000382807 3.09976
0.718502  0.000384574 3.10768
0.725687  0.000386338 3.11563
0.732944  0.000388099 3.12361
0.740273  0.00038986 3.13162
0.747676  0.000391619 3.13966
0.755153  0.000393377 3.14774
0.762705  0.000395133 3.15584
0.770332  0.000396885 3.16399
0.778035  0.000398632 3.17217
0.785815  0.000400377 3.18038
0.793673  0.000402119 3.18864
0.80161  0.000403856 3.19693
0.809626  0.000405587 3.20526
0.817722  0.000407312 3.21364
0.8259  0.000409031 3.22206
0.834159  0.000410743 3.23052
0.8425  0.000412447 3.23902
0.850925  0.000414144 3.24758
0.859435  0.000415834 3.25618
0.868029  0.000417515 3.26483
0.876709  0.000419188 3.27353
0.885476  0.000420852 3.28228
0.894331  0.000422507 3.29109
0.903274  0.000424153 3.29994
0.912307  0.000425789 3.30886
0.92143  0.000427414 3.31783
0.930644  0.000429029 3.32686
0.939951  0.000430633 3.33595
0.94935  0.000432227 3.3451
0.958844  0.000433808 3.35431
0.968432  0.000435378 3.36359
0.978117  0.000436935 3.37293
0.987898  0.00043848 3.38234
0.997777  0.000440012 3.39182
1.00775  0.00044153 3.40137
1.01783  0.000443035 3.41099
1.02801  0.000444526 3.42068
1.03829  0.000446002 3.43045
1.04867  0.000447464 3.4403
1.05916  0.000448911 3.45023
1.06975  0.000450342 3.46024
1.08045  0.000451758 3.47033
1.09125  0.000453158 3.48051
1.10217  0.000454541 3.49077
1.11319  0.000455911 3.50113
1.12432  0.000457264 3.51157
1.13556  0.000458604 3.52211
1.14692  0.000459927 3.53274
1.15839  0.000461232 3.54346
1.16997  0.000462518 3.55429
1.18167  0.00046379 3.56521
1.19349  0.000465043 3.57624
1.20542  0.000466278 3.58738
1.21748  0.000467493 3.59862
1.22965  0.000468688 3.60998
1.24195  0.000469862 3.62144
1.25437  0.000471017 3.63302
1.26691  0.000472151 3.64472
1.27958  0.000473264 3.65653
1.29238  0.000474355 3.66847
1.3053  0.000475425 3.68054
1.31835  0.000476473 3.69273
1.33154  0.0004775 3.70505
1.34485  0.000478504 3.7175
1.3583  0.000479485 3.73009
1.37188  0.000480444 3.74282
1.3856  0.000481379 3.75568
1.39946  0.000482292 3.76869
1.41345  0.000483181 3.78185
1.42759  0.000484046 3.79515
1.44186  0.000484887 3.80861
1.45628  0.000485705 3.82223
1.47085  0.000486498 3.836
1.48555  0.000487269 3.84993
1.50041  0.000488016 3.86403
1.51541  0.000488742 3.87829
1.53057  0.000489443 3.89273
1.54587  0.000490119 3.90734
1.56133  0.000490769 3.92213
1.57695  0.000491397 3.9371
1.59271  0.000491999 3.95225
1.60864  0.000492576 3.96759
1.62473  0.000493128 3.98312
1.64098  0.000493654 3.99885
1.65739  0.000494154 4.01478
1.67396  0.000494628 4.03091
1.6907  0.000495076 4.04724
1.70761  0.000495499 4.06379
1.72468  0.000495895 4.08055
1.74193  0.000496266 4.09753
1.75935  0.00049661 4.11473
1.77694  0.000496928 4.13216
1.79471  0.000497221 4.14981
1.81266  0.000497487 4.1677
1.83078  0.000497727 4.18583
1.84909  0.000497941 4.20421
1.86758  0.000498129 4.22283
1.88626  0.000498292 4.2417
1.90512  0.000498428 4.26083
1.92417  0.000498539 4.28022
1.94341  0.000498624 4.29988
1.96285  0.000498684 4.3198
1.98248  0.000498719 4.34001
2.0023  0.000498729 4.36049
2.02232  0.000498713 4.38125
2.04255  0.000498672 4.40231
2.06297  0.000498606 4.42366
2.0836  0.000498516 4.44531
2.10444  0.0004984 4.46727
2.12548  0.00049826 4.48954
2.14674  0.000498095 4.51213
2.16821  0.000497906 4.53503
2.18989  0.000497693 4.55827
2.21179  0.000497456 4.58183
2.2339  0.000497198 4.60574
2.25624  0.000496916 4.62999
2.27881  0.000496614 4.65459
2.30159  0.000496289 4.67954
2.32461  0.000495941 4.70486
2.34786  0.00049557 4.73055
2.37134  0.000495178 4.75661
2.39505  0.000494765 4.78305
2.419  0.000494329 4.80988
2.44319  0.000493873 4.8371
2.46762  0.000493394 4.86472
2.4923  0.000492895 4.89275
2.51722  0.000492375 4.92119
2.54239  0.000491835 4.95005
2.56782  0.000491275 4.97934
2.59349  0.000490694 5.00907
2.61943  0.000490095 5.03923
2.64562  0.000489476 5.06984
2.67208  0.000488838 5.10091
2.6988  0.000488181 5.13244
2.72579  0.000487506 5.16445
2.75305  0.000486814 5.19692
2.78058  0.000486104 5.22989
2.80838  0.000485376 5.26335
2.83647  0.000484631 5.29731
2.86483  0.00048387 5.33178
2.89348  0.000483093 5.36676
2.92241  0.000482299 5.40228
2.95164  0.00048149 5.43832
2.98115  0.000480667 5.47491
3.01097  0.000479829 5.51205
3.04108  0.000478978 5.54975
3.07149  0.000478113 5.58802
3.1022  0.000477234 5.62686
3.13322  0.000476341 5.66629
3.16456  0.000475436 5.70632
3.1962  0.000474519 5.74695
3.22816  0.000473588 5.78819
3.26045  0.000472646 5.83006
3.29305  0.000471692 5.87256
3.32598  0.000470726 5.9157
3.35924  0.000469749 5.95949
3.39283  0.000468761 6.00395
3.42676  0.000467762 6.04908
3.46103  0.000466753 6.09489
3.49564  0.000465735 6.14139
3.53059  0.000464706 6.1886
3.5659  0.000463669 6.23652
3.60156  0.000462622 6.28516
3.63758  0.000461567 6.33454
3.67395  0.000460504 6.38466
3.71069  0.000459433 6.43555
3.7478  0.000458354 6.4872
3.78528  0.000457269 6.53963
3.82313  0.000456177 6.59285
3.86136  0.000455078 6.64688
3.89997  0.000453973 6.70172
3.93897  0.000452862 6.75739
3.97836  0.000451746 6.81389
4.01815  0.000450623 6.87125
4.05833  0.000449496 6.92947
4.09891  0.000448363 6.98857
4.1399  0.000447225 7.04856
4.1813  0.000446082 7.10945
4.22311  0.000444935 7.17126
4.26534  0.000443783 7.23399
4.308  0.000442628 7.29767
4.35108  0.000441468 7.3623
4.39459  0.000440305 7.4279
4.43853  0.000439139 7.49449
4.48292  0.000437971 7.56207
4.52775  0.0004368 7.63066
4.57303  0.000435626 7.70029
4.61876  0.00043445 7.77095
4.66494  0.000433272 7.84266
4.71159  0.000432092 7.91545
4.75871  0.000430909 7.98933
4.8063  0.000429725 8.06431
4.85436  0.000428539 8.1404
4.9029  0.000427351 8.21763
4.95193  0.000426162 8.29601
5.00145  0.000424972 8.37556
5.05146  0.000423781 8.45629
5.10198  0.000422589 8.53821
5.153  0.000421395 8.62136
5.20453  0.000420202 8.70573
5.25657  0.000419007 8.79136
5.30914  0.000417812 8.87826
5.36223  0.000416617 8.96644
5.41585  0.000415422 9.05593
5.47001  0.000414226 9.14674
5.52471  0.00041303 9.2389
5.57996  0.000411834 9.33241
5.63576  0.000410639 9.42731
5.69212  0.000409443 9.52361
5.74904  0.000408248 9.62132
5.80653  0.000407053 9.72048
5.86459  0.000405858 9.82109
5.92324  0.000404666 9.92319
5.98247  0.000403474 10.0268
6.0423  0.000402283 10.1319
6.10272  0.000401094 10.2386
6.16375  0.000399905 10.3468
6.22538  0.000398716 10.4566
6.28764  0.000397529 10.5681
6.35051  0.000396342 10.6811
6.41402  0.000395156 10.7959
6.47816  0.000393971 10.9123
6.54294  0.000392787 11.0304
6.60837  0.000391603 11.1502
6.67445  0.000390421 11.2718
6.7412  0.000389239 11.3952
6.80861  0.000388058 11.5204
6.8767  0.000386878 11.6474
6.94546  0.0003857 11.7762
7.01492  0.000384521 11.907
7.08507  0.000383344 12.0397
7.15592  0.000382168 12.1742
7.22748  0.000380993 12.3108
7.29975  0.000379818 12.4494
7.37275  0.000378645 12.5899
7.44648  0.000377473 12.7326
7.52094  0.000376302 12.8773
7.59615  0.000375132 13.0241
7.67211  0.000373964 13.1731
7.74883  0.000372796 13.3242
7.82632  0.000371629 13.4775
7.90459  0.000370464 13.6331
7.98363  0.000369299 13.791
8.06347  0.000368135 13.9511
8.1441  0.000366972 14.1136
8.22554  0.000365809 14.2785
8.3078  0.000364647 14.4457
8.39088  0.000363486 14.6154
8.47479  0.000362325 14.7876
8.55953  0.000361165 14.9623
8.64513  0.000360006 15.1395
8.73158  0.000358847 15.3194
8.8189  0.000357688 15.5018
8.90709  0.00035653 15.687
8.99616  0.000355372 15.8748
9.08612  0.000354214 16.0654
9.17698  0.000353057 16.2587
9.26875  0.0003519 16.4549
9.36144  0.000350744 16.654
9.45505  0.000349587 16.856
9.5496  0.000348431 17.0609
9.6451  0.000347275 17.2689
9.74155  0.000346119 17.4799
9.83896  0.000344963 17.694
9.93735  0.000343808 17.9112
10.0367  0.000342652 18.1317
10.1371  0.000341496 18.3553
10.2385  0.00034034 18.5823
10.3409  0.000339184 18.8126
10.4443  0.000338028 19.0463
10.5487  0.000336872 19.2834
10.6542  0.000335716 19.524
10.7607  0.000334559 19.7682
10.8683  0.000333402 20.016
10.977  0.000332245 20.2675
11.0868  0.000331088 20.5226
11.1977  0.000329931 20.7816
11.3096  0.000328774 21.0444
11.4227  0.000327618 21.311
11.537  0.00032646 21.5817
11.6523  0.000325303 21.8563
11.7689  0.000324145 22.1351
11.8865  0.000322987 22.418
12.0054  0.000321828 22.7051
12.1255  0.000320669 22.9965
12.2467  0.00031951 23.2922
12.3692  0.00031835 23.5924
12.4929  0.000317189 23.897
12.6178  0.000316028 24.2062
12.744  0.000314866 24.52
12.8714  0.000313704 24.8386
13.0001  0.000312541 25.1619
13.1301  0.000311377 25.4901
13.2614  0.000310213 25.8232
13.3941  0.000309048 26.1614
13.528  0.000307882 26.5046
13.6633  0.000306716 26.8531
13.7999  0.000305549 27.2068
13.9379  0.000304381 27.5658
14.0773  0.000303213 27.9303
14.2181  0.000302043 28.3004
14.3602  0.000300873 28.676
14.5038  0.000299703 29.0574
14.6489  0.000298531 29.4446
14.7954  0.00029736 29.8377
14.9433  0.000296187 30.2368
15.0928  0.000295014 30.642
15.2437  0.000293841 31.0534
15.3961  0.000292667 31.4711
15.5501  0.000291492 31.8952
15.7056  0.000290317 32.3258
15.8626  0.000289141 32.7631
16.0213  0.000287964 33.2071
16.1815  0.000286787 33.6579
16.3433  0.000285609 34.1157
16.5067  0.00028443 34.5806
16.6718  0.000283251 35.0527
16.8385  0.000282071 35.5321
17.0069  0.000280891 36.019
17.177  0.000279709 36.5134
17.3487  0.000278528 37.0156
17.5222  0.000277345 37.5256
17.6974  0.000276162 38.0435
17.8744  0.000274978 38.5695
18.0532  0.000273794 39.1038
18.2337  0.00027261 39.6465
18.416  0.000271424 40.1978
18.6002  0.000270239 40.7577
18.7862  0.000269053 41.3264
18.9741  0.000267866 41.9041
19.1638  0.000266679 42.491
19.3554  0.000265491 43.0871
19.549  0.000264304 43.6927
19.7445  0.000263116 44.3079
19.9419  0.000261927 44.9328
20.1413  0.000260739 45.5677
20.3427  0.00025955 46.2127
20.5462  0.000258361 46.8679
20.7516  0.000257172 47.5336
20.9592  0.000255983 48.2098
21.1687  0.000254793 48.8969
21.3804  0.000253603 49.595
21.5942  0.000252414 50.3042
21.8102  0.000251224 51.0249
22.0283  0.000250034 51.7571
22.2486  0.000248845 52.5013
22.4711  0.000247656 53.2575
22.6958  0.000246467 54.026
22.9227  0.000245278 54.807
23.1519  0.00024409 55.6009
23.3835  0.000242902 56.4077
23.6173  0.000241714 57.2279
23.8535  0.000240527 58.0616
24.092  0.00023934 58.909
24.3329  0.000238154 59.7703
24.5763  0.000236967 60.6457
24.822  0.000235782 61.5353
25.0702  0.000234597 62.4394
25.3209  0.000233412 63.3582
25.5742  0.000232229 64.2919
25.8299  0.000231045 65.2405
26.0882  0.000229863 66.2044
26.3491  0.000228681 67.1837
26.6126  0.0002275 68.1787
26.8787  0.00022632 69.1895
27.1475  0.000225141 70.2168
27.419  0.000223963 71.2609
27.6931  0.000222786 72.3223
27.9701  0.000221609 73.4015
28.2498  0.000220434 74.4991
28.5323  0.00021926 75.6156
28.8176  0.000218088 76.7515
29.1058  0.000216916 77.9073
29.3968  0.000215746 79.0837
29.6908  0.000214577 80.2813
29.9877  0.000200065 81.5006
30.2876  0.000198976 82.7421
30.5905  0.000197892 84.0064
30.8964  0.000196809 85.2939
31.2053  0.000195728 86.6052
31.5174  0.000194648 87.9407
31.8326  0.00019357 89.301
32.1509  0.000192494 90.6867
32.4724  0.000191419 92.0983
32.7971  0.000190346 93.5363
33.1251  0.000189274 95.0014
33.4563  0.000188205 96.4941
33.7909  0.000187137 98.015
34.1288  0.000186071 99.5642
34.4701  0.000185007 101.142
34.8148  0.000183945 102.748
35.1629  0.000182885 104.384
35.5146  0.000181828 106.048
35.8697  0.000180772 107.741
36.2284  0.000179719 109.464
36.5907  0.000178667 111.216
36.9566  0.000177617 112.998
37.3262  0.000176569 114.81
37.6994  0.000175523 116.651
38.0764  0.000174481 118.523
38.4572  0.00017344 120.425
38.8418  0.000172403 122.36
39.2302  0.000171368 124.327
39.6225  0.000170336 126.327
40.0187  0.000169306 128.362
40.4189  0.00016828 130.432
40.8231  0.000167256 132.538
41.2313  0.000166235 134.68
41.6436  0.000165217 136.861
42.0601  0.000164202 139.08
42.4807  0.00016319 141.339
42.9055  0.000162181 143.638
43.3345  0.000161175 145.978
43.7679  0.000160172 148.359
44.2056  0.000159172 150.783
44.6476  0.000158176 153.25
45.0941  0.000157183 155.76
45.545  0.000156192 158.314
46.0005  0.000155203 160.914
46.4605  0.000154218 163.559
46.9251  0.000153236 166.25
47.3943  0.000152258 168.989
47.8683  0.000151283 171.775
48.347  0.000150312 174.61
48.8304  0.000149344 177.495
49.3187  0.00014838 180.431
49.8119  0.000147419 183.418
50.31  0.000146462 186.458
50.8131  0.000145509 189.552
51.3213  0.00014456 192.701
51.8345  0.000143614 195.905
52.3528  0.000142672 199.166
52.8764  0.000141733 202.485
53.4051  0.000140799 205.864
53.9392  0.000139868 209.302
54.4786  0.000138941 212.802
55.0234  0.000138018 216.364
55.5736  0.000137099 219.99
56.1293  0.000136184 223.68
56.6906  0.000135272 227.436
57.2575  0.000134365 231.259
57.8301  0.000133461 235.151
58.4084  0.000132562 239.111
58.9925  0.000131666 243.143
59.5824  0.000130775 247.246
60.1782  0.000129888 251.423
60.78  0.000129005 255.674
61.3878  0.000128124 260.001
62.0017  0.000127248 264.406
62.6217  0.000126375 268.889
63.2479  0.000125507 273.453
63.8804  0.000124643 278.099
64.5192  0.000123783 282.828
65.1644  0.000122927 287.641
65.816  0.000122075 292.542
66.4742  0.000121227 297.53
67.1389  0.000120384 302.608
67.8103  0.000119544 307.777
68.4884  0.000118709 313.039
69.1733  0.000117878 318.396
69.8651  0.000117051 323.85
70.5637  0.000116228 329.402
71.2693  0.000115409 335.053
71.982  0.000114595 340.807
72.7019  0.000113785 346.664
73.4289  0.000112978 352.627
74.1632  0.000112177 358.698
74.9048  0.000111379 364.878
75.6538  0.000110586 371.17
76.4104  0.000109797 377.575
77.1745  0.000109012 384.096
77.9462  0.000108232 390.735
78.7257  0.000107455 397.494
79.513  0.000106683 404.375
80.3081  0.000105915 411.381
81.1112  0.000105152 418.513
81.9223  0.000104393 425.775
82.7415  0.000103639 433.168
83.5689  0.000102889 440.695
84.4046  0.000102143 448.359
85.2486  0.000101402 456.161
86.1011  0.000100664 464.106
86.9621  9.99296e-05 472.194
87.8318  9.91997e-05 480.429
88.7101  9.8474e-05 488.814
89.5972  9.77523e-05 497.351
90.4932  9.70349e-05 506.043
91.3981  9.63216e-05 514.893
92.3121  9.56124e-05 523.904
93.2352  9.49074e-05 533.079
94.1675  9.42064e-05 542.42
95.1092  9.35097e-05 551.932
96.0603  9.2817e-05 561.617
97.0209  9.21285e-05 571.478
97.9911  9.14441e-05 581.519
98.971  9.07637e-05 591.743
99.9607  9.00875e-05 602.153
100.96  8.94154e-05 612.753
101.97  8.87473e-05 623.546
102.99  8.80833e-05 634.536
104.02  8.74234e-05 645.726
105.06  8.67676e-05 657.12
106.11  8.61158e-05 668.723
107.171  8.5468e-05 680.537
108.243  8.48243e-05 692.567
109.326  8.41845e-05 704.816
110.419  8.35488e-05 717.289
111.523  8.29172e-05 729.991
112.638  8.22896e-05 742.924
113.765  8.16661e-05 756.094
114.902  8.10465e-05 769.504
116.051  8.04309e-05 783.16
117.212  7.98193e-05 797.065
118.384  7.92117e-05 811.225
119.568  7.8608e-05 825.644
120.763  7.80082e-05 840.327
121.971  7.74123e-05 855.278
123.191  7.68207e-05 870.503
124.423  7.62329e-05 886.008
125.667  7.56489e-05 901.796
126.924  7.50688e-05 917.873
128.193  7.44924e-05 934.245
129.475  7.39199e-05 950.917
130.77  7.33511e-05 967.895
132.077  7.27861e-05 985.184
133.398  7.22248e-05 1002.79
134.732  7.16673e-05 1020.72
136.079  7.11135e-05 1038.98
137.44  7.05634e-05 1057.57
138.814  7.0017e-05 1076.5
140.203  6.94743e-05 1095.78
141.605  6.89353e-05 1115.42
143.021  6.84e-05 1135.41
144.451  6.78683e-05 1155.78
145.895  6.73402e-05 1176.51
147.354  6.68158e-05 1197.63
148.828  6.6295e-05 1219.14
150.316  6.57778e-05 1241.04
151.819  6.52641e-05 1263.34
153.338  6.4754e-05 1286.05
154.871  6.42473e-05 1309.18
156.42  6.37442e-05 1332.74
157.984  6.32447e-05 1356.73
159.564  6.27487e-05 1381.16
161.159  6.22562e-05 1406.03
162.771  6.17671e-05 1431.37
164.399  6.12815e-05 1457.17
166.043  6.07994e-05 1483.45
167.703  6.03207e-05 1510.21
169.38  5.98454e-05 1537.46
171.074  5.93735e-05 1565.21
172.785  5.8905e-05 1593.48
174.512  5.84399e-05 1622.26
176.258  5.79781e-05 1651.57
178.02  5.75196e-05 1681.43
179.8  5.70644e-05 1711.83
181.598  5.66126e-05 1742.79
183.414  5.6164e-05 1774.32
185.248  5.57187e-05 1806.44
187.101  5.52767e-05 1839.14
188.972  5.4838e-05 1872.45
190.862  5.44024e-05 1906.36
192.77  5.397e-05 1940.91
194.698  5.35408e-05 1976.09
196.645  5.31148e-05 2011.91
198.611  5.2692e-05 2048.4
200.598  5.22722e-05 2085.56
202.604  5.18556e-05 2123.4
204.63  5.14421e-05 2161.94
206.676  5.10316e-05 2201.19
208.743  5.06242e-05 2241.17
210.83  5.02199e-05 2281.88
212.938  4.98186e-05 2323.34
215.068  4.94203e-05 2365.56
217.218  4.9025e-05 2408.56
219.391  4.86326e-05 2452.35
221.584  4.82432e-05 2496.95
223.8  4.78568e-05 2542.37
226.038  4.74734e-05 2588.63
228.299  4.70929e-05 2635.74
230.582  4.67153e-05 2683.72
232.888  4.63405e-05 2732.58
235.216  4.59686e-05 2782.34
237.569  4.55996e-05 2833.02
239.944  4.52334e-05 2884.63
242.344  4.487e-05 2937.19
244.767  4.45094e-05 2990.72
247.215  4.41516e-05 3045.24
249.687  4.37965e-05 3100.76
252.184  4.34441e-05 3157.3
254.706  4.30946e-05 3214.89
257.253  4.27477e-05 3273.54
259.825  4.24035e-05 3333.26
262.423  4.2062e-05 3394.09
265.048  4.17232e-05 3456.04
267.698  4.1387e-05 3519.12
270.375  4.10534e-05 3583.37
273.079  4.07224e-05 3648.8
275.81  4.03939e-05 3715.44
278.568  4.00681e-05 3783.31
281.354  3.97448e-05 3852.42
284.167  3.94241e-05 3922.81
287.009  3.91059e-05 3994.49
289.879  3.87901e-05 4067.49
292.778  3.84769e-05 4141.84
295.705  3.81661e-05 4217.56
298.662  3.78578e-05 4294.67
301.649  3.75519e-05 4373.19
304.666  3.72485e-05 4453.17
307.712  3.69474e-05 4534.61
310.789  3.66488e-05 4617.56
313.897  3.63525e-05 4702.03
317.036  3.60586e-05 4788.06
320.207  3.5767e-05 4875.66
323.409  3.54778e-05 4964.88
326.643  3.51908e-05 5055.75
329.909  3.49062e-05 5148.28
333.208  3.46238e-05 5242.52
336.54  3.43437e-05 5338.48
339.906  3.40658e-05 5436.22
343.305  3.37902e-05 5535.75
346.738  3.35167e-05 5637.11
350.205  3.32455e-05 5740.33
353.707  3.29764e-05 5845.46
357.244  3.27094e-05 5952.51
360.817  3.24445e-05 6061.54
364.425  3.21818e-05 6172.56
368.069  3.19211e-05 6285.63
371.75  3.16626e-05 6400.77
375.467  3.14062e-05 6518.04
379.222  3.11519e-05 6637.45
383.014  3.08997e-05 6759.06
386.844  3.06495e-05 6882.9
390.713  3.04013e-05 7009.02
394.62  3.01552e-05 7137.45
398.566  2.99111e-05 7268.24
402.552  2.9669e-05 7401.44
406.577  2.94289e-05 7537.07
410.643  2.91907e-05 7675.2
414.75  2.89545e-05 7815.86
418.897  2.87203e-05 7959.11
423.086  2.84879e-05 8104.98
427.317  2.82575e-05 8253.53
431.59  2.80289e-05 8404.8
435.906  2.78022e-05 8558.84
440.265  2.75774e-05 8715.72
444.668  2.73545e-05 8875.46
449.114  2.71334e-05 9038.14
453.605  2.69141e-05 9203.8
458.142  2.66967e-05 9372.5
462.723  2.6481e-05 9544.29
467.35  2.62672e-05 9719.22
472.024  2.60551e-05 9897.36
476.744  2.58447e-05 10078.8
481.511  2.56361e-05 10263.5
486.326  2.54292e-05 10451.6
491.19  2.52241e-05 10643.2
496.102  2.50206e-05 10838.2
501.063  2.48188e-05 11036.9
506.073  2.46187e-05 11239.1
511.134  2.44203e-05 11445.1
516.245  2.42235e-05 11654.8
521.408  2.40283e-05 11868.4
526.622  2.38348e-05 12085.8
531.888  2.36429e-05 12307.3
537.207  2.34419e-05 12532.8
542.579  2.32533e-05 12762.4
548.005  2.30662e-05 12996.2
553.485  2.28807e-05 13234.2
559.02  2.26967e-05 13476.7
564.61  2.25143e-05 13723.5
570.256  2.23334e-05 13974.9
575.959  2.2154e-05 14230.8
581.718  2.1976e-05 14491.5
587.535  2.17996e-05 14756.9
593.411  2.16246e-05 15027.1
599.345  2.14511e-05 15302.3
605.338  2.12791e-05 15582.5
611.392  2.11085e-05 15867.9
617.506  2.09393e-05 16158.4
623.681  2.07715e-05 16454.2
629.917  2.06052e-05 16755.4
636.217  2.04402e-05 17062.1
642.579  2.02767e-05 17374.3
649.005  2.01145e-05 17692.3
655.495  1.99537e-05 18015.9
662.05  1.97942e-05 18345.5
668.67  1.96361e-05 18681
675.357  1.94793e-05 19022.5
682.11  1.93238e-05 19370.3
688.931  1.91697e-05 19724.3
695.821  1.90169e-05 20084.8
702.779  1.88653e-05 20451.9
709.807  1.87151e-05 20825.6
716.905  1.85661e-05 21206.2
724.074  1.84184e-05 21593.7
731.315  1.8272e-05 21988.3
738.628  1.81268e-05 22390.1
746.014  1.79828e-05 22799.3
753.474  1.78401e-05 23216.1
761.009  1.76986e-05 23640.5
768.619  1.75583e-05 24072.7
776.305  1.74192e-05 24512.9
784.068  1.72813e-05 24961.3
791.909  1.71446e-05 25418
799.828  1.7009e-05 25883.2
807.826  1.68746e-05 26357.1
815.905  1.67414e-05 26839.8
824.064  1.66093e-05 27331.6
832.304  1.64783e-05 27832.5
840.627  1.63484e-05 28342.9
849.034  1.62197e-05 28862.9
857.524  1.6092e-05 29392.6
866.099  1.59655e-05 29932.3
874.76  1.584e-05 30482
883.508  1.57156e-05 31042.1
892.343  1.55923e-05 31612.6
901.266  1.547e-05 32193.7
910.279  1.53488e-05 32785.6
919.382  1.52286e-05 33388.6
928.575  1.51095e-05 34002.7
937.861  1.49914e-05 34628.2
947.24  1.48743e-05 35265.2
956.712  1.47582e-05 35914.1
966.279  1.46431e-05 36574.9
975.942  1.4529e-05 37248
985.702  1.44159e-05 37933.5
995.559  1.43037e-05 38631.6
