0.001  0.222092 5.52945e-05
0.00101  0.222562 5.55703e-05
0.0010201  0.222998 5.58474e-05
0.0010303  0.223376 5.6126e-05
0.0010406  0.223758 5.64059e-05
0.00105101  0.224142 5.66872e-05
0.00106152  0.22453 5.697e-05
0.00107214  0.224921 5.72541e-05
0.00108286  0.225316 5.75397e-05
0.00109369  0.225713 5.78266e-05
0.00110462  0.226114 5.81151e-05
0.00111567  0.226518 5.84049e-05
0.00112683  0.226926 5.86962e-05
0.00113809  0.227337 5.8989e-05
0.00114947  0.227751 5.92832e-05
0.00116097  0.228169 5.95788e-05
0.00117258  0.22859 5.9876e-05
0.0011843  0.229015 6.01746e-05
0.00119615  0.229443 6.04748e-05
0.00120811  0.229875 6.07764e-05
0.00122019  0.230304 6.10795e-05
0.00123239  0.230643 6.13841e-05
0.00124472  0.230986 6.16903e-05
0.00125716  0.231331 6.1998e-05
0.00126973  0.231679 6.23072e-05
0.00128243  0.232029 6.2618e-05
0.00129526  0.232382 6.29303e-05
0.00130821  0.232738 6.32441e-05
0.00132129  0.233097 6.35596e-05
0.0013345  0.233459 6.38766e-05
0.00134785  0.233824 6.41952e-05
0.00136133  0.234191 6.45153e-05
0.00137494  0.234562 6.48371e-05
0.00138869  0.234935 6.51605e-05
0.00140258  0.235311 6.54855e-05
0.0014166  0.235691 6.58121e-05
0.00143077  0.236073 6.61403e-05
0.00144508  0.236458 6.64702e-05
0.00145953  0.236847 6.68018e-05
0.00147412  0.237238 6.71349e-05
0.00148886  0.237633 6.74698e-05
0.00150375  0.238031 6.78063e-05
0.00151879  0.238432 6.81445e-05
0.00153398  0.238836 6.84843e-05
0.00154932  0.239243 6.88259e-05
0.00156481  0.239654 6.91692e-05
0.00158046  0.240068 6.95142e-05
0.00159626  0.240485 6.98609e-05
0.00161223  0.240906 7.02093e-05
0.00162835  0.241313 7.05595e-05
0.00164463  0.241633 7.09114e-05
0.00166108  0.241955 7.12651e-05
0.00167769  0.24228 7.16205e-05
0.00169447  0.242607 7.19777e-05
0.00171141  0.242937 7.23367e-05
0.00172852  0.243268 7.26975e-05
0.00174581  0.243603 7.30601e-05
0.00176327  0.24394 7.34245e-05
0.0017809  0.244279 7.37907e-05
0.00179871  0.244621 7.41587e-05
0.0018167  0.244965 7.45286e-05
0.00183486  0.245312 7.49003e-05
0.00185321  0.245662 7.52739e-05
0.00187174  0.246014 7.56493e-05
0.00189046  0.246369 7.60266e-05
0.00190937  0.246727 7.64058e-05
0.00192846  0.247087 7.67869e-05
0.00194774  0.24745 7.71699e-05
0.00196722  0.247815 7.75548e-05
0.00198689  0.248184 7.79405e-05
0.00200676  0.248555 7.83158e-05
0.00202683  0.248929 7.86957e-05
0.0020471  0.24923 7.90804e-05
0.00206757  0.249505 7.94698e-05
0.00208825  0.249782 7.98637e-05
0.00210913  0.250061 8.02622e-05
0.00213022  0.250342 8.06652e-05
0.00215152  0.250625 8.10727e-05
0.00217304  0.250909 8.14845e-05
0.00219477  0.251196 8.19006e-05
0.00221672  0.251484 8.23209e-05
0.00223888  0.251775 8.27347e-05
0.00226127  0.252067 8.31418e-05
0.00228388  0.252361 8.35525e-05
0.00230672  0.252657 8.39669e-05
0.00232979  0.252955 8.43846e-05
0.00235309  0.253256 8.48057e-05
0.00237662  0.253558 8.52299e-05
0.00240038  0.253862 8.56572e-05
0.00242439  0.254168 8.60872e-05
0.00244863  0.254476 8.652e-05
0.00247312  0.254786 8.69552e-05
0.00249785  0.255099 8.73926e-05
0.00252283  0.255413 8.78292e-05
0.00254806  0.25573 8.82675e-05
0.00257354  0.256049 8.87079e-05
0.00259927  0.256369 8.91504e-05
0.00262527  0.256692 8.9595e-05
0.00265152  0.257018 9.00417e-05
0.00267803  0.257345 9.04907e-05
0.00270481  0.257674 9.09418e-05
0.00273186  0.258006 9.13951e-05
0.00275918  0.25834 9.18508e-05
0.00278677  0.258677 9.23088e-05
0.00281464  0.259015 9.2769e-05
0.00284279  0.259356 9.32314e-05
0.00287121  0.259699 9.36962e-05
0.00289993  0.260045 9.41634e-05
0.00292893  0.260392 9.4633e-05
0.00295822  0.260743 9.5105e-05
0.0029878  0.261095 9.55794e-05
0.00301768  0.26145 9.60562e-05
0.00304785  0.261808 9.65354e-05
0.00307833  0.262063 9.7017e-05
0.00310911  0.262318 9.7501e-05
0.0031402  0.262574 9.79875e-05
0.00317161  0.262832 9.84763e-05
0.00320332  0.263091 9.89675e-05
0.00323536  0.263352 9.94612e-05
0.00326771  0.263614 9.99573e-05
0.00330039  0.263878 0.000100456
0.00333339  0.264143 0.000100957
0.00336672  0.264409 0.00010146
0.00340039  0.264677 0.000101966
0.0034344  0.264947 0.000102475
0.00346874  0.265218 0.000102986
0.00350343  0.26549 0.000103499
0.00353846  0.265764 0.000104016
0.00357385  0.266039 0.000104534
0.00360958  0.266316 0.000105056
0.00364568  0.266595 0.00010558
0.00368214  0.266875 0.000106106
0.00371896  0.267156 0.000106635
0.00375615  0.267439 0.000107167
0.00379371  0.267724 0.000107702
0.00383165  0.26801 0.000108239
0.00386996  0.268298 0.000108779
0.00390866  0.268588 0.000109321
0.00394775  0.268879 0.000109867
0.00398723  0.269171 0.000110414
0.0040271  0.269466 0.000110965
0.00406737  0.269756 0.000111519
0.00410804  0.269977 0.000112075
0.00414912  0.270199 0.000112634
0.00419062  0.270422 0.000113196
0.00423252  0.270646 0.00011376
0.00427485  0.27087 0.000114328
0.0043176  0.271096 0.000114898
0.00436077  0.271322 0.000115471
0.00440438  0.271549 0.000116047
0.00444842  0.271778 0.000116625
0.00449291  0.272007 0.000117207
0.00453784  0.272237 0.000117792
0.00458321  0.272468 0.000118379
0.00462905  0.272699 0.00011897
0.00467534  0.272932 0.000119563
0.00472209  0.273166 0.000120159
0.00476931  0.273401 0.000120759
0.004817  0.273636 0.000121361
0.00486517  0.273872 0.000121966
0.00491383  0.27411 0.000122574
0.00496296  0.274348 0.000123186
0.00501259  0.274587 0.0001238
0.00506272  0.274828 0.000124418
0.00511335  0.275069 0.000125038
0.00516448  0.275311 0.000125662
0.00521613  0.275554 0.000126288
0.00526829  0.275798 0.000126918
0.00532097  0.276043 0.000127551
0.00537418  0.276288 0.000128187
0.00542792  0.276535 0.000128827
0.0054822  0.276783 0.000129469
0.00553702  0.277032 0.000130115
0.00559239  0.277281 0.000130764
0.00564832  0.277532 0.000131416
0.0057048  0.277783 0.000132072
0.00576185  0.278036 0.00013273
0.00581947  0.278289 0.000133392
0.00587766  0.278544 0.000134058
0.00593644  0.278799 0.000134726
0.0059958  0.279056 0.000135398
0.00605576  0.279313 0.000136073
0.00611632  0.279551 0.000136752
0.00617748  0.279749 0.000137434
0.00623926  0.279946 0.00013812
0.00630165  0.280145 0.000138808
0.00636466  0.280343 0.000139501
0.00642831  0.280542 0.000140196
0.00649259  0.280741 0.000140896
0.00655752  0.28094 0.000141598
0.0066231  0.28114 0.000142305
0.00668933  0.28134 0.000143014
0.00675622  0.281541 0.000143728
0.00682378  0.281741 0.000144445
0.00689202  0.281943 0.000145165
0.00696094  0.282144 0.000145889
0.00703055  0.282346 0.000146617
0.00710085  0.282547 0.000147348
0.00717186  0.28275 0.000148083
0.00724358  0.282952 0.000148821
0.00731602  0.283155 0.000149564
0.00738918  0.283358 0.000150309
0.00746307  0.283561 0.000151059
0.0075377  0.283765 0.000151813
0.00761308  0.283969 0.00015257
0.00768921  0.284173 0.000153331
0.0077661  0.284377 0.000154095
0.00784376  0.284581 0.000154864
0.0079222  0.284786 0.000155636
0.00800142  0.284991 0.000156413
0.00808144  0.285196 0.000157193
0.00816225  0.285391 0.000157977
0.00824387  0.285572 0.000158765
0.00832631  0.285752 0.000159556
0.00840957  0.285932 0.000160352
0.00849367  0.286112 0.000161152
0.00857861  0.286292 0.000161956
0.00866439  0.286472 0.000162763
0.00875104  0.286652 0.000163575
0.00883855  0.286831 0.000164391
0.00892693  0.287011 0.000165211
0.0090162  0.28719 0.000166035
0.00910636  0.287369 0.000166863
0.00919743  0.287548 0.000167695
0.0092894  0.287727 0.000168532
0.0093823  0.287906 0.000169372
0.00947612  0.288084 0.000170217
0.00957088  0.288262 0.000171066
0.00966659  0.28844 0.000171919
0.00976325  0.288618 0.000172777
0.00986089  0.288795 0.000173638
0.0099595  0.288973 0.000174504
0.0100591  0.289149 0.000175375
0.0101597  0.289326 0.000176249
0.0102613  0.289497 0.000177128
0.0103639  0.289667 0.000178012
0.0104675  0.289837 0.0001789
0.0105722  0.290006 0.000179792
0.0106779  0.290175 0.000180689
0.0107847  0.290344 0.00018159
0.0108926  0.290512 0.000182495
0.0110015  0.290679 0.000183406
0.0111115  0.290846 0.00018432
0.0112226  0.291013 0.00018524
0.0113348  0.291179 0.000186164
0.0114482  0.291345 0.000187092
0.0115627  0.29151 0.000188025
0.0116783  0.291674 0.000188963
0.0117951  0.291838 0.000189905
0.011913  0.292002 0.000190853
0.0120322  0.292164 0.000191804
0.0121525  0.292326 0.000192761
0.012274  0.292491 0.000193722
0.0123967  0.292657 0.000194689
0.0125207  0.292822 0.00019566
0.0126459  0.292987 0.000196635
0.0127724  0.293151 0.000197616
0.0129001  0.293314 0.000198602
0.0130291  0.293477 0.000199592
0.0131594  0.293639 0.000200588
0.013291  0.2938 0.000201588
0.0134239  0.29396 0.000202594
0.0135581  0.29412 0.000203604
0.0136937  0.294278 0.00020462
0.0138307  0.294436 0.00020564
0.013969  0.294593 0.000206666
0.0141086  0.294749 0.000207696
0.0142497  0.294905 0.000208732
0.0143922  0.295059 0.000209773
0.0145362  0.295213 0.00021082
0.0146815  0.295365 0.000211871
0.0148283  0.295517 0.000212928
0.0149766  0.295667 0.00021399
0.0151264  0.295817 0.000215057
0.0152776  0.295966 0.000216129
0.0154304  0.296113 0.000217207
0.0155847  0.296259 0.000218291
0.0157406  0.296405 0.000219379
0.015898  0.296549 0.000220474
0.016057  0.296692 0.000221574
0.0162175  0.296834 0.000222679
0.0163797  0.296998 0.00022379
0.0165435  0.29717 0.000224906
0.0167089  0.297341 0.000226028
0.016876  0.29751 0.000227155
0.0170448  0.297679 0.000228288
0.0172152  0.297847 0.000229427
0.0173874  0.298014 0.000230571
0.0175613  0.298179 0.000231721
0.0177369  0.298344 0.000232876
0.0179142  0.298508 0.000234038
0.0180934  0.29867 0.000235204
0.0182743  0.298831 0.000236377
0.0184571  0.298991 0.000237555
0.0186416  0.29915 0.000238739
0.018828  0.299308 0.000239929
0.0190163  0.299464 0.000241126
0.0192065  0.299619 0.000242328
0.0193986  0.299773 0.000243536
0.0195925  0.299926 0.000244751
0.0197885  0.300077 0.000245972
0.0199864  0.300227 0.000247199
0.0201862  0.300375 0.000248433
0.0203881  0.300544 0.000249674
0.020592  0.300758 0.000250921
0.0207979  0.300971 0.000252175
0.0210059  0.301183 0.000253436
0.0212159  0.301394 0.000254703
0.0214281  0.301604 0.000255977
0.0216424  0.301814 0.000257258
0.0218588  0.302022 0.000258546
0.0220774  0.30223 0.000259841
0.0222981  0.302436 0.000261142
0.0225211  0.302642 0.000262452
0.0227463  0.302846 0.000263768
0.0229738  0.303049 0.000265091
0.0232035  0.303252 0.000266421
0.0234356  0.303453 0.000267758
0.0236699  0.303653 0.000269103
0.0239066  0.303852 0.000270454
0.0241457  0.304049 0.000271811
0.0243871  0.304246 0.000273176
0.024631  0.304441 0.000274547
0.0248773  0.304635 0.000275925
0.0251261  0.304827 0.00027731
0.0253774  0.305018 0.000278701
0.0256311  0.305208 0.000280098
0.0258874  0.305396 0.000281502
0.0261463  0.305583 0.000282913
0.0264078  0.305769 0.000284331
0.0266719  0.305953 0.000285755
0.0269386  0.306135 0.000287185
0.027208  0.306316 0.000288623
0.02748  0.306495 0.000290067
0.0277548  0.306673 0.000291518
0.0280324  0.306849 0.000292976
0.0283127  0.307023 0.00029444
0.0285958  0.307196 0.000295912
0.0288818  0.307367 0.00029739
0.0291706  0.307536 0.000298875
0.0294623  0.307703 0.000300368
0.029757  0.307868 0.000301868
0.0300545  0.308032 0.000303374
0.0303551  0.308194 0.000304888
0.0306586  0.308422 0.00030641
0.0309652  0.308701 0.000307939
0.0312749  0.308978 0.000309475
0.0315876  0.309255 0.000311019
0.0319035  0.30953 0.000312571
0.0322225  0.309805 0.000314131
0.0325447  0.310079 0.000315698
0.0328702  0.310352 0.000317274
0.0331989  0.310624 0.000318857
0.0335309  0.310895 0.000320448
0.0338662  0.311164 0.000322046
0.0342049  0.311433 0.000323653
0.0345469  0.3117 0.000325268
0.0348924  0.311967 0.000326891
0.0352413  0.312232 0.000328521
0.0355937  0.312496 0.00033016
0.0359496  0.312759 0.000331807
0.0363091  0.31302 0.000333462
0.0366722  0.31328 0.000335126
0.037039  0.313539 0.000336797
0.0374093  0.313796 0.000338477
0.0377834  0.314052 0.000340165
0.0381613  0.314307 0.000341861
0.0385429  0.31456 0.000343566
0.0389283  0.314812 0.000345279
0.0393176  0.315062 0.000347
0.0397108  0.31531 0.00034873
0.0401079  0.315557 0.000350468
0.040509  0.315802 0.000352214
0.040914  0.31615 0.00035397
0.0413232  0.31655 0.000355733
0.0417364  0.316951 0.000357506
0.0421538  0.317351 0.000359287
0.0425753  0.317751 0.000361077
0.0430011  0.31815 0.000362876
0.0434311  0.318549 0.000364684
0.0438654  0.318949 0.000366501
0.044304  0.319347 0.000368327
0.0447471  0.319746 0.000370163
0.0451946  0.320144 0.000372007
0.0456465  0.320541 0.000373861
0.046103  0.320938 0.000375724
0.046564  0.321335 0.000377597
0.0470296  0.321731 0.000379479
0.0474999  0.322127 0.000381371
0.0479749  0.322522 0.000383272
0.0484547  0.322917 0.000385182
0.0489392  0.323311 0.000387102
0.0494286  0.323704 0.000389032
0.0499229  0.324097 0.000390971
0.0504221  0.324489 0.00039292
0.0509264  0.32488 0.000394879
0.0514356  0.325271 0.000396847
0.05195  0.325661 0.000398825
0.0524695  0.32605 0.000400814
0.0529942  0.326438 0.000402812
0.0535241  0.326826 0.00040482
0.0540594  0.327212 0.000406838
0.0546  0.327598 0.000408866
0.055146  0.327983 0.000410904
0.0556974  0.328366 0.000412953
0.0562544  0.328749 0.000415012
0.0568169  0.329131 0.000417081
0.0573851  0.329511 0.00041916
0.0579589  0.329891 0.00042125
0.0585385  0.330269 0.000423351
0.0591239  0.330646 0.000425461
0.0597152  0.331022 0.000427583
0.0603123  0.331396 0.000429715
0.0609154  0.331769 0.000431857
0.0615246  0.332315 0.00043401
0.0621398  0.332877 0.000436174
0.0627612  0.33344 0.000438349
0.0633888  0.334004 0.000440534
0.0640227  0.334567 0.000442731
0.064663  0.335132 0.000444938
0.0653096  0.335696 0.000447157
0.0659627  0.336261 0.000449386
0.0666223  0.336827 0.000451627
0.0672885  0.337392 0.000453878
0.0679614  0.337958 0.000456141
0.068641  0.338525 0.000458415
0.0693275  0.339091 0.0004607
0.0700207  0.339658 0.000462997
0.0707209  0.340225 0.000465305
0.0714281  0.340792 0.000467625
0.0721424  0.34136 0.000469956
0.0728638  0.341927 0.000472299
0.0735925  0.342495 0.000474653
0.0743284  0.343063 0.000477019
0.0750717  0.343631 0.000479397
0.0758224  0.344198 0.000481787
0.0765806  0.344766 0.000484188
0.0773464  0.345334 0.000486602
0.0781199  0.345902 0.000489027
0.0789011  0.34647 0.000491465
0.0796901  0.347037 0.000493915
0.080487  0.347605 0.000496376
0.0812919  0.348173 0.000498851
0.0821048  0.348893 0.000501337
0.0829259  0.349614 0.000503836
0.0837551  0.350337 0.000506347
0.0845927  0.351061 0.000508871
0.0854386  0.351786 0.000511408
0.086293  0.352513 0.000513957
0.0871559  0.353241 0.000516518
0.0880275  0.35397 0.000519093
0.0889077  0.3547 0.00052168
0.0897968  0.355431 0.00052428
0.0906948  0.356163 0.000526893
0.0916017  0.356897 0.00052952
0.0925178  0.357632 0.000532159
0.0934429  0.358367 0.000534812
0.0943774  0.359104 0.000537477
0.0953211  0.359842 0.000540156
0.0962743  0.360581 0.000542849
0.0972371  0.361321 0.000545555
0.0982095  0.362062 0.000548274
0.0991916  0.362803 0.000551007
0.100183  0.363546 0.000553753
0.101185  0.36429 0.000556513
0.102197  0.365105 0.000559288
0.103219  0.365974 0.000562075
0.104251  0.366845 0.000564877
0.105294  0.367718 0.000567693
0.106347  0.368593 0.000570523
0.10741  0.36947 0.000573367
0.108484  0.370349 0.000576225
0.109569  0.37123 0.000579097
0.110665  0.372114 0.000581984
0.111772  0.372999 0.000584885
0.112889  0.373886 0.0005878
0.114018  0.374775 0.00059073
0.115158  0.375666 0.000593675
0.11631  0.376559 0.000596635
0.117473  0.377454 0.000599609
0.118648  0.37835 0.000602598
0.119834  0.379249 0.000605602
0.121033  0.380149 0.000608621
0.122243  0.381086 0.000611655
0.123465  0.382128 0.000614704
0.1247  0.383172 0.000617768
0.125947  0.38422 0.000620848
0.127206  0.385271 0.000623943
0.128478  0.386326 0.000627053
0.129763  0.387383 0.000630179
0.131061  0.388443 0.00063332
0.132372  0.389507 0.000636478
0.133695  0.390574 0.000639651
0.135032  0.391644 0.000642839
0.136383  0.392717 0.000646044
0.137746  0.393793 0.000649265
0.139124  0.394873 0.000652501
0.140515  0.395955 0.000655754
0.14192  0.397041 0.000659024
0.143339  0.398129 0.000662309
0.144773  0.399221 0.000665611
0.146221  0.400316 0.00066893
0.147683  0.401414 0.000672265
0.14916  0.402515 0.000675617
0.150651  0.403619 0.000678986
0.152158  0.404726 0.000682372
0.153679  0.405836 0.000685774
0.155216  0.406949 0.000689194
0.156768  0.408065 0.00069263
0.158336  0.409184 0.000696084
0.159919  0.410307 0.000699556
0.161518  0.411432 0.000703045
0.163134  0.412612 0.000706551
0.164765  0.413897 0.000710075
0.166413  0.415186 0.000713616
0.168077  0.41648 0.000717175
0.169757  0.417778 0.000720751
0.171455  0.41908 0.000724345
0.17317  0.420388 0.000727957
0.174901  0.421699 0.000731586
0.17665  0.423015 0.000735233
0.178417  0.424336 0.000738898
0.180201  0.425661 0.000742581
0.182003  0.426991 0.000746282
0.183823  0.428325 0.000750002
0.185661  0.429664 0.000753739
0.187518  0.431007 0.000757496
0.189393  0.432355 0.000761271
0.191287  0.433707 0.000765065
0.1932  0.435064 0.000768879
0.195132  0.436425 0.000772712
0.197083  0.437791 0.000776564
0.199054  0.439161 0.000780437
0.201045  0.440536 0.00078433
0.203055  0.441916 0.000788244
0.205086  0.443457 0.000792179
0.207136  0.445018 0.000796134
0.209208  0.446586 0.000800112
0.2113  0.44816 0.000804111
0.213413  0.449741 0.000808133
0.215547  0.451327 0.000812177
0.217702  0.45292 0.000816245
0.219879  0.45452 0.000820336
0.222078  0.456125 0.000824451
0.224299  0.457737 0.00082859
0.226542  0.459356 0.000832755
0.228807  0.46098 0.000836944
0.231095  0.462611 0.000841158
0.233406  0.464249 0.000845398
0.235741  0.465893 0.000849663
0.238098  0.467544 0.000853953
0.240479  0.4692 0.000858269
0.242884  0.470864 0.000862612
0.245313  0.472534 0.00086698
0.247766  0.47421 0.000871374
0.250243  0.475893 0.000875795
0.252746  0.477582 0.000880243
0.255273  0.479278 0.000884717
0.257826  0.480981 0.000889218
0.260404  0.48269 0.000893746
0.263008  0.484405 0.000898301
0.265638  0.486128 0.000902884
0.268295  0.487856 0.000907493
0.270978  0.489592 0.00091213
0.273687  0.491334 0.000916795
0.276424  0.493083 0.000921487
0.279189  0.494838 0.000926207
0.28198  0.4966 0.000930954
0.2848  0.498369 0.00093573
0.287648  0.500144 0.000940534
0.290525  0.501926 0.000945367
0.29343  0.503715 0.000950228
0.296364  0.505511 0.000955118
0.299328  0.507313 0.000960037
0.302321  0.509122 0.000963596
0.305344  0.51098 0.000966238
0.308398  0.51306 0.000968868
0.311482  0.515149 0.000971487
0.314597  0.517247 0.000974093
0.317743  0.519355 0.000976686
0.32092  0.521472 0.000979267
0.324129  0.523598 0.000981834
0.32737  0.525735 0.000984387
0.330644  0.527881 0.000986927
0.333951  0.530036 0.000989452
0.33729  0.532201 0.000991963
0.340663  0.534376 0.000994458
0.34407  0.53656 0.000996939
0.34751  0.538755 0.000999403
0.350985  0.540959 0.00100185
0.354495  0.543173 0.00100428
0.35804  0.545397 0.0010067
0.361621  0.54763 0.0010091
0.365237  0.549874 0.00101148
0.368889  0.552128 0.00101384
0.372578  0.554391 0.00101619
0.376304  0.556665 0.00101852
0.380067  0.558949 0.00102082
0.383868  0.561243 0.00102311
0.387706  0.563547 0.00102538
0.391583  0.565862 0.00102763
0.395499  0.568186 0.00102986
0.399454  0.570521 0.00103206
0.403449  0.572867 0.00103425
0.407483  0.575222 0.00103641
0.411558  0.577588 0.00103856
0.415674  0.579965 0.00104068
0.41983  0.582352 0.00104277
0.424029  0.58475 0.00104485
0.428269  0.587158 0.0010469
0.432552  0.589577 0.00104892
0.436877  0.592006 0.00105092
0.441246  0.594446 0.0010529
0.445658  0.596897 0.00105485
0.450115  0.599358 0.00105678
0.454616  0.601831 0.00105868
0.459162  0.604314 0.00106055
0.463754  0.606808 0.0010624
0.468391  0.609313 0.00106422
0.473075  0.611829 0.0010665
0.477806  0.614356 0.00106939
0.482584  0.616894 0.00107227
0.48741  0.619444 0.00107515
0.492284  0.622004 0.00107803
0.497207  0.624637 0.00108091
0.502179  0.627975 0.00108379
0.507201  0.631347 0.00108667
0.512273  0.634753 0.00108954
0.517396  0.638192 0.00109241
0.52257  0.641666 0.00109528
0.527795  0.645175 0.00109815
0.533073  0.648719 0.00110102
0.538404  0.652299 0.00110389
0.543788  0.655914 0.00110675
0.549226  0.659565 0.00110962
0.554718  0.663253 0.00111248
0.560265  0.666978 0.00111534
0.565868  0.67074 0.0011182
0.571527  0.674539 0.00112107
0.577242  0.678377 0.00112393
0.583014  0.682253 0.00112679
0.588844  0.686168 0.00112965
0.594733  0.690122 0.00113251
0.60068  0.694115 0.00113537
0.606687  0.698149 0.00113822
0.612754  0.702331 0.00114108
0.618881  0.70666 0.00114394
0.62507  0.711032 0.00114681
0.631321  0.715288 0.00114967
0.637634  0.719578 0.00115253
0.644011  0.72391 0.00115539
0.650451  0.728286 0.00115826
0.656955  0.732706 0.00116112
0.663525  0.73717 0.00116399
0.67016  0.741678 0.00116686
0.676862  0.746232 0.00116973
0.68363  0.750831 0.00117261
0.690466  0.755476 0.00117548
0.697371  0.760168 0.00117836
0.704345  0.764906 0.00118124
0.711388  0.769692 0.00118413
0.718502  0.774526 0.00118702
0.725687  0.779409 0.00118991
0.732944  0.78434 0.0011928
0.740273  0.78932 0.0011957
0.747676  0.79435 0.00119861
0.755153  0.799431 0.00120152
0.762705  0.804562 0.00120443
0.770332  0.809745 0.00120735
0.778035  0.814979 0.00121027
0.785815  0.820266 0.0012132
0.793673  0.825214 0.00121613
0.80161  0.830123 0.00121907
0.809626  0.83508 0.00122202
0.817722  0.840138 0.00122497
0.8259  0.845281 0.00122793
0.834159  0.850476 0.0012309
0.8425  0.855722 0.00123387
0.850925  0.861021 0.00123686
0.859435  0.866373 0.00123985
0.868029  0.871778 0.00124285
0.876709  0.877238 0.00124586
0.885476  0.882752 0.00124888
0.894331  0.888321 0.0012519
0.903274  0.893946 0.00125494
0.912307  0.899628 0.00125799
0.92143  0.905366 0.00126105
0.930644  0.911161 0.00126412
0.939951  0.917015 0.0012672
0.94935  0.922927 0.0012703
0.958844  0.928898 0.00127341
0.968432  0.934929 0.00127653
0.978117  0.94102 0.00127966
0.987898  0.947173 0.00128281
0.997777  0.952603 0.00128597
1.00775  0.957723 0.00128915
1.01783  0.962904 0.00129234
1.02801  0.968186 0.00129555
1.03829  0.973521 0.00129878
1.04867  0.978909 0.00130202
1.05916  0.984351 0.00130528
1.06975  0.989848 0.00130856
1.08045  0.9954 0.00131185
1.09125  1.00101 0.00131517
1.10217  1.00667 0.0013185
1.11319  1.01239 0.00132185
1.12432  1.01817 0.00132523
1.13556  1.024 0.00132862
1.14692  1.0299 0.00133204
1.15839  1.03585 0.00133548
1.16997  1.04186 0.00133894
1.18167  1.04793 0.00134242
1.19349  1.05406 0.00134593
1.20542  1.06026 0.00134946
1.21748  1.06651 0.00135302
1.22965  1.07288 0.0013566
1.24195  1.07932 0.00136021
1.25437  1.085 0.00136385
1.26691  1.09005 0.00136751
1.27958  1.09515 0.00137121
1.29238  1.1003 0.00137493
1.3053  1.1055 0.00137868
1.31835  1.11076 0.00138246
1.33154  1.11606 0.00138627
1.34485  1.12142 0.00139012
1.3583  1.12684 0.001394
1.37188  1.13231 0.00139791
1.3856  1.13783 0.00140185
1.39946  1.14341 0.00140583
1.41345  1.14904 0.00140985
1.42759  1.15473 0.0014139
1.44186  1.16048 0.00141799
1.45628  1.16628 0.00142212
1.47085  1.17214 0.00142628
1.48555  1.17807 0.00143049
1.50041  1.18405 0.00143474
1.51541  1.19009 0.00143902
1.53057  1.19619 0.00144335
1.54587  1.20235 0.00144772
1.56133  1.20857 0.00145214
1.57695  1.21409 0.0014566
1.59271  1.21858 0.0014611
1.60864  1.22312 0.00146565
1.62473  1.22771 0.00147025
1.64098  1.23239 0.0014749
1.65739  1.23712 0.00147959
1.67396  1.2419 0.00148434
1.6907  1.24673 0.00148913
1.70761  1.2516 0.00149398
1.72468  1.25653 0.00149888
1.74193  1.2615 0.00150383
1.75935  1.26653 0.00150884
1.77694  1.2716 0.0015139
1.79471  1.27673 0.00151902
1.81266  1.2819 0.0015242
1.83078  1.28713 0.00152943
1.84909  1.29241 0.00153472
1.86758  1.29774 0.00154008
1.88626  1.30313 0.00154549
1.90512  1.30857 0.00155097
1.92417  1.31406 0.00155651
1.94341  1.31961 0.00156211
1.96285  1.32522 0.00156777
1.98248  1.33024 0.00157351
2.0023  1.33368 0.00157931
2.02232  1.33715 0.00158518
2.04255  1.34068 0.00159111
2.06297  1.34428 0.00159712
2.0836  1.34791 0.0016032
2.10444  1.35158 0.00160935
2.12548  1.35529 0.00161557
2.14674  1.35903 0.00162187
2.16821  1.36281 0.00162824
2.18989  1.36663 0.00163469
2.21179  1.37049 0.00164121
2.2339  1.37438 0.00164782
2.25624  1.37832 0.0016545
2.27881  1.38229 0.00166126
2.30159  1.38631 0.00166811
2.32461  1.39036 0.00167504
2.34786  1.39445 0.00168205
2.37134  1.39859 0.00168915
2.39505  1.40276 0.00169634
2.419  1.40698 0.00170361
2.44319  1.41124 0.00171097
2.46762  1.41555 0.00171842
2.4923  1.41982 0.00172595
2.51722  1.42371 0.00173358
2.54239  1.42764 0.00174131
2.56782  1.43161 0.00174913
2.59349  1.43562 0.00175704
2.61943  1.43966 0.00176505
2.64562  1.44375 0.00177315
2.67208  1.44788 0.00178136
2.6988  1.45205 0.00178966
2.72579  1.45627 0.00179806
2.75305  1.46052 0.00180657
2.78058  1.46482 0.00181518
2.80838  1.46916 0.00182389
2.83647  1.47355 0.00183271
2.86483  1.47797 0.00184164
2.89348  1.48245 0.00185067
2.92241  1.48696 0.00185981
2.95164  1.49153 0.00186906
2.98115  1.49613 0.00187843
3.01097  1.50079 0.00188791
3.04108  1.50549 0.0018975
3.07149  1.51028 0.0019072
3.1022  1.51512 0.00191703
3.13322  1.51999 0.00192697
3.16456  1.52309 0.00193703
3.1962  1.52623 0.00194721
3.22816  1.5294 0.00195752
3.26045  1.53259 0.00196795
3.29305  1.53582 0.0019785
3.32598  1.53909 0.00198918
3.35924  1.54238 0.00199998
3.39283  1.54571 0.00201091
3.42676  1.54907 0.00202198
3.46103  1.55247 0.00203317
3.49564  1.5559 0.0020445
3.53059  1.55936 0.00205596
3.5659  1.56286 0.00206755
3.60156  1.56639 0.00207929
3.63758  1.56996 0.00209116
3.67395  1.57357 0.00210317
3.71069  1.57721 0.00211532
3.7478  1.58088 0.00212761
3.78528  1.5846 0.00214004
3.82313  1.58835 0.00215263
3.86136  1.59214 0.00216535
3.89997  1.59596 0.00217823
3.93897  1.59983 0.00219125
3.97836  1.60249 0.00220443
4.01815  1.605 0.00221776
4.05833  1.60754 0.00223124
4.09891  1.61014 0.00224488
4.1399  1.61277 0.00225868
4.1813  1.61543 0.00227263
4.22311  1.61811 0.00228675
4.26534  1.62082 0.00230103
4.308  1.62356 0.00231547
4.35108  1.62632 0.00233008
4.39459  1.62911 0.00234485
4.43853  1.63193 0.0023598
4.48292  1.63478 0.00237492
4.52775  1.63766 0.00239021
4.57303  1.64056 0.00240567
4.61876  1.6435 0.00242131
4.66494  1.64646 0.00243713
4.71159  1.64946 0.00245314
4.75871  1.65248 0.00246932
4.8063  1.65553 0.00248568
4.85436  1.65862 0.00250224
4.9029  1.66173 0.00251898
4.95193  1.66488 0.00253591
5.00145  1.66706 0.00255303
5.05146  1.66892 0.00257034
5.10198  1.6708 0.00258785
5.153  1.6727 0.00260556
5.20453  1.67462 0.00262347
5.25657  1.67655 0.00264158
5.30914  1.67851 0.00265989
5.36223  1.68048 0.00267842
5.41585  1.68248 0.00269715
5.47001  1.68449 0.00271609
5.52471  1.68652 0.00273525
5.57996  1.68858 0.00275462
5.63576  1.69065 0.00277421
5.69212  1.69275 0.00279402
5.74904  1.69487 0.00281406
5.80653  1.69701 0.00283432
5.86459  1.69917 0.00285482
5.92324  1.70135 0.00287554
5.98247  1.70355 0.0028965
6.0423  1.70578 0.00291769
6.10272  1.70803 0.00293913
6.16375  1.71033 0.00296081
6.22538  1.71265 0.00298273
6.28764  1.71443 0.0030049
6.35051  1.71585 0.00302733
6.41402  1.71728 0.00305
6.47816  1.71873 0.00307294
6.54294  1.72019 0.00309613
6.60837  1.72167 0.00311959
6.67445  1.72316 0.00314331
6.7412  1.72467 0.00316731
6.80861  1.72619 0.00319157
6.8767  1.72773 0.00321611
6.94546  1.72928 0.00324093
7.01492  1.73085 0.00326603
7.08507  1.73244 0.00329142
7.15592  1.73404 0.0033171
7.22748  1.73565 0.00334307
7.29975  1.73728 0.00336933
7.37275  1.73893 0.0033959
7.44648  1.7406 0.00342276
7.52094  1.74228 0.00344994
7.59615  1.74398 0.00347743
7.67211  1.74569 0.00350523
7.74883  1.74743 0.00353336
7.82632  1.74918 0.0035618
7.90459  1.75037 0.00359058
7.98363  1.75091 0.00361969
8.06347  1.75146 0.00364913
8.1441  1.75202 0.00367891
8.22554  1.7526 0.00370904
8.3078  1.75319 0.00373952
8.39088  1.75378 0.00377036
8.47479  1.75438 0.00380155
8.55953  1.75498 0.00383311
8.64513  1.75559 0.00386504
8.73158  1.7562 0.00389735
8.8189  1.75682 0.00393004
8.90709  1.75745 0.00396311
8.99616  1.75808 0.00399657
9.08612  1.75872 0.00403042
9.17698  1.75937 0.00406468
9.26875  1.76002 0.00409934
9.36144  1.76068 0.00413441
9.45505  1.76135 0.0041699
9.5496  1.76202 0.0042058
9.6451  1.7627 0.00424213
9.74155  1.76339 0.00427889
9.83896  1.76408 0.00431608
9.93735  1.7644 0.00435372
10.0367  1.76395 0.0043918
10.1371  1.7635 0.00443033
10.2385  1.76305 0.00446932
10.3409  1.76259 0.00450876
10.4443  1.76214 0.00454868
10.5487  1.76168 0.00458906
10.6542  1.76121 0.00462991
10.7607  1.76074 0.00467125
10.8683  1.76027 0.00471307
10.977  1.75979 0.00475539
11.0868  1.7593 0.0047982
11.1977  1.75881 0.00484151
11.3096  1.75832 0.00488532
11.4227  1.75782 0.00492965
11.537  1.75731 0.00497451
11.6523  1.7568 0.00501989
11.7689  1.75629 0.00506581
11.8865  1.75577 0.00511228
12.0054  1.75525 0.00515931
12.1255  1.75472 0.00520689
12.2467  1.75419 0.00525505
12.3692  1.75366 0.0053038
12.4929  1.75296 0.00535313
12.6178  1.75158 0.00540306
12.744  1.75018 0.0054536
12.8714  1.74877 0.00550476
13.0001  1.74734 0.00555655
13.1301  1.7459 0.00560899
13.2614  1.74445 0.00566208
13.3941  1.74298 0.00571583
13.528  1.7415 0.00577026
13.6633  1.74 0.00582539
13.7999  1.73849 0.00588121
13.9379  1.73696 0.00593775
14.0773  1.73542 0.00599501
14.2181  1.73386 0.00605302
14.3602  1.73228 0.00611178
14.5038  1.73069 0.00617131
14.6489  1.72909 0.00623162
14.7954  1.72746 0.00629273
14.9433  1.72583 0.00635465
15.0928  1.72417 0.00641741
15.2437  1.7225 0.00648101
15.3961  1.72081 0.00654547
15.5501  1.71911 0.00661081
15.7056  1.71735 0.00667704
15.8626  1.71499 0.00674419
16.0213  1.7126 0.00681226
16.1815  1.71019 0.00688128
16.3433  1.70777 0.00695125
16.5067  1.70532 0.0070222
16.6718  1.70284 0.00709413
16.8385  1.70035 0.00716706
17.0069  1.69782 0.007241
17.177  1.69528 0.00731598
17.3487  1.6927 0.00739201
17.5222  1.6901 0.00746909
17.6974  1.68748 0.00754726
17.8744  1.68483 0.00762652
18.0532  1.68215 0.00770689
18.2337  1.67945 0.00778838
18.416  1.67671 0.00787102
18.6002  1.67396 0.00795481
18.7862  1.67117 0.00803977
18.9741  1.66836 0.00812592
19.1638  1.66551 0.00821327
19.3554  1.66264 0.00830184
19.549  1.65974 0.00839165
19.7445  1.65681 0.0084827
19.9419  1.65368 0.00857503
20.1413  1.6505 0.00866864
20.3427  1.64729 0.00876356
20.5462  1.64405 0.00885982
20.7516  1.64078 0.00895742
20.9592  1.63748 0.0090564
21.1687  1.63415 0.00915678
21.3804  1.63078 0.00925858
21.5942  1.62738 0.00936183
21.8102  1.62394 0.00946654
22.0283  1.62047 0.00957275
22.2486  1.61697 0.00968049
22.4711  1.61343 0.00978976
22.6958  1.60985 0.00990061
22.9227  1.60624 0.0100131
23.1519  1.6026 0.0101271
23.3835  1.59891 0.0102428
23.6173  1.59519 0.0103602
23.8535  1.59144 0.0104793
24.092  1.58764 0.0106001
24.3329  1.58381 0.0107226
24.5763  1.57994 0.010847
24.822  1.57603 0.0109731
25.0702  1.57215 0.0111011
25.3209  1.56826 0.0112309
25.5742  1.56434 0.0113626
25.8299  1.56037 0.0114963
26.0882  1.55636 0.0116319
26.3491  1.55231 0.0117694
26.6126  1.54823 0.011909
26.8787  1.5441 0.0120507
27.1475  1.53993 0.0121944
27.419  1.53572 0.0123402
27.6931  1.53146 0.0124881
27.9701  1.52716 0.0126382
28.2498  1.52283 0.0127906
28.5323  1.51844 0.0129451
28.8176  1.51402 0.013102
29.1058  1.50955 0.0132612
29.3968  1.50503 0.0134227
29.6908  1.50047 0.0135867
29.9877  1.49586 0.0137531
30.2876  1.49121 0.013922
30.5905  1.48651 0.0140935
30.8964  1.48178 0.0142676
31.2053  1.47699 0.0144443
31.5174  1.47241 0.0146237
31.8326  1.46793 0.0148058
32.1509  1.46341 0.0149908
32.4724  1.45884 0.0151785
32.7971  1.45423 0.0153691
33.1251  1.44957 0.0155625
33.4563  1.44486 0.0157589
33.7909  1.44011 0.0159582
34.1288  1.4353 0.0161606
34.4701  1.43046 0.0163659
34.8148  1.42556 0.0165744
35.1629  1.42061 0.0167859
35.5146  1.41561 0.0170006
35.8697  1.41057 0.0172185
36.2284  1.40547 0.0174397
36.5907  1.40032 0.0176642
36.9566  1.39512 0.0178922
37.3262  1.38987 0.0181238
37.6994  1.38457 0.018359
38.0764  1.37921 0.0185979
38.4572  1.3738 0.0188407
38.8418  1.36834 0.0190874
39.2302  1.36282 0.0193381
39.6225  1.35763 0.0195929
40.0187  1.45137 0.019852
40.4189  1.44395 0.0201154
40.8231  1.43651 0.0203831
41.2313  1.42904 0.0206554
41.6436  1.42154 0.0209322
42.0601  1.41403 0.0212136
42.4807  1.40649 0.0214998
42.9055  1.39894 0.0217907
43.3345  1.39137 0.0220866
43.7679  1.38379 0.0223874
44.2056  1.3762 0.0226933
44.6476  1.36861 0.0230044
45.0941  1.361 0.0233207
45.545  1.35339 0.0236423
46.0005  1.34578 0.0239691
46.4605  1.33818 0.0243014
46.9251  1.33061 0.0246389
47.3943  1.32311 0.0249819
47.8683  1.3156 0.0253304
48.347  1.30809 0.0256843
48.8304  1.30033 0.0260437
49.3187  1.29257 0.0264087
49.8119  1.28483 0.0267791
50.31  1.2771 0.0271552
50.8131  1.26938 0.027537
51.3213  1.26168 0.0279246
51.8345  1.254 0.0283181
52.3528  1.24633 0.0287177
52.8764  1.23869 0.0291236
53.4051  1.23106 0.0295359
53.9392  1.22346 0.0299547
54.4786  1.21587 0.0303802
55.0234  1.20883 0.0308126
55.5736  1.20209 0.0312519
56.1293  1.19535 0.0316985
56.6906  1.18865 0.0321524
57.2575  1.18195 0.0326138
57.8301  1.17524 0.0330826
58.4084  1.16851 0.0335592
58.9925  1.16176 0.0340435
59.5824  1.15502 0.0345357
60.1782  1.14828 0.0350359
60.78  1.14153 0.0355442
61.3878  1.13479 0.0360607
62.0017  1.12806 0.0365856
62.6217  1.12133 0.0371189
63.2479  1.11461 0.0376607
63.8804  1.1079 0.0382113
64.5192  1.10119 0.0387707
65.1644  1.0945 0.0393392
65.816  1.08783 0.0399169
66.4742  1.08121 0.040504
67.1389  1.0746 0.0411007
67.8103  1.068 0.041707
68.4884  1.06136 0.0423233
69.1733  1.05474 0.0429497
69.8651  1.04814 0.0435865
70.5637  1.04156 0.0442337
71.2693  1.035 0.0448915
71.982  1.02846 0.0455603
72.7019  1.02193 0.0462401
73.4289  1.01538 0.0469312
74.1632  1.00886 0.0476337
74.9048  1.00237 0.0483479
75.6538  0.995935 0.0490739
76.4104  0.989528 0.0498119
77.1745  0.983146 0.0505622
77.9462  0.976789 0.051325
78.7257  0.970456 0.0521005
79.513  0.96415 0.0528888
80.3081  0.957869 0.0536903
81.1112  0.951616 0.0545051
81.9223  0.945391 0.0553336
82.7415  0.939169 0.0561758
83.5689  0.932948 0.0570322
84.4046  0.926755 0.0579029
85.2486  0.920591 0.0587882
86.1011  0.914327 0.0596884
86.9621  0.907982 0.0606036
87.8318  0.901678 0.0615343
88.7101  0.895416 0.0624806
89.5972  0.889194 0.0634428
90.4932  0.883014 0.0644213
91.3981  0.876874 0.0654163
92.3121  0.870774 0.0664281
93.2352  0.864714 0.067457
94.1675  0.858708 0.0685034
95.1092  0.852762 0.0695674
96.0603  0.846856 0.0706496
97.0209  0.840987 0.07175
97.9911  0.835083 0.0728692
98.971  0.829217 0.0740074
99.9607  0.823391 0.075165
100.96  0.817603 0.0763423
101.97  0.811854 0.0775397
102.99  0.806144 0.0787575
104.02  0.800473 0.079996
105.06  0.794839 0.0812558
106.11  0.789243 0.0825371
107.171  0.783684 0.0838403
108.243  0.778163 0.0851659
109.326  0.772678 0.0865142
110.419  0.76723 0.0878855
111.523  0.761818 0.0892805
112.638  0.756443 0.0906994
113.765  0.751119 0.0921427
114.902  0.745833 0.0936107
116.051  0.740582 0.0951041
117.212  0.735367 0.0966231
118.384  0.730186 0.0981682
119.568  0.72504 0.0997399
120.763  0.719928 0.101339
121.971  0.714851 0.102965
123.191  0.709809 0.104619
124.423  0.704801 0.106302
125.667  0.699827 0.108014
126.924  0.694886 0.109755
128.193  0.689978 0.111526
129.475  0.685103 0.113328
130.77  0.68026 0.115161
132.077  0.675453 0.117025
133.398  0.670682 0.118922
134.732  0.665944 0.120851
136.079  0.661238 0.122814
137.44  0.656563 0.124811
138.814  0.65192 0.126843
140.203  0.647308 0.12891
141.605  0.642727 0.131012
143.021  0.638181 0.133152
144.451  0.633665 0.135328
145.895  0.629179 0.137542
147.354  0.624657 0.139795
148.828  0.620155 0.142087
150.316  0.615683 0.144419
151.819  0.611242 0.146792
153.338  0.60685 0.149206
154.871  0.602587 0.151663
156.42  0.598348 0.154162
157.984  0.594133 0.156706
159.564  0.589941 0.159294
161.159  0.585772 0.161927
162.771  0.581626 0.164606
164.399  0.577505 0.167333
166.043  0.573408 0.170107
167.703  0.569335 0.17293
169.38  0.565285 0.175803
171.074  0.561259 0.178726
172.785  0.557256 0.181701
174.512  0.553277 0.184728
176.258  0.549321 0.187808
178.02  0.54539 0.190942
179.8  0.541481 0.194132
181.598  0.537596 0.197378
183.414  0.533735 0.200681
185.248  0.529897 0.204042
187.101  0.526083 0.207462
188.972  0.522292 0.210943
190.862  0.518527 0.214485
192.77  0.514786 0.21809
194.698  0.511068 0.221759
196.645  0.507374 0.225492
198.611  0.503702 0.229291
200.598  0.500053 0.233157
202.604  0.496428 0.237092
204.63  0.492826 0.241096
206.676  0.489248 0.245171
208.743  0.485692 0.249319
210.83  0.482159 0.253539
212.938  0.478649 0.257834
215.068  0.475161 0.262205
217.218  0.471696 0.266653
219.391  0.468254 0.27118
221.584  0.464834 0.275787
223.8  0.461436 0.280476
226.038  0.45806 0.285247
228.299  0.454707 0.290103
230.582  0.451375 0.295045
232.888  0.448066 0.300075
235.216  0.444779 0.305194
237.569  0.441513 0.310405
239.944  0.438269 0.315708
242.344  0.435047 0.321107
244.767  0.431846 0.326602
247.215  0.428546 0.332195
249.687  0.425227 0.33789
252.184  0.421931 0.343686
254.706  0.418658 0.349587
257.253  0.415407 0.355595
259.825  0.412179 0.36171
262.423  0.408973 0.367937
265.048  0.405789 0.374277
267.698  0.402628 0.380731
270.375  0.399488 0.387303
273.079  0.396371 0.393994
275.81  0.393275 0.400807
278.568  0.390201 0.407745
281.354  0.387149 0.414809
284.167  0.384118 0.422003
287.009  0.381104 0.429328
289.879  0.378104 0.436788
292.778  0.375125 0.444383
295.705  0.372168 0.452118
298.662  0.369232 0.459994
301.649  0.366316 0.468015
304.666  0.363422 0.476182
307.712  0.360549 0.484499
310.789  0.357698 0.492968
313.897  0.354866 0.501593
317.036  0.352056 0.510375
320.207  0.349265 0.519318
323.409  0.346495 0.528424
326.643  0.343744 0.537696
329.909  0.341014 0.547136
333.208  0.338304 0.556748
336.54  0.335613 0.566535
339.906  0.332942 0.576498
343.305  0.330291 0.586641
346.738  0.327688 0.596967
350.205  0.325303 0.607479
353.707  0.322938 0.618179
357.244  0.320586 0.629071
360.817  0.318249 0.640158
364.425  0.315925 0.651443
368.069  0.313615 0.662928
371.75  0.311319 0.674618
375.467  0.309037 0.686516
379.222  0.306769 0.698624
383.014  0.304515 0.710946
386.844  0.302275 0.723486
390.713  0.300049 0.736246
394.62  0.297837 0.749231
398.566  0.295638 0.762443
402.552  0.293453 0.775888
406.577  0.291282 0.789568
410.643  0.289126 0.803489
414.75  0.286983 0.817655
418.897  0.284854 0.832072
423.086  0.282739 0.846743
427.317  0.280638 0.861674
431.59  0.278551 0.876869
435.906  0.276477 0.892334
440.265  0.274417 0.908074
444.668  0.272371 0.924095
449.114  0.270338 0.940401
453.605  0.268319 0.956997
458.142  0.266314 0.97389
462.723  0.264322 0.991083
467.35  0.262344 1.00858
472.024  0.260379 1.02639
476.744  0.258427 1.04452
481.511  0.256488 1.06297
486.326  0.254557 1.08175
491.19  0.252637 1.10087
496.102  0.25073 1.12032
501.063  0.248836 1.14012
506.073  0.246956 1.16028
511.134  0.245089 1.18079
516.245  0.243235 1.20166
521.408  0.241394 1.22291
526.622  0.239566 1.24454
531.888  0.237752 1.26655
537.207  0.23595 1.28895
542.579  0.234162 1.31176
548.005  0.232386 1.33497
553.485  0.230623 1.35859
559.02  0.228873 1.38264
564.61  0.227136 1.40712
570.256  0.225411 1.43203
575.959  0.223699 1.45739
581.718  0.222 1.4832
587.535  0.220313 1.50947
593.411  0.218639 1.53621
599.345  0.216977 1.56343
605.338  0.215327 1.59114
611.392  0.21369 1.61934
617.506  0.212065 1.64804
623.681  0.210452 1.67726
629.917  0.208852 1.70699
636.217  0.207263 1.73726
642.579  0.205686 1.76807
649.005  0.204121 1.79942
655.495  0.202568 1.83134
662.05  0.201026 1.86383
668.67  0.199496 1.89689
675.357  0.197978 1.93055
682.11  0.196471 1.96481
688.931  0.194975 1.99967
695.821  0.193486 2.03517
702.779  0.192009 2.07129
709.807  0.190542 2.10806
716.905  0.189087 2.14549
724.074  0.187643 2.18359
731.315  0.18621 2.22236
738.628  0.184788 2.26183
746.014  0.183376 2.302
753.474  0.181975 2.3429
761.009  0.180585 2.38452
768.619  0.179206 2.42688
776.305  0.177836 2.47
784.068  0.176478 2.51389
791.909  0.175129 2.55857
799.828  0.173791 2.60404
807.826  0.172464 2.65032
815.905  0.171146 2.69743
824.064  0.169839 2.74538
832.304  0.168543 2.79419
840.627  0.167256 2.84386
849.034  0.165979 2.89442
857.524  0.164712 2.94589
866.099  0.163456 2.99827
874.76  0.162209 3.05158
883.508  0.160972 3.10585
892.343  0.159744 3.16108
901.266  0.158527 3.21729
910.279  0.157319 3.27451
919.382  0.15612 3.33274
928.575  0.154931 3.39202
937.861  0.153752 3.45234
947.24  0.152582 3.51374
956.712  0.151421 3.57624
966.279  0.15027 3.63985
975.942  0.149128 3.70458
985.702  0.147996 3.77047
995.559  0.146872 3.83754
