0.001  7.13346e-06 0.280372
0.00101  7.16904e-06 0.281771
0.0010201  7.20479e-06 0.283176
0.0010303  7.24073e-06 0.284589
0.0010406  7.27684e-06 0.286008
0.00105101  7.31314e-06 0.287434
0.00106152  7.34961e-06 0.288868
0.00107214  7.38627e-06 0.290309
0.00108286  7.42311e-06 0.291757
0.00109369  7.46013e-06 0.293212
0.00110462  7.49734e-06 0.294674
0.00111567  7.53473e-06 0.296144
0.00112683  7.57231e-06 0.297621
0.00113809  7.61008e-06 0.299105
0.00114947  7.64803e-06 0.300597
0.00116097  7.68618e-06 0.302096
0.00117258  7.72451e-06 0.303603
0.0011843  7.76304e-06 0.305117
0.00119615  7.80176e-06 0.306639
0.00120811  7.84067e-06 0.308168
0.00122019  7.87978e-06 0.309705
0.00123239  7.91908e-06 0.31125
0.00124472  7.95858e-06 0.312802
0.00125716  7.99827e-06 0.314362
0.00126973  8.03816e-06 0.31593
0.00128243  8.07825e-06 0.317506
0.00129526  8.11854e-06 0.31909
0.00130821  8.15903e-06 0.320681
0.00132129  8.19973e-06 0.32228
0.0013345  8.24062e-06 0.323888
0.00134785  8.28173e-06 0.325503
0.00136133  8.32303e-06 0.327127
0.00137494  8.36454e-06 0.328758
0.00138869  8.40626e-06 0.330398
0.00140258  8.44819e-06 0.332046
0.0014166  8.49032e-06 0.333702
0.00143077  8.53267e-06 0.335366
0.00144508  8.57523e-06 0.337039
0.00145953  8.618e-06 0.33872
0.00147412  8.66098e-06 0.340409
0.00148886  8.70418e-06 0.342107
0.00150375  8.74759e-06 0.343813
0.00151879  8.79122e-06 0.345528
0.00153398  8.83507e-06 0.347251
0.00154932  8.87913e-06 0.348983
0.00156481  8.92342e-06 0.350724
0.00158046  8.96792e-06 0.352473
0.00159626  9.01265e-06 0.354231
0.00161223  9.0576e-06 0.355998
0.00162835  9.10278e-06 0.357773
0.00164463  9.14818e-06 0.359558
0.00166108  9.1938e-06 0.361351
0.00167769  9.23966e-06 0.363153
0.00169447  9.28574e-06 0.364964
0.00171141  9.33206e-06 0.366785
0.00172852  9.3786e-06 0.368614
0.00174581  9.42538e-06 0.370452
0.00176327  9.47239e-06 0.3723
0.0017809  9.51963e-06 0.374157
0.00179871  9.56711e-06 0.376023
0.0018167  9.61483e-06 0.377898
0.00183486  9.66278e-06 0.379783
0.00185321  9.71097e-06 0.381677
0.00187174  9.75941e-06 0.383581
0.00189046  9.80808e-06 0.385494
0.00190937  9.857e-06 0.387417
0.00192846  9.90616e-06 0.389349
0.00194774  9.95557e-06 0.391291
0.00196722  1.00052e-05 0.393242
0.00198689  1.00551e-05 0.395204
0.00200676  1.01053e-05 0.397175
0.00202683  1.01557e-05 0.399156
0.0020471  1.02063e-05 0.401147
0.00206757  1.02572e-05 0.403147
0.00208825  1.03084e-05 0.405158
0.00210913  1.03598e-05 0.407179
0.00213022  1.04115e-05 0.40921
0.00215152  1.04634e-05 0.411251
0.00217304  1.05156e-05 0.413302
0.00219477  1.0568e-05 0.415363
0.00221672  1.06207e-05 0.417435
0.00223888  1.06737e-05 0.419517
0.00226127  1.0727e-05 0.421609
0.00228388  1.07805e-05 0.423712
0.00230672  1.08342e-05 0.425825
0.00232979  1.08883e-05 0.427949
0.00235309  1.09426e-05 0.430083
0.00237662  1.09971e-05 0.432228
0.00240038  1.1052e-05 0.434384
0.00242439  1.11071e-05 0.436551
0.00244863  1.11625e-05 0.438728
0.00247312  1.12182e-05 0.440916
0.00249785  1.12741e-05 0.443115
0.00252283  1.13304e-05 0.445325
0.00254806  1.13869e-05 0.447546
0.00257354  1.14437e-05 0.449778
0.00259927  1.15007e-05 0.452022
0.00262527  1.15581e-05 0.454276
0.00265152  1.16158e-05 0.456542
0.00267803  1.16737e-05 0.458819
0.00270481  1.17319e-05 0.461107
0.00273186  1.17904e-05 0.463407
0.00275918  1.18492e-05 0.465718
0.00278677  1.19083e-05 0.468041
0.00281464  1.19677e-05 0.470375
0.00284279  1.20274e-05 0.472721
0.00287121  1.20874e-05 0.475079
0.00289993  1.21477e-05 0.477449
0.00292893  1.22083e-05 0.47983
0.00295822  1.22692e-05 0.482223
0.0029878  1.23304e-05 0.484628
0.00301768  1.23919e-05 0.487045
0.00304785  1.24537e-05 0.489474
0.00307833  1.25158e-05 0.491916
0.00310911  1.25782e-05 0.494369
0.0031402  1.26409e-05 0.496835
0.00317161  1.2704e-05 0.499313
0.00320332  1.27673e-05 0.501803
0.00323536  1.2831e-05 0.504306
0.00326771  1.2895e-05 0.506821
0.00330039  1.29593e-05 0.509349
0.00333339  1.3024e-05 0.511889
0.00336672  1.30889e-05 0.514442
0.00340039  1.31542e-05 0.517008
0.0034344  1.32198e-05 0.519587
0.00346874  1.32858e-05 0.522178
0.00350343  1.3352e-05 0.524782
0.00353846  1.34186e-05 0.5274
0.00357385  1.34855e-05 0.53003
0.00360958  1.35528e-05 0.532674
0.00364568  1.36204e-05 0.535331
0.00368214  1.36883e-05 0.538001
0.00371896  1.37566e-05 0.540684
0.00375615  1.38252e-05 0.543381
0.00379371  1.38942e-05 0.546091
0.00383165  1.39635e-05 0.548814
0.00386996  1.40331e-05 0.551551
0.00390866  1.41031e-05 0.554302
0.00394775  1.41734e-05 0.557067
0.00398723  1.42441e-05 0.559845
0.0040271  1.43152e-05 0.562637
0.00406737  1.43866e-05 0.565444
0.00410804  1.44583e-05 0.568264
0.00414912  1.45304e-05 0.571098
0.00419062  1.46029e-05 0.573947
0.00423252  1.46757e-05 0.576809
0.00427485  1.47489e-05 0.579686
0.0043176  1.48225e-05 0.582577
0.00436077  1.48964e-05 0.585483
0.00440438  1.49707e-05 0.588403
0.00444842  1.50454e-05 0.591337
0.00449291  1.51204e-05 0.594287
0.00453784  1.51958e-05 0.597251
0.00458321  1.52716e-05 0.60023
0.00462905  1.53478e-05 0.603223
0.00467534  1.54243e-05 0.606232
0.00472209  1.55013e-05 0.609256
0.00476931  1.55786e-05 0.612294
0.004817  1.56563e-05 0.615348
0.00486517  1.57344e-05 0.618417
0.00491383  1.58128e-05 0.621502
0.00496296  1.58917e-05 0.624601
0.00501259  1.5971e-05 0.627716
0.00506272  1.60506e-05 0.630847
0.00511335  1.61307e-05 0.633994
0.00516448  1.62111e-05 0.637156
0.00521613  1.6292e-05 0.640334
0.00526829  1.63733e-05 0.643527
0.00532097  1.64549e-05 0.646737
0.00537418  1.6537e-05 0.649963
0.00542792  1.66195e-05 0.653204
0.0054822  1.67024e-05 0.656462
0.00553702  1.67857e-05 0.659736
0.00559239  1.68694e-05 0.663027
0.00564832  1.69535e-05 0.666333
0.0057048  1.70381e-05 0.669657
0.00576185  1.7123e-05 0.672997
0.00581947  1.72085e-05 0.676353
0.00587766  1.72943e-05 0.679727
0.00593644  1.73805e-05 0.683117
0.0059958  1.74672e-05 0.686524
0.00605576  1.75543e-05 0.689948
0.00611632  1.76419e-05 0.693389
0.00617748  1.77299e-05 0.696847
0.00623926  1.78183e-05 0.700323
0.00630165  1.79072e-05 0.703816
0.00636466  1.79965e-05 0.707326
0.00642831  1.80863e-05 0.710854
0.00649259  1.81765e-05 0.714399
0.00655752  1.82671e-05 0.717963
0.0066231  1.83582e-05 0.721544
0.00668933  1.84498e-05 0.725142
0.00675622  1.85418e-05 0.728759
0.00682378  1.86343e-05 0.732394
0.00689202  1.87272e-05 0.736046
0.00696094  1.88206e-05 0.739717
0.00703055  1.89145e-05 0.743407
0.00710085  1.90088e-05 0.747114
0.00717186  1.91036e-05 0.750841
0.00724358  1.91989e-05 0.754586
0.00731602  1.92947e-05 0.758349
0.00738918  1.93909e-05 0.762132
0.00746307  1.94876e-05 0.765933
0.0075377  1.95848e-05 0.769753
0.00761308  1.96825e-05 0.773592
0.00768921  1.97807e-05 0.77745
0.0077661  1.98793e-05 0.781328
0.00784376  1.99785e-05 0.785225
0.0079222  2.00781e-05 0.789141
0.00800142  2.01783e-05 0.793077
0.00808144  2.02789e-05 0.797032
0.00816225  2.038e-05 0.801008
0.00824387  2.04817e-05 0.805003
0.00832631  2.05838e-05 0.809018
0.00840957  2.06865e-05 0.813053
0.00849367  2.07897e-05 0.817108
0.00857861  2.08934e-05 0.821183
0.00866439  2.09976e-05 0.825279
0.00875104  2.11023e-05 0.829395
0.00883855  2.12076e-05 0.833531
0.00892693  2.13133e-05 0.837689
0.0090162  2.14196e-05 0.841867
0.00910636  2.15265e-05 0.846066
0.00919743  2.16338e-05 0.850286
0.0092894  2.17417e-05 0.854526
0.0093823  2.18502e-05 0.858789
0.00947612  2.19591e-05 0.863072
0.00957088  2.20687e-05 0.867376
0.00966659  2.21787e-05 0.871702
0.00976325  2.22894e-05 0.87605
0.00986089  2.24005e-05 0.880419
0.0099595  2.25122e-05 0.88481
0.0100591  2.26245e-05 0.889223
0.0101597  2.27374e-05 0.893658
0.0102613  2.28508e-05 0.898116
0.0103639  2.29647e-05 0.902595
0.0104675  2.30793e-05 0.907097
0.0105722  2.31944e-05 0.911621
0.0106779  2.33101e-05 0.916168
0.0107847  2.34263e-05 0.920737
0.0108926  2.35432e-05 0.925329
0.0110015  2.36606e-05 0.929944
0.0111115  2.37786e-05 0.934582
0.0112226  2.38972e-05 0.939244
0.0113348  2.40164e-05 0.943928
0.0114482  2.41362e-05 0.948636
0.0115627  2.42566e-05 0.953368
0.0116783  2.43775e-05 0.958123
0.0117951  2.44991e-05 0.962901
0.011913  2.46213e-05 0.967704
0.0120322  2.47441e-05 0.97253
0.0121525  2.48675e-05 0.977381
0.012274  2.49916e-05 0.982255
0.0123967  2.51162e-05 0.987154
0.0125207  2.52415e-05 0.992078
0.0126459  2.53674e-05 0.997026
0.0127724  2.54939e-05 1.002
0.0129001  2.5621e-05 1.007
0.0130291  2.57488e-05 1.01202
0.0131594  2.58773e-05 1.01707
0.013291  2.60063e-05 1.02214
0.0134239  2.6136e-05 1.02724
0.0135581  2.62664e-05 1.03236
0.0136937  2.63974e-05 1.03751
0.0138307  2.6529e-05 1.04268
0.013969  2.66614e-05 1.04788
0.0141086  2.67943e-05 1.05311
0.0142497  2.6928e-05 1.05836
0.0143922  2.70623e-05 1.06364
0.0145362  2.71972e-05 1.06895
0.0146815  2.73329e-05 1.07428
0.0148283  2.74692e-05 1.07963
0.0149766  2.76062e-05 1.08502
0.0151264  2.77439e-05 1.09043
0.0152776  2.78823e-05 1.09587
0.0154304  2.80214e-05 1.10133
0.0155847  2.81611e-05 1.10683
0.0157406  2.83016e-05 1.11235
0.015898  2.84427e-05 1.1179
0.016057  2.85846e-05 1.12347
0.0162175  2.87272e-05 1.12908
0.0163797  2.88704e-05 1.13471
0.0165435  2.90144e-05 1.14037
0.0167089  2.91591e-05 1.14606
0.016876  2.93046e-05 1.15178
0.0170448  2.94507e-05 1.15752
0.0172152  2.95976e-05 1.1633
0.0173874  2.97452e-05 1.1691
0.0175613  2.98936e-05 1.17493
0.0177369  3.00427e-05 1.18079
0.0179142  3.01925e-05 1.18667
0.0180934  3.03431e-05 1.19259
0.0182743  3.04944e-05 1.19853
0.0184571  3.06465e-05 1.20451
0.0186416  3.07994e-05 1.21051
0.018828  3.0953e-05 1.21655
0.0190163  3.11074e-05 1.22261
0.0192065  3.12625e-05 1.22871
0.0193986  3.14185e-05 1.23483
0.0195925  3.15752e-05 1.24099
0.0197885  3.17326e-05 1.24718
0.0199864  3.18909e-05 1.2534
0.0201862  3.20443e-05 1.25966
0.0203881  3.21813e-05 1.26595
0.020592  3.23188e-05 1.27227
0.0207979  3.24568e-05 1.27863
0.0210059  3.25952e-05 1.28502
0.0212159  3.2734e-05 1.29145
0.0214281  3.28732e-05 1.29791
0.0216424  3.30129e-05 1.30441
0.0218588  3.31529e-05 1.31095
0.0220774  3.32935e-05 1.31753
0.0222981  3.34344e-05 1.32414
0.0225211  3.35757e-05 1.33079
0.0227463  3.37175e-05 1.33748
0.0229738  3.38597e-05 1.34422
0.0232035  3.40023e-05 1.35099
0.0234356  3.41453e-05 1.3578
0.0236699  3.42887e-05 1.36465
0.0239066  3.44325e-05 1.37154
0.0241457  3.45767e-05 1.37847
0.0243871  3.47214e-05 1.38544
0.024631  3.48664e-05 1.39245
0.0248773  3.50118e-05 1.3995
0.0251261  3.51575e-05 1.40659
0.0253774  3.53037e-05 1.41372
0.0256311  3.54502e-05 1.4209
0.0258874  3.55972e-05 1.42812
0.0261463  3.57445e-05 1.43537
0.0264078  3.58921e-05 1.44267
0.0266719  3.60402e-05 1.45001
0.0269386  3.61885e-05 1.4574
0.027208  3.63373e-05 1.46483
0.02748  3.64864e-05 1.4723
0.0277548  3.66358e-05 1.47981
0.0280324  3.67856e-05 1.48737
0.0283127  3.69357e-05 1.49498
0.0285958  3.70862e-05 1.50263
0.0288818  3.7237e-05 1.51032
0.0291706  3.73881e-05 1.51806
0.0294623  3.75395e-05 1.52585
0.029757  3.76912e-05 1.53368
0.0300545  3.78433e-05 1.54156
0.0303551  3.79956e-05 1.54949
0.0306586  3.81482e-05 1.55746
0.0309652  3.83012e-05 1.56548
0.0312749  3.84544e-05 1.57355
0.0315876  3.86078e-05 1.58167
0.0319035  3.87616e-05 1.58983
0.0322225  3.89156e-05 1.59805
0.0325447  3.90699e-05 1.60631
0.0328702  3.92244e-05 1.61462
0.0331989  3.93791e-05 1.62299
0.0335309  3.95341e-05 1.6314
0.0338662  3.96894e-05 1.63987
0.0342049  3.98448e-05 1.64838
0.0345469  4.00004e-05 1.65695
0.0348924  4.01563e-05 1.66557
0.0352413  4.03123e-05 1.67424
0.0355937  4.04686e-05 1.68297
0.0359496  4.0625e-05 1.69174
0.0363091  4.07816e-05 1.70058
0.0366722  4.09383e-05 1.70946
0.037039  4.10952e-05 1.7184
0.0374093  4.12523e-05 1.7274
0.0377834  4.14094e-05 1.73645
0.0381613  4.15667e-05 1.74556
0.0385429  4.17241e-05 1.75472
0.0389283  4.18817e-05 1.76394
0.0393176  4.20393e-05 1.77322
0.0397108  4.2197e-05 1.78255
0.0401079  4.23547e-05 1.79195
0.040509  4.25126e-05 1.8014
0.040914  4.26704e-05 1.81091
0.0413232  4.28284e-05 1.82048
0.0417364  4.29863e-05 1.83011
0.0421538  4.31443e-05 1.8398
0.0425753  4.33023e-05 1.84956
0.0430011  4.34602e-05 1.85937
0.0434311  4.36182e-05 1.86925
0.0438654  4.37761e-05 1.87919
0.044304  4.3934e-05 1.88919
0.0447471  4.40918e-05 1.89925
0.0451946  4.42496e-05 1.90938
0.0456465  4.44073e-05 1.91958
0.046103  4.45648e-05 1.92984
0.046564  4.47223e-05 1.94017
0.0470296  4.48797e-05 1.95056
0.0474999  4.50369e-05 1.96102
0.0479749  4.51939e-05 1.97155
0.0484547  4.53508e-05 1.98215
0.0489392  4.55075e-05 1.99281
0.0494286  4.56641e-05 2.00355
0.0499229  4.58204e-05 2.01435
0.0504221  4.59765e-05 2.02523
0.0509264  4.61323e-05 2.03618
0.0514356  4.62879e-05 2.0472
0.05195  4.64432e-05 2.05829
0.0524695  4.65982e-05 2.06946
0.0529942  4.67529e-05 2.0807
0.0535241  4.69073e-05 2.09202
0.0540594  4.70614e-05 2.10341
0.0546  4.72151e-05 2.11488
0.055146  4.73684e-05 2.12642
0.0556974  4.75214e-05 2.13805
0.0562544  4.76739e-05 2.14975
0.0568169  4.7826e-05 2.16153
0.0573851  4.79777e-05 2.17339
0.0579589  4.81289e-05 2.18533
0.0585385  4.82796e-05 2.19735
0.0591239  4.84298e-05 2.20946
0.0597152  4.85795e-05 2.22165
0.0603123  4.87286e-05 2.23392
0.0609154  4.88772e-05 2.24628
0.0615246  4.90252e-05 2.25872
0.0621398  4.91727e-05 2.27126
0.0627612  4.93195e-05 2.28387
0.0633888  4.94657e-05 2.29658
0.0640227  4.96112e-05 2.30938
0.064663  4.9756e-05 2.32227
0.0653096  4.99001e-05 2.33524
0.0659627  5.00436e-05 2.34832
0.0666223  5.01863e-05 2.36148
0.0672885  5.03282e-05 2.37474
0.0679614  5.04693e-05 2.38809
0.068641  5.06097e-05 2.40154
0.0693275  5.07492e-05 2.41508
0.0700207  5.08878e-05 2.42872
0.0707209  5.10256e-05 2.44246
0.0714281  5.11626e-05 2.4563
0.0721424  5.12986e-05 2.47024
0.0728638  5.14336e-05 2.48428
0.0735925  5.15678e-05 2.49842
0.0743284  5.17009e-05 2.51267
0.0750717  5.1833e-05 2.52702
0.0758224  5.19642e-05 2.54148
0.0765806  5.20942e-05 2.55605
0.0773464  5.22233e-05 2.57073
0.0781199  5.23512e-05 2.58552
0.0789011  5.2478e-05 2.60043
0.0796901  5.26037e-05 2.61545
0.080487  5.27282e-05 2.63059
0.0812919  5.28302e-05 2.64584
0.0821048  5.29289e-05 2.66122
0.0829259  5.3026e-05 2.67672
0.0837551  5.31214e-05 2.69234
0.0845927  5.3215e-05 2.70809
0.0854386  5.33068e-05 2.72397
0.086293  5.33968e-05 2.73998
0.0871559  5.3485e-05 2.75612
0.0880275  5.35713e-05 2.7724
0.0889077  5.36558e-05 2.78881
0.0897968  5.37382e-05 2.80537
0.0906948  5.38188e-05 2.82206
0.0916017  5.38973e-05 2.8389
0.0925178  5.39738e-05 2.85589
0.0934429  5.40483e-05 2.87302
0.0943774  5.41207e-05 2.89029
0.0953211  5.4191e-05 2.90772
0.0962743  5.42592e-05 2.9253
0.0972371  5.43251e-05 2.94304
0.0982095  5.43889e-05 2.96093
0.0991916  5.44505e-05 2.97898
0.100183  5.45098e-05 2.99719
0.101185  5.45668e-05 3.01556
0.102197  5.46215e-05 3.03409
0.103219  5.46739e-05 3.05279
0.104251  5.47239e-05 3.07166
0.105294  5.47715e-05 3.09071
0.106347  5.48167e-05 3.10992
0.10741  5.48594e-05 3.12931
0.108484  5.48997e-05 3.14888
0.109569  5.49374e-05 3.16864
0.110665  5.49727e-05 3.18857
0.111772  5.50053e-05 3.2087
0.112889  5.50354e-05 3.22901
0.114018  5.50629e-05 3.24952
0.115158  5.50878e-05 3.27022
0.11631  5.511e-05 3.29112
0.117473  5.51295e-05 3.31222
0.118648  5.51463e-05 3.33353
0.119834  5.51604e-05 3.35504
0.121033  5.51718e-05 3.37676
0.122243  5.51803e-05 3.3987
0.123465  5.51861e-05 3.42085
0.1247  5.51891e-05 3.44322
0.125947  5.51893e-05 3.46582
0.127206  5.51866e-05 3.48864
0.128478  5.51811e-05 3.51169
0.129763  5.51727e-05 3.53498
0.131061  5.51614e-05 3.5585
0.132372  5.51471e-05 3.58226
0.133695  5.513e-05 3.60627
0.135032  5.51099e-05 3.63052
0.136383  5.50868e-05 3.65503
0.137746  5.50608e-05 3.67979
0.139124  5.50318e-05 3.70482
0.140515  5.49997e-05 3.7301
0.14192  5.49647e-05 3.75566
0.143339  5.49267e-05 3.78149
0.144773  5.48856e-05 3.80759
0.146221  5.48415e-05 3.83398
0.147683  5.47944e-05 3.86066
0.14916  5.47442e-05 3.88762
0.150651  5.46909e-05 3.91488
0.152158  5.46346e-05 3.94244
0.153679  5.45753e-05 3.97031
0.155216  5.45129e-05 3.99848
0.156768  5.44474e-05 4.02697
0.158336  5.43788e-05 4.05578
0.159919  5.43072e-05 4.08492
0.161518  5.42325e-05 4.11438
0.163134  5.41547e-05 4.14419
0.164765  5.40739e-05 4.17434
0.166413  5.399e-05 4.20483
0.168077  5.39031e-05 4.23568
0.169757  5.38131e-05 4.26688
0.171455  5.37201e-05 4.29846
0.17317  5.36241e-05 4.3304
0.174901  5.3525e-05 4.36272
0.17665  5.34229e-05 4.39543
0.178417  5.33178e-05 4.42853
0.180201  5.32098e-05 4.46203
0.182003  5.30988e-05 4.49593
0.183823  5.29848e-05 4.53024
0.185661  5.28678e-05 4.56497
0.187518  5.2748e-05 4.60013
0.189393  5.26252e-05 4.63572
0.191287  5.24995e-05 4.67175
0.1932  5.2371e-05 4.70824
0.195132  5.22396e-05 4.74517
0.197083  5.21054e-05 4.78257
0.199054  5.19684e-05 4.82045
0.201045  5.18286e-05 4.8588
0.203055  5.1686e-05 4.89764
0.205086  5.15407e-05 4.93699
0.207136  5.13927e-05 4.97683
0.209208  5.12421e-05 5.0172
0.2113  5.10887e-05 5.05809
0.213413  5.09328e-05 5.09951
0.215547  5.07743e-05 5.14148
0.217702  5.06132e-05 5.18399
0.219879  5.04496e-05 5.22708
0.222078  5.02835e-05 5.27073
0.224299  5.01149e-05 5.31497
0.226542  4.99439e-05 5.3598
0.228807  4.97705e-05 5.40524
0.231095  4.95948e-05 5.4513
0.233406  4.94168e-05 5.49798
0.235741  4.92365e-05 5.5453
0.238098  4.90539e-05 5.59326
0.240479  4.88692e-05 5.64189
0.242884  4.86823e-05 5.6912
0.245313  4.84933e-05 5.74118
0.247766  4.83022e-05 5.79187
0.250243  4.8109e-05 5.84327
0.252746  4.79139e-05 5.89539
0.255273  4.77169e-05 5.94825
0.257826  4.75179e-05 6.00186
0.260404  4.73171e-05 6.05623
0.263008  4.71145e-05 6.11139
0.265638  4.69101e-05 6.16733
0.268295  4.67039e-05 6.22408
0.270978  4.64961e-05 6.28166
0.273687  4.62867e-05 6.34007
0.276424  4.60757e-05 6.39933
0.279189  4.58632e-05 6.45946
0.28198  4.56491e-05 6.52048
0.2848  4.54337e-05 6.5824
0.287648  4.52168e-05 6.64523
0.290525  4.49986e-05 6.709
0.29343  4.47791e-05 6.77372
0.296364  4.45584e-05 6.83941
0.299328  4.43365e-05 6.90609
0.302321  4.41134e-05 6.97377
0.305344  4.38892e-05 7.04248
0.308398  4.3664e-05 7.11223
0.311482  4.34378e-05 7.18304
0.314597  4.32106e-05 7.25494
0.317743  4.29825e-05 7.32794
0.32092  4.27536e-05 7.40206
0.324129  4.25238e-05 7.47733
0.32737  4.22933e-05 7.55376
0.330644  4.20621e-05 7.63137
0.333951  4.18303e-05 7.7102
0.33729  4.15978e-05 7.79026
0.340663  4.13648e-05 7.87157
0.34407  4.11312e-05 7.95416
0.34751  4.08972e-05 8.03805
0.350985  4.06628e-05 8.12326
0.354495  4.0428e-05 8.20983
0.35804  4.01928e-05 8.29777
0.361621  3.99574e-05 8.38712
0.365237  3.97217e-05 8.47789
0.368889  3.94859e-05 8.57011
0.372578  3.92499e-05 8.66381
0.376304  3.90137e-05 8.75903
0.380067  3.87776e-05 8.85577
0.383868  3.85414e-05 8.95409
0.387706  3.83052e-05 9.05399
0.391583  3.80691e-05 9.15552
0.395499  3.78331e-05 9.2587
0.399454  3.75972e-05 9.36357
0.403449  3.73615e-05 9.47015
0.407483  3.71261e-05 9.57847
0.411558  3.68909e-05 9.68858
0.415674  3.6656e-05 9.8005
0.41983  3.64215e-05 9.91426
0.424029  3.61873e-05 10.0299
0.428269  3.59535e-05 10.1475
0.432552  3.57202e-05 10.267
0.436877  3.54874e-05 10.3885
0.441246  3.5255e-05 10.512
0.445658  3.50233e-05 10.6375
0.450115  3.47921e-05 10.7652
0.454616  3.45615e-05 10.895
0.459162  3.43315e-05 11.027
0.463754  3.41022e-05 11.1612
0.468391  3.38737e-05 11.2976
0.473075  3.36458e-05 11.4364
0.477806  3.34187e-05 11.5775
0.482584  3.31924e-05 11.7209
0.48741  3.29669e-05 11.8668
0.492284  3.27422e-05 12.0152
0.497207  3.25183e-05 12.166
0.502179  3.22954e-05 12.3195
0.507201  3.20733e-05 12.4755
0.512273  3.18522e-05 12.6342
0.517396  3.1632e-05 12.7956
0.52257  3.14128e-05 12.9597
0.527795  3.11946e-05 13.1267
0.533073  3.09773e-05 13.2964
0.538404  3.07611e-05 13.4691
0.543788  3.05459e-05 13.6448
0.549226  3.03318e-05 13.8234
0.554718  3.01187e-05 14.0051
0.560265  2.99068e-05 14.19
0.565868  2.96959e-05 14.378
0.571527  2.94861e-05 14.5692
0.577242  2.92775e-05 14.7637
0.583014  2.907e-05 14.9616
0.588844  2.88637e-05 15.1629
0.594733  2.86585e-05 15.3676
0.60068  2.84545e-05 15.5759
0.606687  2.82516e-05 15.7877
0.612754  2.80499e-05 16.0033
0.618881  2.78495e-05 16.2225
0.62507  2.76502e-05 16.4455
0.631321  2.74522e-05 16.6724
0.637634  2.72553e-05 16.9032
0.644011  2.70597e-05 17.138
0.650451  2.68653e-05 17.3768
0.656955  2.66722e-05 17.6198
0.663525  2.64802e-05 17.867
0.67016  2.62895e-05 18.1185
0.676862  2.61001e-05 18.3744
0.68363  2.59119e-05 18.6346
0.690466  2.57249e-05 18.8994
0.697371  2.55392e-05 19.1688
0.704345  2.53547e-05 19.4429
0.711388  2.51715e-05 19.7217
0.718502  2.49895e-05 20.0053
0.725687  2.48088e-05 20.2939
0.732944  2.46293e-05 20.5875
0.740273  2.4451e-05 20.8861
0.747676  2.4274e-05 21.19
0.755153  2.40982e-05 21.4991
0.762705  2.39237e-05 21.8137
0.770332  2.37504e-05 22.1336
0.778035  2.35783e-05 22.4592
0.785815  2.34075e-05 22.7903
0.793673  2.32379e-05 23.1273
0.80161  2.30695e-05 23.4701
0.809626  2.29023e-05 23.8188
0.817722  2.27363e-05 24.1736
0.8259  2.25715e-05 24.5346
0.834159  2.2408e-05 24.9018
0.8425  2.22456e-05 25.2754
0.850925  2.20844e-05 25.6556
0.859435  2.19244e-05 26.0423
0.868029  2.17656e-05 26.4357
0.876709  2.16079e-05 26.836
0.885476  2.14514e-05 27.2432
0.894331  2.12961e-05 27.6575
0.903274  2.11419e-05 28.079
0.912307  2.09888e-05 28.5078
0.92143  2.08369e-05 28.944
0.930644  2.06862e-05 29.3878
0.939951  2.05365e-05 29.8394
0.94935  2.0388e-05 30.2987
0.958844  2.02405e-05 30.7661
0.968432  2.00942e-05 31.2415
0.978117  1.9949e-05 31.7252
0.987898  1.98048e-05 32.2173
0.997777  1.96617e-05 32.718
1.00775  1.95197e-05 33.2273
1.01783  1.93787e-05 33.7454
1.02801  1.92388e-05 34.2726
1.03829  1.91e-05 34.8089
1.04867  1.89621e-05 35.3545
1.05916  1.88253e-05 35.9095
1.06975  1.86896e-05 36.4742
1.08045  1.85548e-05 37.0486
1.09125  1.8421e-05 37.6331
1.10217  1.82882e-05 38.2276
1.11319  1.81565e-05 38.8325
1.12432  1.80256e-05 39.4478
1.13556  1.78958e-05 40.0738
1.14692  1.77669e-05 40.7106
1.15839  1.7639e-05 41.3585
1.16997  1.7512e-05 42.0176
1.18167  1.7386e-05 42.6881
1.19349  1.72609e-05 43.3703
1.20542  1.71367e-05 44.0642
1.21748  1.70134e-05 44.7702
1.22965  1.6891e-05 45.4884
1.24195  1.67695e-05 46.219
1.25437  1.66489e-05 46.9623
1.26691  1.65292e-05 47.7185
1.27958  1.64104e-05 48.4877
1.29238  1.62924e-05 49.2703
1.3053  1.61753e-05 50.0664
1.31835  1.6059e-05 50.8763
1.33154  1.59436e-05 51.7002
1.34485  1.5829e-05 52.5384
1.3583  1.57152e-05 53.3911
1.37188  1.56023e-05 54.2585
1.3856  1.54902e-05 55.141
1.39946  1.53789e-05 56.0388
1.41345  1.52683e-05 56.952
1.42759  1.51586e-05 57.8811
1.44186  1.50497e-05 58.8263
1.45628  1.49415e-05 59.7879
1.47085  1.48341e-05 60.766
1.48555  1.47275e-05 61.7612
1.50041  1.46216e-05 62.7735
1.51541  1.45165e-05 63.8034
1.53057  1.44121e-05 64.8511
1.54587  1.43084e-05 65.917
1.56133  1.42055e-05 67.0013
1.57695  1.41033e-05 68.1044
1.59271  1.40019e-05 69.2266
1.60864  1.39011e-05 70.3682
1.62473  1.38011e-05 71.5296
1.64098  1.37017e-05 72.7111
1.65739  1.3603e-05 73.9131
1.67396  1.35051e-05 75.1359
1.6907  1.34078e-05 76.3799
1.70761  1.33112e-05 77.6455
1.72468  1.32152e-05 78.933
1.74193  1.312e-05 80.2428
1.75935  1.30254e-05 81.5753
1.77694  1.29314e-05 82.931
1.79471  1.28381e-05 84.3101
1.81266  1.27454e-05 85.7131
1.83078  1.26534e-05 87.1405
1.84909  1.2562e-05 88.5927
1.86758  1.24712e-05 90.07
1.88626  1.23811e-05 91.573
1.90512  1.22916e-05 93.102
1.92417  1.22027e-05 94.6576
1.94341  1.21143e-05 96.2402
1.96285  1.20266e-05 97.8503
1.98248  1.19395e-05 99.4884
2.0023  1.1853e-05 101.155
2.02232  1.17671e-05 102.85
2.04255  1.16818e-05 104.575
2.06297  1.1597e-05 106.33
2.0836  1.15129e-05 108.115
2.10444  1.14293e-05 109.932
2.12548  1.13462e-05 111.78
2.14674  1.12638e-05 113.66
2.16821  1.11818e-05 115.573
2.18989  1.11005e-05 117.519
2.21179  1.10197e-05 119.499
2.2339  1.09394e-05 121.514
2.25624  1.08597e-05 123.563
2.27881  1.07805e-05 125.648
2.30159  1.07019e-05 127.77
2.32461  1.06238e-05 129.929
2.34786  1.05462e-05 132.125
2.37134  1.04691e-05 134.359
2.39505  1.03926e-05 136.633
2.419  1.03165e-05 138.946
2.44319  1.0241e-05 141.299
2.46762  1.0166e-05 143.694
2.4923  1.00915e-05 146.13
2.51722  1.00175e-05 148.609
2.54239  9.94404e-06 151.131
2.56782  9.87104e-06 153.697
2.59349  9.79853e-06 156.308
2.61943  9.7265e-06 158.965
2.64562  9.65497e-06 161.668
2.67208  9.58391e-06 164.418
2.6988  9.51333e-06 167.217
2.72579  9.44323e-06 170.064
2.75305  9.3736e-06 172.961
2.78058  9.30445e-06 175.909
2.80838  9.23575e-06 178.909
2.83647  9.16752e-06 181.961
2.86483  9.09975e-06 185.066
2.89348  9.03244e-06 188.226
2.92241  8.96558e-06 191.441
2.95164  8.89917e-06 194.713
2.98115  8.83321e-06 198.042
3.01097  8.7677e-06 201.43
3.04108  8.70263e-06 204.877
3.07149  8.638e-06 208.384
3.1022  8.5738e-06 211.953
3.13322  8.51004e-06 215.585
3.16456  8.44671e-06 219.281
3.1962  8.38381e-06 223.042
3.22816  8.32134e-06 226.869
3.26045  8.25929e-06 230.763
3.29305  8.19766e-06 234.726
3.32598  8.13645e-06 238.759
3.35924  8.07565e-06 242.862
3.39283  8.01527e-06 247.038
3.42676  7.9553e-06 251.287
3.46103  7.89573e-06 255.611
3.49564  7.83657e-06 260.011
3.53059  7.77782e-06 264.488
3.5659  7.71946e-06 269.044
3.60156  7.6615e-06 273.679
3.63758  7.60394e-06 278.397
3.67395  7.54677e-06 283.197
3.71069  7.48999e-06 288.082
3.7478  7.4336e-06 293.054
3.78528  7.3776e-06 298.113
3.82313  7.32197e-06 303.262
3.86136  7.26673e-06 308.503
3.89997  7.21187e-06 313.837
3.93897  7.15739e-06 319.265
3.97836  7.10328e-06 324.79
4.01815  7.04954e-06 330.414
4.05833  6.99617e-06 336.139
4.09891  6.94317e-06 341.966
4.1399  6.89054e-06 347.897
4.1813  6.83827e-06 353.935
4.22311  6.78636e-06 360.081
4.26534  6.7348e-06 366.339
4.308  6.68361e-06 372.709
4.35108  6.63277e-06 379.194
4.39459  6.58228e-06 385.797
4.43853  6.53214e-06 392.52
4.48292  6.48235e-06 399.365
4.52775  6.43291e-06 406.334
4.57303  6.38381e-06 413.43
4.61876  6.33505e-06 420.655
4.66494  6.28663e-06 428.012
4.71159  6.23855e-06 435.502
4.75871  6.19081e-06 443.128
4.8063  6.1434e-06 450.892
4.85436  6.09632e-06 458.797
4.9029  6.04957e-06 466.845
4.95193  6.00314e-06 475.039
5.00145  5.95705e-06 483.382
5.05146  5.91128e-06 491.875
5.10198  5.86582e-06 500.522
5.153  5.82069e-06 509.325
5.20453  5.77588e-06 518.288
5.25657  5.73138e-06 527.413
5.30914  5.6872e-06 536.704
5.36223  5.64333e-06 546.163
5.41585  5.59977e-06 555.794
5.47001  5.55651e-06 565.6
5.52471  5.51357e-06 575.584
5.57996  5.47093e-06 585.749
5.63576  5.42859e-06 596.099
5.69212  5.38655e-06 606.638
5.74904  5.34481e-06 617.368
5.80653  5.30337e-06 628.293
5.86459  5.26222e-06 639.417
5.92324  5.22137e-06 650.743
5.98247  5.18081e-06 662.275
6.0423  5.14053e-06 674.017
6.10272  5.10055e-06 685.973
6.16375  5.06085e-06 698.146
6.22538  5.02144e-06 710.541
6.28764  4.98231e-06 723.161
6.35051  4.94346e-06 736.01
6.41402  4.90489e-06 749.093
6.47816  4.8666e-06 762.415
6.54294  4.82859e-06 775.979
6.60837  4.79085e-06 789.789
6.67445  4.75338e-06 803.851
6.7412  4.71618e-06 818.17
6.80861  4.67925e-06 832.748
6.8767  4.64259e-06 847.593
6.94546  4.60619e-06 862.708
7.01492  4.57006e-06 878.098
7.08507  4.53419e-06 893.769
7.15592  4.49858e-06 909.725
7.22748  4.46323e-06 925.972
7.29975  4.42813e-06 942.515
7.37275  4.3933e-06 959.36
7.44648  4.35871e-06 976.512
7.52094  4.32438e-06 993.977
7.59615  4.2903e-06 1011.76
7.67211  4.25647e-06 1029.87
7.74883  4.22289e-06 1048.31
7.82632  4.18955e-06 1067.08
7.90459  4.15646e-06 1086.2
7.98363  4.12361e-06 1105.66
8.06347  4.0896e-06 1125.48
8.1441  4.05571e-06 1145.67
8.22554  4.02207e-06 1166.22
8.3078  3.98869e-06 1187.14
8.39088  3.95559e-06 1208.45
8.47479  3.92276e-06 1230.15
8.55953  3.89021e-06 1252.24
8.64513  3.85792e-06 1274.74
8.73158  3.8259e-06 1297.65
8.8189  3.79415e-06 1320.98
8.90709  3.76266e-06 1344.73
8.99616  3.73143e-06 1368.92
9.08612  3.70046e-06 1393.55
9.17698  3.66975e-06 1418.63
9.26875  3.63929e-06 1444.17
9.36144  3.60908e-06 1470.18
9.45505  3.57912e-06 1496.66
9.5496  3.54941e-06 1523.62
9.6451  3.51995e-06 1551.08
9.74155  3.49073e-06 1579.05
9.83896  3.46175e-06 1607.52
9.93735  3.43302e-06 1636.51
10.0367  3.40452e-06 1666.04
10.1371  3.37625e-06 1696.1
10.2385  3.34822e-06 1726.72
10.3409  3.32043e-06 1757.89
10.4443  3.29286e-06 1789.64
10.5487  3.26552e-06 1821.97
10.6542  3.23841e-06 1854.89
10.7607  3.21152e-06 1888.41
10.8683  3.18485e-06 1922.55
10.977  3.15841e-06 1957.31
11.0868  3.13219e-06 1992.7
11.1977  3.10618e-06 2028.75
11.3096  3.08039e-06 2065.46
11.4227  3.05482e-06 2102.84
11.537  3.02944e-06 2140.9
11.6523  3.00426e-06 2179.66
11.7689  2.9793e-06 2219.13
11.8865  2.95454e-06 2259.33
12.0054  2.92998e-06 2300.26
12.1255  2.90563e-06 2341.94
12.2467  2.88148e-06 2384.39
12.3692  2.85753e-06 2427.62
12.4929  2.83378e-06 2471.63
12.6178  2.81022e-06 2516.46
12.744  2.78686e-06 2562.11
12.8714  2.7637e-06 2608.59
13.0001  2.74072e-06 2655.93
13.1301  2.71794e-06 2704.13
13.2614  2.69535e-06 2753.22
13.3941  2.67294e-06 2803.22
13.528  2.65072e-06 2854.12
13.6633  2.62868e-06 2905.97
13.7999  2.60683e-06 2958.76
13.9379  2.58515e-06 3012.53
14.0773  2.56366e-06 3067.28
14.2181  2.54235e-06 3123.03
14.3602  2.52121e-06 3179.81
14.5038  2.50024e-06 3237.63
14.6489  2.47946e-06 3296.51
14.7954  2.45884e-06 3356.48
14.9433  2.43839e-06 3417.54
15.0928  2.41812e-06 3479.73
15.2437  2.39801e-06 3543.05
15.3961  2.37807e-06 3607.55
15.5501  2.3583e-06 3673.22
15.7056  2.33869e-06 3740.1
15.8626  2.31924e-06 3808.21
16.0213  2.29995e-06 3877.58
16.1815  2.28083e-06 3948.21
16.3433  2.26186e-06 4020.15
16.5067  2.24305e-06 4093.4
16.6718  2.22439e-06 4168
16.8385  2.20588e-06 4243.98
17.0069  2.18753e-06 4321.35
17.177  2.16933e-06 4400.14
17.3487  2.15128e-06 4480.38
17.5222  2.13338e-06 4562.09
17.6974  2.11563e-06 4645.31
17.8744  2.09803e-06 4730.06
18.0532  2.08057e-06 4816.36
18.2337  2.06326e-06 4904.25
18.416  2.04609e-06 4993.76
18.6002  2.02907e-06 5084.91
18.7862  2.01218e-06 5177.74
18.9741  1.99544e-06 5272.28
19.1638  1.97883e-06 5368.56
19.3554  1.96237e-06 5466.6
19.549  1.94604e-06 5566.45
19.7445  1.92984e-06 5668.14
19.9419  1.91378e-06 5771.7
20.1413  1.89786e-06 5877.16
20.3427  1.88206e-06 5984.57
20.5462  1.8664e-06 6093.94
20.7516  1.85087e-06 6205.33
20.9592  1.83547e-06 6318.78
21.1687  1.82019e-06 6434.3
21.3804  1.80505e-06 6551.96
21.5942  1.79003e-06 6671.78
21.8102  1.77513e-06 6793.8
22.0283  1.76036e-06 6918.07
22.2486  1.74571e-06 7044.63
22.4711  1.73118e-06 7173.51
22.6958  1.71678e-06 7304.77
22.9227  1.70249e-06 7438.44
23.1519  1.68832e-06 7574.58
23.3835  1.67428e-06 7713.22
23.6173  1.66035e-06 7854.41
23.8535  1.64653e-06 7998.2
24.092  1.63283e-06 8144.64
24.3329  1.61925e-06 8293.77
24.5763  1.60577e-06 8445.65
24.822  1.59242e-06 8600.32
25.0702  1.57917e-06 8757.85
25.3209  1.56603e-06 8918.27
25.5742  1.553e-06 9081.64
25.8299  1.54009e-06 9248.02
26.0882  1.52728e-06 9417.47
26.3491  1.51457e-06 9590.03
26.6126  1.50197e-06 9765.78
26.8787  1.48948e-06 9944.76
27.1475  1.4771e-06 10127
27.419  1.46481e-06 10312.7
27.6931  1.45263e-06 10501.7
27.9701  1.44055e-06 10694.2
28.2498  1.42857e-06 10890.3
28.5323  1.4167e-06 11090
28.8176  1.40492e-06 11293.3
29.1058  1.39324e-06 11500.4
29.3968  1.38166e-06 11711.4
29.6908  1.37017e-06 11926.2
29.9877  1.35879e-06 12144.9
30.2876  1.34749e-06 12367.7
30.5905  1.33629e-06 12594.6
30.8964  1.32519e-06 12825.6
31.2053  1.31418e-06 13061
31.5174  1.30326e-06 13300.6
31.8326  1.29243e-06 13544.7
32.1509  1.2817e-06 13793.2
32.4724  1.27105e-06 14046.4
32.7971  1.26049e-06 14304.1
33.1251  1.25003e-06 14566.7
33.4563  1.23965e-06 14834
33.7909  1.22935e-06 15106.3
34.1288  1.21915e-06 15383.6
34.4701  1.20903e-06 15666.1
34.8148  1.19899e-06 15953.7
35.1629  1.18904e-06 16246.6
35.5146  1.17917e-06 16544.9
35.8697  1.16939e-06 16848.6
36.2284  1.15969e-06 17158
36.5907  1.15007e-06 17473.1
36.9566  1.14053e-06 17793.9
37.3262  1.13107e-06 18120.7
37.6994  1.12169e-06 18453.5
38.0764  1.11239e-06 18792.4
38.4572  1.10317e-06 19137.6
38.8418  1.09402e-06 19489
39.2302  1.08496e-06 19847
39.6225  1.07597e-06 20211.6
40.0187  1.06705e-06 20582.8
40.4189  1.05821e-06 20960.9
40.8231  1.04945e-06 21346
41.2313  1.04076e-06 21738.1
41.6436  1.03214e-06 22137.4
42.0601  1.02359e-06 22544.1
42.4807  1.01512e-06 22958.3
42.9055  1.00672e-06 23380.1
43.3345  9.98391e-07 23809.6
43.7679  9.90131e-07 24247
44.2056  9.81941e-07 24692.5
44.6476  9.73821e-07 25146.2
45.0941  9.65769e-07 25608.2
45.545  9.57785e-07 26078.7
46.0005  9.49869e-07 26557.9
46.4605  9.4202e-07 27045.8
46.9251  9.34237e-07 27542.8
47.3943  9.26521e-07 28048.8
47.8683  9.18869e-07 28564.2
48.347  9.11283e-07 29089
48.8304  9.0376e-07 29623.5
49.3187  8.96302e-07 30167.8
49.8119  8.88907e-07 30722.1
50.31  8.81574e-07 31286.6
50.8131  8.74304e-07 31861.5
51.3213  8.67095e-07 32446.9
51.8345  8.59948e-07 33043
52.3528  8.52861e-07 33650.1
52.8764  8.45835e-07 34268.4
53.4051  8.38868e-07 34898
53.9392  8.3196e-07 35539.2
54.4786  8.25111e-07 36192.1
55.0234  8.18321e-07 36857
55.5736  8.11588e-07 37534.1
56.1293  8.04912e-07 38223.7
56.6906  7.98293e-07 38925.9
57.2575  7.91731e-07 39640.9
57.8301  7.85224e-07 40369.1
58.4084  7.78773e-07 41110.7
58.9925  7.72376e-07 41865.8
59.5824  7.66035e-07 42634.8
60.1782  7.59747e-07 43417.9
60.78  7.53513e-07 44215.3
61.3878  7.47332e-07 45027.4
62.0017  7.41203e-07 45854.3
62.6217  7.35127e-07 46696.4
63.2479  7.29103e-07 47554
63.8804  7.23131e-07 48427.2
64.5192  7.17209e-07 49316.4
65.1644  7.11338e-07 50222
65.816  7.05517e-07 51144.1
66.4742  6.99746e-07 52083
67.1389  6.94024e-07 53039.2
67.8103  6.88351e-07 54012.9
68.4884  6.82726e-07 55004.4
69.1733  6.7715e-07 56014
69.8651  6.71621e-07 57042
70.5637  6.6614e-07 58088.9
71.2693  6.60706e-07 59154.9
71.982  6.55318e-07 60240.3
72.7019  6.49976e-07 61345.6
73.4289  6.44681e-07 62471.1
74.1632  6.3943e-07 63617.2
74.9048  6.34225e-07 64784.2
75.6538  6.29064e-07 65972.5
76.4104  6.23947e-07 67182.6
77.1745  6.18875e-07 68414.8
77.9462  6.13846e-07 69669.5
78.7257  6.0886e-07 70947.2
79.513  6.03917e-07 72248.2
80.3081  5.99016e-07 73573
81.1112  5.94158e-07 74922
81.9223  5.89341e-07 76295.6
82.7415  5.84566e-07 77694.3
83.5689  5.79832e-07 79118.5
84.4046  5.75138e-07 80568.6
85.2486  5.70485e-07 82045
86.1011  5.65872e-07 83548.3
86.9621  5.61299e-07 85078.9
87.8318  5.56765e-07 86637.2
88.7101  5.5227e-07 88223.7
89.5972  5.47814e-07 89839
90.4932  5.43396e-07 91483.4
91.3981  5.39017e-07 93157.7
92.3121  5.34675e-07 94862.3
93.2352  5.30371e-07 96597.9
94.1675  5.26103e-07 98365.1
95.1092  5.21873e-07 100165
96.0603  5.17679e-07 101997
97.0209  5.13522e-07 103862
97.9911  5.094e-07 105762
98.971  5.05315e-07 107697
99.9607  5.01264e-07 109667
100.96  4.97248e-07 111674
101.97  4.93268e-07 113717
102.99  4.89321e-07 115798
104.02  4.85409e-07 117918
105.06  4.81531e-07 120076
106.11  4.77687e-07 122275
107.171  4.73875e-07 124515
108.243  4.70097e-07 126797
109.326  4.66352e-07 129121
110.419  4.62639e-07 131488
111.523  4.58958e-07 133900
112.638  4.5531e-07 136358
113.765  4.51693e-07 138861
114.902  4.48107e-07 141412
116.051  4.44553e-07 144010
117.212  4.41029e-07 146657
118.384  4.37536e-07 149354
119.568  4.34074e-07 152100
120.763  4.30642e-07 154899
121.971  4.27239e-07 157749
123.191  4.23867e-07 160652
124.423  4.20523e-07 163609
125.667  4.17209e-07 166621
126.924  4.13924e-07 169688
128.193  4.10667e-07 172813
129.475  4.07439e-07 175995
130.77  4.04239e-07 179236
132.077  4.01067e-07 182537
133.398  3.97923e-07 185899
134.732  3.94806e-07 189323
136.079  3.91716e-07 192810
137.44  3.88654e-07 196362
138.814  3.85618e-07 199980
140.203  3.82609e-07 203665
141.605  3.79626e-07 207417
143.021  3.76669e-07 211239
144.451  3.73739e-07 215132
145.895  3.70833e-07 219097
147.354  3.67954e-07 223134
148.828  3.651e-07 227247
150.316  3.6227e-07 231435
151.819  3.59466e-07 235700
153.338  3.56686e-07 240043
154.871  3.53931e-07 244467
156.42  3.512e-07 248972
157.984  3.48493e-07 253559
159.564  3.4581e-07 258231
161.159  3.4315e-07 262988
162.771  3.40514e-07 267833
164.399  3.37901e-07 272766
166.043  3.35311e-07 277790
167.703  3.32744e-07 282906
169.38  3.302e-07 288115
171.074  3.27678e-07 293420
172.785  3.25178e-07 298821
174.512  3.22701e-07 304321
176.258  3.20245e-07 309922
178.02  3.17811e-07 315625
179.8  3.15399e-07 321431
181.598  3.13008e-07 327344
183.414  3.10638e-07 333364
185.248  3.08289e-07 339494
187.101  3.05961e-07 345736
188.972  3.03654e-07 352090
190.862  3.01367e-07 358561
192.77  2.99101e-07 365149
194.698  2.96854e-07 371856
196.645  2.94628e-07 378685
198.611  2.92421e-07 385638
200.598  2.90234e-07 392716
202.604  2.88066e-07 399923
204.63  2.85918e-07 407260
206.676  2.83789e-07 414729
208.743  2.81679e-07 422334
210.83  2.79588e-07 430075
212.938  2.77515e-07 437957
215.068  2.75461e-07 445980
217.218  2.73425e-07 454148
219.391  2.71408e-07 462463
221.584  2.69408e-07 470927
223.8  2.67426e-07 479543
226.038  2.65463e-07 488314
228.299  2.63516e-07 497243
230.582  2.61587e-07 506331
232.888  2.59676e-07 515583
235.216  2.57781e-07 524999
237.569  2.55904e-07 534585
239.944  2.54044e-07 544342
242.344  2.522e-07 554273
244.767  2.50373e-07 564381
247.215  2.48562e-07 574670
249.687  2.46768e-07 585141
252.184  2.44989e-07 595800
254.706  2.43227e-07 606648
257.253  2.41481e-07 617688
259.825  2.3975e-07 628925
262.423  2.38035e-07 640361
265.048  2.36336e-07 652000
267.698  2.34652e-07 663845
270.375  2.32983e-07 675900
273.079  2.3133e-07 688168
275.81  2.29691e-07 700652
278.568  2.28067e-07 713357
281.354  2.26458e-07 726286
284.167  2.24864e-07 739443
287.009  2.23284e-07 752832
289.879  2.21718e-07 766456
292.778  2.20167e-07 780320
295.705  2.1863e-07 794427
298.662  2.17107e-07 808781
301.649  2.15597e-07 823387
304.666  2.14102e-07 838249
307.712  2.1262e-07 853370
310.789  2.11152e-07 868756
313.897  2.09697e-07 884411
317.036  2.08256e-07 900338
320.207  2.06827e-07 916543
323.409  2.05412e-07 933031
326.643  2.0401e-07 949804
329.909  2.02621e-07 966869
333.208  2.01244e-07 984231
336.54  1.99881e-07 1.00189e+06
339.906  1.98529e-07 1.01986e+06
343.305  1.97191e-07 1.03814e+06
346.738  1.95864e-07 1.05674e+06
350.205  1.9455e-07 1.07565e+06
353.707  1.93248e-07 1.09489e+06
357.244  1.91958e-07 1.11447e+06
360.817  1.9068e-07 1.13438e+06
364.425  1.89414e-07 1.15463e+06
368.069  1.88159e-07 1.17523e+06
371.75  1.86916e-07 1.19619e+06
375.467  1.85685e-07 1.2175e+06
379.222  1.84465e-07 1.23918e+06
383.014  1.83257e-07 1.26122e+06
386.844  1.8206e-07 1.28365e+06
390.713  1.80874e-07 1.30646e+06
394.62  1.79699e-07 1.32965e+06
398.566  1.78535e-07 1.35324e+06
402.552  1.77382e-07 1.37723e+06
406.577  1.7624e-07 1.40163e+06
410.643  1.75108e-07 1.42644e+06
414.75  1.73987e-07 1.45168e+06
418.897  1.72877e-07 1.47734e+06
423.086  1.71777e-07 1.50343e+06
427.317  1.70688e-07 1.52996e+06
431.59  1.69608e-07 1.55694e+06
435.906  1.68539e-07 1.58438e+06
440.265  1.6748e-07 1.61227e+06
444.668  1.66432e-07 1.64063e+06
449.114  1.65393e-07 1.66947e+06
453.605  1.64363e-07 1.6988e+06
458.142  1.63344e-07 1.72861e+06
462.723  1.62334e-07 1.75892e+06
467.35  1.61334e-07 1.78974e+06
472.024  1.60344e-07 1.82107e+06
476.744  1.59363e-07 1.85292e+06
481.511  1.58391e-07 1.8853e+06
486.326  1.57429e-07 1.91821e+06
491.19  1.56475e-07 1.95168e+06
496.102  1.55531e-07 1.98569e+06
501.063  1.54596e-07 2.02027e+06
506.073  1.5367e-07 2.05542e+06
511.134  1.52753e-07 2.09115e+06
516.245  1.51845e-07 2.12747e+06
521.408  1.50946e-07 2.16438e+06
526.622  1.50055e-07 2.2019e+06
531.888  1.49173e-07 2.24003e+06
537.207  1.48299e-07 2.27879e+06
542.579  1.47434e-07 2.31818e+06
548.005  1.46578e-07 2.35821e+06
553.485  1.45729e-07 2.3989e+06
559.02  1.44889e-07 2.44025e+06
564.61  1.44057e-07 2.48227e+06
570.256  1.43234e-07 2.52497e+06
575.959  1.42418e-07 2.56836e+06
581.718  1.4161e-07 2.61245e+06
587.535  1.40811e-07 2.65726e+06
593.411  1.40019e-07 2.70279e+06
599.345  1.39235e-07 2.74905e+06
605.338  1.38459e-07 2.79605e+06
611.392  1.3769e-07 2.84381e+06
617.506  1.36929e-07 2.89234e+06
623.681  1.36176e-07 2.94164e+06
629.917  1.3543e-07 2.99172e+06
636.217  1.34691e-07 3.04261e+06
642.579  1.3396e-07 3.0943e+06
649.005  1.33237e-07 3.14682e+06
655.495  1.3252e-07 3.20017e+06
662.05  1.31811e-07 3.25437e+06
668.67  1.31108e-07 3.30942e+06
675.357  1.30413e-07 3.36534e+06
682.11  1.29725e-07 3.42215e+06
688.931  1.29044e-07 3.47984e+06
695.821  1.2837e-07 3.53845e+06
702.779  1.27702e-07 3.59797e+06
709.807  1.27042e-07 3.65843e+06
716.905  1.26388e-07 3.71983e+06
724.074  1.25741e-07 3.78218e+06
731.315  1.251e-07 3.84551e+06
738.628  1.24466e-07 3.90983e+06
746.014  1.23839e-07 3.97514e+06
753.474  1.23218e-07 4.04146e+06
761.009  1.22603e-07 4.10881e+06
768.619  1.21995e-07 4.1772e+06
776.305  1.21393e-07 4.24665e+06
784.068  1.20797e-07 4.31716e+06
791.909  1.20208e-07 4.38875e+06
799.828  1.19625e-07 4.46145e+06
807.826  1.19048e-07 4.53525e+06
815.905  1.18476e-07 4.61018e+06
824.064  1.17911e-07 4.68625e+06
832.304  1.17352e-07 4.76349e+06
840.627  1.16799e-07 4.84189e+06
849.034  1.16252e-07 4.92148e+06
857.524  1.1571e-07 5.00228e+06
866.099  1.15174e-07 5.0843e+06
874.76  1.14644e-07 5.16755e+06
883.508  1.1412e-07 5.25206e+06
892.343  1.13601e-07 5.33784e+06
901.266  1.13088e-07 5.4249e+06
910.279  1.1258e-07 5.51326e+06
919.382  1.12078e-07 5.60294e+06
928.575  1.11581e-07 5.69396e+06
937.861  1.1109e-07 5.78633e+06
947.24  1.10604e-07 5.88008e+06
956.712  1.10124e-07 5.97521e+06
966.279  1.09648e-07 6.07175e+06
975.942  1.09178e-07 6.16971e+06
985.702  1.08713e-07 6.26912e+06
995.559  1.08254e-07 6.36999e+06
