# 181 angles,  1 tensor ranks for 0=projectile
@subtitle   "8Li(d,3He)7He @ 45 AMeV Haixia OMP (d) + HT1p OMP (3He) and Ex = 17 Me"        
@legend ON
@legend x1 0.2
@legend y1 0.8
@g0 type LOGY
@yaxis ticklabel format power
@legend string   0 "Lab energy =   90.0000"
#legend string   0 "Partition=  2 Excit=  4 near/far= 1"
#  Theta       sigma       iT11        T20         T21         T22         Kyy for projectile
   0.000       13.95    
   1.000       13.69    
   2.000       12.94    
   3.000       11.77    
   4.000       10.28    
   5.000       8.614    
   6.000       6.897    
   7.000       5.263    
   8.000       3.823    
   9.000       2.653    
   10.00       1.798    
   11.00       1.263    
   12.00       1.023    
   13.00       1.029    
   14.00       1.216    
   15.00       1.512    
   16.00       1.848    
   17.00       2.166    
   18.00       2.420    
   19.00       2.581    
   20.00       2.636    
   21.00       2.587    
   22.00       2.447    
   23.00       2.237    
   24.00       1.979    
   25.00       1.700    
   26.00       1.422    
   27.00       1.163    
   28.00      0.9375    
   29.00      0.7534    
   30.00      0.6134    
   31.00      0.5162    
   32.00      0.4570    
   33.00      0.4289    
   34.00      0.4240    
   35.00      0.4339    
   36.00      0.4514    
   37.00      0.4701    
   38.00      0.4852    
   39.00      0.4934    
   40.00      0.4931    
   41.00      0.4838    
   42.00      0.4662    
   43.00      0.4417    
   44.00      0.4121    
   45.00      0.3794    
   46.00      0.3455    
   47.00      0.3123    
   48.00      0.2810    
   49.00      0.2528    
   50.00      0.2281    
   51.00      0.2074    
   52.00      0.1904    
   53.00      0.1769    
   54.00      0.1665    
   55.00      0.1585    
   56.00      0.1524    
   57.00      0.1475    
   58.00      0.1433    
   59.00      0.1393    
   60.00      0.1353    
   61.00      0.1309    
   62.00      0.1261    
   63.00      0.1207    
   64.00      0.1149    
   65.00      0.1086    
   66.00      0.1020    
   67.00      0.9518E-01
   68.00      0.8833E-01
   69.00      0.8156E-01
   70.00      0.7499E-01
   71.00      0.6871E-01
   72.00      0.6280E-01
   73.00      0.5732E-01
   74.00      0.5229E-01
   75.00      0.4772E-01
   76.00      0.4359E-01
   77.00      0.3988E-01
   78.00      0.3657E-01
   79.00      0.3360E-01
   80.00      0.3093E-01
   81.00      0.2853E-01
   82.00      0.2635E-01
   83.00      0.2436E-01
   84.00      0.2251E-01
   85.00      0.2079E-01
   86.00      0.1918E-01
   87.00      0.1765E-01
   88.00      0.1620E-01
   89.00      0.1481E-01
   90.00      0.1349E-01
   91.00      0.1224E-01
   92.00      0.1105E-01
   93.00      0.9925E-02
   94.00      0.8868E-02
   95.00      0.7881E-02
   96.00      0.6965E-02
   97.00      0.6122E-02
   98.00      0.5351E-02
   99.00      0.4653E-02
   100.0      0.4026E-02
   101.0      0.3468E-02
   102.0      0.2975E-02
   103.0      0.2544E-02
   104.0      0.2171E-02
   105.0      0.1850E-02
   106.0      0.1578E-02
   107.0      0.1348E-02
   108.0      0.1157E-02
   109.0      0.9990E-03
   110.0      0.8697E-03
   111.0      0.7648E-03
   112.0      0.6803E-03
   113.0      0.6126E-03
   114.0      0.5587E-03
   115.0      0.5156E-03
   116.0      0.4810E-03
   117.0      0.4529E-03
   118.0      0.4296E-03
   119.0      0.4098E-03
   120.0      0.3924E-03
   121.0      0.3765E-03
   122.0      0.3616E-03
   123.0      0.3472E-03
   124.0      0.3330E-03
   125.0      0.3187E-03
   126.0      0.3043E-03
   127.0      0.2897E-03
   128.0      0.2750E-03
   129.0      0.2602E-03
   130.0      0.2452E-03
   131.0      0.2303E-03
   132.0      0.2155E-03
   133.0      0.2008E-03
   134.0      0.1864E-03
   135.0      0.1723E-03
   136.0      0.1586E-03
   137.0      0.1453E-03
   138.0      0.1325E-03
   139.0      0.1202E-03
   140.0      0.1086E-03
   141.0      0.9748E-04
   142.0      0.8704E-04
   143.0      0.7724E-04
   144.0      0.6810E-04
   145.0      0.5963E-04
   146.0      0.5183E-04
   147.0      0.4470E-04
   148.0      0.3821E-04
   149.0      0.3237E-04
   150.0      0.2714E-04
   151.0      0.2251E-04
   152.0      0.1844E-04
   153.0      0.1491E-04
   154.0      0.1187E-04
   155.0      0.9303E-05
   156.0      0.7160E-05
   157.0      0.5403E-05
   158.0      0.3996E-05
   159.0      0.2897E-05
   160.0      0.2071E-05
   161.0      0.1480E-05
   162.0      0.1090E-05
   163.0      0.8680E-06
   164.0      0.7846E-06
   165.0      0.8121E-06
   166.0      0.9257E-06
   167.0      0.1103E-05
   168.0      0.1326E-05
   169.0      0.1577E-05
   170.0      0.1842E-05
   171.0      0.2108E-05
   172.0      0.2368E-05
   173.0      0.2611E-05
   174.0      0.2832E-05
   175.0      0.3026E-05
   176.0      0.3190E-05
   177.0      0.3319E-05
   178.0      0.3413E-05
   179.0      0.3470E-05
   180.0      0.3489E-05
 END
