# 181 angles,  1 tensor ranks for 0=projectile
@subtitle   "8Li(d,3He)7He @ 45 AMeV Haixia OMP (d) + HT1p OMP (3He) and Ex = 17 Me"        
@legend ON
@legend x1 0.2
@legend y1 0.8
@g0 type LOGY
@yaxis ticklabel format power
@xaxis label "Scattering angle (degrees)"
@yaxis label "Cross section (mb/sr)"
@legend string   0 "Partition=  1 Excit=  1 near/far= 1"
#legend string   0 "Lab energy =   90.0000"
@s0 linestyle   1
#  Theta       sigma       iT11        T20         T21         T22         Kyy for projectile
  0.1000E-01   1.000    
   1.000      0.8796    
   2.000      0.7755    
   3.000       1.219    
   4.000       2.895    
   5.000       6.476    
   6.000       12.44    
   7.000       20.92    
   8.000       31.62    
   9.000       43.82    
   10.00       56.46    
   11.00       68.32    
   12.00       78.19    
   13.00       85.08    
   14.00       88.40    
   15.00       88.01    
   16.00       84.25    
   17.00       77.91    
   18.00       70.09    
   19.00       62.04    
   20.00       54.97    
   21.00       49.95    
   22.00       47.75    
   23.00       48.74    
   24.00       52.92    
   25.00       59.94    
   26.00       69.11    
   27.00       79.58    
   28.00       90.37    
   29.00       100.5    
   30.00       109.2    
   31.00       115.7    
   32.00       119.7    
   33.00       120.8    
   34.00       119.1    
   35.00       114.9    
   36.00       108.5    
   37.00       100.4    
   38.00       91.20    
   39.00       81.45    
   40.00       71.66    
   41.00       62.28    
   42.00       53.66    
   43.00       46.03    
   44.00       39.54    
   45.00       34.22    
   46.00       30.03    
   47.00       26.85    
   48.00       24.54    
   49.00       22.91    
   50.00       21.77    
   51.00       20.96    
   52.00       20.30    
   53.00       19.69    
   54.00       19.02    
   55.00       18.23    
   56.00       17.28    
   57.00       16.18    
   58.00       14.94    
   59.00       13.59    
   60.00       12.17    
   61.00       10.73    
   62.00       9.305    
   63.00       7.938    
   64.00       6.664    
   65.00       5.506    
   66.00       4.481    
   67.00       3.597    
   68.00       2.854    
   69.00       2.245    
   70.00       1.760    
   71.00       1.385    
   72.00       1.103    
   73.00      0.8967    
   74.00      0.7507    
   75.00      0.6498    
   76.00      0.5808    
   77.00      0.5328    
   78.00      0.4974    
   79.00      0.4681    
   80.00      0.4407    
   81.00      0.4126    
   82.00      0.3826    
   83.00      0.3507    
   84.00      0.3175    
   85.00      0.2840    
   86.00      0.2513    
   87.00      0.2206    
   88.00      0.1929    
   89.00      0.1690    
   90.00      0.1491    
   91.00      0.1334    
   92.00      0.1217    
   93.00      0.1136    
   94.00      0.1087    
   95.00      0.1061    
   96.00      0.1052    
   97.00      0.1054    
   98.00      0.1059    
   99.00      0.1063    
   100.0      0.1061    
   101.0      0.1050    
   102.0      0.1028    
   103.0      0.9942E-01
   104.0      0.9494E-01
   105.0      0.8945E-01
   106.0      0.8312E-01
   107.0      0.7619E-01
   108.0      0.6888E-01
   109.0      0.6145E-01
   110.0      0.5412E-01
   111.0      0.4710E-01
   112.0      0.4057E-01
   113.0      0.3467E-01
   114.0      0.2950E-01
   115.0      0.2513E-01
   116.0      0.2156E-01
   117.0      0.1878E-01
   118.0      0.1676E-01
   119.0      0.1542E-01
   120.0      0.1468E-01
   121.0      0.1444E-01
   122.0      0.1461E-01
   123.0      0.1508E-01
   124.0      0.1575E-01
   125.0      0.1654E-01
   126.0      0.1735E-01
   127.0      0.1813E-01
   128.0      0.1882E-01
   129.0      0.1937E-01
   130.0      0.1974E-01
   131.0      0.1993E-01
   132.0      0.1992E-01
   133.0      0.1972E-01
   134.0      0.1932E-01
   135.0      0.1876E-01
   136.0      0.1804E-01
   137.0      0.1719E-01
   138.0      0.1623E-01
   139.0      0.1520E-01
   140.0      0.1411E-01
   141.0      0.1300E-01
   142.0      0.1187E-01
   143.0      0.1076E-01
   144.0      0.9687E-02
   145.0      0.8655E-02
   146.0      0.7681E-02
   147.0      0.6774E-02
   148.0      0.5940E-02
   149.0      0.5183E-02
   150.0      0.4504E-02
   151.0      0.3904E-02
   152.0      0.3379E-02
   153.0      0.2926E-02
   154.0      0.2540E-02
   155.0      0.2215E-02
   156.0      0.1946E-02
   157.0      0.1726E-02
   158.0      0.1549E-02
   159.0      0.1409E-02
   160.0      0.1299E-02
   161.0      0.1215E-02
   162.0      0.1150E-02
   163.0      0.1100E-02
   164.0      0.1060E-02
   165.0      0.1028E-02
   166.0      0.1001E-02
   167.0      0.9782E-03
   168.0      0.9573E-03
   169.0      0.9375E-03
   170.0      0.9179E-03
   171.0      0.8981E-03
   172.0      0.8780E-03
   173.0      0.8578E-03
   174.0      0.8381E-03
   175.0      0.8198E-03
   176.0      0.8038E-03
   177.0      0.7907E-03
   178.0      0.7812E-03
   179.0      0.7754E-03
   180.0      0.7734E-03
 END
@legend string   1 "Partition=  2 Excit=  1 near/far= 1"
#legend string   0 "Lab energy =   90.0000"
@s1 linestyle   2
#  Theta       sigma       iT11        T20         T21         T22         Kyy for projectile
   0.000       1.543    
   1.000       1.505    
   2.000       1.395    
   3.000       1.226    
   4.000       1.015    
   5.000      0.7859    
   6.000      0.5611    
   7.000      0.3628    
   8.000      0.2086    
   9.000      0.1104    
   10.00      0.7329E-01
   11.00      0.9588E-01
   12.00      0.1710    
   13.00      0.2872    
   14.00      0.4305    
   15.00      0.5862    
   16.00      0.7404    
   17.00      0.8814    
   18.00       1.001    
   19.00       1.093    
   20.00       1.156    
   21.00       1.191    
   22.00       1.202    
   23.00       1.192    
   24.00       1.167    
   25.00       1.133    
   26.00       1.094    
   27.00       1.055    
   28.00       1.019    
   29.00      0.9870    
   30.00      0.9603    
   31.00      0.9386    
   32.00      0.9210    
   33.00      0.9062    
   34.00      0.8925    
   35.00      0.8786    
   36.00      0.8629    
   37.00      0.8444    
   38.00      0.8223    
   39.00      0.7964    
   40.00      0.7665    
   41.00      0.7329    
   42.00      0.6962    
   43.00      0.6571    
   44.00      0.6165    
   45.00      0.5751    
   46.00      0.5337    
   47.00      0.4931    
   48.00      0.4540    
   49.00      0.4167    
   50.00      0.3816    
   51.00      0.3490    
   52.00      0.3190    
   53.00      0.2916    
   54.00      0.2666    
   55.00      0.2439    
   56.00      0.2234    
   57.00      0.2048    
   58.00      0.1879    
   59.00      0.1725    
   60.00      0.1584    
   61.00      0.1454    
   62.00      0.1333    
   63.00      0.1221    
   64.00      0.1117    
   65.00      0.1018    
   66.00      0.9263E-01
   67.00      0.8399E-01
   68.00      0.7588E-01
   69.00      0.6830E-01
   70.00      0.6123E-01
   71.00      0.5466E-01
   72.00      0.4859E-01
   73.00      0.4301E-01
   74.00      0.3790E-01
   75.00      0.3325E-01
   76.00      0.2906E-01
   77.00      0.2529E-01
   78.00      0.2192E-01
   79.00      0.1894E-01
   80.00      0.1631E-01
   81.00      0.1400E-01
   82.00      0.1200E-01
   83.00      0.1026E-01
   84.00      0.8766E-02
   85.00      0.7489E-02
   86.00      0.6401E-02
   87.00      0.5480E-02
   88.00      0.4703E-02
   89.00      0.4051E-02
   90.00      0.3506E-02
   91.00      0.3051E-02
   92.00      0.2672E-02
   93.00      0.2356E-02
   94.00      0.2094E-02
   95.00      0.1875E-02
   96.00      0.1692E-02
   97.00      0.1537E-02
   98.00      0.1407E-02
   99.00      0.1295E-02
   100.0      0.1198E-02
   101.0      0.1113E-02
   102.0      0.1038E-02
   103.0      0.9710E-03
   104.0      0.9096E-03
   105.0      0.8530E-03
   106.0      0.8003E-03
   107.0      0.7507E-03
   108.0      0.7038E-03
   109.0      0.6590E-03
   110.0      0.6162E-03
   111.0      0.5750E-03
   112.0      0.5355E-03
   113.0      0.4975E-03
   114.0      0.4609E-03
   115.0      0.4258E-03
   116.0      0.3921E-03
   117.0      0.3600E-03
   118.0      0.3293E-03
   119.0      0.3001E-03
   120.0      0.2724E-03
   121.0      0.2463E-03
   122.0      0.2218E-03
   123.0      0.1988E-03
   124.0      0.1774E-03
   125.0      0.1576E-03
   126.0      0.1393E-03
   127.0      0.1225E-03
   128.0      0.1071E-03
   129.0      0.9323E-04
   130.0      0.8067E-04
   131.0      0.6942E-04
   132.0      0.5939E-04
   133.0      0.5051E-04
   134.0      0.4271E-04
   135.0      0.3591E-04
   136.0      0.3002E-04
   137.0      0.2496E-04
   138.0      0.2065E-04
   139.0      0.1702E-04
   140.0      0.1398E-04
   141.0      0.1147E-04
   142.0      0.9412E-05
   143.0      0.7757E-05
   144.0      0.6442E-05
   145.0      0.5417E-05
   146.0      0.4635E-05
   147.0      0.4055E-05
   148.0      0.3642E-05
   149.0      0.3364E-05
   150.0      0.3195E-05
   151.0      0.3111E-05
   152.0      0.3095E-05
   153.0      0.3129E-05
   154.0      0.3202E-05
   155.0      0.3302E-05
   156.0      0.3421E-05
   157.0      0.3553E-05
   158.0      0.3692E-05
   159.0      0.3835E-05
   160.0      0.3978E-05
   161.0      0.4120E-05
   162.0      0.4258E-05
   163.0      0.4393E-05
   164.0      0.4522E-05
   165.0      0.4646E-05
   166.0      0.4763E-05
   167.0      0.4875E-05
   168.0      0.4980E-05
   169.0      0.5078E-05
   170.0      0.5170E-05
   171.0      0.5254E-05
   172.0      0.5330E-05
   173.0      0.5398E-05
   174.0      0.5459E-05
   175.0      0.5510E-05
   176.0      0.5553E-05
   177.0      0.5587E-05
   178.0      0.5611E-05
   179.0      0.5625E-05
   180.0      0.5630E-05
 END
@legend string   2 "Partition=  2 Excit=  2 near/far= 1"
#legend string   0 "Lab energy =   90.0000"
@s2 linestyle   3
#  Theta       sigma       iT11        T20         T21         T22         Kyy for projectile
   0.000      0.4139    
   1.000      0.4485    
   2.000      0.5482    
   3.000      0.7008    
   4.000      0.8879    
   5.000       1.088    
   6.000       1.277    
   7.000       1.437    
   8.000       1.550    
   9.000       1.608    
   10.00       1.610    
   11.00       1.558    
   12.00       1.464    
   13.00       1.340    
   14.00       1.203    
   15.00       1.068    
   16.00      0.9477    
   17.00      0.8523    
   18.00      0.7880    
   19.00      0.7570    
   20.00      0.7577    
   21.00      0.7857    
   22.00      0.8343    
   23.00      0.8958    
   24.00      0.9623    
   25.00       1.027    
   26.00       1.082    
   27.00       1.125    
   28.00       1.153    
   29.00       1.163    
   30.00       1.157    
   31.00       1.136    
   32.00       1.103    
   33.00       1.059    
   34.00       1.009    
   35.00      0.9547    
   36.00      0.8989    
   37.00      0.8438    
   38.00      0.7911    
   39.00      0.7417    
   40.00      0.6962    
   41.00      0.6549    
   42.00      0.6175    
   43.00      0.5837    
   44.00      0.5528    
   45.00      0.5243    
   46.00      0.4975    
   47.00      0.4720    
   48.00      0.4472    
   49.00      0.4229    
   50.00      0.3988    
   51.00      0.3749    
   52.00      0.3511    
   53.00      0.3275    
   54.00      0.3042    
   55.00      0.2814    
   56.00      0.2593    
   57.00      0.2381    
   58.00      0.2179    
   59.00      0.1988    
   60.00      0.1809    
   61.00      0.1643    
   62.00      0.1490    
   63.00      0.1350    
   64.00      0.1223    
   65.00      0.1107    
   66.00      0.1002    
   67.00      0.9077E-01
   68.00      0.8225E-01
   69.00      0.7456E-01
   70.00      0.6761E-01
   71.00      0.6131E-01
   72.00      0.5559E-01
   73.00      0.5038E-01
   74.00      0.4562E-01
   75.00      0.4125E-01
   76.00      0.3724E-01
   77.00      0.3355E-01
   78.00      0.3015E-01
   79.00      0.2702E-01
   80.00      0.2415E-01
   81.00      0.2151E-01
   82.00      0.1909E-01
   83.00      0.1688E-01
   84.00      0.1488E-01
   85.00      0.1307E-01
   86.00      0.1144E-01
   87.00      0.9974E-02
   88.00      0.8672E-02
   89.00      0.7519E-02
   90.00      0.6503E-02
   91.00      0.5613E-02
   92.00      0.4839E-02
   93.00      0.4169E-02
   94.00      0.3592E-02
   95.00      0.3099E-02
   96.00      0.2678E-02
   97.00      0.2322E-02
   98.00      0.2022E-02
   99.00      0.1769E-02
   100.0      0.1557E-02
   101.0      0.1380E-02
   102.0      0.1232E-02
   103.0      0.1108E-02
   104.0      0.1004E-02
   105.0      0.9167E-03
   106.0      0.8424E-03
   107.0      0.7787E-03
   108.0      0.7237E-03
   109.0      0.6755E-03
   110.0      0.6328E-03
   111.0      0.5944E-03
   112.0      0.5594E-03
   113.0      0.5272E-03
   114.0      0.4971E-03
   115.0      0.4688E-03
   116.0      0.4420E-03
   117.0      0.4164E-03
   118.0      0.3919E-03
   119.0      0.3684E-03
   120.0      0.3457E-03
   121.0      0.3238E-03
   122.0      0.3027E-03
   123.0      0.2824E-03
   124.0      0.2628E-03
   125.0      0.2440E-03
   126.0      0.2259E-03
   127.0      0.2086E-03
   128.0      0.1921E-03
   129.0      0.1763E-03
   130.0      0.1613E-03
   131.0      0.1471E-03
   132.0      0.1337E-03
   133.0      0.1210E-03
   134.0      0.1092E-03
   135.0      0.9815E-04
   136.0      0.8787E-04
   137.0      0.7835E-04
   138.0      0.6959E-04
   139.0      0.6157E-04
   140.0      0.5425E-04
   141.0      0.4763E-04
   142.0      0.4166E-04
   143.0      0.3632E-04
   144.0      0.3158E-04
   145.0      0.2739E-04
   146.0      0.2372E-04
   147.0      0.2053E-04
   148.0      0.1778E-04
   149.0      0.1543E-04
   150.0      0.1343E-04
   151.0      0.1175E-04
   152.0      0.1036E-04
   153.0      0.9207E-05
   154.0      0.8265E-05
   155.0      0.7501E-05
   156.0      0.6886E-05
   157.0      0.6392E-05
   158.0      0.5995E-05
   159.0      0.5676E-05
   160.0      0.5414E-05
   161.0      0.5197E-05
   162.0      0.5009E-05
   163.0      0.4843E-05
   164.0      0.4689E-05
   165.0      0.4543E-05
   166.0      0.4400E-05
   167.0      0.4258E-05
   168.0      0.4116E-05
   169.0      0.3975E-05
   170.0      0.3836E-05
   171.0      0.3700E-05
   172.0      0.3570E-05
   173.0      0.3447E-05
   174.0      0.3334E-05
   175.0      0.3235E-05
   176.0      0.3150E-05
   177.0      0.3081E-05
   178.0      0.3032E-05
   179.0      0.3001E-05
   180.0      0.2991E-05
 END
@legend string   3 "Partition=  2 Excit=  3 near/far= 1"
#legend string   0 "Lab energy =   90.0000"
@s3 linestyle   4
#  Theta       sigma       iT11        T20         T21         T22         Kyy for projectile
   0.000      0.6368    
   1.000      0.6265    
   2.000      0.5973    
   3.000      0.5537    
   4.000      0.5023    
   5.000      0.4510    
   6.000      0.4072    
   7.000      0.3772    
   8.000      0.3651    
   9.000      0.3721    
   10.00      0.3967    
   11.00      0.4349    
   12.00      0.4811    
   13.00      0.5285    
   14.00      0.5710    
   15.00      0.6029    
   16.00      0.6204    
   17.00      0.6215    
   18.00      0.6062    
   19.00      0.5763    
   20.00      0.5349    
   21.00      0.4862    
   22.00      0.4346    
   23.00      0.3842    
   24.00      0.3388    
   25.00      0.3010    
   26.00      0.2727    
   27.00      0.2544    
   28.00      0.2459    
   29.00      0.2459    
   30.00      0.2528    
   31.00      0.2644    
   32.00      0.2786    
   33.00      0.2934    
   34.00      0.3068    
   35.00      0.3175    
   36.00      0.3245    
   37.00      0.3271    
   38.00      0.3253    
   39.00      0.3192    
   40.00      0.3093    
   41.00      0.2962    
   42.00      0.2808    
   43.00      0.2638    
   44.00      0.2459    
   45.00      0.2279    
   46.00      0.2104    
   47.00      0.1937    
   48.00      0.1781    
   49.00      0.1640    
   50.00      0.1512    
   51.00      0.1399    
   52.00      0.1298    
   53.00      0.1209    
   54.00      0.1130    
   55.00      0.1059    
   56.00      0.9946E-01
   57.00      0.9353E-01
   58.00      0.8797E-01
   59.00      0.8268E-01
   60.00      0.7758E-01
   61.00      0.7263E-01
   62.00      0.6781E-01
   63.00      0.6309E-01
   64.00      0.5850E-01
   65.00      0.5404E-01
   66.00      0.4973E-01
   67.00      0.4561E-01
   68.00      0.4169E-01
   69.00      0.3799E-01
   70.00      0.3452E-01
   71.00      0.3130E-01
   72.00      0.2833E-01
   73.00      0.2561E-01
   74.00      0.2312E-01
   75.00      0.2087E-01
   76.00      0.1883E-01
   77.00      0.1700E-01
   78.00      0.1535E-01
   79.00      0.1387E-01
   80.00      0.1253E-01
   81.00      0.1133E-01
   82.00      0.1025E-01
   83.00      0.9271E-02
   84.00      0.8384E-02
   85.00      0.7576E-02
   86.00      0.6839E-02
   87.00      0.6165E-02
   88.00      0.5548E-02
   89.00      0.4981E-02
   90.00      0.4461E-02
   91.00      0.3983E-02
   92.00      0.3545E-02
   93.00      0.3144E-02
   94.00      0.2777E-02
   95.00      0.2444E-02
   96.00      0.2141E-02
   97.00      0.1868E-02
   98.00      0.1623E-02
   99.00      0.1404E-02
   100.0      0.1210E-02
   101.0      0.1039E-02
   102.0      0.8888E-03
   103.0      0.7586E-03
   104.0      0.6464E-03
   105.0      0.5506E-03
   106.0      0.4697E-03
   107.0      0.4020E-03
   108.0      0.3461E-03
   109.0      0.3005E-03
   110.0      0.2638E-03
   111.0      0.2347E-03
   112.0      0.2121E-03
   113.0      0.1949E-03
   114.0      0.1821E-03
   115.0      0.1727E-03
   116.0      0.1661E-03
   117.0      0.1616E-03
   118.0      0.1585E-03
   119.0      0.1564E-03
   120.0      0.1548E-03
   121.0      0.1535E-03
   122.0      0.1521E-03
   123.0      0.1505E-03
   124.0      0.1485E-03
   125.0      0.1461E-03
   126.0      0.1432E-03
   127.0      0.1397E-03
   128.0      0.1358E-03
   129.0      0.1314E-03
   130.0      0.1266E-03
   131.0      0.1215E-03
   132.0      0.1161E-03
   133.0      0.1105E-03
   134.0      0.1049E-03
   135.0      0.9917E-04
   136.0      0.9352E-04
   137.0      0.8797E-04
   138.0      0.8259E-04
   139.0      0.7741E-04
   140.0      0.7247E-04
   141.0      0.6781E-04
   142.0      0.6344E-04
   143.0      0.5939E-04
   144.0      0.5564E-04
   145.0      0.5220E-04
   146.0      0.4907E-04
   147.0      0.4623E-04
   148.0      0.4365E-04
   149.0      0.4133E-04
   150.0      0.3924E-04
   151.0      0.3736E-04
   152.0      0.3566E-04
   153.0      0.3412E-04
   154.0      0.3272E-04
   155.0      0.3143E-04
   156.0      0.3023E-04
   157.0      0.2911E-04
   158.0      0.2806E-04
   159.0      0.2705E-04
   160.0      0.2608E-04
   161.0      0.2513E-04
   162.0      0.2421E-04
   163.0      0.2331E-04
   164.0      0.2243E-04
   165.0      0.2157E-04
   166.0      0.2072E-04
   167.0      0.1990E-04
   168.0      0.1911E-04
   169.0      0.1835E-04
   170.0      0.1762E-04
   171.0      0.1695E-04
   172.0      0.1632E-04
   173.0      0.1575E-04
   174.0      0.1525E-04
   175.0      0.1481E-04
   176.0      0.1444E-04
   177.0      0.1416E-04
   178.0      0.1395E-04
   179.0      0.1382E-04
   180.0      0.1378E-04
 END
@legend string   4 "Partition=  2 Excit=  4 near/far= 1"
#legend string   0 "Lab energy =   90.0000"
@s4 linestyle   5
#  Theta       sigma       iT11        T20         T21         T22         Kyy for projectile
   0.000       13.95    
   1.000       13.69    
   2.000       12.94    
   3.000       11.77    
   4.000       10.28    
   5.000       8.614    
   6.000       6.897    
   7.000       5.263    
   8.000       3.823    
   9.000       2.653    
   10.00       1.798    
   11.00       1.263    
   12.00       1.023    
   13.00       1.029    
   14.00       1.216    
   15.00       1.512    
   16.00       1.848    
   17.00       2.166    
   18.00       2.420    
   19.00       2.581    
   20.00       2.636    
   21.00       2.587    
   22.00       2.447    
   23.00       2.237    
   24.00       1.979    
   25.00       1.700    
   26.00       1.422    
   27.00       1.163    
   28.00      0.9375    
   29.00      0.7534    
   30.00      0.6134    
   31.00      0.5162    
   32.00      0.4570    
   33.00      0.4289    
   34.00      0.4240    
   35.00      0.4339    
   36.00      0.4514    
   37.00      0.4701    
   38.00      0.4852    
   39.00      0.4934    
   40.00      0.4931    
   41.00      0.4838    
   42.00      0.4662    
   43.00      0.4417    
   44.00      0.4121    
   45.00      0.3794    
   46.00      0.3455    
   47.00      0.3123    
   48.00      0.2810    
   49.00      0.2528    
   50.00      0.2281    
   51.00      0.2074    
   52.00      0.1904    
   53.00      0.1769    
   54.00      0.1665    
   55.00      0.1585    
   56.00      0.1524    
   57.00      0.1475    
   58.00      0.1433    
   59.00      0.1393    
   60.00      0.1353    
   61.00      0.1309    
   62.00      0.1261    
   63.00      0.1207    
   64.00      0.1149    
   65.00      0.1086    
   66.00      0.1020    
   67.00      0.9518E-01
   68.00      0.8833E-01
   69.00      0.8156E-01
   70.00      0.7499E-01
   71.00      0.6871E-01
   72.00      0.6280E-01
   73.00      0.5732E-01
   74.00      0.5229E-01
   75.00      0.4772E-01
   76.00      0.4359E-01
   77.00      0.3988E-01
   78.00      0.3657E-01
   79.00      0.3360E-01
   80.00      0.3093E-01
   81.00      0.2853E-01
   82.00      0.2635E-01
   83.00      0.2436E-01
   84.00      0.2251E-01
   85.00      0.2079E-01
   86.00      0.1918E-01
   87.00      0.1765E-01
   88.00      0.1620E-01
   89.00      0.1481E-01
   90.00      0.1349E-01
   91.00      0.1224E-01
   92.00      0.1105E-01
   93.00      0.9925E-02
   94.00      0.8868E-02
   95.00      0.7881E-02
   96.00      0.6965E-02
   97.00      0.6122E-02
   98.00      0.5351E-02
   99.00      0.4653E-02
   100.0      0.4026E-02
   101.0      0.3468E-02
   102.0      0.2975E-02
   103.0      0.2544E-02
   104.0      0.2171E-02
   105.0      0.1850E-02
   106.0      0.1578E-02
   107.0      0.1348E-02
   108.0      0.1157E-02
   109.0      0.9990E-03
   110.0      0.8697E-03
   111.0      0.7648E-03
   112.0      0.6803E-03
   113.0      0.6126E-03
   114.0      0.5587E-03
   115.0      0.5156E-03
   116.0      0.4810E-03
   117.0      0.4529E-03
   118.0      0.4296E-03
   119.0      0.4098E-03
   120.0      0.3924E-03
   121.0      0.3765E-03
   122.0      0.3616E-03
   123.0      0.3472E-03
   124.0      0.3330E-03
   125.0      0.3187E-03
   126.0      0.3043E-03
   127.0      0.2897E-03
   128.0      0.2750E-03
   129.0      0.2602E-03
   130.0      0.2452E-03
   131.0      0.2303E-03
   132.0      0.2155E-03
   133.0      0.2008E-03
   134.0      0.1864E-03
   135.0      0.1723E-03
   136.0      0.1586E-03
   137.0      0.1453E-03
   138.0      0.1325E-03
   139.0      0.1202E-03
   140.0      0.1086E-03
   141.0      0.9748E-04
   142.0      0.8704E-04
   143.0      0.7724E-04
   144.0      0.6810E-04
   145.0      0.5963E-04
   146.0      0.5183E-04
   147.0      0.4470E-04
   148.0      0.3821E-04
   149.0      0.3237E-04
   150.0      0.2714E-04
   151.0      0.2251E-04
   152.0      0.1844E-04
   153.0      0.1491E-04
   154.0      0.1187E-04
   155.0      0.9303E-05
   156.0      0.7160E-05
   157.0      0.5403E-05
   158.0      0.3996E-05
   159.0      0.2897E-05
   160.0      0.2071E-05
   161.0      0.1480E-05
   162.0      0.1090E-05
   163.0      0.8680E-06
   164.0      0.7846E-06
   165.0      0.8121E-06
   166.0      0.9257E-06
   167.0      0.1103E-05
   168.0      0.1326E-05
   169.0      0.1577E-05
   170.0      0.1842E-05
   171.0      0.2108E-05
   172.0      0.2368E-05
   173.0      0.2611E-05
   174.0      0.2832E-05
   175.0      0.3026E-05
   176.0      0.3190E-05
   177.0      0.3319E-05
   178.0      0.3413E-05
   179.0      0.3470E-05
   180.0      0.3489E-05
 END
@legend string   5 "Partition=  2 Excit=  5 near/far= 1"
#legend string   0 "Lab energy =   90.0000"
@s5 linestyle   1
#  Theta       sigma       iT11        T20         T21         T22         Kyy for projectile
   0.000       1.540    
   1.000       1.502    
   2.000       1.392    
   3.000       1.223    
   4.000       1.012    
   5.000      0.7832    
   6.000      0.5588    
   7.000      0.3608    
   8.000      0.2070    
   9.000      0.1091    
   10.00      0.7236E-01
   11.00      0.9526E-01
   12.00      0.1706    
   13.00      0.2871    
   14.00      0.4305    
   15.00      0.5862    
   16.00      0.7404    
   17.00      0.8814    
   18.00       1.001    
   19.00       1.093    
   20.00       1.156    
   21.00       1.191    
   22.00       1.201    
   23.00       1.190    
   24.00       1.165    
   25.00       1.131    
   26.00       1.092    
   27.00       1.053    
   28.00       1.016    
   29.00      0.9842    
   30.00      0.9574    
   31.00      0.9355    
   32.00      0.9178    
   33.00      0.9029    
   34.00      0.8893    
   35.00      0.8753    
   36.00      0.8597    
   37.00      0.8414    
   38.00      0.8195    
   39.00      0.7937    
   40.00      0.7639    
   41.00      0.7306    
   42.00      0.6941    
   43.00      0.6553    
   44.00      0.6149    
   45.00      0.5738    
   46.00      0.5327    
   47.00      0.4923    
   48.00      0.4534    
   49.00      0.4163    
   50.00      0.3815    
   51.00      0.3491    
   52.00      0.3193    
   53.00      0.2920    
   54.00      0.2672    
   55.00      0.2446    
   56.00      0.2242    
   57.00      0.2057    
   58.00      0.1889    
   59.00      0.1735    
   60.00      0.1594    
   61.00      0.1464    
   62.00      0.1343    
   63.00      0.1231    
   64.00      0.1126    
   65.00      0.1027    
   66.00      0.9349E-01
   67.00      0.8479E-01
   68.00      0.7662E-01
   69.00      0.6897E-01
   70.00      0.6183E-01
   71.00      0.5519E-01
   72.00      0.4905E-01
   73.00      0.4340E-01
   74.00      0.3822E-01
   75.00      0.3352E-01
   76.00      0.2926E-01
   77.00      0.2543E-01
   78.00      0.2202E-01
   79.00      0.1899E-01
   80.00      0.1631E-01
   81.00      0.1397E-01
   82.00      0.1194E-01
   83.00      0.1018E-01
   84.00      0.8662E-02
   85.00      0.7368E-02
   86.00      0.6268E-02
   87.00      0.5339E-02
   88.00      0.4559E-02
   89.00      0.3906E-02
   90.00      0.3363E-02
   91.00      0.2912E-02
   92.00      0.2540E-02
   93.00      0.2233E-02
   94.00      0.1981E-02
   95.00      0.1773E-02
   96.00      0.1601E-02
   97.00      0.1459E-02
   98.00      0.1340E-02
   99.00      0.1241E-02
   100.0      0.1156E-02
   101.0      0.1083E-02
   102.0      0.1018E-02
   103.0      0.9608E-03
   104.0      0.9086E-03
   105.0      0.8602E-03
   106.0      0.8148E-03
   107.0      0.7716E-03
   108.0      0.7300E-03
   109.0      0.6897E-03
   110.0      0.6504E-03
   111.0      0.6120E-03
   112.0      0.5744E-03
   113.0      0.5376E-03
   114.0      0.5016E-03
   115.0      0.4664E-03
   116.0      0.4322E-03
   117.0      0.3990E-03
   118.0      0.3670E-03
   119.0      0.3361E-03
   120.0      0.3066E-03
   121.0      0.2784E-03
   122.0      0.2517E-03
   123.0      0.2265E-03
   124.0      0.2028E-03
   125.0      0.1807E-03
   126.0      0.1602E-03
   127.0      0.1412E-03
   128.0      0.1239E-03
   129.0      0.1080E-03
   130.0      0.9365E-04
   131.0      0.8072E-04
   132.0      0.6916E-04
   133.0      0.5889E-04
   134.0      0.4983E-04
   135.0      0.4191E-04
   136.0      0.3502E-04
   137.0      0.2909E-04
   138.0      0.2403E-04
   139.0      0.1974E-04
   140.0      0.1615E-04
   141.0      0.1317E-04
   142.0      0.1072E-04
   143.0      0.8749E-05
   144.0      0.7174E-05
   145.0      0.5942E-05
   146.0      0.4997E-05
   147.0      0.4293E-05
   148.0      0.3787E-05
   149.0      0.3443E-05
   150.0      0.3229E-05
   151.0      0.3117E-05
   152.0      0.3086E-05
   153.0      0.3116E-05
   154.0      0.3191E-05
   155.0      0.3300E-05
   156.0      0.3431E-05
   157.0      0.3576E-05
   158.0      0.3731E-05
   159.0      0.3889E-05
   160.0      0.4047E-05
   161.0      0.4203E-05
   162.0      0.4355E-05
   163.0      0.4502E-05
   164.0      0.4642E-05
   165.0      0.4775E-05
   166.0      0.4902E-05
   167.0      0.5021E-05
   168.0      0.5132E-05
   169.0      0.5236E-05
   170.0      0.5332E-05
   171.0      0.5420E-05
   172.0      0.5500E-05
   173.0      0.5571E-05
   174.0      0.5633E-05
   175.0      0.5687E-05
   176.0      0.5731E-05
   177.0      0.5766E-05
   178.0      0.5791E-05
   179.0      0.5806E-05
   180.0      0.5811E-05
 END
