           6           1           1
    0.0+     2 1  0.3359       0.000      0.3513E-02   0.000      0.1140E-03  0.5118E-03  0.1561E-02  0.3302    
    0.0-     1 1  0.3339       0.000      0.5533E-02  0.1609E-02  0.1393E-03  0.8488E-03   0.000      0.3258    
    0.0-     3 2  0.3392       0.000       0.000      0.7238E-03  0.4352E-05   0.000      0.3404E-02  0.3350    
    1.0+     0 1  0.9997       0.000      0.1211E-01  0.1812E-01  0.1452E-02  0.2402E-02   0.000      0.9656    
    1.0+     2 2   1.009       0.000      0.1652E-02  0.2427E-02  0.7780E-04  0.3583E-03  0.9910E-02  0.9950    
    1.0+     2 3   1.008       0.000      0.9948E-02  0.9528E-02  0.5241E-04  0.1452E-02  0.5072E-02  0.9817    
    1.0+     2 4   1.005       0.000      0.1768E-01  0.5365E-02  0.2206E-03  0.1333E-02  0.8418E-03  0.9799    
    1.0+     4 5   1.026       0.000       0.000      0.1064E-02  0.6847E-04   0.000      0.8906E-02   1.016    
    1.0-     1 1   1.003       0.000      0.1083E-01  0.1366E-01  0.1216E-02  0.2720E-02  0.3095E-02  0.9720    
    1.0-     1 2   1.002       0.000      0.1492E-01  0.1451E-01  0.8297E-03  0.2295E-02  0.1105E-02  0.9680    
    1.0-     3 3   1.018       0.000      0.1021E-02  0.9651E-03  0.6270E-04  0.1123E-03  0.9532E-02   1.006    
    1.0-     3 4   1.015       0.000      0.8827E-02  0.1743E-02  0.1548E-03  0.5657E-03  0.5149E-02  0.9986    
    2.0+     0 1   1.666       0.000      0.1083E-01  0.1794E-01  0.1306E-02  0.2275E-02  0.4811E-02   1.629    
    2.0+     2 2   1.682       0.000      0.8293E-02  0.1622E-01  0.2271E-02  0.1802E-02  0.1290E-01   1.641    
    2.0+     2 3   1.680       0.000      0.1469E-01  0.2563E-01  0.2729E-02  0.2150E-02  0.9796E-02   1.625    
    2.0+     2 4   1.676       0.000      0.2537E-01  0.2480E-01  0.7600E-03  0.1922E-02  0.4228E-02   1.619    
    2.0+     4 5   1.711       0.000      0.2226E-02  0.4432E-03  0.2014E-03  0.1417E-03  0.1336E-01   1.694    
    2.0+     4 6   1.706       0.000      0.1212E-01  0.1893E-02  0.7195E-03  0.8024E-03  0.8080E-02   1.683    
    2.0-     1 1   1.674       0.000      0.1004E-01  0.2175E-01  0.4119E-02  0.3072E-02  0.1004E-01   1.625    
    2.0-     1 2   1.672       0.000      0.1304E-01  0.2038E-01  0.3759E-02  0.3183E-02  0.8695E-02   1.623    
    2.0-     1 3   1.669       0.000      0.1956E-01  0.3027E-01  0.1851E-02  0.2913E-02  0.5590E-02   1.609    
    2.0-     3 4   1.696       0.000      0.5103E-02  0.5723E-02  0.4142E-04  0.5608E-03  0.1361E-01   1.671    
    2.0-     3 5   1.692       0.000      0.1378E-01  0.1434E-01  0.3643E-03  0.8826E-03  0.9189E-02   1.653    
    2.0-     3 6   1.686       0.000      0.2689E-01  0.6178E-02  0.7270E-03  0.9840E-03  0.1992E-02   1.650    
    2.0-     5 7   1.727       0.000       0.000      0.6166E-03  0.2184E-03   0.000      0.1197E-01   1.714    
    3.0+     0 1   2.333       0.000       0.000      0.6280E-02  0.3566E-03   0.000      0.1684E-01   2.309    
    3.0+     2 2   2.355       0.000      0.2322E-01  0.4831E-01  0.1310E-01  0.5046E-02  0.1032E-01   2.255    
    3.0+     2 3   2.351       0.000      0.1646E-01  0.1826E-01  0.4316E-02  0.2408E-02  0.1646E-01   2.294    
    3.0+     2 4   2.346       0.000      0.2664E-01  0.3338E-01  0.2626E-02  0.2018E-02  0.1184E-01   2.269    
    3.0+     4 5   2.395       0.000      0.7792E-02  0.9475E-02  0.1191E-03  0.4959E-03  0.1558E-01   2.361    
    3.0+     4 6   2.389       0.000      0.1595E-01  0.1378E-01  0.1325E-02  0.1056E-02  0.1199E-01   2.345    
    3.0+     4 7   2.381       0.000      0.3227E-01  0.4271E-02  0.2456E-02  0.2864E-02  0.2934E-02   2.336    
    3.0+     6 8   2.429       0.000       0.000      0.2728E-03  0.3683E-03   0.000      0.1352E-01   2.415    
    3.0-     1 1   2.341       0.000      0.7304E-02  0.2374E-01  0.4031E-02  0.1783E-02  0.1948E-01   2.285    
    3.0-     1 2   2.337       0.000      0.1565E-01  0.1118E-01  0.2109E-02  0.2331E-02  0.1565E-01   2.290    
    3.0-     3 3   2.374       0.000      0.1429E-01  0.3089E-01  0.5688E-02  0.1570E-02  0.1429E-01   2.308    
    3.0-     3 4   2.368       0.000      0.1737E-01  0.2477E-01  0.3399E-02  0.1112E-02  0.1415E-01   2.308    
    3.0-     3 5   2.361       0.000      0.3137E-01  0.2637E-01  0.1640E-02  0.1148E-02  0.6971E-02   2.293    
    3.0-     5 6   2.418       0.000      0.3018E-02  0.1381E-03  0.7792E-03  0.5999E-03  0.1475E-01   2.398    
    3.0-     5 7   2.410       0.000      0.1313E-01  0.9612E-03  0.1874E-02  0.3097E-02  0.9486E-02   2.382    
    4.0+     2 1   3.023       0.000      0.1408E-01  0.3862E-01  0.8413E-02  0.2138E-02  0.2582E-01   2.934    
    4.0+     2 2   3.016       0.000      0.1900E-01  0.7147E-02  0.1954E-02  0.1508E-02  0.2533E-01   2.961    
    4.0+     4 3   3.079       0.000      0.1803E-01  0.3854E-01  0.8172E-02  0.1147E-02  0.1469E-01   2.999    
    4.0+     4 4   3.071       0.000      0.1875E-01  0.2169E-01  0.3478E-02  0.1243E-02  0.1657E-01   3.010    
    4.0+     4 5   3.061       0.000      0.3393E-01  0.2243E-01  0.3773E-02  0.3016E-02  0.8797E-02   2.989    
    4.0+     6 6   3.124       0.000      0.3476E-02  0.3897E-04  0.2199E-02  0.2483E-02  0.1506E-01   3.100    
    4.0+     6 7   3.125       0.000      0.1276E-01  0.4340E-03  0.3114E-02  0.9169E-02  0.9722E-02   3.090    
    4.0-     1 1   3.005       0.000       0.000      0.1332E-01  0.1220E-02   0.000      0.3245E-01   2.958    
    4.0-     3 2   3.053       0.000      0.3057E-01  0.6182E-01  0.2056E-01  0.3360E-02  0.1019E-01   2.926    
    4.0-     3 3   3.045       0.000      0.1899E-01  0.2133E-01  0.5095E-02  0.1217E-02  0.2037E-01   2.978    
    4.0-     3 4   3.035       0.000      0.2954E-01  0.2893E-01  0.3192E-02  0.1084E-02  0.1611E-01   2.956    
    4.0-     5 5   3.108       0.000      0.9053E-02  0.1072E-01  0.3214E-03  0.1800E-02  0.1552E-01   3.071    
    4.0-     5 6   3.099       0.000      0.1595E-01  0.1052E-01  0.2800E-02  0.3761E-02  0.1282E-01   3.053    
    4.0-     5 7   3.087       0.000      0.3273E-01  0.1790E-02  0.4875E-02  0.9375E-02  0.3357E-02   3.035    
    4.0-     7 8   2.971       0.000       0.000      0.7282E-03  0.4506E-03   0.000      0.1653E-01   2.953    
    5.0+     2 1   3.686       0.000       0.000      0.1961E-01  0.2236E-02   0.000      0.4646E-01   3.618    
    5.0+     4 2   3.763       0.000      0.3427E-01  0.6541E-01  0.2300E-01  0.2181E-02  0.9791E-02   3.629    
    5.0+     4 3   3.754       0.000      0.2025E-01  0.2271E-01  0.5395E-02  0.1342E-02  0.2203E-01   3.682    
    5.0+     4 4   3.742       0.000      0.2995E-01  0.2206E-01  0.3541E-02  0.2662E-02  0.1843E-01   3.665    
    5.0+     6 5   3.818       0.000      0.9560E-02  0.1136E-01  0.5564E-03  0.6828E-02  0.1487E-01   3.775    
    5.0+     6 6   3.820       0.000      0.1480E-01  0.8609E-02  0.4379E-02  0.1064E-01  0.1241E-01   3.769    
    5.0+     6 7   3.816       0.000      0.2960E-01  0.9751E-03  0.6572E-02  0.2156E-01  0.3289E-02   3.754    
    5.0+     8 8   3.087       0.000       0.000      0.2316E-02  0.2968E-03   0.000      0.1725E-01   3.067    
    5.0-     3 1   3.722       0.000      0.1815E-01  0.4639E-01  0.1172E-01  0.1169E-02  0.2823E-01   3.616    
    5.0-     3 2   3.710       0.000      0.1967E-01  0.4676E-02  0.1744E-02  0.7237E-03  0.3060E-01   3.652    
    5.0-     5 3   3.799       0.000      0.1897E-01  0.3691E-01  0.9592E-02  0.3771E-02  0.1370E-01   3.716    
    5.0-     5 4   3.788       0.000      0.1806E-01  0.1671E-01  0.3420E-02  0.4258E-02  0.1663E-01   3.728    
    5.0-     5 5   3.773       0.000      0.3231E-01  0.1609E-01  0.6231E-02  0.9255E-02  0.9231E-02   3.700    
    5.0-     7 6   3.631       0.000      0.4330E-02  0.7266E-04  0.5262E-02  0.7689E-02  0.1732E-01   3.597    
    5.0-     7 7   3.687       0.000      0.1391E-01  0.1553E-02  0.4674E-02  0.2410E-01  0.1101E-01   3.631    
    6.0+     4 1   4.436       0.000      0.2015E-01  0.4713E-01  0.1211E-01  0.1335E-02  0.2855E-01   4.327    
    6.0+     4 2   4.422       0.000      0.1906E-01  0.2999E-02  0.1789E-02  0.1693E-02  0.3267E-01   4.364    
    6.0+     6 3   4.512       0.000      0.1883E-01  0.3531E-01  0.1415E-01  0.1345E-01  0.1255E-01   4.418    
    6.0+     6 4   4.515       0.000      0.1636E-01  0.1391E-01  0.4613E-02  0.1176E-01  0.1542E-01   4.453    
    6.0+     6 5   4.510       0.000      0.2798E-01  0.1300E-01  0.7624E-02  0.2038E-01  0.8550E-02   4.432    
    6.0+     8 6   3.648       0.000      0.4588E-02  0.1710E-03  0.7646E-02  0.1324E-01  0.1733E-01   3.605    
    6.0+     8 7   3.772       0.000      0.1384E-01  0.4899E-02  0.4954E-02  0.3941E-01  0.1127E-01   3.698    
    6.0-     3 1   4.384       0.000       0.000      0.2207E-01  0.2740E-02   0.000      0.5155E-01   4.308    
    6.0-     5 2   4.490       0.000      0.3362E-01  0.5734E-01  0.2198E-01  0.6684E-02  0.8716E-02   4.362    
    6.0-     5 3   4.476       0.000      0.1931E-01  0.2010E-01  0.5649E-02  0.4553E-02  0.2100E-01   4.406    
    6.0-     5 4   4.459       0.000      0.2727E-01  0.1475E-01  0.3788E-02  0.7811E-02  0.1818E-01   4.388    
    6.0-     7 5   4.292       0.000      0.1126E-01  0.1269E-01  0.8104E-03  0.1999E-01  0.1638E-01   4.230    
    6.0-     7 6   4.357       0.000      0.1567E-01  0.9940E-02  0.6932E-02  0.2714E-01  0.1353E-01   4.284    
    6.0-     7 7   4.419       0.000      0.3014E-01  0.3305E-02  0.8593E-02  0.5057E-01  0.3546E-02   4.322    
    6.0-     9 8   2.715       0.000       0.000      0.3358E-02  0.2757E-03   0.000      0.1273E-01   2.698    
    7.0+     4 1   5.102       0.000       0.000      0.2162E-01  0.2600E-02   0.000      0.5230E-01   5.026    
    7.0+     6 2   5.206       0.000      0.3187E-01  0.5162E-01  0.2718E-01  0.2276E-01  0.7725E-02   5.065    
    7.0+     6 3   5.209       0.000      0.1736E-01  0.1802E-01  0.8418E-02  0.1248E-01  0.1881E-01   5.134    
    7.0+     6 4   5.203       0.000      0.2287E-01  0.1115E-01  0.5353E-02  0.1666E-01  0.1614E-01   5.131    
    7.0+     8 5   4.209       0.000      0.1147E-01  0.1156E-01  0.7910E-03  0.3310E-01  0.1588E-01   4.136    
    7.0+     8 6   4.353       0.000      0.1528E-01  0.1226E-01  0.8323E-02  0.4350E-01  0.1347E-01   4.260    
    7.0+     8 7   4.512       0.000      0.2974E-01  0.9334E-02  0.8980E-02  0.8328E-01  0.3653E-02   4.377    
    7.0+    10 8   2.076       0.000       0.000      0.2721E-02  0.4370E-03   0.000      0.6963E-02   2.066    
    7.0-     5 1   5.165       0.000      0.1954E-01  0.3994E-01  0.1065E-01  0.4608E-02  0.2605E-01   5.064    
    7.0-     5 2   5.146       0.000      0.1678E-01  0.1748E-02  0.2465E-02  0.4807E-02  0.3076E-01   5.089    
    7.0-     7 3   4.952       0.000      0.2126E-01  0.3710E-01  0.2019E-01  0.3775E-01  0.1338E-01   4.822    
    7.0-     7 4   5.027       0.000      0.1705E-01  0.1485E-01  0.6602E-02  0.2952E-01  0.1630E-01   4.943    
    7.0-     7 5   5.098       0.000      0.2762E-01  0.1672E-01  0.9491E-02  0.4634E-01  0.8865E-02   4.989    
    7.0-     9 6   3.132       0.000      0.3428E-02  0.1913E-03  0.6508E-02  0.1286E-01  0.1241E-01   3.097    
    7.0-     9 7   3.277       0.000      0.9979E-02  0.7066E-02  0.4200E-02  0.3718E-01  0.8316E-02   3.211    
    8.0+     6 1   5.904       0.000      0.1770E-01  0.3443E-01  0.1321E-01  0.1273E-01  0.2262E-01   5.803    
    8.0+     6 2   5.897       0.000      0.1372E-01  0.1079E-02  0.4124E-02  0.9995E-02  0.2642E-01   5.842    
    8.0+     8 3   4.770       0.000      0.2100E-01  0.3275E-01  0.2033E-01  0.6059E-01  0.1267E-01   4.623    
    8.0+     8 4   4.933       0.000      0.1642E-01  0.1526E-01  0.6714E-02  0.4676E-01  0.1586E-01   4.832    
    8.0+     8 5   5.114       0.000      0.2661E-01  0.2345E-01  0.1001E-01  0.7451E-01  0.8871E-02   4.971    
    8.0+    10 6   2.353       0.000      0.1894E-02  0.1233E-03  0.3767E-02  0.8270E-02  0.6629E-02   2.333    
    8.0+    10 7   2.466       0.000      0.5343E-02  0.5699E-02  0.3518E-02  0.2326E-01  0.4533E-02   2.424    
    8.0-     5 1   5.832       0.000       0.000      0.1782E-01  0.2046E-02   0.000      0.4750E-01   5.764    
    8.0-     7 2   5.612       0.000      0.3480E-01  0.5066E-01  0.3214E-01  0.6179E-01  0.8030E-02   5.425    
    8.0-     7 3   5.698       0.000      0.1797E-01  0.1870E-01  0.1344E-01  0.3113E-01  0.1937E-01   5.597    
    8.0-     7 4   5.778       0.000      0.2203E-01  0.1310E-01  0.8652E-02  0.3696E-01  0.1623E-01   5.681    
    8.0-     9 5   3.550       0.000      0.8326E-02  0.7977E-02  0.7342E-03  0.3122E-01  0.1110E-01   3.491    
    8.0-     9 6   3.714       0.000      0.1086E-01  0.1173E-01  0.7406E-02  0.4046E-01  0.9727E-02   3.634    
    8.0-     9 7   3.909       0.000      0.2169E-01  0.1299E-01  0.8099E-02  0.8017E-01  0.2754E-02   3.783    
    8.0-    11 8   1.438       0.000       0.000      0.1522E-02  0.4123E-03   0.000      0.3130E-02   1.432    
    9.0+     6 1   6.591       0.000       0.000      0.1477E-01  0.2556E-02   0.000      0.3976E-01   6.534    
    9.0+     8 2   5.332       0.000      0.3353E-01  0.4026E-01  0.2673E-01  0.9675E-01  0.7450E-02   5.127    
    9.0+     8 3   5.513       0.000      0.1723E-01  0.1673E-01  0.1525E-01  0.4906E-01  0.1848E-01   5.397    
    9.0+     8 4   5.716       0.000      0.2082E-01  0.1679E-01  0.9898E-02  0.5830E-01  0.1586E-01   5.594    
    9.0+    10 5   2.630       0.000      0.4498E-02  0.4362E-02  0.7609E-03  0.1964E-01  0.5821E-02   2.595    
    9.0+    10 6   2.756       0.000      0.5749E-02  0.7880E-02  0.5520E-02  0.2503E-01  0.5215E-02   2.707    
    9.0+    10 7   2.908       0.000      0.1165E-01  0.1024E-01  0.7138E-02  0.5052E-01  0.1520E-02   2.827    
    9.0+    12 8  0.9330       0.000       0.000      0.6866E-03  0.2521E-03   0.000      0.1258E-02  0.9308    
    9.0-     7 1   6.368       0.000      0.1840E-01  0.3395E-01  0.1704E-01  0.3187E-01  0.2278E-01   6.244    
    9.0-     7 2   6.458       0.000      0.1296E-01  0.8425E-03  0.7663E-02  0.2174E-01  0.2591E-01   6.389    
    9.0-     9 3   3.968       0.000      0.1489E-01  0.2224E-01  0.1418E-01  0.5583E-01  0.8685E-02   3.852    
    9.0-     9 4   4.151       0.000      0.1157E-01  0.1236E-01  0.4651E-02  0.4310E-01  0.1125E-01   4.068    
    9.0-     9 5   4.369       0.000      0.1904E-01  0.2403E-01  0.9355E-02  0.7040E-01  0.6540E-02   4.239    
    9.0-    11 6   1.607       0.000      0.8588E-03  0.5624E-04  0.1719E-02  0.4108E-02  0.2926E-02   1.597    
    9.0-    11 7   1.675       0.000      0.2349E-02  0.3165E-02  0.2431E-02  0.1122E-01  0.2023E-02   1.654    
   10.0+     8 1   6.094       0.000      0.1766E-01  0.2793E-01  0.1510E-01  0.5030E-01  0.2134E-01   5.961    
   10.0+     8 2   6.317       0.000      0.1205E-01  0.5880E-03  0.1052E-01  0.3375E-01  0.2484E-01   6.236    
   10.0+    10 3   2.907       0.000      0.7896E-02  0.1199E-01  0.7451E-02  0.3448E-01  0.4484E-02   2.841    
   10.0+    10 4   3.047       0.000      0.6082E-02  0.7511E-02  0.2468E-02  0.2647E-01  0.5946E-02   2.998    
   10.0+    10 5   3.214       0.000      0.1008E-01  0.1654E-01  0.8144E-02  0.4370E-01  0.3546E-02   3.132    
   10.0+    12 6   1.031       0.000      0.3476E-03  0.2108E-04  0.6837E-03  0.1757E-02  0.1159E-02   1.027    
   10.0+    12 7   1.067       0.000      0.9240E-03  0.1416E-02  0.1297E-02  0.4667E-02  0.8055E-03   1.058    
   10.0-     7 1   7.138       0.000       0.000      0.1490E-01  0.3818E-02   0.000      0.3819E-01   7.081    
   10.0-     9 2   4.385       0.000      0.2331E-01  0.2380E-01  0.1615E-01  0.8742E-01  0.5028E-02   4.230    
   10.0-     9 3   4.588       0.000      0.1209E-01  0.1139E-01  0.1149E-01  0.4503E-01  0.1290E-01   4.495    
   10.0-     9 4   4.828       0.000      0.1467E-01  0.1617E-01  0.7276E-02  0.5423E-01  0.1148E-01   4.725    
   10.0-    11 5   1.776       0.000      0.2004E-02  0.2010E-02  0.5978E-03  0.9586E-02  0.2531E-02   1.759    
   10.0-    11 6   1.851       0.000      0.2507E-02  0.3990E-02  0.3335E-02  0.1197E-01  0.2296E-02   1.827    
   10.0-    11 7   1.941       0.000      0.5097E-02  0.5561E-02  0.4951E-02  0.2430E-01  0.6797E-03   1.901    
   10.0-    13 8  0.5817       0.000       0.000      0.2756E-03  0.1192E-03   0.000      0.4755E-03  0.5808    
   11.0+     8 1   6.919       0.000       0.000      0.1304E-01  0.3709E-02   0.000      0.3600E-01   6.866    
   11.0+    10 2   3.184       0.000      0.1217E-01  0.1121E-01  0.7784E-02  0.5315E-01  0.2562E-02   3.097    
   11.0+    10 3   3.337       0.000      0.6333E-02  0.6106E-02  0.6254E-02  0.2756E-01  0.6731E-02   3.284    
   11.0+    10 4   3.520       0.000      0.7665E-02  0.1071E-01  0.3796E-02  0.3324E-01  0.6132E-02   3.459    
   11.0+    12 5   1.129       0.000      0.7994E-03  0.8273E-03  0.3412E-03  0.4041E-02  0.9898E-03   1.122    
   11.0+    12 6   1.168       0.000      0.9790E-03  0.1692E-02  0.1626E-02  0.4945E-02  0.9042E-03   1.158    
   11.0+    12 7   1.214       0.000      0.1988E-02  0.2437E-02  0.2604E-02  0.1003E-01  0.2699E-03   1.196    
   11.0+    14 8  0.3535       0.000       0.000      0.1040E-03  0.4891E-04   0.000      0.1740E-03  0.3531    
   11.0-     9 1   5.025       0.000      0.1239E-01  0.1695E-01  0.9425E-02  0.4618E-01  0.1469E-01   4.926    
   11.0-     9 2   5.288       0.000      0.8383E-02  0.3057E-03  0.8880E-02  0.3099E-01  0.1770E-01   5.222    
   11.0-    11 3   1.945       0.000      0.3465E-02  0.5429E-02  0.3256E-02  0.1658E-01  0.1925E-02   1.914    
   11.0-    11 4   2.028       0.000      0.2637E-02  0.3606E-02  0.1120E-02  0.1259E-01  0.2587E-02   2.005    
   11.0-    11 5   2.126       0.000      0.4355E-02  0.8398E-02  0.5460E-02  0.2076E-01  0.1563E-02   2.085    
   11.0-    13 6  0.6371       0.000      0.1322E-03  0.7144E-05  0.2519E-03  0.6912E-03  0.4327E-03  0.6355    
   11.0-    13 7  0.6539       0.000      0.3426E-03  0.5641E-03  0.5722E-03  0.1790E-02  0.3018E-03  0.6503    
   12.0+    10 1   3.627       0.000      0.6494E-02  0.8081E-02  0.4606E-02  0.2827E-01  0.7576E-02   3.572    
   12.0+    10 2   3.826       0.000      0.4332E-02  0.1244E-03  0.5070E-02  0.1879E-01  0.9331E-02   3.789    
   12.0+    12 3   1.228       0.000      0.1366E-02  0.2191E-02  0.1274E-02  0.6903E-02  0.7448E-03   1.215    
   12.0+    12 4   1.270       0.000      0.1025E-02  0.1486E-02  0.4589E-03  0.5178E-02  0.1009E-02   1.261    
   12.0+    12 5   1.319       0.000      0.1680E-02  0.3541E-02  0.2787E-02  0.8480E-02  0.6134E-03   1.302    
   12.0+    14 6  0.3842       0.000      0.4862E-04  0.2306E-05  0.8907E-04  0.2594E-03  0.1567E-03  0.3836    
   12.0+    14 7  0.3918       0.000      0.1232E-03  0.2115E-03  0.2253E-03  0.6574E-03  0.1095E-03  0.3904    
   12.0-     9 1   5.748       0.000       0.000      0.8308E-02  0.2406E-02   0.000      0.2531E-01   5.712    
   12.0-    11 2   2.114       0.000      0.5273E-02  0.4581E-02  0.3250E-02  0.2523E-01  0.1088E-02   2.075    
   12.0-    11 3   2.204       0.000      0.2737E-02  0.2742E-02  0.2760E-02  0.1307E-01  0.2898E-02   2.180    
   12.0-    11 4   2.311       0.000      0.3277E-02  0.5296E-02  0.1596E-02  0.1562E-01  0.2670E-02   2.282    
   12.0-    13 5  0.6925       0.000      0.3005E-03  0.3186E-03  0.1569E-03  0.1571E-02  0.3658E-03  0.6897    
   12.0-    13 6  0.7108       0.000      0.3610E-03  0.6505E-03  0.6780E-03  0.1887E-02  0.3356E-03  0.7069    
   12.0-    13 7  0.7317       0.000      0.7303E-03  0.9534E-03  0.1129E-02  0.3815E-02  0.1007E-03  0.7250    
   12.0-    15 8  0.2112       0.000       0.000      0.3787E-04  0.1857E-04   0.000      0.6253E-04  0.2110    
   13.0+    10 1   4.132       0.000       0.000      0.4064E-02  0.1186E-02   0.000      0.1320E-01   4.114    
   13.0+    12 2   1.326       0.000      0.2056E-02  0.1727E-02  0.1245E-02  0.1039E-01  0.4171E-03   1.310    
   13.0+    12 3   1.372       0.000      0.1061E-02  0.1099E-02  0.1077E-02  0.5362E-02  0.1120E-02   1.362    
   13.0+    12 4   1.425       0.000      0.1253E-02  0.2189E-02  0.5942E-03  0.6324E-02  0.1037E-02   1.413    
   13.0+    14 5  0.4149       0.000      0.1094E-03  0.1182E-03  0.6359E-04  0.5837E-03  0.1313E-03  0.4139    
   13.0+    14 6  0.4231       0.000      0.1293E-03  0.2378E-03  0.2572E-03  0.6894E-03  0.1209E-03  0.4217    
   13.0+    14 7  0.4323       0.000      0.2606E-03  0.3522E-03  0.4379E-03  0.1390E-02  0.3643E-04  0.4298    
   13.0+    16 8  0.1246       0.000       0.000      0.1350E-04  0.6768E-05   0.000      0.2225E-04  0.1246    
   13.0-    11 1   2.380       0.000      0.2805E-02  0.3307E-02  0.1930E-02  0.1340E-01  0.3230E-02   2.356    
   13.0-    11 2   2.496       0.000      0.1835E-02  0.4343E-04  0.2260E-02  0.8749E-02  0.4020E-02   2.479    
   13.0-    13 3  0.7478       0.000      0.5079E-03  0.8278E-03  0.4679E-03  0.2656E-02  0.2728E-03  0.7431    
   13.0-    13 4  0.7676       0.000      0.3765E-03  0.5631E-03  0.1748E-03  0.1968E-02  0.3714E-03  0.7642    
   13.0-    13 5  0.7902       0.000      0.6119E-03  0.1352E-02  0.1181E-02  0.3197E-02  0.2266E-03  0.7836    
   13.0-    15 6  0.2281       0.000      0.1756E-04  0.7271E-06  0.3085E-04  0.9478E-04  0.5583E-04  0.2279    
   13.0-    15 7  0.2313       0.000      0.4367E-04  0.7667E-04  0.8328E-04  0.2357E-03  0.3912E-04  0.2309    
   14.0+    12 1   1.473       0.000      0.1087E-02  0.1243E-02  0.7385E-03  0.5492E-02  0.1238E-02   1.463    
   14.0+    12 2   1.530       0.000      0.6961E-03  0.1399E-04  0.8753E-03  0.3513E-02  0.1547E-02   1.524    
   14.0+    14 3  0.4457       0.000      0.1833E-03  0.3016E-03  0.1660E-03  0.9780E-03  0.9713E-04  0.4439    
   14.0+    14 4  0.4545       0.000      0.1344E-03  0.2041E-03  0.6349E-04  0.7168E-03  0.1328E-03  0.4532    
   14.0+    14 5  0.4643       0.000      0.2167E-03  0.4908E-03  0.4499E-03  0.1156E-02  0.8126E-04  0.4619    
   14.0+    16 6  0.1339       0.000      0.6272E-05  0.2266E-06  0.1059E-04  0.3412E-04  0.1971E-04  0.1338    
   14.0+    16 7  0.1353       0.000      0.1535E-04  0.2724E-04  0.2977E-04  0.8351E-04  0.1385E-04  0.1351    
   14.0-    11 1   2.681       0.000       0.000      0.1679E-02  0.4944E-03   0.000      0.5631E-02   2.673    
   14.0-    13 2  0.8032       0.000      0.7577E-03  0.6244E-03  0.4534E-03  0.3962E-02  0.1515E-03  0.7973    
   14.0-    13 3  0.8245       0.000      0.3890E-03  0.4129E-03  0.3925E-03  0.2033E-02  0.4092E-03  0.8209    
   14.0-    13 4  0.8487       0.000      0.4528E-03  0.8226E-03  0.2077E-03  0.2365E-02  0.3797E-03  0.8445    
   14.0-    15 5  0.2449       0.000      0.3917E-04  0.4288E-04  0.2403E-04  0.2114E-03  0.4642E-04  0.2446    
   14.0-    15 6  0.2485       0.000      0.4562E-04  0.8453E-04  0.9258E-04  0.2463E-03  0.4288E-04  0.2480    
   14.0-    15 7  0.2524       0.000      0.9172E-04  0.1262E-03  0.1598E-03  0.4950E-03  0.1297E-04  0.2515    
   14.0-    17 8  0.7290E-01   0.000       0.000      0.4755E-05  0.2415E-05   0.000      0.7862E-05  0.7288E-01
   15.0+    12 1   1.636       0.000       0.000      0.6319E-03  0.1875E-03   0.000      0.2150E-02   1.633    
   15.0+    14 2  0.4764       0.000      0.2713E-03  0.2210E-03  0.1606E-03  0.1447E-02  0.5359E-04  0.4742    
   15.0+    14 3  0.4858       0.000      0.1386E-03  0.1499E-03  0.1379E-03  0.7391E-03  0.1453E-03  0.4845    
   15.0+    14 4  0.4963       0.000      0.1593E-03  0.2947E-03  0.7040E-04  0.8492E-03  0.1351E-03  0.4948    
   15.0+    16 5  0.1431       0.000      0.1389E-04  0.1533E-04  0.8745E-05  0.7556E-04  0.1628E-04  0.1430    
   15.0+    16 6  0.1446       0.000      0.1598E-04  0.2957E-04  0.3245E-04  0.8695E-04  0.1508E-04  0.1444    
   15.0+    16 7  0.1462       0.000      0.3206E-04  0.4439E-04  0.5654E-04  0.1744E-03  0.4580E-05  0.1459    
   15.0+    18 8  0.4233E-01   0.000       0.000      0.1665E-05  0.8533E-06   0.000      0.2765E-05  0.4232E-01
   15.0-    13 1  0.8814       0.000      0.3981E-03  0.4469E-03  0.2682E-03  0.2081E-02  0.4492E-03  0.8777    
   15.0-    13 2  0.9073       0.000      0.2498E-03  0.4349E-05  0.3143E-03  0.1305E-02  0.5620E-03  0.9048    
   15.0-    15 3  0.2618       0.000      0.6513E-04  0.1077E-03  0.5788E-04  0.3516E-03  0.3412E-04  0.2612    
   15.0-    15 4  0.2656       0.000      0.4730E-04  0.7223E-04  0.2243E-04  0.2553E-03  0.4681E-04  0.2652    
   15.0-    15 5  0.2698       0.000      0.7576E-04  0.1735E-03  0.1618E-03  0.4089E-03  0.2872E-04  0.2689    
   15.0-    17 6  0.7792E-01   0.000      0.2225E-05  0.7036E-07  0.3628E-05  0.1218E-04  0.6921E-05  0.7790E-01
   15.0-    17 7  0.7851E-01   0.000      0.5369E-05  0.9568E-05  0.1047E-04  0.2940E-04  0.4872E-05  0.7845E-01
   16.0+    14 1  0.5171       0.000      0.1417E-03  0.1573E-03  0.9467E-04  0.7559E-03  0.1586E-03  0.5158    
   16.0+    14 2  0.5283       0.000      0.8733E-04  0.1335E-05  0.1086E-03  0.4657E-03  0.1986E-03  0.5275    
   16.0+    16 3  0.1523       0.000      0.2294E-04  0.3795E-04  0.2003E-04  0.1248E-03  0.1190E-04  0.1521    
   16.0+    16 4  0.1539       0.000      0.1653E-04  0.2521E-04  0.7814E-05  0.8993E-04  0.1638E-04  0.1538    
   16.0+    16 5  0.1556       0.000      0.2633E-04  0.6042E-04  0.5658E-04  0.1432E-03  0.1008E-04  0.1553    
   16.0+    18 6  0.4506E-01   0.000      0.7849E-06  0.2188E-07  0.1243E-05  0.4323E-05  0.2420E-05  0.4505E-01
   16.0+    18 7  0.4530E-01   0.000      0.1872E-05  0.3343E-05  0.3660E-05  0.1031E-04  0.1708E-05  0.4528E-01
   16.0-    13 1  0.9658       0.000       0.000      0.2269E-03  0.6750E-04   0.000      0.7756E-03  0.9647    
   16.0-    15 2  0.2787       0.000      0.9574E-04  0.7738E-04  0.5605E-04  0.5169E-03  0.1871E-04  0.2780    
   16.0-    15 3  0.2828       0.000      0.4869E-04  0.5336E-04  0.4763E-04  0.2628E-03  0.5094E-04  0.2823    
   16.0-    15 4  0.2872       0.000      0.5535E-04  0.1030E-03  0.2357E-04  0.2987E-03  0.4744E-04  0.2866    
   16.0-    17 5  0.8295E-01   0.000      0.4894E-05  0.5432E-05  0.3121E-05  0.2680E-04  0.5684E-05  0.8291E-01
   16.0-    17 6  0.8357E-01   0.000      0.5575E-05  0.1025E-04  0.1124E-04  0.3052E-04  0.5281E-05  0.8351E-01
   16.0-    17 7  0.8424E-01   0.000      0.1116E-04  0.1547E-04  0.1972E-04  0.6112E-04  0.1609E-05  0.8413E-01
   16.0-    19 8  0.2443E-01   0.000       0.000      0.5809E-06  0.3004E-06   0.000      0.9682E-06  0.2443E-01
   17.0+    14 1  0.5603       0.000       0.000      0.7967E-04  0.2364E-04   0.000      0.2724E-03  0.5600    
   17.0+    16 2  0.1616       0.000      0.3352E-04  0.2691E-04  0.1945E-04  0.1824E-03  0.6489E-05  0.1613    
   17.0+    16 3  0.1632       0.000      0.1699E-04  0.1877E-04  0.1634E-04  0.9241E-04  0.1774E-04  0.1631    
   17.0+    16 4  0.1651       0.000      0.1913E-04  0.3551E-04  0.7870E-05  0.1041E-03  0.1655E-04  0.1649    
   17.0+    18 5  0.4779E-01   0.000      0.1717E-05  0.1913E-05  0.1104E-05  0.9457E-05  0.1977E-05  0.4777E-01
   17.0+    18 6  0.4804E-01   0.000      0.1939E-05  0.3543E-05  0.3878E-05  0.1068E-04  0.1842E-05  0.4802E-01
   17.0+    18 7  0.4831E-01   0.000      0.3878E-05  0.5371E-05  0.6847E-05  0.2135E-04  0.5634E-06  0.4827E-01
   17.0+    20 8  0.1403E-01   0.000       0.000      0.2020E-06  0.1055E-06   0.000      0.3372E-06  0.1402E-01
   17.0-    15 1  0.2999       0.000      0.4976E-04  0.5481E-04  0.3295E-04  0.2686E-03  0.5528E-04  0.2994    
   17.0-    15 2  0.3046       0.000      0.3019E-04  0.4092E-06  0.3691E-04  0.1629E-03  0.6932E-04  0.3043    
   17.0-    17 3  0.8798E-01   0.000      0.8037E-05  0.1327E-04  0.6917E-05  0.4401E-04  0.4130E-05  0.8790E-01
   17.0-    17 4  0.8864E-01   0.000      0.5754E-05  0.8735E-05  0.2706E-05  0.3150E-04  0.5707E-05  0.8858E-01
   17.0-    17 5  0.8934E-01   0.000      0.9120E-05  0.2088E-04  0.1954E-04  0.4993E-04  0.3520E-05  0.8924E-01
   17.0-    19 6  0.2591E-01   0.000      0.2756E-06  0.6827E-08  0.4258E-06  0.1527E-05  0.8431E-06  0.2591E-01
   17.0-    19 7  0.2601E-01   0.000      0.6505E-06  0.1165E-05  0.1277E-05  0.3604E-05  0.5963E-06  0.2600E-01
   18.0+    16 1  0.1726       0.000      0.1735E-04  0.1898E-04  0.1140E-04  0.9438E-04  0.1916E-04  0.1724    
   18.0+    16 2  0.1745       0.000      0.1039E-04  0.1256E-06  0.1247E-04  0.5649E-04  0.2405E-04  0.1744    
   18.0+    18 3  0.5052E-01   0.000      0.2805E-05  0.4620E-05  0.2387E-05  0.1545E-04  0.1430E-05  0.5049E-01
   18.0+    18 4  0.5079E-01   0.000      0.1997E-05  0.3016E-05  0.9356E-06  0.1100E-04  0.1983E-05  0.5077E-01
   18.0+    18 5  0.5107E-01   0.000      0.3153E-05  0.7196E-05  0.6722E-05  0.1736E-04  0.1226E-05  0.5104E-01
   18.0+    20 6  0.1483E-01   0.000      0.9625E-07  0.2136E-08  0.1456E-06  0.5367E-06  0.2923E-06  0.1483E-01
   18.0+    20 7  0.1487E-01   0.000      0.2251E-06  0.4048E-06  0.4447E-06  0.1255E-05  0.2072E-06  0.1486E-01
   18.0-    15 1  0.3220       0.000       0.000      0.2769E-04  0.8172E-05   0.000      0.9456E-04  0.3219    
   18.0-    17 2  0.9301E-01   0.000      0.1168E-04  0.9322E-05  0.6735E-05  0.6397E-04  0.2242E-05  0.9291E-01
   18.0-    17 3  0.9370E-01   0.000      0.5904E-05  0.6560E-05  0.5596E-05  0.3233E-04  0.6152E-05  0.9364E-01
   18.0-    17 4  0.9445E-01   0.000      0.6597E-05  0.1216E-04  0.2634E-05  0.3611E-04  0.5751E-05  0.9438E-01
   18.0-    19 5  0.2739E-01   0.000      0.5999E-06  0.6704E-06  0.3890E-06  0.3324E-05  0.6856E-06  0.2738E-01
   18.0-    19 6  0.2749E-01   0.000      0.6722E-06  0.1222E-05  0.1337E-05  0.3724E-05  0.6407E-06  0.2748E-01
   18.0-    19 7  0.2760E-01   0.000      0.1343E-05  0.1862E-05  0.2375E-05  0.7443E-05  0.1966E-06  0.2759E-01
   18.0-    21 8  0.8016E-02   0.000       0.000      0.7000E-07  0.3688E-07   0.000      0.1167E-06  0.8016E-02
   19.0+    16 1  0.1839       0.000       0.000      0.9567E-05  0.2813E-05   0.000      0.3265E-04  0.1839    
   19.0+    18 2  0.5325E-01   0.000      0.4058E-05  0.3219E-05  0.2329E-05  0.2235E-04  0.7730E-06  0.5322E-01
   19.0+    18 3  0.5353E-01   0.000      0.2047E-05  0.2282E-05  0.1918E-05  0.1127E-04  0.2128E-05  0.5351E-01
   19.0+    18 4  0.5383E-01   0.000      0.2271E-05  0.4159E-05  0.8842E-06  0.1251E-04  0.1994E-05  0.5381E-01
   19.0+    20 5  0.1563E-01   0.000      0.2085E-06  0.2338E-06  0.1367E-06  0.1163E-05  0.2367E-06  0.1563E-01
   19.0+    20 6  0.1567E-01   0.000      0.2321E-06  0.4206E-06  0.4605E-06  0.1294E-05  0.2218E-06  0.1567E-01
   19.0+    20 7  0.1571E-01   0.000      0.4637E-06  0.6439E-06  0.8233E-06  0.2585E-05  0.6829E-07  0.1571E-01
   19.0+    22 8  0.4563E-02   0.000       0.000      0.2415E-07  0.1282E-07   0.000      0.4021E-07  0.4563E-02
   19.0-    17 1  0.9877E-01   0.000      0.6025E-05  0.6549E-05  0.3939E-05  0.3299E-04  0.6616E-05  0.9871E-01
   19.0-    17 2  0.9955E-01   0.000      0.3566E-05  0.3870E-07  0.4211E-05  0.1952E-04  0.8320E-05  0.9952E-01
   19.0-    19 3  0.2887E-01   0.000      0.9756E-06  0.1603E-05  0.8222E-06  0.5405E-05  0.4938E-06  0.2886E-01
   19.0-    19 4  0.2898E-01   0.000      0.6913E-06  0.1040E-05  0.3233E-06  0.3830E-05  0.6868E-06  0.2897E-01
   19.0-    19 5  0.2909E-01   0.000      0.1088E-05  0.2477E-05  0.2313E-05  0.6027E-05  0.4260E-06  0.2908E-01
   19.0-    21 6  0.8449E-02   0.000      0.3340E-07  0.6692E-09  0.4962E-07  0.1873E-06  0.1008E-06  0.8449E-02
   19.0-    21 7  0.8465E-02   0.000      0.7746E-07  0.1401E-06  0.1544E-06  0.4345E-06  0.7159E-07  0.8464E-02
   20.0+    18 1  0.5628E-01   0.000      0.2087E-05  0.2254E-05  0.1360E-05  0.1150E-04  0.2281E-05  0.5626E-01
   20.0+    18 2  0.5660E-01   0.000      0.1223E-05  0.1196E-07  0.1426E-05  0.6735E-05  0.2873E-05  0.5658E-01
   20.0+    20 3  0.1643E-01   0.000      0.3377E-06  0.5540E-06  0.2823E-06  0.1883E-05  0.1699E-06  0.1643E-01
   20.0+    20 4  0.1647E-01   0.000      0.2384E-06  0.3575E-06  0.1115E-06  0.1329E-05  0.2370E-06  0.1647E-01
   20.0+    20 5  0.1652E-01   0.000      0.3741E-06  0.8512E-06  0.7958E-06  0.2086E-05  0.1474E-06  0.1651E-01
   20.0+    22 6  0.4797E-02   0.000      0.1153E-07  0.2098E-09  0.1682E-07  0.6486E-07  0.3458E-07  0.4797E-02
   20.0+    22 7  0.4803E-02   0.000      0.2654E-07  0.4832E-07  0.5334E-07  0.1493E-06  0.2462E-07  0.4803E-02
   20.0-    17 1  0.1047       0.000       0.000      0.3295E-05  0.9672E-06   0.000      0.1125E-04  0.1046    
   20.0-    19 2  0.3035E-01   0.000      0.1406E-05  0.1108E-05  0.8035E-06  0.7787E-05  0.2659E-06  0.3034E-01
   20.0-    19 3  0.3046E-01   0.000      0.7077E-06  0.7915E-06  0.6568E-06  0.3921E-05  0.7347E-06  0.3046E-01
   20.0-    19 4  0.3059E-01   0.000      0.7807E-06  0.1421E-05  0.2974E-06  0.4325E-05  0.6899E-06  0.3058E-01
   20.0-    21 5  0.8882E-02   0.000      0.7207E-07  0.8115E-07  0.4780E-07  0.4043E-06  0.8131E-07  0.8882E-02
   20.0-    21 6  0.8899E-02   0.000      0.7975E-07  0.1443E-06  0.1582E-06  0.4473E-06  0.7639E-07  0.8898E-02
   20.0-    21 7  0.8916E-02   0.000      0.1593E-06  0.2221E-06  0.2848E-06  0.8933E-06  0.2359E-07  0.8915E-02
   20.0-    23 8  0.2588E-02   0.000       0.000      0.8299E-08  0.4428E-08   0.000      0.1381E-07  0.2588E-02
   21.0+    18 1  0.5936E-01   0.000       0.000      0.1132E-05  0.3324E-06   0.000      0.3868E-05  0.5935E-01
   21.0+    20 2  0.1723E-01   0.000      0.4847E-06  0.3800E-06  0.2760E-06  0.2703E-05  0.9114E-07  0.1723E-01
   21.0+    20 3  0.1728E-01   0.000      0.2438E-06  0.2735E-06  0.2244E-06  0.1359E-05  0.2527E-06  0.1727E-01
   21.0+    20 4  0.1732E-01   0.000      0.2675E-06  0.4852E-06  0.9995E-07  0.1492E-05  0.2378E-06  0.1732E-01
   21.0+    22 5  0.5031E-02   0.000      0.2478E-07  0.2803E-07  0.1661E-07  0.1395E-06  0.2781E-07  0.5031E-02
   21.0+    22 6  0.5038E-02   0.000      0.2729E-07  0.4936E-07  0.5411E-07  0.1535E-06  0.2619E-07  0.5037E-02
   21.0+    22 7  0.5044E-02   0.000      0.5448E-07  0.7633E-07  0.9805E-07  0.3065E-06  0.8114E-08  0.5044E-02
   21.0+    24 8  0.1463E-02   0.000       0.000      0.2843E-08  0.1521E-08   0.000      0.4733E-08  0.1463E-02
   21.0-    19 1  0.3195E-01   0.000      0.7213E-06  0.7735E-06  0.4681E-06  0.3996E-05  0.7845E-06  0.3194E-01
   21.0-    19 2  0.3208E-01   0.000      0.4189E-06  0.3710E-08  0.4835E-06  0.2321E-05  0.9901E-06  0.3207E-01
   21.0-    21 3  0.9316E-02   0.000      0.1163E-06  0.1907E-06  0.9641E-07  0.6523E-06  0.5814E-07  0.9315E-02
   21.0-    21 4  0.9333E-02   0.000      0.8179E-07  0.1226E-06  0.3835E-07  0.4588E-06  0.8135E-07  0.9332E-02
   21.0-    21 5  0.9351E-02   0.000      0.1281E-06  0.2918E-06  0.2733E-06  0.7183E-06  0.5073E-07  0.9350E-02
   21.0-    23 6  0.2714E-02   0.000      0.3966E-08  0.6581E-10  0.5674E-08  0.2229E-07  0.1184E-07  0.2714E-02
   21.0-    23 7  0.2717E-02   0.000      0.9073E-08  0.1660E-07  0.1832E-07  0.5099E-07  0.8443E-08  0.2717E-02
   22.0+    20 1  0.1808E-01   0.000      0.2483E-06  0.2646E-06  0.1605E-06  0.1384E-05  0.2690E-06  0.1808E-01
   22.0+    20 2  0.1813E-01   0.000      0.1431E-06  0.1153E-08  0.1639E-06  0.7978E-06  0.3401E-06  0.1813E-01
   22.0+    22 3  0.5265E-02   0.000      0.3986E-07  0.6537E-07  0.3274E-07  0.2242E-06  0.1982E-07  0.5265E-02
   22.0+    22 4  0.5272E-02   0.000      0.2795E-07  0.4188E-07  0.1312E-07  0.1573E-06  0.2781E-07  0.5272E-02
   22.0+    22 5  0.5279E-02   0.000      0.4367E-07  0.9969E-07  0.9347E-07  0.2457E-06  0.1739E-07  0.5279E-02
   22.0+    24 6  0.1531E-02   0.000      0.1362E-08  0.2066E-10  0.1908E-08  0.7625E-08  0.4045E-08  0.1531E-02
   22.0+    24 7  0.1532E-02   0.000      0.3098E-08  0.5686E-08  0.6265E-08  0.1734E-07  0.2891E-08  0.1532E-02
   22.0-    19 1  0.3357E-01   0.000       0.000      0.3883E-06  0.1140E-06   0.000      0.1328E-05  0.3357E-01
   22.0-    21 2  0.9749E-02   0.000      0.1663E-06  0.1298E-06  0.9424E-07  0.9329E-06  0.3110E-07  0.9748E-02
   22.0-    21 3  0.9767E-02   0.000      0.8356E-07  0.9416E-07  0.7635E-07  0.4687E-06  0.8649E-07  0.9766E-02
   22.0-    21 4  0.9786E-02   0.000      0.9128E-07  0.1653E-06  0.3350E-07  0.5120E-06  0.8157E-07  0.9785E-02
   22.0-    23 5  0.2841E-02   0.000      0.8499E-08  0.9637E-08  0.5737E-08  0.4777E-07  0.9487E-08  0.2840E-02
   22.0-    23 6  0.2843E-02   0.000      0.9313E-08  0.1683E-07  0.1841E-07  0.5235E-07  0.8956E-08  0.2843E-02
   22.0-    23 7  0.2846E-02   0.000      0.1859E-07  0.2615E-07  0.3358E-07  0.1045E-06  0.2783E-08  0.2846E-02
   22.0-    25 8  0.8247E-03   0.000       0.000      0.9716E-09  0.5206E-09   0.000      0.1621E-08  0.8247E-03
   23.0+    20 1  0.1894E-01   0.000       0.000      0.1327E-06  0.3893E-07   0.000      0.4548E-06  0.1894E-01
   23.0+    22 2  0.5499E-02   0.000      0.5682E-07  0.4418E-07  0.3199E-07  0.3197E-06  0.1057E-07  0.5498E-02
   23.0+    22 3  0.5506E-02   0.000      0.2853E-07  0.3228E-07  0.2584E-07  0.1605E-06  0.2949E-07  0.5506E-02
   23.0+    22 4  0.5514E-02   0.000      0.3104E-07  0.5619E-07  0.1118E-07  0.1746E-06  0.2787E-07  0.5513E-02
   23.0+    24 5  0.1599E-02   0.000      0.2910E-08  0.3302E-08  0.1971E-08  0.1629E-07  0.3234E-08  0.1599E-02
   23.0+    24 6  0.1600E-02   0.000      0.3176E-08  0.5725E-08  0.6241E-08  0.1778E-07  0.3059E-08  0.1600E-02
   23.0+    24 7  0.1601E-02   0.000      0.6340E-08  0.8935E-08  0.1145E-07  0.3549E-07  0.9531E-09  0.1601E-02
   23.0+    26 8  0.4636E-03   0.000       0.000      0.3314E-09  0.1774E-09   0.000      0.5549E-09  0.4636E-03
   23.0-    21 1  0.1020E-01   0.000      0.8506E-07  0.9021E-07  0.5472E-07  0.4771E-06  0.9181E-07  0.1020E-01
   23.0-    21 2  0.1022E-01   0.000      0.4868E-07  0.3584E-09  0.5540E-07  0.2731E-06  0.1163E-06  0.1022E-01
   23.0-    23 3  0.2967E-02   0.000      0.1362E-07  0.2233E-07  0.1106E-07  0.7658E-07  0.6744E-08  0.2967E-02
   23.0-    23 4  0.2970E-02   0.000      0.9529E-08  0.1427E-07  0.4469E-08  0.5356E-07  0.9486E-08  0.2969E-02
   23.0-    23 5  0.2972E-02   0.000      0.1486E-07  0.3397E-07  0.3181E-07  0.8353E-07  0.5945E-08  0.2972E-02
   23.0-    25 6  0.8614E-03   0.000      0.4674E-09  0.6495E-11  0.6410E-09  0.2602E-08  0.1382E-08  0.8614E-03
   23.0-    25 7  0.8618E-03   0.000      0.1057E-08  0.1943E-08  0.2135E-08  0.5886E-08  0.9893E-09  0.8618E-03
   24.0+    22 1  0.5740E-02   0.000      0.2902E-07  0.3064E-07  0.1855E-07  0.1633E-06  0.3122E-07  0.5740E-02
   24.0+    22 2  0.5748E-02   0.000      0.1651E-07  0.1115E-09  0.1864E-07  0.9289E-07  0.3962E-07  0.5748E-02
   24.0+    24 3  0.1667E-02   0.000      0.4652E-08  0.7603E-08  0.3723E-08  0.2604E-07  0.2292E-08  0.1667E-02
   24.0+    24 4  0.1668E-02   0.000      0.3246E-08  0.4849E-08  0.1516E-08  0.1817E-07  0.3233E-08  0.1668E-02
   24.0+    24 5  0.1669E-02   0.000      0.5054E-08  0.1155E-07  0.1079E-07  0.2829E-07  0.2030E-08  0.1669E-02
   24.0+    26 6  0.4834E-03   0.000      0.1602E-09  0.2045E-11  0.2153E-09  0.8874E-09  0.4717E-09  0.4834E-03
   24.0+    26 7  0.4835E-03   0.000      0.3605E-09  0.6626E-09  0.7249E-09  0.1997E-08  0.3383E-09  0.4835E-03
   24.0-    21 1  0.1066E-01   0.000       0.000      0.4522E-07  0.1322E-07   0.000      0.1551E-06  0.1066E-01
   24.0-    23 2  0.3093E-02   0.000      0.1937E-07  0.1498E-07  0.1080E-07  0.1089E-06  0.3587E-08  0.3093E-02
   24.0-    23 3  0.3096E-02   0.000      0.9719E-08  0.1103E-07  0.8703E-08  0.5463E-07  0.1003E-07  0.3096E-02
   24.0-    23 4  0.3099E-02   0.000      0.1054E-07  0.1905E-07  0.3720E-08  0.5922E-07  0.9503E-08  0.3099E-02
   24.0-    25 5  0.8980E-03   0.000      0.9957E-09  0.1128E-08  0.6745E-09  0.5544E-08  0.1102E-08  0.8980E-03
   24.0-    25 6  0.8984E-03   0.000      0.1082E-08  0.1943E-08  0.2110E-08  0.6028E-08  0.1044E-08  0.8984E-03
   24.0-    25 7  0.8989E-03   0.000      0.2161E-08  0.3046E-08  0.3893E-08  0.1203E-07  0.3262E-09  0.8988E-03
   24.0-    27 8  0.2600E-03   0.000       0.000      0.1130E-09  0.6017E-10   0.000      0.1898E-09  0.2600E-03
   25.0+    22 1  0.5983E-02   0.000       0.000      0.1535E-07  0.4465E-08   0.000      0.5270E-07  0.5983E-02
   25.0+    24 2  0.1735E-02   0.000      0.6597E-08  0.5070E-08  0.3635E-08  0.3693E-07  0.1216E-08  0.1735E-02
   25.0+    24 3  0.1736E-02   0.000      0.3309E-08  0.3756E-08  0.2922E-08  0.1852E-07  0.3412E-08  0.1736E-02
   25.0+    24 4  0.1738E-02   0.000      0.3575E-08  0.6447E-08  0.1235E-08  0.2001E-07  0.3237E-08  0.1738E-02
   25.0+    26 5  0.5031E-03   0.000      0.3404E-09  0.3844E-09  0.2299E-09  0.1886E-08  0.3752E-09  0.5031E-03
   25.0+    26 6  0.5032E-03   0.000      0.3688E-09  0.6587E-09  0.7118E-09  0.2043E-08  0.3564E-09  0.5032E-03
   25.0+    26 7  0.5034E-03   0.000      0.7363E-09  0.1037E-08  0.1319E-08  0.4079E-08  0.1116E-09  0.5034E-03
   25.0+    28 8  0.1455E-03   0.000       0.000      0.3861E-10  0.2034E-10   0.000      0.6481E-10  0.1455E-03
   25.0-    23 1  0.3222E-02   0.000      0.9883E-08  0.1038E-07  0.6254E-08  0.5555E-07  0.1060E-07  0.3222E-02
   25.0-    23 2  0.3225E-02   0.000      0.5590E-08  0.3473E-10  0.6248E-08  0.3142E-07  0.1347E-07  0.3225E-02
   25.0-    25 3  0.9347E-03   0.000      0.1588E-08  0.2583E-08  0.1252E-08  0.8840E-08  0.7791E-09  0.9347E-03
   25.0-    25 4  0.9351E-03   0.000      0.1105E-08  0.1644E-08  0.5134E-09  0.6155E-08  0.1101E-08  0.9351E-03
   25.0-    25 5  0.9355E-03   0.000      0.1719E-08  0.3919E-08  0.3648E-08  0.9570E-08  0.6931E-09  0.9355E-03
   25.0-    27 6  0.2706E-03   0.000      0.5486E-10  0.6454E-12  0.7233E-10  0.3023E-09  0.1609E-09  0.2706E-03
   25.0-    27 7  0.2707E-03   0.000      0.1229E-09  0.2260E-09  0.2451E-09  0.6773E-09  0.1156E-09  0.2706E-03
   26.0+    24 1  0.1805E-02   0.000      0.3362E-08  0.3505E-08  0.2102E-08  0.1882E-07  0.3596E-08  0.1805E-02
   26.0+    24 2  0.1806E-02   0.000      0.1892E-08  0.1082E-10  0.2088E-08  0.1059E-07  0.4579E-08  0.1806E-02
   26.0+    26 3  0.5228E-03   0.000      0.5415E-09  0.8755E-09  0.4208E-09  0.2999E-08  0.2647E-09  0.5228E-03
   26.0+    26 4  0.5230E-03   0.000      0.3763E-09  0.5569E-09  0.1735E-09  0.2085E-08  0.3750E-09  0.5230E-03
   26.0+    26 5  0.5231E-03   0.000      0.5843E-09  0.1328E-08  0.1230E-08  0.3237E-08  0.2365E-09  0.5231E-03
   26.0+    28 6  0.1512E-03   0.000      0.1876E-10  0.2047E-12  0.2429E-10  0.1029E-09  0.5485E-10  0.1512E-03
   26.0+    28 7  0.1512E-03   0.000      0.4186E-10  0.7719E-10  0.8265E-10  0.2295E-09  0.3946E-10  0.1512E-03
   26.0-    23 1  0.3352E-02   0.000       0.000      0.5197E-08  0.1501E-08   0.000      0.1788E-07  0.3352E-02
   26.0-    25 2  0.9714E-03   0.000      0.2246E-08  0.1711E-08  0.1221E-08  0.1250E-07  0.4125E-09  0.9713E-03
   26.0-    25 3  0.9718E-03   0.000      0.1126E-08  0.1276E-08  0.9803E-09  0.6269E-08  0.1160E-08  0.9718E-03
   26.0-    25 4  0.9722E-03   0.000      0.1213E-08  0.2178E-08  0.4099E-09  0.6753E-08  0.1103E-08  0.9722E-03
   26.0-    27 5  0.2812E-03   0.000      0.1163E-09  0.1309E-09  0.7804E-10  0.6409E-09  0.1277E-09  0.2812E-03
   26.0-    27 6  0.2813E-03   0.000      0.1256E-09  0.2233E-09  0.2394E-09  0.6922E-09  0.1215E-09  0.2813E-03
   26.0-    27 7  0.2813E-03   0.000      0.2508E-09  0.3529E-09  0.4453E-09  0.1382E-08  0.3813E-10  0.2813E-03
   26.0-    29 8  0.8121E-04   0.000       0.000      0.1323E-10  0.6868E-11   0.000      0.2210E-10  0.8121E-04
   27.0+    24 1  0.1874E-02   0.000       0.000      0.1755E-08  0.5030E-09   0.000      0.6061E-08  0.1874E-02
   27.0+    26 2  0.5425E-03   0.000      0.7642E-09  0.5764E-09  0.4103E-09  0.4233E-08  0.1399E-09  0.5425E-03
   27.0+    26 3  0.5427E-03   0.000      0.3830E-09  0.4327E-09  0.3288E-09  0.2122E-08  0.3941E-09  0.5427E-03
   27.0+    26 4  0.5429E-03   0.000      0.4115E-09  0.7352E-09  0.1362E-09  0.2279E-08  0.3754E-09  0.5429E-03
   27.0+    28 5  0.1569E-03   0.000      0.3969E-10  0.4460E-10  0.2641E-10  0.2176E-09  0.4344E-10  0.1569E-03
   27.0+    28 6  0.1569E-03   0.000      0.4275E-10  0.7586E-10  0.8036E-10  0.2344E-09  0.4141E-10  0.1569E-03
   27.0+    28 7  0.1569E-03   0.000      0.8535E-10  0.1204E-09  0.1499E-09  0.4680E-09  0.1302E-10  0.1569E-03
   27.0+    30 8  0.4525E-04   0.000       0.000      0.4533E-11  0.2325E-11   0.000      0.7520E-11  0.4525E-04
   27.0-    25 1  0.1008E-02   0.000      0.1144E-08  0.1181E-08  0.7056E-09  0.6368E-08  0.1220E-08  0.1008E-02
   27.0-    25 2  0.1009E-02   0.000      0.6407E-09  0.3377E-11  0.6978E-09  0.3568E-08  0.1556E-08  0.1009E-02
   27.0-    27 3  0.2918E-03   0.000      0.1846E-09  0.2966E-09  0.1415E-09  0.1017E-08  0.8993E-10  0.2918E-03
   27.0-    27 4  0.2919E-03   0.000      0.1281E-09  0.1886E-09  0.5854E-10  0.7058E-09  0.1276E-09  0.2919E-03
   27.0-    27 5  0.2919E-03   0.000      0.1986E-09  0.4500E-09  0.4136E-09  0.1095E-08  0.8066E-10  0.2919E-03
   27.0-    29 6  0.8427E-04   0.000      0.6405E-11  0.6528E-13  0.8158E-11  0.3499E-10  0.1866E-10  0.8427E-04
   27.0-    29 7  0.8428E-04   0.000      0.1424E-10  0.2644E-10  0.2785E-10  0.7775E-10  0.1344E-10  0.8428E-04
   28.0+    26 1  0.5624E-03   0.000      0.3889E-09  0.3975E-09  0.2368E-09  0.2154E-08  0.4139E-09  0.5624E-03
   28.0+    26 2  0.5626E-03   0.000      0.2170E-09  0.1055E-11  0.2332E-09  0.1202E-08  0.5287E-09  0.5626E-03
   28.0+    28 3  0.1626E-03   0.000      0.6287E-10  0.1006E-09  0.4756E-10  0.3447E-09  0.3053E-10  0.1626E-03
   28.0+    28 4  0.1626E-03   0.000      0.4355E-10  0.6397E-10  0.1972E-10  0.2388E-09  0.4342E-10  0.1626E-03
   28.0+    28 5  0.1626E-03   0.000      0.6746E-10  0.1528E-09  0.1387E-09  0.3699E-09  0.2748E-10  0.1626E-03
   28.0+    30 6  0.4689E-04   0.000      0.2182E-11  0.2088E-13  0.2739E-11  0.1190E-10  0.6339E-11  0.4689E-04
   28.0+    30 7  0.4690E-04   0.000      0.4832E-11  0.9063E-11  0.9406E-11  0.2636E-10  0.4572E-11  0.4690E-04
   28.0-    25 1  0.1046E-02   0.000       0.000      0.5914E-09  0.1684E-09   0.000      0.2055E-08  0.1046E-02
   28.0-    27 2  0.3024E-03   0.000      0.2600E-09  0.1941E-09  0.1379E-09  0.1433E-08  0.4742E-10  0.3024E-03
   28.0-    27 3  0.3025E-03   0.000      0.1303E-09  0.1466E-09  0.1103E-09  0.7179E-09  0.1339E-09  0.3025E-03
   28.0-    27 4  0.3026E-03   0.000      0.1396E-09  0.2482E-09  0.4529E-10  0.7693E-09  0.1278E-09  0.3026E-03
   28.0-    29 5  0.8734E-04   0.000      0.1352E-10  0.1522E-10  0.8928E-11  0.7386E-10  0.1475E-10  0.8734E-04
   28.0-    29 6  0.8734E-04   0.000      0.1452E-10  0.2584E-10  0.2697E-10  0.7933E-10  0.1409E-10  0.8734E-04
   28.0-    29 7  0.8735E-04   0.000      0.2900E-10  0.4117E-10  0.5043E-10  0.1584E-09  0.4437E-11  0.8735E-04
   28.0-    31 8  0.2517E-04   0.000       0.000      0.1550E-11  0.7893E-12   0.000      0.2554E-11  0.2517E-04
   29.0+    26 1  0.5824E-03   0.000       0.000      0.1990E-09  0.5636E-10   0.000      0.6969E-09  0.5824E-03
   29.0+    28 2  0.1683E-03   0.000      0.8837E-10  0.6542E-10  0.4634E-10  0.4846E-09  0.1607E-10  0.1683E-03
   29.0+    28 3  0.1683E-03   0.000      0.4427E-10  0.4976E-10  0.3702E-10  0.2428E-09  0.4548E-10  0.1683E-03
   29.0+    28 4  0.1683E-03   0.000      0.4733E-10  0.8402E-10  0.1507E-10  0.2595E-09  0.4345E-10  0.1683E-03
   29.0+    30 5  0.4854E-04   0.000      0.4598E-11  0.5198E-11  0.3024E-11  0.2508E-10  0.5001E-11  0.4854E-04
   29.0+    30 6  0.4854E-04   0.000      0.4926E-11  0.8809E-11  0.9066E-11  0.2687E-10  0.4783E-11  0.4854E-04
   29.0+    30 7  0.4855E-04   0.000      0.9838E-11  0.1409E-10  0.1701E-10  0.5367E-10  0.1509E-11  0.4855E-04
   29.0+    32 8  0.1397E-04   0.000       0.000      0.5269E-12  0.2684E-12   0.000      0.8654E-12  0.1397E-04
   29.0-    27 1  0.3131E-03   0.000      0.1322E-09  0.1337E-09  0.7952E-10  0.7286E-09  0.1404E-09  0.3131E-03
   29.0-    27 2  0.3132E-03   0.000      0.7347E-10  0.3301E-12  0.7800E-10  0.4049E-09  0.1796E-09  0.3132E-03
   29.0-    29 3  0.9040E-04   0.000      0.2138E-10  0.3422E-10  0.1598E-10  0.1168E-09  0.1035E-10  0.9040E-04
   29.0-    29 4  0.9041E-04   0.000      0.1479E-10  0.2176E-10  0.6637E-11  0.8077E-10  0.1474E-10  0.9041E-04
   29.0-    29 5  0.9042E-04   0.000      0.2288E-10  0.5204E-10  0.4652E-10  0.1250E-09  0.9350E-11  0.9042E-04
   29.0-    31 6  0.2605E-04   0.000      0.7420E-12  0.6678E-14  0.9179E-12  0.4055E-11  0.2149E-11  0.2605E-04
   29.0-    31 7  0.2605E-04   0.000      0.1638E-11  0.3099E-11  0.3186E-11  0.8950E-11  0.1552E-11  0.2605E-04
   30.0+    28 1  0.1740E-03   0.000      0.4492E-10  0.4501E-10  0.2670E-10  0.2463E-09  0.4759E-10  0.1740E-03
   30.0+    28 2  0.1740E-03   0.000      0.2487E-10  0.1037E-12  0.2609E-10  0.1364E-09  0.6097E-10  0.1740E-03
   30.0+    30 3  0.5019E-04   0.000      0.7256E-11  0.1164E-10  0.5357E-11  0.3958E-10  0.3503E-11  0.5019E-04
   30.0+    30 4  0.5019E-04   0.000      0.5013E-11  0.7405E-11  0.2236E-11  0.2735E-10  0.4999E-11  0.5019E-04
   30.0+    30 5  0.5019E-04   0.000      0.7749E-11  0.1774E-10  0.1563E-10  0.4228E-10  0.3175E-11  0.5019E-04
   30.0+    32 6  0.1445E-04   0.000      0.2516E-12  0.2128E-14  0.3063E-12  0.1379E-11  0.7270E-12  0.1445E-04
   30.0+    32 7  0.1445E-04   0.000      0.5536E-12  0.1053E-11  0.1080E-11  0.3035E-11  0.5257E-12  0.1445E-04
   30.0-    27 1  0.3238E-03   0.000       0.000      0.6690E-10  0.1888E-10   0.000      0.2363E-09  0.3238E-03
   30.0-    29 2  0.9346E-04   0.000      0.3000E-10  0.2209E-10  0.1556E-10  0.1638E-09  0.5438E-11  0.9346E-04
   30.0-    29 3  0.9347E-04   0.000      0.1503E-10  0.1692E-10  0.1242E-10  0.8207E-10  0.1542E-10  0.9347E-04
   30.0-    29 4  0.9348E-04   0.000      0.1603E-10  0.2852E-10  0.5016E-11  0.8754E-10  0.1476E-10  0.9348E-04
   30.0-    31 5  0.2693E-04   0.000      0.1561E-11  0.1769E-11  0.1026E-11  0.8530E-11  0.1693E-11  0.2693E-04
   30.0-    31 6  0.2693E-04   0.000      0.1668E-11  0.2996E-11  0.3054E-11  0.9118E-11  0.1621E-11  0.2693E-04
   30.0-    31 7  0.2694E-04   0.000      0.3332E-11  0.4812E-11  0.5752E-11  0.1821E-10  0.5126E-12  0.2694E-04
   30.0-    33 8  0.7747E-05   0.000       0.000      0.1776E-12  0.9109E-13   0.000      0.2916E-12  0.7747E-05
   31.0+    28 1  0.1797E-03   0.000       0.000      0.2252E-10  0.6324E-11   0.000      0.8009E-10  0.1797E-03
   31.0+    30 2  0.5183E-04   0.000      0.1016E-10  0.7461E-11  0.5210E-11  0.5545E-10  0.1838E-11  0.5183E-04
   31.0+    30 3  0.5183E-04   0.000      0.5091E-11  0.5756E-11  0.4159E-11  0.2777E-10  0.5220E-11  0.5183E-04
   31.0+    30 4  0.5184E-04   0.000      0.5419E-11  0.9693E-11  0.1667E-11  0.2956E-10  0.5002E-11  0.5184E-04
   31.0+    32 5  0.1492E-04   0.000      0.5285E-12  0.5977E-12  0.3486E-12  0.2897E-11  0.5718E-12  0.1492E-04
   31.0+    32 6  0.1492E-04   0.000      0.5637E-12  0.1013E-11  0.1029E-11  0.3090E-11  0.5483E-12  0.1492E-04
   31.0+    32 7  0.1492E-04   0.000      0.1126E-11  0.1634E-11  0.1948E-11  0.6171E-11  0.1736E-12  0.1492E-04
   31.0+    34 8  0.4288E-05   0.000       0.000      0.5921E-13  0.3074E-13   0.000      0.9709E-13  0.4288E-05
   31.0-    29 1  0.9654E-04   0.000      0.1524E-10  0.1518E-10  0.8956E-11  0.8323E-10  0.1611E-10  0.9654E-04
   31.0-    29 2  0.9655E-04   0.000      0.8408E-11  0.3273E-13  0.8729E-11  0.4592E-10  0.2067E-10  0.9655E-04
   31.0-    31 3  0.2782E-04   0.000      0.2459E-11  0.3946E-11  0.1784E-11  0.1344E-10  0.1184E-11  0.2782E-04
   31.0-    31 4  0.2782E-04   0.000      0.1697E-11  0.2514E-11  0.7523E-12  0.9272E-11  0.1692E-11  0.2782E-04
   31.0-    31 5  0.2782E-04   0.000      0.2621E-11  0.6033E-11  0.5268E-11  0.1432E-10  0.1076E-11  0.2782E-04
   31.0-    33 6  0.8001E-05   0.000      0.8485E-13  0.6736E-15  0.1014E-12  0.4660E-12  0.2445E-12  0.8001E-05
   31.0-    33 7  0.8001E-05   0.000      0.1861E-12  0.3550E-12  0.3654E-12  0.1022E-11  0.1770E-12  0.8001E-05
   32.0+    30 1  0.5348E-04   0.000      0.5161E-11  0.5124E-11  0.2995E-11  0.2815E-10  0.5447E-11  0.5348E-04
   32.0+    30 2  0.5348E-04   0.000      0.2839E-11  0.1035E-13  0.2919E-11  0.1549E-10  0.6996E-11  0.5348E-04
   32.0+    32 3  0.1540E-04   0.000      0.8313E-12  0.1329E-11  0.5982E-12  0.4557E-11  0.3992E-12  0.1540E-04
   32.0+    32 4  0.1540E-04   0.000      0.5729E-12  0.8480E-12  0.2537E-12  0.3140E-11  0.5715E-12  0.1540E-04
   32.0+    32 5  0.1540E-04   0.000      0.8841E-12  0.2039E-11  0.1777E-11  0.4846E-11  0.3641E-12  0.1540E-04
   32.0+    34 6  0.4424E-05   0.000      0.2830E-13  0.2114E-15  0.3322E-13  0.1553E-12  0.8136E-13  0.4424E-05
   32.0+    34 7  0.4424E-05   0.000      0.6185E-13  0.1184E-12  0.1229E-12  0.3398E-12  0.5893E-13  0.4424E-05
   32.0-    29 1  0.9961E-04   0.000       0.000      0.7598E-11  0.2117E-11   0.000      0.2711E-10  0.9961E-04
   32.0-    31 2  0.2870E-04   0.000      0.3439E-11  0.2512E-11  0.1736E-11  0.1879E-10  0.6201E-12  0.2870E-04
   32.0-    31 3  0.2870E-04   0.000      0.1722E-11  0.1952E-11  0.1387E-11  0.9412E-11  0.1765E-11  0.2870E-04
   32.0-    31 4  0.2870E-04   0.000      0.1830E-11  0.3287E-11  0.5516E-12  0.1000E-10  0.1693E-11  0.2870E-04
   32.0-    33 5  0.8255E-05   0.000      0.1779E-12  0.1994E-12  0.1181E-12  0.9771E-12  0.1920E-12  0.8255E-05
   32.0-    33 6  0.8255E-05   0.000      0.1894E-12  0.3394E-12  0.3455E-12  0.1040E-11  0.1844E-12  0.8255E-05
   32.0-    33 7  0.8255E-05   0.000      0.3783E-12  0.5500E-12  0.6581E-12  0.2077E-11  0.5847E-13  0.8255E-05
   32.0-    35 8  0.2370E-05   0.000       0.000      0.1950E-13  0.1026E-13   0.000      0.3184E-13  0.2370E-05
   33.0+    30 1  0.5513E-04   0.000       0.000      0.2563E-11  0.7061E-12   0.000      0.9162E-11  0.5513E-04
   33.0+    32 2  0.1587E-04   0.000      0.1161E-11  0.8380E-12  0.5743E-12  0.6364E-11  0.2088E-12  0.1587E-04
   33.0+    32 3  0.1587E-04   0.000      0.5813E-12  0.6571E-12  0.4626E-12  0.3186E-11  0.5953E-12  0.1587E-04
   33.0+    32 4  0.1587E-04   0.000      0.6165E-12  0.1108E-11  0.1822E-12  0.3379E-11  0.5718E-12  0.1587E-04
   33.0+    34 5  0.4560E-05   0.000      0.5922E-13  0.6522E-13  0.3974E-13  0.3252E-12  0.6376E-13  0.4560E-05
   33.0+    34 6  0.4561E-05   0.000      0.6289E-13  0.1124E-12  0.1152E-12  0.3455E-12  0.6133E-13  0.4561E-05
   33.0+    34 7  0.4561E-05   0.000      0.1257E-12  0.1832E-12  0.2210E-12  0.6903E-12  0.1947E-13  0.4561E-05
   33.0+    36 8  0.1309E-05   0.000       0.000      0.6326E-14  0.3370E-14   0.000      0.1025E-13  0.1309E-05
   33.0-    31 1  0.2958E-04   0.000      0.1745E-11  0.1723E-11  0.9969E-12  0.9538E-11  0.1839E-11  0.2958E-04
   33.0-    31 2  0.2959E-04   0.000      0.9571E-12  0.3270E-14  0.9747E-12  0.5231E-11  0.2365E-11  0.2959E-04
   33.0-    33 3  0.8509E-05   0.000      0.2795E-12  0.4427E-12  0.1951E-12  0.1535E-11  0.1339E-12  0.8509E-05
   33.0-    33 4  0.8509E-05   0.000      0.1924E-12  0.2834E-12  0.8461E-13  0.1057E-11  0.1920E-12  0.8509E-05
   33.0-    33 5  0.8509E-05   0.000      0.2967E-12  0.6834E-12  0.5979E-12  0.1629E-11  0.1224E-12  0.8509E-05
   33.0-    35 6  0.2443E-05   0.000      0.9279E-14  0.6562E-16  0.1073E-13  0.5088E-13  0.2662E-13  0.2443E-05
   33.0-    35 7  0.2443E-05   0.000      0.2025E-13  0.3898E-13  0.4088E-13  0.1110E-12  0.1931E-13  0.2443E-05
   34.0+    32 1  0.1634E-04   0.000      0.5889E-12  0.5751E-12  0.3287E-12  0.3228E-11  0.6195E-12  0.1634E-04
   34.0+    32 2  0.1634E-04   0.000      0.3221E-12  0.1027E-14  0.3240E-12  0.1765E-11  0.7975E-12  0.1634E-04
   34.0+    34 3  0.4697E-05   0.000      0.9294E-13  0.1454E-12  0.6231E-13  0.5102E-12  0.4444E-13  0.4697E-05
   34.0+    34 4  0.4697E-05   0.000      0.6392E-13  0.9357E-13  0.2794E-13  0.3509E-12  0.6378E-13  0.4697E-05
   34.0+    34 5  0.4697E-05   0.000      0.9849E-13  0.2264E-12  0.1999E-12  0.5407E-12  0.4073E-13  0.4697E-05
   34.0+    36 6  0.1348E-05   0.000      0.2982E-14  0.2011E-16  0.3404E-14  0.1634E-13  0.8540E-14  0.1348E-05
   34.0+    36 7  0.1348E-05   0.000      0.6489E-14  0.1265E-13  0.1338E-13  0.3557E-13  0.6200E-14  0.1348E-05
   34.0-    31 1  0.3047E-04   0.000       0.000      0.8621E-12  0.2343E-12   0.000      0.3092E-11  0.3047E-04
   34.0-    33 2  0.8763E-05   0.000      0.3898E-12  0.2769E-12  0.1871E-12  0.2140E-11  0.6995E-13  0.8763E-05
   34.0-    33 3  0.8763E-05   0.000      0.1951E-12  0.2190E-12  0.1514E-12  0.1072E-11  0.1997E-12  0.8763E-05
   34.0-    33 4  0.8763E-05   0.000      0.2066E-12  0.3704E-12  0.5945E-13  0.1135E-11  0.1921E-12  0.8763E-05
   34.0-    35 5  0.2516E-05   0.000      0.1940E-13  0.2135E-13  0.1322E-13  0.1064E-12  0.2086E-13  0.2516E-05
   34.0-    35 6  0.2516E-05   0.000      0.2058E-13  0.3679E-13  0.3799E-13  0.1128E-12  0.2007E-13  0.2516E-05
   34.0-    35 7  0.2516E-05   0.000      0.4112E-13  0.6028E-13  0.7344E-13  0.2254E-12  0.6384E-14  0.2516E-05
   34.0-    37 8  0.7215E-06   0.000       0.000      0.2015E-14  0.1084E-14   0.000      0.3216E-14  0.7215E-06
   35.0+    32 1  0.1682E-04   0.000       0.000      0.2877E-12  0.7692E-13   0.000      0.1042E-11  0.1682E-04
   35.0+    34 2  0.4833E-05   0.000      0.1294E-12  0.8975E-13  0.5955E-13  0.7106E-12  0.2318E-13  0.4833E-05
   35.0+    34 3  0.4833E-05   0.000      0.6481E-13  0.7189E-13  0.4891E-13  0.3558E-12  0.6627E-13  0.4833E-05
   35.0+    34 4  0.4833E-05   0.000      0.6851E-13  0.1225E-12  0.1872E-13  0.3761E-12  0.6381E-13  0.4833E-05
   35.0+    36 5  0.1387E-05   0.000      0.6228E-14  0.6802E-14  0.4328E-14  0.3413E-13  0.6679E-14  0.1387E-05
   35.0+    36 6  0.1387E-05   0.000      0.6594E-14  0.1187E-13  0.1232E-13  0.3614E-13  0.6437E-14  0.1387E-05
   35.0+    36 7  0.1387E-05   0.000      0.1317E-13  0.1954E-13  0.2402E-13  0.7221E-13  0.2050E-14  0.1387E-05
   35.0+    38 8  0.3973E-06   0.000       0.000      0.6299E-15  0.3404E-15   0.000      0.9937E-15  0.3973E-06
   35.0-    33 1  0.9017E-05   0.000      0.1976E-12  0.1896E-12  0.1073E-12  0.1085E-11  0.2076E-12  0.9017E-05
   35.0-    33 2  0.9017E-05   0.000      0.1078E-12  0.3192E-15  0.1069E-12  0.5920E-12  0.2675E-12  0.9017E-05
   35.0-    35 3  0.2589E-05   0.000      0.3040E-13  0.4698E-13  0.1966E-13  0.1667E-12  0.1450E-13  0.2589E-05
   35.0-    35 4  0.2589E-05   0.000      0.2089E-13  0.3048E-13  0.9014E-14  0.1145E-12  0.2085E-13  0.2589E-05
   35.0-    35 5  0.2589E-05   0.000      0.3216E-13  0.7411E-13  0.6611E-13  0.1763E-12  0.1333E-13  0.2589E-05
   35.0-    37 6  0.7424E-06   0.000      0.9389E-15  0.6061E-17  0.1053E-14  0.5142E-14  0.2683E-14  0.7424E-06
   35.0-    37 7  0.7424E-06   0.000      0.2039E-14  0.4030E-14  0.4289E-14  0.1118E-13  0.1949E-14  0.7424E-06
   36.0+    34 1  0.4969E-05   0.000      0.6561E-13  0.6147E-13  0.3386E-13  0.3602E-12  0.6882E-13  0.4969E-05
   36.0+    34 2  0.4969E-05   0.000      0.3570E-13  0.9765E-16  0.3486E-13  0.1960E-12  0.8877E-13  0.4969E-05
   36.0+    36 3  0.1426E-05   0.000      0.9747E-14  0.1497E-13  0.5048E-14  0.5340E-13  0.4643E-14  0.1426E-05
   36.0+    36 4  0.1426E-05   0.000      0.6689E-14  0.9802E-14  0.2881E-14  0.3666E-13  0.6677E-14  0.1426E-05
   36.0+    36 5  0.1426E-05   0.000      0.1029E-13  0.2386E-13  0.2152E-13  0.5641E-13  0.4273E-14  0.1426E-05
   36.0+    38 6  0.4085E-06   0.000      0.2901E-15  0.1791E-17  0.3133E-15  0.1584E-14  0.8233E-15  0.4085E-06
   36.0+    38 7  0.4085E-06   0.000      0.6270E-15  0.1258E-14  0.1341E-14  0.3439E-14  0.6003E-15  0.4085E-06
   36.0-    33 1  0.9271E-05   0.000       0.000      0.9480E-13  0.2496E-13   0.000      0.3489E-12  0.9271E-05
   36.0-    35 2  0.2662E-05   0.000      0.4229E-13  0.2871E-13  0.1815E-13  0.2318E-12  0.7559E-14  0.2662E-05
   36.0-    35 3  0.2662E-05   0.000      0.2117E-13  0.2328E-13  0.1499E-13  0.1160E-12  0.2163E-13  0.2662E-05
   36.0-    35 4  0.2662E-05   0.000      0.2235E-13  0.3997E-13  0.5699E-14  0.1225E-12  0.2085E-13  0.2662E-05
   36.0-    37 5  0.7633E-06   0.000      0.1958E-14  0.2137E-14  0.1386E-14  0.1074E-13  0.2096E-14  0.7633E-06
   36.0-    37 6  0.7633E-06   0.000      0.2070E-14  0.3757E-14  0.3914E-14  0.1134E-13  0.2022E-14  0.7633E-06
   36.0-    37 7  0.7633E-06   0.000      0.4136E-14  0.6224E-14  0.7689E-14  0.2266E-13  0.6446E-15  0.7633E-06
   36.0-    39 8  0.2186E-06   0.000       0.000      0.1909E-15  0.1044E-15   0.000      0.3034E-15  0.2186E-06
   37.0+    34 1  0.5105E-05   0.000       0.000      0.3075E-13  0.7869E-14   0.000      0.1156E-12  0.5105E-05
   37.0+    36 2  0.1465E-05   0.000      0.1355E-13  0.9035E-14  0.4658E-14  0.7420E-13  0.2415E-14  0.1465E-05
   37.0+    36 3  0.1465E-05   0.000      0.6775E-14  0.7417E-14  0.4488E-14  0.3713E-13  0.6924E-14  0.1465E-05
   37.0+    36 4  0.1465E-05   0.000      0.7146E-14  0.1285E-13  0.1550E-14  0.3915E-13  0.6679E-14  0.1465E-05
   37.0+    38 5  0.4197E-06   0.000      0.6031E-15  0.6302E-15  0.4338E-15  0.3305E-14  0.6423E-15  0.4197E-06
   37.0+    38 6  0.4197E-06   0.000      0.6358E-15  0.1157E-14  0.1207E-14  0.3491E-14  0.6227E-15  0.4197E-06
   37.0+    38 7  0.4197E-06   0.000      0.1273E-14  0.1941E-14  0.2401E-14  0.6978E-14  0.1982E-15  0.4197E-06
   37.0+    40 8  0.1201E-06   0.000       0.000      0.5695E-16  0.3123E-16   0.000      0.8669E-16  0.1201E-06
   37.0-    35 1  0.2735E-05   0.000      0.2143E-13  0.1964E-13  0.9921E-14  0.1175E-12  0.2245E-13  0.2735E-05
   37.0-    35 2  0.2735E-05   0.000      0.1163E-13  0.2951E-16  0.1119E-13  0.6377E-13  0.2898E-13  0.2735E-05
   37.0-    37 3  0.7842E-06   0.000      0.3060E-14  0.4704E-14  0.1487E-14  0.1680E-13  0.1455E-14  0.7842E-06
   37.0-    37 4  0.7842E-06   0.000      0.2099E-14  0.3076E-14  0.8550E-15  0.1150E-13  0.2095E-14  0.7842E-06
   37.0-    37 5  0.7842E-06   0.000      0.3228E-14  0.7558E-14  0.6857E-14  0.1770E-13  0.1343E-14  0.7842E-06
   37.0-    39 6  0.2246E-06   0.000      0.8830E-16  0.5152E-18  0.9631E-16  0.4780E-15  0.2531E-15  0.2246E-06
   37.0-    39 7  0.2246E-06   0.000      0.1885E-15  0.3827E-15  0.4099E-15  0.1039E-14  0.1830E-15  0.2246E-06
   38.0+    36 1  0.1504E-05   0.000      0.6857E-14  0.6195E-14  0.2653E-14  0.3756E-13  0.7177E-14  0.1504E-05
   38.0+    36 2  0.1504E-05   0.000      0.3714E-14  0.8749E-17  0.3525E-14  0.2037E-13  0.9270E-14  0.1504E-05
   38.0+    38 3  0.4309E-06   0.000      0.9446E-15  0.1415E-14  0.7107E-15  0.5162E-14  0.4461E-15  0.4309E-06
   38.0+    38 4  0.4309E-06   0.000      0.6433E-15  0.9251E-15  0.3364E-15  0.3532E-14  0.6437E-15  0.4309E-06
   38.0+    38 5  0.4309E-06   0.000      0.9918E-15  0.2317E-14  0.2132E-14  0.5415E-14  0.4136E-15  0.4309E-06
   38.0+    40 6  0.1233E-06   0.000      0.2686E-16  0.1467E-18  0.1437E-16  0.1416E-15  0.7124E-16  0.1233E-06
   38.0+    40 7  0.1233E-06   0.000      0.5639E-16  0.1146E-15  0.1200E-15  0.3029E-15  0.5499E-16  0.1233E-06
   38.0-    35 1  0.2808E-05   0.000       0.000      0.9872E-14  0.2276E-14   0.000      0.3771E-13  0.2808E-05
   38.0-    37 2  0.8051E-06   0.000      0.4248E-14  0.2748E-14  0.1321E-14  0.2333E-13  0.7564E-15  0.8051E-06
   38.0-    37 3  0.8051E-06   0.000      0.2126E-14  0.2317E-14  0.1429E-14  0.1166E-13  0.2171E-14  0.8051E-06
   38.0-    37 4  0.8051E-06   0.000      0.2238E-14  0.4061E-14  0.5098E-15  0.1228E-13  0.2096E-14  0.8051E-06
   38.0-    39 5  0.2306E-06   0.000      0.1824E-15  0.1042E-15  0.1297E-15  0.9964E-15  0.1924E-15  0.2306E-06
   38.0-    39 6  0.2306E-06   0.000      0.1933E-15  0.3180E-15  0.3614E-15  0.1046E-14  0.1910E-15  0.2306E-06
   38.0-    39 7  0.2306E-06   0.000      0.4003E-15  0.5856E-15  0.7331E-15  0.2106E-14  0.6166E-16  0.2306E-06
   38.0-    41 8  0.6594E-07   0.000       0.000      0.1642E-16  0.9106E-17   0.000      0.2034E-16  0.6594E-07
   39.0+    36 1  0.1543E-05   0.000       0.000      0.3074E-14  0.5725E-15   0.000      0.1205E-13  0.1543E-05
   39.0+    38 2  0.4421E-06   0.000      0.1300E-14  0.7542E-15  0.2850E-15  0.7155E-14  0.2323E-15  0.4421E-06
   39.0+    38 3  0.4421E-06   0.000      0.6526E-15  0.6649E-15  0.5756E-15  0.3579E-14  0.6678E-15  0.4421E-06
   39.0+    38 4  0.4421E-06   0.000      0.6853E-15  0.1239E-14  0.1135E-15  0.3779E-14  0.6473E-15  0.4421E-06
   39.0+    40 5  0.1265E-06   0.000      0.5534E-16  0.1156E-15  0.3528E-16  0.2952E-15  0.5569E-16  0.1265E-06
   39.0+    40 6  0.1265E-06   0.000      0.5942E-16  0.9255E-16  0.1013E-15  0.3082E-15  0.5945E-16  0.1265E-06
   39.0+    40 7  0.1265E-06   0.000      0.1153E-15  0.1737E-15  0.2142E-15  0.6161E-15  0.1803E-16  0.1265E-06
   39.0+    42 8  0.3617E-07   0.000       0.000      0.4778E-17  0.2638E-17   0.000      0.1542E-17  0.3617E-07
   39.0-    37 1  0.8261E-06   0.000      0.2150E-14  0.1899E-14  0.8376E-15  0.1179E-13  0.2247E-14  0.8261E-06
   39.0-    37 2  0.8261E-06   0.000      0.1162E-14  0.2558E-17  0.1092E-14  0.6371E-14  0.2907E-14  0.8261E-06
   39.0-    39 3  0.2365E-06   0.000      0.2807E-15  0.4211E-15  0.9020E-16  0.1555E-14  0.1330E-15  0.2365E-06
   39.0-    39 4  0.2365E-06   0.000      0.1932E-15  0.2842E-15  0.7514E-16  0.1064E-14  0.1930E-15  0.2365E-06
   39.0-    39 5  0.2365E-06   0.000      0.2967E-15  0.7032E-15  0.6492E-15  0.1635E-14  0.1229E-15  0.2365E-06
   39.0-    41 6  0.6765E-07   0.000      0.7140E-17  0.3977E-19  0.7340E-17  0.4149E-16  0.2065E-16  0.6765E-07
   39.0-    41 7  0.6765E-07   0.000      0.1517E-16  0.3253E-16  0.3558E-16  0.8930E-16  0.1502E-16  0.6765E-07
   40.0+    38 1  0.4533E-06   0.000      0.6593E-15  0.5793E-15  0.2093E-15  0.3622E-14  0.6887E-15  0.4533E-06
   40.0+    38 2  0.4533E-06   0.000      0.3555E-15  0.7258E-18  0.3320E-15  0.1955E-14  0.8911E-15  0.4533E-06
   40.0+    40 3  0.1297E-06   0.000      0.8343E-16  0.1056E-15  0.5354E-16  0.4566E-15  0.3887E-16  0.1297E-06
   40.0+    40 4  0.1297E-06   0.000      0.5651E-16  0.8044E-16  0.2623E-16  0.3136E-15  0.5624E-16  0.1297E-06
   40.0+    40 5  0.1297E-06   0.000      0.8683E-16  0.2099E-15  0.1924E-15  0.4805E-15  0.3618E-16  0.1297E-06
   40.0+    42 6  0.3708E-07   0.000      0.1942E-17  0.1084E-19  0.2077E-17  0.1077E-16  0.6038E-17  0.3708E-07
   40.0+    42 7  0.3708E-07   0.000      0.4251E-17  0.9167E-17  0.1028E-16  0.2335E-16  0.4452E-17  0.3708E-07
   40.0-    37 1  0.8470E-06   0.000       0.000      0.9339E-15  0.2184E-15   0.000      0.3773E-14  0.8470E-06
   40.0-    39 2  0.2425E-06   0.000      0.3909E-15  0.2399E-15  0.6863E-16  0.2153E-14  0.6921E-16  0.2425E-06
   40.0-    39 3  0.2425E-06   0.000      0.1948E-15  0.2074E-15  0.9176E-16  0.1078E-14  0.1992E-15  0.2425E-06
   40.0-    39 4  0.2425E-06   0.000      0.2061E-15  0.3776E-15  0.2767E-16  0.1131E-14  0.1934E-15  0.2425E-06
   40.0-    41 5  0.6937E-07   0.000      0.1498E-16  0.1496E-16  0.1138E-16  0.8613E-16  0.1563E-16  0.6937E-07
   40.0-    41 6  0.6937E-07   0.000      0.1510E-16  0.2896E-16  0.3029E-16  0.8950E-16  0.1544E-16  0.6937E-07
   40.0-    41 7  0.6937E-07   0.000      0.3226E-16  0.4987E-16  0.6347E-16  0.1812E-15  0.5026E-17  0.6937E-07
   40.0-    43 8  0.1982E-07   0.000       0.000      0.1120E-17  0.7462E-18   0.000      0.1994E-17  0.1982E-07
