# 181 angles,  1 tensor ranks for 0=projectile
@subtitle   "8Li(d,3He)7He @ 45 AMeV Haixia OMP (d) + HT1p OMP (3He) and Ex = 17 Me"        
@legend ON
@legend x1 0.2
@legend y1 0.8
@g0 type LOGY
@yaxis ticklabel format power
@legend string   0 "Lab energy =   90.0000"
#legend string   0 "Partition=  2 Excit=  5 near/far= 1"
#  Theta       sigma       iT11        T20         T21         T22         Kyy for projectile
   0.000       1.540    
   1.000       1.502    
   2.000       1.392    
   3.000       1.223    
   4.000       1.012    
   5.000      0.7832    
   6.000      0.5588    
   7.000      0.3608    
   8.000      0.2070    
   9.000      0.1091    
   10.00      0.7236E-01
   11.00      0.9526E-01
   12.00      0.1706    
   13.00      0.2871    
   14.00      0.4305    
   15.00      0.5862    
   16.00      0.7404    
   17.00      0.8814    
   18.00       1.001    
   19.00       1.093    
   20.00       1.156    
   21.00       1.191    
   22.00       1.201    
   23.00       1.190    
   24.00       1.165    
   25.00       1.131    
   26.00       1.092    
   27.00       1.053    
   28.00       1.016    
   29.00      0.9842    
   30.00      0.9574    
   31.00      0.9355    
   32.00      0.9178    
   33.00      0.9029    
   34.00      0.8893    
   35.00      0.8753    
   36.00      0.8597    
   37.00      0.8414    
   38.00      0.8195    
   39.00      0.7937    
   40.00      0.7639    
   41.00      0.7306    
   42.00      0.6941    
   43.00      0.6553    
   44.00      0.6149    
   45.00      0.5738    
   46.00      0.5327    
   47.00      0.4923    
   48.00      0.4534    
   49.00      0.4163    
   50.00      0.3815    
   51.00      0.3491    
   52.00      0.3193    
   53.00      0.2920    
   54.00      0.2672    
   55.00      0.2446    
   56.00      0.2242    
   57.00      0.2057    
   58.00      0.1889    
   59.00      0.1735    
   60.00      0.1594    
   61.00      0.1464    
   62.00      0.1343    
   63.00      0.1231    
   64.00      0.1126    
   65.00      0.1027    
   66.00      0.9349E-01
   67.00      0.8479E-01
   68.00      0.7662E-01
   69.00      0.6897E-01
   70.00      0.6183E-01
   71.00      0.5519E-01
   72.00      0.4905E-01
   73.00      0.4340E-01
   74.00      0.3822E-01
   75.00      0.3352E-01
   76.00      0.2926E-01
   77.00      0.2543E-01
   78.00      0.2202E-01
   79.00      0.1899E-01
   80.00      0.1631E-01
   81.00      0.1397E-01
   82.00      0.1194E-01
   83.00      0.1018E-01
   84.00      0.8662E-02
   85.00      0.7368E-02
   86.00      0.6268E-02
   87.00      0.5339E-02
   88.00      0.4559E-02
   89.00      0.3906E-02
   90.00      0.3363E-02
   91.00      0.2912E-02
   92.00      0.2540E-02
   93.00      0.2233E-02
   94.00      0.1981E-02
   95.00      0.1773E-02
   96.00      0.1601E-02
   97.00      0.1459E-02
   98.00      0.1340E-02
   99.00      0.1241E-02
   100.0      0.1156E-02
   101.0      0.1083E-02
   102.0      0.1018E-02
   103.0      0.9608E-03
   104.0      0.9086E-03
   105.0      0.8602E-03
   106.0      0.8148E-03
   107.0      0.7716E-03
   108.0      0.7300E-03
   109.0      0.6897E-03
   110.0      0.6504E-03
   111.0      0.6120E-03
   112.0      0.5744E-03
   113.0      0.5376E-03
   114.0      0.5016E-03
   115.0      0.4664E-03
   116.0      0.4322E-03
   117.0      0.3990E-03
   118.0      0.3670E-03
   119.0      0.3361E-03
   120.0      0.3066E-03
   121.0      0.2784E-03
   122.0      0.2517E-03
   123.0      0.2265E-03
   124.0      0.2028E-03
   125.0      0.1807E-03
   126.0      0.1602E-03
   127.0      0.1412E-03
   128.0      0.1239E-03
   129.0      0.1080E-03
   130.0      0.9365E-04
   131.0      0.8072E-04
   132.0      0.6916E-04
   133.0      0.5889E-04
   134.0      0.4983E-04
   135.0      0.4191E-04
   136.0      0.3502E-04
   137.0      0.2909E-04
   138.0      0.2403E-04
   139.0      0.1974E-04
   140.0      0.1615E-04
   141.0      0.1317E-04
   142.0      0.1072E-04
   143.0      0.8749E-05
   144.0      0.7174E-05
   145.0      0.5942E-05
   146.0      0.4997E-05
   147.0      0.4293E-05
   148.0      0.3787E-05
   149.0      0.3443E-05
   150.0      0.3229E-05
   151.0      0.3117E-05
   152.0      0.3086E-05
   153.0      0.3116E-05
   154.0      0.3191E-05
   155.0      0.3300E-05
   156.0      0.3431E-05
   157.0      0.3576E-05
   158.0      0.3731E-05
   159.0      0.3889E-05
   160.0      0.4047E-05
   161.0      0.4203E-05
   162.0      0.4355E-05
   163.0      0.4502E-05
   164.0      0.4642E-05
   165.0      0.4775E-05
   166.0      0.4902E-05
   167.0      0.5021E-05
   168.0      0.5132E-05
   169.0      0.5236E-05
   170.0      0.5332E-05
   171.0      0.5420E-05
   172.0      0.5500E-05
   173.0      0.5571E-05
   174.0      0.5633E-05
   175.0      0.5687E-05
   176.0      0.5731E-05
   177.0      0.5766E-05
   178.0      0.5791E-05
   179.0      0.5806E-05
   180.0      0.5811E-05
 END
