# 181 angles,  1 tensor ranks for 0=projectile
@subtitle   "8Li(d,3He)7He @ 45 AMeV Haixia OMP (d) + HT1p OMP (3He) and Ex = 17 Me"        
@legend ON
@legend x1 0.2
@legend y1 0.8
@g0 type LOGY
@yaxis ticklabel format power
@legend string   0 "Lab energy =   90.0000"
#legend string   0 "Partition=  2 Excit=  3 near/far= 1"
#  Theta       sigma       iT11        T20         T21         T22         Kyy for projectile
   0.000      0.6368    
   1.000      0.6265    
   2.000      0.5973    
   3.000      0.5537    
   4.000      0.5023    
   5.000      0.4510    
   6.000      0.4072    
   7.000      0.3772    
   8.000      0.3651    
   9.000      0.3721    
   10.00      0.3967    
   11.00      0.4349    
   12.00      0.4811    
   13.00      0.5285    
   14.00      0.5710    
   15.00      0.6029    
   16.00      0.6204    
   17.00      0.6215    
   18.00      0.6062    
   19.00      0.5763    
   20.00      0.5349    
   21.00      0.4862    
   22.00      0.4346    
   23.00      0.3842    
   24.00      0.3388    
   25.00      0.3010    
   26.00      0.2727    
   27.00      0.2544    
   28.00      0.2459    
   29.00      0.2459    
   30.00      0.2528    
   31.00      0.2644    
   32.00      0.2786    
   33.00      0.2934    
   34.00      0.3068    
   35.00      0.3175    
   36.00      0.3245    
   37.00      0.3271    
   38.00      0.3253    
   39.00      0.3192    
   40.00      0.3093    
   41.00      0.2962    
   42.00      0.2808    
   43.00      0.2638    
   44.00      0.2459    
   45.00      0.2279    
   46.00      0.2104    
   47.00      0.1937    
   48.00      0.1781    
   49.00      0.1640    
   50.00      0.1512    
   51.00      0.1399    
   52.00      0.1298    
   53.00      0.1209    
   54.00      0.1130    
   55.00      0.1059    
   56.00      0.9946E-01
   57.00      0.9353E-01
   58.00      0.8797E-01
   59.00      0.8268E-01
   60.00      0.7758E-01
   61.00      0.7263E-01
   62.00      0.6781E-01
   63.00      0.6309E-01
   64.00      0.5850E-01
   65.00      0.5404E-01
   66.00      0.4973E-01
   67.00      0.4561E-01
   68.00      0.4169E-01
   69.00      0.3799E-01
   70.00      0.3452E-01
   71.00      0.3130E-01
   72.00      0.2833E-01
   73.00      0.2561E-01
   74.00      0.2312E-01
   75.00      0.2087E-01
   76.00      0.1883E-01
   77.00      0.1700E-01
   78.00      0.1535E-01
   79.00      0.1387E-01
   80.00      0.1253E-01
   81.00      0.1133E-01
   82.00      0.1025E-01
   83.00      0.9271E-02
   84.00      0.8384E-02
   85.00      0.7576E-02
   86.00      0.6839E-02
   87.00      0.6165E-02
   88.00      0.5548E-02
   89.00      0.4981E-02
   90.00      0.4461E-02
   91.00      0.3983E-02
   92.00      0.3545E-02
   93.00      0.3144E-02
   94.00      0.2777E-02
   95.00      0.2444E-02
   96.00      0.2141E-02
   97.00      0.1868E-02
   98.00      0.1623E-02
   99.00      0.1404E-02
   100.0      0.1210E-02
   101.0      0.1039E-02
   102.0      0.8888E-03
   103.0      0.7586E-03
   104.0      0.6464E-03
   105.0      0.5506E-03
   106.0      0.4697E-03
   107.0      0.4020E-03
   108.0      0.3461E-03
   109.0      0.3005E-03
   110.0      0.2638E-03
   111.0      0.2347E-03
   112.0      0.2121E-03
   113.0      0.1949E-03
   114.0      0.1821E-03
   115.0      0.1727E-03
   116.0      0.1661E-03
   117.0      0.1616E-03
   118.0      0.1585E-03
   119.0      0.1564E-03
   120.0      0.1548E-03
   121.0      0.1535E-03
   122.0      0.1521E-03
   123.0      0.1505E-03
   124.0      0.1485E-03
   125.0      0.1461E-03
   126.0      0.1432E-03
   127.0      0.1397E-03
   128.0      0.1358E-03
   129.0      0.1314E-03
   130.0      0.1266E-03
   131.0      0.1215E-03
   132.0      0.1161E-03
   133.0      0.1105E-03
   134.0      0.1049E-03
   135.0      0.9917E-04
   136.0      0.9352E-04
   137.0      0.8797E-04
   138.0      0.8259E-04
   139.0      0.7741E-04
   140.0      0.7247E-04
   141.0      0.6781E-04
   142.0      0.6344E-04
   143.0      0.5939E-04
   144.0      0.5564E-04
   145.0      0.5220E-04
   146.0      0.4907E-04
   147.0      0.4623E-04
   148.0      0.4365E-04
   149.0      0.4133E-04
   150.0      0.3924E-04
   151.0      0.3736E-04
   152.0      0.3566E-04
   153.0      0.3412E-04
   154.0      0.3272E-04
   155.0      0.3143E-04
   156.0      0.3023E-04
   157.0      0.2911E-04
   158.0      0.2806E-04
   159.0      0.2705E-04
   160.0      0.2608E-04
   161.0      0.2513E-04
   162.0      0.2421E-04
   163.0      0.2331E-04
   164.0      0.2243E-04
   165.0      0.2157E-04
   166.0      0.2072E-04
   167.0      0.1990E-04
   168.0      0.1911E-04
   169.0      0.1835E-04
   170.0      0.1762E-04
   171.0      0.1695E-04
   172.0      0.1632E-04
   173.0      0.1575E-04
   174.0      0.1525E-04
   175.0      0.1481E-04
   176.0      0.1444E-04
   177.0      0.1416E-04
   178.0      0.1395E-04
   179.0      0.1382E-04
   180.0      0.1378E-04
 END
