# Fusion cross sections for ELAB=  90.000, ECM=  71.940
     0.0  0.9910       1.009      0.1796E-01
     1.0   8.883       9.086      0.2034    
     2.0   21.44       21.94      0.5022    
     3.0   34.85       35.59      0.7405    
     4.0   45.01       45.90      0.8892    
     5.0   54.60       55.60      0.9953    
     6.0   62.29       63.41       1.113    
     7.0   66.41       67.67       1.258    
     8.0   65.63       66.97       1.334    
     9.0   59.75       60.97       1.220    
    10.0   49.85       50.77      0.9156    
    11.0   37.97       38.53      0.5537    
    12.0   26.49       26.77      0.2749    
    13.0   17.17       17.29      0.1174    
    14.0   10.57       10.61      0.4545E-01
    15.0   6.296       6.313      0.1664E-01
    16.0   3.681       3.687      0.5916E-02
    17.0   2.129       2.131      0.2072E-02
    18.0   1.222       1.223      0.7206E-03
    19.0  0.6981      0.6983      0.2497E-03
    20.0  0.3972      0.3972      0.8634E-04
    21.0  0.2252      0.2252      0.2977E-04
    22.0  0.1273      0.1273      0.1023E-04
    23.0  0.7177E-01  0.7177E-01  0.3497E-05
    24.0  0.4036E-01  0.4036E-01  0.1190E-05
    25.0  0.2264E-01  0.2264E-01  0.4037E-06
    26.0  0.1267E-01  0.1267E-01  0.1367E-06
    27.0  0.7079E-02  0.7079E-02  0.4623E-07
    28.0  0.3947E-02  0.3947E-02  0.1563E-07
    29.0  0.2196E-02  0.2196E-02  0.5287E-08
    30.0  0.1220E-02  0.1220E-02  0.1788E-08
    31.0  0.6768E-03  0.6768E-03  0.6044E-09
    32.0  0.3749E-03  0.3749E-03  0.2042E-09
    33.0  0.2073E-03  0.2073E-03  0.6885E-10
    34.0  0.1145E-03  0.1145E-03  0.2309E-10
    35.0  0.6316E-04  0.6316E-04  0.7671E-11
    36.0  0.3480E-04  0.3480E-04  0.2512E-11
    37.0  0.1915E-04  0.1915E-04  0.8074E-12
    38.0  0.1053E-04  0.1053E-04  0.2551E-12
    39.0  0.5782E-05  0.5782E-05  0.7877E-13
    40.0  0.3172E-05  0.3172E-05  0.2385E-13
 &
