# 181 angles,  1 tensor ranks for 0=projectile
@subtitle   "8Li(d,3He)7He @ 45 AMeV Haixia OMP (d) + HT1p OMP (3He) and Ex = 17 Me"        
@legend ON
@legend x1 0.2
@legend y1 0.8
@g0 type LOGY
@yaxis ticklabel format power
@legend string   0 "Lab energy =   90.0000"
#legend string   0 "Partition=  2 Excit=  1 near/far= 1"
#  Theta       sigma       iT11        T20         T21         T22         Kyy for projectile
   0.000       1.543    
   1.000       1.505    
   2.000       1.395    
   3.000       1.226    
   4.000       1.015    
   5.000      0.7859    
   6.000      0.5611    
   7.000      0.3628    
   8.000      0.2086    
   9.000      0.1104    
   10.00      0.7329E-01
   11.00      0.9588E-01
   12.00      0.1710    
   13.00      0.2872    
   14.00      0.4305    
   15.00      0.5862    
   16.00      0.7404    
   17.00      0.8814    
   18.00       1.001    
   19.00       1.093    
   20.00       1.156    
   21.00       1.191    
   22.00       1.202    
   23.00       1.192    
   24.00       1.167    
   25.00       1.133    
   26.00       1.094    
   27.00       1.055    
   28.00       1.019    
   29.00      0.9870    
   30.00      0.9603    
   31.00      0.9386    
   32.00      0.9210    
   33.00      0.9062    
   34.00      0.8925    
   35.00      0.8786    
   36.00      0.8629    
   37.00      0.8444    
   38.00      0.8223    
   39.00      0.7964    
   40.00      0.7665    
   41.00      0.7329    
   42.00      0.6962    
   43.00      0.6571    
   44.00      0.6165    
   45.00      0.5751    
   46.00      0.5337    
   47.00      0.4931    
   48.00      0.4540    
   49.00      0.4167    
   50.00      0.3816    
   51.00      0.3490    
   52.00      0.3190    
   53.00      0.2916    
   54.00      0.2666    
   55.00      0.2439    
   56.00      0.2234    
   57.00      0.2048    
   58.00      0.1879    
   59.00      0.1725    
   60.00      0.1584    
   61.00      0.1454    
   62.00      0.1333    
   63.00      0.1221    
   64.00      0.1117    
   65.00      0.1018    
   66.00      0.9263E-01
   67.00      0.8399E-01
   68.00      0.7588E-01
   69.00      0.6830E-01
   70.00      0.6123E-01
   71.00      0.5466E-01
   72.00      0.4859E-01
   73.00      0.4301E-01
   74.00      0.3790E-01
   75.00      0.3325E-01
   76.00      0.2906E-01
   77.00      0.2529E-01
   78.00      0.2192E-01
   79.00      0.1894E-01
   80.00      0.1631E-01
   81.00      0.1400E-01
   82.00      0.1200E-01
   83.00      0.1026E-01
   84.00      0.8766E-02
   85.00      0.7489E-02
   86.00      0.6401E-02
   87.00      0.5480E-02
   88.00      0.4703E-02
   89.00      0.4051E-02
   90.00      0.3506E-02
   91.00      0.3051E-02
   92.00      0.2672E-02
   93.00      0.2356E-02
   94.00      0.2094E-02
   95.00      0.1875E-02
   96.00      0.1692E-02
   97.00      0.1537E-02
   98.00      0.1407E-02
   99.00      0.1295E-02
   100.0      0.1198E-02
   101.0      0.1113E-02
   102.0      0.1038E-02
   103.0      0.9710E-03
   104.0      0.9096E-03
   105.0      0.8530E-03
   106.0      0.8003E-03
   107.0      0.7507E-03
   108.0      0.7038E-03
   109.0      0.6590E-03
   110.0      0.6162E-03
   111.0      0.5750E-03
   112.0      0.5355E-03
   113.0      0.4975E-03
   114.0      0.4609E-03
   115.0      0.4258E-03
   116.0      0.3921E-03
   117.0      0.3600E-03
   118.0      0.3293E-03
   119.0      0.3001E-03
   120.0      0.2724E-03
   121.0      0.2463E-03
   122.0      0.2218E-03
   123.0      0.1988E-03
   124.0      0.1774E-03
   125.0      0.1576E-03
   126.0      0.1393E-03
   127.0      0.1225E-03
   128.0      0.1071E-03
   129.0      0.9323E-04
   130.0      0.8067E-04
   131.0      0.6942E-04
   132.0      0.5939E-04
   133.0      0.5051E-04
   134.0      0.4271E-04
   135.0      0.3591E-04
   136.0      0.3002E-04
   137.0      0.2496E-04
   138.0      0.2065E-04
   139.0      0.1702E-04
   140.0      0.1398E-04
   141.0      0.1147E-04
   142.0      0.9412E-05
   143.0      0.7757E-05
   144.0      0.6442E-05
   145.0      0.5417E-05
   146.0      0.4635E-05
   147.0      0.4055E-05
   148.0      0.3642E-05
   149.0      0.3364E-05
   150.0      0.3195E-05
   151.0      0.3111E-05
   152.0      0.3095E-05
   153.0      0.3129E-05
   154.0      0.3202E-05
   155.0      0.3302E-05
   156.0      0.3421E-05
   157.0      0.3553E-05
   158.0      0.3692E-05
   159.0      0.3835E-05
   160.0      0.3978E-05
   161.0      0.4120E-05
   162.0      0.4258E-05
   163.0      0.4393E-05
   164.0      0.4522E-05
   165.0      0.4646E-05
   166.0      0.4763E-05
   167.0      0.4875E-05
   168.0      0.4980E-05
   169.0      0.5078E-05
   170.0      0.5170E-05
   171.0      0.5254E-05
   172.0      0.5330E-05
   173.0      0.5398E-05
   174.0      0.5459E-05
   175.0      0.5510E-05
   176.0      0.5553E-05
   177.0      0.5587E-05
   178.0      0.5611E-05
   179.0      0.5625E-05
   180.0      0.5630E-05
 END
