# Fusion cross sections for ELAB=  90.000, ECM=  71.940
     0.0  0.3302      1
     0.0  0.9910     -1
     1.0   4.939      1
     1.0   8.883     -1
     2.0   9.890      1
     2.0   21.44     -1
     3.0   18.58      1
     3.0   34.85     -1
     4.0   21.08      1
     4.0   45.01     -1
     5.0   28.96      1
     5.0   54.60     -1
     6.0   29.30      1
     6.0   62.29     -1
     7.0   35.20      1
     7.0   66.41     -1
     8.0   30.83      1
     8.0   65.63     -1
     9.0   31.71      1
     9.0   59.75     -1
    10.0   23.25      1
    10.0   49.85     -1
    11.0   20.54      1
    11.0   37.97     -1
    12.0   11.91      1
    12.0   26.49     -1
    13.0   9.589      1
    13.0   17.17     -1
    14.0   4.615      1
    14.0   10.57     -1
    15.0   3.562      1
    15.0   6.296     -1
    16.0   1.595      1
    16.0   3.681     -1
    17.0   1.207      1
    17.0   2.129     -1
    18.0  0.5288      1
    18.0   1.222     -1
    19.0  0.3960      1
    19.0  0.6981     -1
    20.0  0.1719      1
    20.0  0.3972     -1
    21.0  0.1277      1
    21.0  0.2252     -1
    22.0  0.5508E-01  1
    22.0  0.1273     -1
    23.0  0.4072E-01  1
    23.0  0.7177E-01 -1
    24.0  0.1746E-01  1
    24.0  0.4036E-01 -1
    25.0  0.1285E-01  1
    25.0  0.2264E-01 -1
    26.0  0.5482E-02  1
    26.0  0.1267E-01 -1
    27.0  0.4018E-02  1
    27.0  0.7079E-02 -1
    28.0  0.1707E-02  1
    28.0  0.3947E-02 -1
    29.0  0.1247E-02  1
    29.0  0.2196E-02 -1
    30.0  0.5275E-03  1
    30.0  0.1220E-02 -1
    31.0  0.3843E-03  1
    31.0  0.6768E-03 -1
    32.0  0.1620E-03  1
    32.0  0.3749E-03 -1
    33.0  0.1177E-03  1
    33.0  0.2073E-03 -1
    34.0  0.4947E-04  1
    34.0  0.1145E-03 -1
    35.0  0.3587E-04  1
    35.0  0.6316E-04 -1
    36.0  0.1503E-04  1
    36.0  0.3480E-04 -1
    37.0  0.1088E-04  1
    37.0  0.1915E-04 -1
    38.0  0.4547E-05  1
    38.0  0.1053E-04 -1
    39.0  0.3285E-05  1
    39.0  0.5782E-05 -1
    40.0  0.1370E-05  1
    40.0  0.3172E-05 -1
 &
