# 181 angles,  1 tensor ranks for 0=projectile
@subtitle   "8Li(d,3He)7He @ 45 AMeV Haixia OMP (d) + HT1p OMP (3He) and Ex = 17 Me"        
@legend ON
@legend x1 0.2
@legend y1 0.8
@g0 type LOGY
@yaxis ticklabel format power
@legend string   0 "Lab energy =   90.0000"
#legend string   0 "Partition=  1 Excit=  1 near/far= 1"
#  Theta       sigma       iT11        T20         T21         T22         Kyy for projectile
  0.1000E-01   1.000    
   1.000      0.8796    
   2.000      0.7755    
   3.000       1.219    
   4.000       2.895    
   5.000       6.476    
   6.000       12.44    
   7.000       20.92    
   8.000       31.62    
   9.000       43.82    
   10.00       56.46    
   11.00       68.32    
   12.00       78.19    
   13.00       85.08    
   14.00       88.40    
   15.00       88.01    
   16.00       84.25    
   17.00       77.91    
   18.00       70.09    
   19.00       62.04    
   20.00       54.97    
   21.00       49.95    
   22.00       47.75    
   23.00       48.74    
   24.00       52.92    
   25.00       59.94    
   26.00       69.11    
   27.00       79.58    
   28.00       90.37    
   29.00       100.5    
   30.00       109.2    
   31.00       115.7    
   32.00       119.7    
   33.00       120.8    
   34.00       119.1    
   35.00       114.9    
   36.00       108.5    
   37.00       100.4    
   38.00       91.20    
   39.00       81.45    
   40.00       71.66    
   41.00       62.28    
   42.00       53.66    
   43.00       46.03    
   44.00       39.54    
   45.00       34.22    
   46.00       30.03    
   47.00       26.85    
   48.00       24.54    
   49.00       22.91    
   50.00       21.77    
   51.00       20.96    
   52.00       20.30    
   53.00       19.69    
   54.00       19.02    
   55.00       18.23    
   56.00       17.28    
   57.00       16.18    
   58.00       14.94    
   59.00       13.59    
   60.00       12.17    
   61.00       10.73    
   62.00       9.305    
   63.00       7.938    
   64.00       6.664    
   65.00       5.506    
   66.00       4.481    
   67.00       3.597    
   68.00       2.854    
   69.00       2.245    
   70.00       1.760    
   71.00       1.385    
   72.00       1.103    
   73.00      0.8967    
   74.00      0.7507    
   75.00      0.6498    
   76.00      0.5808    
   77.00      0.5328    
   78.00      0.4974    
   79.00      0.4681    
   80.00      0.4407    
   81.00      0.4126    
   82.00      0.3826    
   83.00      0.3507    
   84.00      0.3175    
   85.00      0.2840    
   86.00      0.2513    
   87.00      0.2206    
   88.00      0.1929    
   89.00      0.1690    
   90.00      0.1491    
   91.00      0.1334    
   92.00      0.1217    
   93.00      0.1136    
   94.00      0.1087    
   95.00      0.1061    
   96.00      0.1052    
   97.00      0.1054    
   98.00      0.1059    
   99.00      0.1063    
   100.0      0.1061    
   101.0      0.1050    
   102.0      0.1028    
   103.0      0.9942E-01
   104.0      0.9494E-01
   105.0      0.8945E-01
   106.0      0.8312E-01
   107.0      0.7619E-01
   108.0      0.6888E-01
   109.0      0.6145E-01
   110.0      0.5412E-01
   111.0      0.4710E-01
   112.0      0.4057E-01
   113.0      0.3467E-01
   114.0      0.2950E-01
   115.0      0.2513E-01
   116.0      0.2156E-01
   117.0      0.1878E-01
   118.0      0.1676E-01
   119.0      0.1542E-01
   120.0      0.1468E-01
   121.0      0.1444E-01
   122.0      0.1461E-01
   123.0      0.1508E-01
   124.0      0.1575E-01
   125.0      0.1654E-01
   126.0      0.1735E-01
   127.0      0.1813E-01
   128.0      0.1882E-01
   129.0      0.1937E-01
   130.0      0.1974E-01
   131.0      0.1993E-01
   132.0      0.1992E-01
   133.0      0.1972E-01
   134.0      0.1932E-01
   135.0      0.1876E-01
   136.0      0.1804E-01
   137.0      0.1719E-01
   138.0      0.1623E-01
   139.0      0.1520E-01
   140.0      0.1411E-01
   141.0      0.1300E-01
   142.0      0.1187E-01
   143.0      0.1076E-01
   144.0      0.9687E-02
   145.0      0.8655E-02
   146.0      0.7681E-02
   147.0      0.6774E-02
   148.0      0.5940E-02
   149.0      0.5183E-02
   150.0      0.4504E-02
   151.0      0.3904E-02
   152.0      0.3379E-02
   153.0      0.2926E-02
   154.0      0.2540E-02
   155.0      0.2215E-02
   156.0      0.1946E-02
   157.0      0.1726E-02
   158.0      0.1549E-02
   159.0      0.1409E-02
   160.0      0.1299E-02
   161.0      0.1215E-02
   162.0      0.1150E-02
   163.0      0.1100E-02
   164.0      0.1060E-02
   165.0      0.1028E-02
   166.0      0.1001E-02
   167.0      0.9782E-03
   168.0      0.9573E-03
   169.0      0.9375E-03
   170.0      0.9179E-03
   171.0      0.8981E-03
   172.0      0.8780E-03
   173.0      0.8578E-03
   174.0      0.8381E-03
   175.0      0.8198E-03
   176.0      0.8038E-03
   177.0      0.7907E-03
   178.0      0.7812E-03
   179.0      0.7754E-03
   180.0      0.7734E-03
 END
