# 181 angles,  1 tensor ranks for 0=projectile
@subtitle   "8Li(d,3He)7He @ 45 AMeV Haixia OMP (d) + HT1p OMP (3He) and Ex = 17 Me"        
@legend ON
@legend x1 0.2
@legend y1 0.8
@g0 type LOGY
@yaxis ticklabel format power
@legend string   0 "Lab energy =   90.0000"
#legend string   0 "Partition=  2 Excit=  2 near/far= 1"
#  Theta       sigma       iT11        T20         T21         T22         Kyy for projectile
   0.000      0.4139    
   1.000      0.4485    
   2.000      0.5482    
   3.000      0.7008    
   4.000      0.8879    
   5.000       1.088    
   6.000       1.277    
   7.000       1.437    
   8.000       1.550    
   9.000       1.608    
   10.00       1.610    
   11.00       1.558    
   12.00       1.464    
   13.00       1.340    
   14.00       1.203    
   15.00       1.068    
   16.00      0.9477    
   17.00      0.8523    
   18.00      0.7880    
   19.00      0.7570    
   20.00      0.7577    
   21.00      0.7857    
   22.00      0.8343    
   23.00      0.8958    
   24.00      0.9623    
   25.00       1.027    
   26.00       1.082    
   27.00       1.125    
   28.00       1.153    
   29.00       1.163    
   30.00       1.157    
   31.00       1.136    
   32.00       1.103    
   33.00       1.059    
   34.00       1.009    
   35.00      0.9547    
   36.00      0.8989    
   37.00      0.8438    
   38.00      0.7911    
   39.00      0.7417    
   40.00      0.6962    
   41.00      0.6549    
   42.00      0.6175    
   43.00      0.5837    
   44.00      0.5528    
   45.00      0.5243    
   46.00      0.4975    
   47.00      0.4720    
   48.00      0.4472    
   49.00      0.4229    
   50.00      0.3988    
   51.00      0.3749    
   52.00      0.3511    
   53.00      0.3275    
   54.00      0.3042    
   55.00      0.2814    
   56.00      0.2593    
   57.00      0.2381    
   58.00      0.2179    
   59.00      0.1988    
   60.00      0.1809    
   61.00      0.1643    
   62.00      0.1490    
   63.00      0.1350    
   64.00      0.1223    
   65.00      0.1107    
   66.00      0.1002    
   67.00      0.9077E-01
   68.00      0.8225E-01
   69.00      0.7456E-01
   70.00      0.6761E-01
   71.00      0.6131E-01
   72.00      0.5559E-01
   73.00      0.5038E-01
   74.00      0.4562E-01
   75.00      0.4125E-01
   76.00      0.3724E-01
   77.00      0.3355E-01
   78.00      0.3015E-01
   79.00      0.2702E-01
   80.00      0.2415E-01
   81.00      0.2151E-01
   82.00      0.1909E-01
   83.00      0.1688E-01
   84.00      0.1488E-01
   85.00      0.1307E-01
   86.00      0.1144E-01
   87.00      0.9974E-02
   88.00      0.8672E-02
   89.00      0.7519E-02
   90.00      0.6503E-02
   91.00      0.5613E-02
   92.00      0.4839E-02
   93.00      0.4169E-02
   94.00      0.3592E-02
   95.00      0.3099E-02
   96.00      0.2678E-02
   97.00      0.2322E-02
   98.00      0.2022E-02
   99.00      0.1769E-02
   100.0      0.1557E-02
   101.0      0.1380E-02
   102.0      0.1232E-02
   103.0      0.1108E-02
   104.0      0.1004E-02
   105.0      0.9167E-03
   106.0      0.8424E-03
   107.0      0.7787E-03
   108.0      0.7237E-03
   109.0      0.6755E-03
   110.0      0.6328E-03
   111.0      0.5944E-03
   112.0      0.5594E-03
   113.0      0.5272E-03
   114.0      0.4971E-03
   115.0      0.4688E-03
   116.0      0.4420E-03
   117.0      0.4164E-03
   118.0      0.3919E-03
   119.0      0.3684E-03
   120.0      0.3457E-03
   121.0      0.3238E-03
   122.0      0.3027E-03
   123.0      0.2824E-03
   124.0      0.2628E-03
   125.0      0.2440E-03
   126.0      0.2259E-03
   127.0      0.2086E-03
   128.0      0.1921E-03
   129.0      0.1763E-03
   130.0      0.1613E-03
   131.0      0.1471E-03
   132.0      0.1337E-03
   133.0      0.1210E-03
   134.0      0.1092E-03
   135.0      0.9815E-04
   136.0      0.8787E-04
   137.0      0.7835E-04
   138.0      0.6959E-04
   139.0      0.6157E-04
   140.0      0.5425E-04
   141.0      0.4763E-04
   142.0      0.4166E-04
   143.0      0.3632E-04
   144.0      0.3158E-04
   145.0      0.2739E-04
   146.0      0.2372E-04
   147.0      0.2053E-04
   148.0      0.1778E-04
   149.0      0.1543E-04
   150.0      0.1343E-04
   151.0      0.1175E-04
   152.0      0.1036E-04
   153.0      0.9207E-05
   154.0      0.8265E-05
   155.0      0.7501E-05
   156.0      0.6886E-05
   157.0      0.6392E-05
   158.0      0.5995E-05
   159.0      0.5676E-05
   160.0      0.5414E-05
   161.0      0.5197E-05
   162.0      0.5009E-05
   163.0      0.4843E-05
   164.0      0.4689E-05
   165.0      0.4543E-05
   166.0      0.4400E-05
   167.0      0.4258E-05
   168.0      0.4116E-05
   169.0      0.3975E-05
   170.0      0.3836E-05
   171.0      0.3700E-05
   172.0      0.3570E-05
   173.0      0.3447E-05
   174.0      0.3334E-05
   175.0      0.3235E-05
   176.0      0.3150E-05
   177.0      0.3081E-05
   178.0      0.3032E-05
   179.0      0.3001E-05
   180.0      0.2991E-05
 END
