0.001  4.08752e-05 0.30126
0.00101  4.09151e-05 0.302762
0.0010201  4.09553e-05 0.304272
0.0010303  4.09957e-05 0.30579
0.0010406  4.10363e-05 0.307315
0.00105101  4.10772e-05 0.308848
0.00106152  4.11183e-05 0.310388
0.00107214  4.11597e-05 0.311936
0.00108286  4.12013e-05 0.313492
0.00109369  4.12431e-05 0.315056
0.00110462  4.12847e-05 0.316627
0.00111567  4.13226e-05 0.318206
0.00112683  4.13608e-05 0.319793
0.00113809  4.13944e-05 0.321388
0.00114947  4.14278e-05 0.322991
0.00116097  4.14613e-05 0.324602
0.00117258  4.1495e-05 0.326221
0.0011843  4.1525e-05 0.327848
0.00119615  4.15547e-05 0.329483
0.00120811  4.15845e-05 0.331127
0.00122019  4.16145e-05 0.332778
0.00123239  4.16445e-05 0.334438
0.00124472  4.16747e-05 0.336106
0.00125716  4.1705e-05 0.337782
0.00126973  4.17354e-05 0.339467
0.00128243  4.17659e-05 0.34116
0.00129526  4.17966e-05 0.342862
0.00130821  4.18273e-05 0.344572
0.00132129  4.18582e-05 0.34629
0.0013345  4.18892e-05 0.348017
0.00134785  4.19204e-05 0.349753
0.00136133  4.19516e-05 0.351498
0.00137494  4.1983e-05 0.353251
0.00138869  4.20145e-05 0.355013
0.00140258  4.20461e-05 0.356783
0.0014166  4.20778e-05 0.358563
0.00143077  4.21096e-05 0.360351
0.00144508  4.21416e-05 0.362148
0.00145953  4.21737e-05 0.363955
0.00147412  4.22052e-05 0.36577
0.00148886  4.22344e-05 0.367594
0.00150375  4.22636e-05 0.369367
0.00151879  4.22892e-05 0.371157
0.00153398  4.23149e-05 0.37297
0.00154932  4.23407e-05 0.374804
0.00156481  4.23665e-05 0.37666
0.00158046  4.23906e-05 0.378538
0.00159626  4.24147e-05 0.380437
0.00161223  4.24389e-05 0.382357
0.00162835  4.24631e-05 0.384298
0.00164463  4.24874e-05 0.386259
0.00166108  4.25117e-05 0.38824
0.00167769  4.2536e-05 0.390204
0.00169447  4.25603e-05 0.392123
0.00171141  4.25847e-05 0.394059
0.00172852  4.26091e-05 0.396012
0.00174581  4.26335e-05 0.397982
0.00176327  4.26579e-05 0.399967
0.0017809  4.26824e-05 0.401967
0.00179871  4.27069e-05 0.403981
0.0018167  4.27314e-05 0.406009
0.00183486  4.2756e-05 0.40805
0.00185321  4.27805e-05 0.410102
0.00187174  4.28051e-05 0.412165
0.00189046  4.28297e-05 0.414227
0.00190937  4.28543e-05 0.416294
0.00192846  4.2879e-05 0.418371
0.00194774  4.29036e-05 0.420458
0.00196722  4.29281e-05 0.422555
0.00198689  4.29524e-05 0.424662
0.00200676  4.29767e-05 0.426779
0.00202683  4.3001e-05 0.428907
0.0020471  4.30253e-05 0.431045
0.00206757  4.30496e-05 0.433194
0.00208825  4.3074e-05 0.435354
0.00210913  4.30983e-05 0.437525
0.00213022  4.31226e-05 0.439705
0.00215152  4.3147e-05 0.441897
0.00217304  4.31713e-05 0.444101
0.00219477  4.31957e-05 0.446316
0.00221672  4.32188e-05 0.448542
0.00223888  4.32406e-05 0.450779
0.00226127  4.32615e-05 0.453028
0.00228388  4.32803e-05 0.455288
0.00230672  4.3299e-05 0.457559
0.00232979  4.33176e-05 0.459842
0.00235309  4.33362e-05 0.462136
0.00237662  4.33551e-05 0.464441
0.00240038  4.33738e-05 0.466758
0.00242439  4.33925e-05 0.469086
0.00244863  4.34112e-05 0.471426
0.00247312  4.34297e-05 0.473777
0.00249785  4.34482e-05 0.47614
0.00252283  4.34666e-05 0.478515
0.00254806  4.34849e-05 0.480901
0.00257354  4.35032e-05 0.4833
0.00259927  4.35214e-05 0.48571
0.00262527  4.35395e-05 0.488132
0.00265152  4.35574e-05 0.490566
0.00267803  4.35754e-05 0.493013
0.00270481  4.35932e-05 0.495472
0.00273186  4.36109e-05 0.497943
0.00275918  4.36285e-05 0.500426
0.00278677  4.36461e-05 0.502922
0.00281464  4.36635e-05 0.505431
0.00284279  4.36808e-05 0.507951
0.00287121  4.3698e-05 0.510485
0.00289993  4.37152e-05 0.513031
0.00292893  4.37322e-05 0.51559
0.00295822  4.37485e-05 0.518161
0.0029878  4.37642e-05 0.520745
0.00301768  4.37794e-05 0.523343
0.00304785  4.37936e-05 0.525953
0.00307833  4.38078e-05 0.528576
0.00310911  4.38217e-05 0.531212
0.0031402  4.38363e-05 0.533862
0.00317161  4.38522e-05 0.536524
0.00320332  4.38679e-05 0.5392
0.00323536  4.38836e-05 0.541889
0.00326771  4.3899e-05 0.544592
0.00330039  4.39144e-05 0.547308
0.00333339  4.39295e-05 0.550038
0.00336672  4.39446e-05 0.552781
0.00340039  4.39594e-05 0.555538
0.0034344  4.39742e-05 0.558309
0.00346874  4.39887e-05 0.561093
0.00350343  4.40031e-05 0.563892
0.00353846  4.40174e-05 0.566704
0.00357385  4.40315e-05 0.569531
0.00360958  4.40454e-05 0.572371
0.00364568  4.40591e-05 0.575226
0.00368214  4.40726e-05 0.578095
0.00371896  4.40857e-05 0.580978
0.00375615  4.40987e-05 0.583875
0.00379371  4.41112e-05 0.586788
0.00383165  4.41234e-05 0.589714
0.00386996  4.41355e-05 0.592655
0.00390866  4.41474e-05 0.595611
0.00394775  4.41634e-05 0.598582
0.00398723  4.41796e-05 0.601567
0.0040271  4.41957e-05 0.604568
0.00406737  4.42115e-05 0.607583
0.00410804  4.42272e-05 0.610613
0.00414912  4.42428e-05 0.613658
0.00419062  4.42581e-05 0.616719
0.00423252  4.42733e-05 0.619795
0.00427485  4.42883e-05 0.622886
0.0043176  4.4303e-05 0.625993
0.00436077  4.43176e-05 0.629115
0.00440438  4.4332e-05 0.632253
0.00444842  4.43464e-05 0.635406
0.00449291  4.43606e-05 0.638575
0.00453784  4.43747e-05 0.64176
0.00458321  4.43887e-05 0.644961
0.00462905  4.44025e-05 0.648177
0.00467534  4.44161e-05 0.65141
0.00472209  4.44295e-05 0.654659
0.00476931  4.44426e-05 0.657924
0.004817  4.44555e-05 0.661206
0.00486517  4.44682e-05 0.664503
0.00491383  4.44807e-05 0.667818
0.00496296  4.44929e-05 0.671148
0.00501259  4.45048e-05 0.674496
0.00506272  4.45165e-05 0.67786
0.00511335  4.4528e-05 0.681241
0.00516448  4.45392e-05 0.684638
0.00521613  4.45501e-05 0.688053
0.00526829  4.45608e-05 0.691484
0.00532097  4.45712e-05 0.694933
0.00537418  4.45813e-05 0.698399
0.00542792  4.45911e-05 0.701882
0.0054822  4.46006e-05 0.705383
0.00553702  4.46099e-05 0.708901
0.00559239  4.46189e-05 0.712437
0.00564832  4.46275e-05 0.71599
0.0057048  4.46359e-05 0.719561
0.00576185  4.46439e-05 0.72315
0.00581947  4.46516e-05 0.726757
0.00587766  4.46604e-05 0.730381
0.00593644  4.4677e-05 0.734024
0.0059958  4.46935e-05 0.737685
0.00605576  4.47109e-05 0.741364
0.00611632  4.47284e-05 0.745062
0.00617748  4.47458e-05 0.748778
0.00623926  4.47629e-05 0.752512
0.00630165  4.47797e-05 0.756266
0.00636466  4.47964e-05 0.760037
0.00642831  4.48127e-05 0.763828
0.00649259  4.48288e-05 0.767638
0.00655752  4.48447e-05 0.771466
0.0066231  4.48603e-05 0.775314
0.00668933  4.48756e-05 0.779181
0.00675622  4.48906e-05 0.783067
0.00682378  4.49054e-05 0.786972
0.00689202  4.49199e-05 0.790897
0.00696094  4.4934e-05 0.794842
0.00703055  4.49479e-05 0.798806
0.00710085  4.49615e-05 0.80279
0.00717186  4.49748e-05 0.806794
0.00724358  4.49878e-05 0.810818
0.00731602  4.50005e-05 0.814862
0.00738918  4.50141e-05 0.818926
0.00746307  4.5029e-05 0.82301
0.0075377  4.50444e-05 0.827115
0.00761308  4.50619e-05 0.831241
0.00768921  4.50792e-05 0.835386
0.0077661  4.50961e-05 0.839553
0.00784376  4.51156e-05 0.84374
0.0079222  4.51429e-05 0.847948
0.00800142  4.51701e-05 0.852178
0.00808144  4.5197e-05 0.856428
0.00816225  4.52238e-05 0.860699
0.00824387  4.52503e-05 0.864992
0.00832631  4.52767e-05 0.869306
0.00840957  4.53028e-05 0.873641
0.00849367  4.53287e-05 0.877999
0.00857861  4.53544e-05 0.882378
0.00866439  4.53798e-05 0.886779
0.00875104  4.54051e-05 0.891202
0.00883855  4.54301e-05 0.895647
0.00892693  4.54548e-05 0.900114
0.0090162  4.54793e-05 0.904603
0.00910636  4.55036e-05 0.909115
0.00919743  4.55276e-05 0.913649
0.0092894  4.55513e-05 0.918205
0.0093823  4.55748e-05 0.922785
0.00947612  4.5598e-05 0.927387
0.00957088  4.56209e-05 0.932013
0.00966659  4.56435e-05 0.936661
0.00976325  4.56659e-05 0.941333
0.00986089  4.56879e-05 0.946028
0.0099595  4.57097e-05 0.950746
0.0100591  4.57311e-05 0.955488
0.0101597  4.57523e-05 0.960254
0.0102613  4.57731e-05 0.965043
0.0103639  4.57936e-05 0.969856
0.0104675  4.58138e-05 0.974693
0.0105722  4.58337e-05 0.979554
0.0106779  4.58532e-05 0.98444
0.0107847  4.58724e-05 0.98935
0.0108926  4.58912e-05 0.994284
0.0110015  4.59097e-05 0.999243
0.0111115  4.59313e-05 1.00423
0.0112226  4.5954e-05 1.00924
0.0113348  4.59794e-05 1.01427
0.0114482  4.60073e-05 1.01933
0.0115627  4.60349e-05 1.02441
0.0116783  4.60622e-05 1.02952
0.0117951  4.6096e-05 1.03466
0.011913  4.61359e-05 1.03982
0.0120322  4.61758e-05 1.045
0.0121525  4.62154e-05 1.05021
0.012274  4.62549e-05 1.05545
0.0123967  4.62942e-05 1.06072
0.0125207  4.63333e-05 1.06601
0.0126459  4.63722e-05 1.07132
0.0127724  4.64109e-05 1.07667
0.0129001  4.64494e-05 1.08204
0.0130291  4.64877e-05 1.08743
0.0131594  4.65257e-05 1.09286
0.013291  4.65636e-05 1.09831
0.0134239  4.66012e-05 1.10378
0.0135581  4.66386e-05 1.10929
0.0136937  4.66758e-05 1.11482
0.0138307  4.67127e-05 1.12038
0.013969  4.67494e-05 1.12597
0.0141086  4.67859e-05 1.13159
0.0142497  4.68221e-05 1.13723
0.0143922  4.6858e-05 1.1429
0.0145362  4.68936e-05 1.1486
0.0146815  4.6929e-05 1.15433
0.0148283  4.69694e-05 1.16009
0.0149766  4.70107e-05 1.16587
0.0151264  4.70565e-05 1.17169
0.0152776  4.71051e-05 1.17753
0.0154304  4.71535e-05 1.18341
0.0155847  4.72017e-05 1.18931
0.0157406  4.72562e-05 1.19524
0.015898  4.73147e-05 1.2012
0.016057  4.73733e-05 1.20719
0.0162175  4.74317e-05 1.21321
0.0163797  4.74901e-05 1.21926
0.0165435  4.75483e-05 1.22535
0.0167089  4.76065e-05 1.23146
0.016876  4.76646e-05 1.2376
0.0170448  4.77226e-05 1.24377
0.0172152  4.77805e-05 1.24997
0.0173874  4.78383e-05 1.25621
0.0175613  4.7896e-05 1.26247
0.0177369  4.79535e-05 1.26877
0.0179142  4.8011e-05 1.2751
0.0180934  4.80683e-05 1.28146
0.0182743  4.81255e-05 1.28785
0.0184571  4.81825e-05 1.29427
0.0186416  4.82394e-05 1.30073
0.018828  4.82962e-05 1.30722
0.0190163  4.83528e-05 1.31374
0.0192065  4.84093e-05 1.32029
0.0193986  4.84656e-05 1.32687
0.0195925  4.85232e-05 1.33349
0.0197885  4.85877e-05 1.34014
0.0199864  4.86522e-05 1.34683
0.0201862  4.87165e-05 1.35354
0.0203881  4.87807e-05 1.36029
0.020592  4.88448e-05 1.36708
0.0207979  4.89089e-05 1.3739
0.0210059  4.89728e-05 1.38075
0.0212159  4.90366e-05 1.38763
0.0214281  4.91002e-05 1.39456
0.0216424  4.91638e-05 1.40151
0.0218588  4.92272e-05 1.4085
0.0220774  4.92909e-05 1.41553
0.0222981  4.93619e-05 1.42259
0.0225211  4.94327e-05 1.42968
0.0227463  4.95115e-05 1.43681
0.0229738  4.95915e-05 1.44398
0.0232035  4.96715e-05 1.45118
0.0234356  4.97516e-05 1.45842
0.0236699  4.98397e-05 1.46569
0.0239066  4.99293e-05 1.473
0.0241457  5.0019e-05 1.48035
0.0243871  5.01088e-05 1.48773
0.024631  5.01986e-05 1.49515
0.0248773  5.02886e-05 1.50261
0.0251261  5.03786e-05 1.5101
0.0253774  5.04687e-05 1.51764
0.0256311  5.05589e-05 1.5252
0.0258874  5.06491e-05 1.53281
0.0261463  5.07394e-05 1.54046
0.0264078  5.08298e-05 1.54814
0.0266719  5.09202e-05 1.55586
0.0269386  5.10106e-05 1.56362
0.027208  5.11011e-05 1.57142
0.02748  5.11917e-05 1.57926
0.0277548  5.12823e-05 1.58713
0.0280324  5.13729e-05 1.59505
0.0283127  5.14635e-05 1.603
0.0285958  5.15542e-05 1.611
0.0288818  5.16449e-05 1.61903
0.0291706  5.17357e-05 1.62711
0.0294623  5.18274e-05 1.63522
0.029757  5.19244e-05 1.64338
0.0300545  5.20215e-05 1.65158
0.0303551  5.21258e-05 1.65981
0.0306586  5.22305e-05 1.66809
0.0309652  5.23354e-05 1.67641
0.0312749  5.24404e-05 1.68477
0.0315876  5.25555e-05 1.69318
0.0319035  5.26714e-05 1.70162
0.0322225  5.27876e-05 1.71011
0.0325447  5.2904e-05 1.71864
0.0328702  5.30207e-05 1.72721
0.0331989  5.31375e-05 1.73582
0.0335309  5.32546e-05 1.74448
0.0338662  5.33719e-05 1.75318
0.0342049  5.34894e-05 1.76193
0.0345469  5.36071e-05 1.77071
0.0348924  5.37251e-05 1.77954
0.0352413  5.38432e-05 1.78842
0.0355937  5.39615e-05 1.79734
0.0359496  5.408e-05 1.8063
0.0363091  5.41987e-05 1.81531
0.0366722  5.43177e-05 1.82437
0.037039  5.44404e-05 1.83347
0.0374093  5.45648e-05 1.84261
0.0377834  5.46925e-05 1.8518
0.0381613  5.48233e-05 1.86104
0.0385429  5.49544e-05 1.87032
0.0389283  5.50858e-05 1.87965
0.0393176  5.52235e-05 1.88902
0.0397108  5.53675e-05 1.89844
0.0401079  5.55118e-05 1.90791
0.040509  5.56565e-05 1.91743
0.040914  5.58016e-05 1.92699
0.0413232  5.59471e-05 1.9366
0.0417364  5.6093e-05 1.94626
0.0421538  5.62392e-05 1.95597
0.0425753  5.63859e-05 1.96572
0.0430011  5.6533e-05 1.97553
0.0434311  5.66804e-05 1.98538
0.0438654  5.68283e-05 1.99528
0.044304  5.69787e-05 2.00523
0.0447471  5.7133e-05 2.01524
0.0451946  5.7289e-05 2.02529
0.0456465  5.74508e-05 2.03539
0.046103  5.76131e-05 2.04554
0.046564  5.77759e-05 2.05574
0.0470296  5.79392e-05 2.06599
0.0474999  5.8103e-05 2.0763
0.0479749  5.82672e-05 2.08665
0.0484547  5.8432e-05 2.09706
0.0489392  5.85973e-05 2.10752
0.0494286  5.87631e-05 2.11803
0.0499229  5.89293e-05 2.1286
0.0504221  5.90961e-05 2.13921
0.0509264  5.92634e-05 2.14988
0.0514356  5.94311e-05 2.1606
0.05195  5.95994e-05 2.17138
0.0524695  5.97681e-05 2.18221
0.0529942  5.99374e-05 2.19309
0.0535241  6.01071e-05 2.20403
0.0540594  6.02773e-05 2.21502
0.0546  6.0448e-05 2.22607
0.055146  6.06192e-05 2.23718
0.0556974  6.07909e-05 2.24833
0.0562544  6.09631e-05 2.25955
0.0568169  6.11357e-05 2.27082
0.0573851  6.13088e-05 2.28214
0.0579589  6.14824e-05 2.29352
0.0585385  6.16565e-05 2.30496
0.0591239  6.18477e-05 2.31646
0.0597152  6.20471e-05 2.32801
0.0603123  6.22493e-05 2.33962
0.0609154  6.24575e-05 2.35129
0.0615246  6.26665e-05 2.36302
0.0621398  6.28763e-05 2.37481
0.0627612  6.30869e-05 2.38665
0.0633888  6.32983e-05 2.39855
0.0640227  6.35105e-05 2.41052
0.064663  6.37234e-05 2.42254
0.0653096  6.39372e-05 2.43462
0.0659627  6.41518e-05 2.44676
0.0666223  6.43672e-05 2.45897
0.0672885  6.45834e-05 2.47123
0.0679614  6.48004e-05 2.48356
0.068641  6.50182e-05 2.49594
0.0693275  6.52369e-05 2.50839
0.0700207  6.54563e-05 2.5209
0.0707209  6.56765e-05 2.53348
0.0714281  6.58976e-05 2.54611
0.0721424  6.61195e-05 2.55881
0.0728638  6.63422e-05 2.57157
0.0735925  6.65661e-05 2.5844
0.0743284  6.67975e-05 2.59729
0.0750717  6.70298e-05 2.61024
0.0758224  6.72702e-05 2.62326
0.0765806  6.75126e-05 2.63635
0.0773464  6.7756e-05 2.64949
0.0781199  6.80004e-05 2.66271
0.0789011  6.82457e-05 2.67599
0.0796901  6.84921e-05 2.68934
0.080487  6.87394e-05 2.70275
0.0812919  6.89878e-05 2.71623
0.0821048  6.92371e-05 2.72978
0.0829259  6.94874e-05 2.74339
0.0837551  6.97387e-05 2.75707
0.0845927  6.99911e-05 2.77082
0.0854386  7.02444e-05 2.78464
0.086293  7.04988e-05 2.79853
0.0871559  7.07541e-05 2.81249
0.0880275  7.10105e-05 2.82652
0.0889077  7.12678e-05 2.84062
0.0897968  7.15262e-05 2.85478
0.0906948  7.17856e-05 2.86902
0.0916017  7.20461e-05 2.88333
0.0925178  7.23075e-05 2.89771
0.0934429  7.257e-05 2.91216
0.0943774  7.28335e-05 2.92669
0.0953211  7.30981e-05 2.94129
0.0962743  7.33636e-05 2.95596
0.0972371  7.36302e-05 2.9707
0.0982095  7.38979e-05 2.98552
0.0991916  7.41666e-05 3.00041
0.100183  7.44363e-05 3.01537
0.101185  7.47071e-05 3.03041
0.102197  7.49789e-05 3.04553
0.103219  7.52518e-05 3.06071
0.104251  7.55257e-05 3.07598
0.105294  7.58007e-05 3.09132
0.106347  7.60767e-05 3.10674
0.10741  7.63538e-05 3.12223
0.108484  7.66319e-05 3.1378
0.109569  7.69111e-05 3.15345
0.110665  7.71947e-05 3.16918
0.111772  7.74866e-05 3.18499
0.112889  7.77812e-05 3.20087
0.114018  7.8088e-05 3.21683
0.115158  7.8396e-05 3.23288
0.11631  7.87053e-05 3.249
0.117473  7.90175e-05 3.26521
0.118648  7.93443e-05 3.28149
0.119834  7.96726e-05 3.29786
0.121033  8.00023e-05 3.31432
0.122243  8.03336e-05 3.33085
0.123465  8.06663e-05 3.34747
0.1247  8.10005e-05 3.36417
0.125947  8.13362e-05 3.38095
0.127206  8.16734e-05 3.39781
0.128478  8.20122e-05 3.41476
0.129763  8.23524e-05 3.43179
0.131061  8.26942e-05 3.44891
0.132372  8.30375e-05 3.4661
0.133695  8.33823e-05 3.48338
0.135032  8.37286e-05 3.50075
0.136383  8.40765e-05 3.5182
0.137746  8.4426e-05 3.53574
0.139124  8.4777e-05 3.55336
0.140515  8.51296e-05 3.57107
0.14192  8.54837e-05 3.58887
0.143339  8.58394e-05 3.60677
0.144773  8.61967e-05 3.62475
0.146221  8.65556e-05 3.64282
0.147683  8.69161e-05 3.661
0.14916  8.72782e-05 3.67926
0.150651  8.76197e-05 3.69763
0.152158  8.79269e-05 3.71609
0.153679  8.82349e-05 3.73465
0.155216  8.85436e-05 3.75332
0.156768  8.88541e-05 3.77208
0.158336  8.917e-05 3.79095
0.159919  8.94867e-05 3.80993
0.161518  8.98041e-05 3.82901
0.163134  9.01221e-05 3.84821
0.164765  9.04409e-05 3.86751
0.166413  9.07604e-05 3.88692
0.168077  9.10806e-05 3.90645
0.169757  9.14014e-05 3.9261
0.171455  9.17228e-05 3.94586
0.17317  9.2045e-05 3.96574
0.174901  9.23677e-05 3.98573
0.17665  9.26911e-05 4.00584
0.178417  9.30151e-05 4.02607
0.180201  9.33397e-05 4.04641
0.182003  9.36648e-05 4.06688
0.183823  9.39906e-05 4.08746
0.185661  9.43169e-05 4.10816
0.187518  9.46438e-05 4.12898
0.189393  9.49712e-05 4.14992
0.191287  9.5332e-05 4.16946
0.1932  9.58214e-05 4.18321
0.195132  9.63145e-05 4.19694
0.197083  9.68145e-05 4.21065
0.199054  9.73194e-05 4.22435
0.201045  9.78281e-05 4.23803
0.203055  9.83408e-05 4.25169
0.205086  9.88576e-05 4.26534
0.207136  9.93783e-05 4.27896
0.209208  9.99031e-05 4.29256
0.2113  0.000100432 4.30613
0.213413  0.000100965 4.31969
0.215547  0.000101503 4.33322
0.217702  0.000102044 4.34672
0.219879  0.00010259 4.36019
0.222078  0.000103146 4.37364
0.224299  0.000103709 4.38706
0.226542  0.000104282 4.40044
0.228807  0.000104865 4.41379
0.231095  0.000105453 4.4271
0.233406  0.000106045 4.44038
0.235741  0.000106644 4.45363
0.238098  0.000107251 4.46683
0.240479  0.000107862 4.48
0.242884  0.000108478 4.49312
0.245313  0.0001091 4.5062
0.247766  0.000109726 4.51923
0.250243  0.000110358 4.53222
0.252746  0.000110995 4.54516
0.255273  0.000111637 4.55806
0.257826  0.000112285 4.5709
0.260404  0.000112938 4.58369
0.263008  0.000113597 4.59643
0.265638  0.000114261 4.60911
0.268295  0.000114931 4.62174
0.270978  0.000115607 4.63431
0.273687  0.000116288 4.64683
0.276424  0.000116975 4.65928
0.279189  0.000117668 4.67167
0.28198  0.000118367 4.68399
0.2848  0.000119072 4.69625
0.287648  0.000119783 4.70844
0.290525  0.0001205 4.72056
0.29343  0.000121224 4.73261
0.296364  0.000121956 4.74459
0.299328  0.000122696 4.7565
0.302321  0.000123444 4.76833
0.305344  0.000124201 4.78009
0.308398  0.000124965 4.79176
0.311482  0.000125735 4.80336
0.314597  0.000126514 4.81487
0.317743  0.000127302 4.8263
0.32092  0.000128097 4.83764
0.324129  0.000128899 4.8489
0.32737  0.000129708 4.86006
0.330644  0.000130524 4.87114
0.333951  0.000131348 4.88212
0.33729  0.000132179 4.89301
0.340663  0.000133018 4.9038
0.34407  0.000133864 4.9145
0.34751  0.000134718 4.9251
0.350985  0.00013558 4.93559
0.354495  0.000136449 4.94598
0.35804  0.000137327 4.95627
0.361621  0.000138212 4.96645
0.365237  0.000139106 4.97652
0.368889  0.000140008 4.98648
0.372578  0.000140921 4.99632
0.376304  0.000141842 5.00606
0.380067  0.000142775 5.01568
0.383868  0.000143716 5.02518
0.387706  0.000144666 5.03456
0.391583  0.000145625 5.04382
0.395499  0.0001465 5.05635
0.399454  0.000147332 5.07056
0.403449  0.000148169 5.08475
0.407483  0.00014901 5.09895
0.411558  0.000149855 5.11314
0.415674  0.000150705 5.12732
0.41983  0.00015156 5.1415
0.424029  0.000152419 5.15568
0.428269  0.000153282 5.16985
0.432552  0.000154149 5.18402
0.436877  0.000155021 5.19819
0.441246  0.000155897 5.21236
0.445658  0.00015678 5.22652
0.450115  0.000157667 5.24069
0.454616  0.000158561 5.25485
0.459162  0.000159459 5.26901
0.463754  0.000160362 5.28317
0.468391  0.000161269 5.29733
0.473075  0.00016218 5.3115
0.477806  0.000163095 5.32566
0.482584  0.000164015 5.33983
0.48741  0.000164938 5.354
0.492284  0.000165866 5.36817
0.497207  0.000166797 5.38235
0.502179  0.000167732 5.39652
0.507201  0.000168672 5.4107
0.512273  0.000169615 5.42488
0.517396  0.000170562 5.43907
0.52257  0.000171513 5.45326
0.527795  0.000172468 5.46743
0.533073  0.000173426 5.48162
0.538404  0.000174388 5.49582
0.543788  0.000175354 5.51003
0.549226  0.000176323 5.52424
0.554718  0.000177296 5.53846
0.560265  0.000178272 5.55269
0.565868  0.000179252 5.56694
0.571527  0.000180235 5.58119
0.577242  0.000181221 5.59546
0.583014  0.00018221 5.60975
0.588844  0.000183204 5.62406
0.594733  0.000184205 5.63838
0.60068  0.000185205 5.65273
0.606687  0.000186135 5.6671
0.612754  0.000187066 5.6815
0.618881  0.000187998 5.69592
0.62507  0.00018893 5.71038
0.631321  0.000189863 5.72486
0.637634  0.000190797 5.73938
0.644011  0.000191731 5.75394
0.650451  0.000192664 5.76853
0.656955  0.000193598 5.78316
0.663525  0.000194532 5.79784
0.67016  0.000195466 5.81256
0.676862  0.000196399 5.82733
0.68363  0.000197331 5.84215
0.690466  0.000198263 5.85702
0.697371  0.000199194 5.87194
0.704345  0.000200125 5.88691
0.711388  0.000201054 5.90194
0.718502  0.000201982 5.91702
0.725687  0.000202909 5.93215
0.732944  0.000203834 5.94735
0.740273  0.000204758 5.9626
0.747676  0.000205682 5.97791
0.755153  0.000206605 5.99329
0.762705  0.000207528 6.00873
0.770332  0.000208448 6.02423
0.778035  0.000209366 6.03981
0.785815  0.000210282 6.05545
0.793673  0.000211197 6.07117
0.80161  0.000212109 6.08696
0.809626  0.000213019 6.10282
0.817722  0.000213925 6.11877
0.8259  0.000214827 6.1348
0.834159  0.000215726 6.15091
0.8425  0.000216621 6.1671
0.850925  0.000217513 6.18339
0.859435  0.0002184 6.19977
0.868029  0.000219283 6.21624
0.876709  0.000220162 6.2328
0.885476  0.000221036 6.24946
0.894331  0.000221905 6.26623
0.903274  0.000222769 6.2831
0.912307  0.000223628 6.30007
0.92143  0.000224482 6.31715
0.930644  0.00022533 6.33434
0.939951  0.000226173 6.35164
0.94935  0.00022701 6.36906
0.958844  0.00022784 6.3866
0.968432  0.000228665 6.40427
0.978117  0.000229483 6.42206
0.987898  0.000230294 6.43997
0.997777  0.000231099 6.45802
1.00775  0.000231896 6.4762
1.01783  0.000232686 6.49452
1.02801  0.000233469 6.51298
1.03829  0.000234245 6.53158
1.04867  0.000235013 6.55033
1.05916  0.000235773 6.56924
1.06975  0.000236524 6.5883
1.08045  0.000237268 6.60751
1.09125  0.000238003 6.62689
1.10217  0.000238729 6.64643
1.11319  0.000239449 6.66614
1.12432  0.00024016 6.68603
1.13556  0.000240863 6.70609
1.14692  0.000241558 6.72633
1.15839  0.000242244 6.74676
1.16997  0.000242919 6.76737
1.18167  0.000243587 6.78817
1.19349  0.000244246 6.80917
1.20542  0.000244894 6.83037
1.21748  0.000245532 6.85178
1.22965  0.000246159 6.87339
1.24195  0.000246776 6.89522
1.25437  0.000247383 6.91727
1.26691  0.000247978 6.93954
1.27958  0.000248563 6.96204
1.29238  0.000249136 6.98477
1.3053  0.000249698 7.00774
1.31835  0.000250249 7.03095
1.33154  0.000250788 7.05441
1.34485  0.000251315 7.07812
1.3583  0.00025183 7.10209
1.37188  0.000252334 7.12632
1.3856  0.000252825 7.15082
1.39946  0.000253304 7.17559
1.41345  0.000253771 7.20064
1.42759  0.000254226 7.22598
1.44186  0.000254668 7.2516
1.45628  0.000255097 7.27752
1.47085  0.000255514 7.30374
1.48555  0.000255919 7.33027
1.50041  0.000256311 7.35711
1.51541  0.000256692 7.38427
1.53057  0.00025706 7.41175
1.54587  0.000257415 7.43957
1.56133  0.000257757 7.46773
1.57695  0.000258087 7.49623
1.59271  0.000258403 7.52508
1.60864  0.000258706 7.55429
1.62473  0.000258996 7.58387
1.64098  0.000259272 7.61381
1.65739  0.000259535 7.64414
1.67396  0.000259784 7.67485
1.6907  0.000260019 7.70595
1.70761  0.000260241 7.73746
1.72468  0.000260449 7.76937
1.74193  0.000260644 7.8017
1.75935  0.000260825 7.83445
1.77694  0.000260992 7.86763
1.79471  0.000261145 7.90124
1.81266  0.000261285 7.93531
1.83078  0.000261411 7.96983
1.84909  0.000261524 8.00481
1.86758  0.000261623 8.04027
1.88626  0.000261708 8.0762
1.90512  0.000261779 8.11262
1.92417  0.000261838 8.14954
1.94341  0.000261882 8.18697
1.96285  0.000261914 8.22491
1.98248  0.000261932 8.26337
2.0023  0.000261937 8.30237
2.02232  0.000261929 8.34191
2.04255  0.000261908 8.382
2.06297  0.000261873 8.42265
2.0836  0.000261825 8.46388
2.10444  0.000261765 8.50568
2.12548  0.000261691 8.54809
2.14674  0.000261605 8.59109
2.16821  0.000261505 8.6347
2.18989  0.000261393 8.67894
2.21179  0.000261269 8.72381
2.2339  0.000261133 8.76933
2.25624  0.000260985 8.8155
2.27881  0.000260827 8.86234
2.30159  0.000260656 8.90985
2.32461  0.000260473 8.95806
2.34786  0.000260278 9.00696
2.37134  0.000260073 9.05658
2.39505  0.000259855 9.10693
2.419  0.000259627 9.15801
2.44319  0.000259387 9.20984
2.46762  0.000259136 9.26243
2.4923  0.000258874 9.3158
2.51722  0.0002586 9.36995
2.54239  0.000258317 9.4249
2.56782  0.000258022 9.48067
2.59349  0.000257718 9.53726
2.61943  0.000257403 9.59469
2.64562  0.000257078 9.65298
2.67208  0.000256743 9.71213
2.6988  0.000256398 9.77217
2.72579  0.000256043 9.8331
2.75305  0.00025568 9.89494
2.78058  0.000255306 9.95771
2.80838  0.000254924 10.0214
2.83647  0.000254533 10.0861
2.86483  0.000254133 10.1517
2.89348  0.000253725 10.2183
2.92241  0.000253308 10.2859
2.95164  0.000252884 10.3546
2.98115  0.000252451 10.4242
3.01097  0.000252011 10.4949
3.04108  0.000251564 10.5667
3.07149  0.00025111 10.6396
3.1022  0.000250648 10.7135
3.13322  0.000250179 10.7886
3.16456  0.000249704 10.8648
3.1962  0.000249222 10.9422
3.22816  0.000248733 11.0207
3.26045  0.000248238 11.1004
3.29305  0.000247737 11.1813
3.32598  0.00024723 11.2635
3.35924  0.000246717 11.3469
3.39283  0.000246198 11.4315
3.42676  0.000245673 11.5174
3.46103  0.000245144 11.6047
3.49564  0.000244609 11.6932
3.53059  0.000244068 11.7831
3.5659  0.000243524 11.8743
3.60156  0.000242974 11.9669
3.63758  0.00024242 12.061
3.67395  0.000241861 12.1564
3.71069  0.000241299 12.2533
3.7478  0.000240732 12.3516
3.78528  0.000240162 12.4515
3.82313  0.000239589 12.5528
3.86136  0.000239012 12.6557
3.89997  0.000238431 12.7601
3.93897  0.000237848 12.8661
3.97836  0.000237261 12.9737
4.01815  0.000236672 13.0829
4.05833  0.00023608 13.1937
4.09891  0.000235485 13.3062
4.1399  0.000234887 13.4205
4.1813  0.000234287 13.5364
4.22311  0.000233684 13.6541
4.26534  0.000233079 13.7735
4.308  0.000232472 13.8948
4.35108  0.000231864 14.0178
4.39459  0.000231253 14.1427
4.43853  0.00023064 14.2695
4.48292  0.000230027 14.3982
4.52775  0.000229412 14.5288
4.57303  0.000228795 14.6613
4.61876  0.000228178 14.7959
4.66494  0.000227559 14.9324
4.71159  0.000226939 15.071
4.75871  0.000226318 15.2117
4.8063  0.000225696 15.3544
4.85436  0.000225073 15.4993
4.9029  0.000224449 15.6464
4.95193  0.000223825 15.7956
5.00145  0.0002232 15.9471
5.05146  0.000222574 16.1008
5.10198  0.000221948 16.2568
5.153  0.000221321 16.4151
5.20453  0.000220694 16.5757
5.25657  0.000220067 16.7387
5.30914  0.000219439 16.9042
5.36223  0.000218811 17.0721
5.41585  0.000218184 17.2425
5.47001  0.000217556 17.4154
5.52471  0.000216928 17.5909
5.57996  0.0002163 17.7689
5.63576  0.000215672 17.9496
5.69212  0.000215044 18.1329
5.74904  0.000214416 18.319
5.80653  0.000213788 18.5078
5.86459  0.000213161 18.6994
5.92324  0.000212535 18.8938
5.98247  0.000211909 19.091
6.0423  0.000211283 19.2912
6.10272  0.000210658 19.4943
6.16375  0.000210034 19.7003
6.22538  0.00020941 19.9094
6.28764  0.000208786 20.1216
6.35051  0.000208163 20.3369
6.41402  0.00020754 20.5553
6.47816  0.000206918 20.777
6.54294  0.000206296 21.0018
6.60837  0.000205674 21.23
6.67445  0.000205053 21.4615
6.7412  0.000204432 21.6964
6.80861  0.000203812 21.9348
6.8767  0.000203192 22.1766
6.94546  0.000202573 22.422
7.01492  0.000201955 22.6709
7.08507  0.000201336 22.9235
7.15592  0.000200719 23.1798
7.22748  0.000200101 23.4398
7.29975  0.000199484 23.7036
7.37275  0.000198868 23.9712
7.44648  0.000198253 24.2428
7.52094  0.000197637 24.5183
7.59615  0.000197023 24.7979
7.67211  0.00019641 25.0815
7.74883  0.000195796 25.3693
7.82632  0.000195183 25.6612
7.90459  0.000194571 25.9574
7.98363  0.00019396 26.258
8.06347  0.000193348 26.5629
8.1441  0.000192737 26.8723
8.22554  0.000192127 27.1862
8.3078  0.000191516 27.5046
8.39088  0.000190907 27.8278
8.47479  0.000190297 28.1556
8.55953  0.000189688 28.4882
8.64513  0.000189079 28.8257
8.73158  0.00018847 29.1681
8.8189  0.000187861 29.5155
8.90709  0.000187253 29.868
8.99616  0.000186645 30.2256
9.08612  0.000186037 30.5885
9.17698  0.000185429 30.9567
9.26875  0.000184822 31.3302
9.36144  0.000184214 31.7092
9.45505  0.000183607 32.0938
9.5496  0.000183 32.484
9.6451  0.000182392 32.88
9.74155  0.000181785 33.2817
9.83896  0.000181178 33.6894
9.93735  0.000180571 34.103
10.0367  0.000179964 34.5227
10.1371  0.000179357 34.9485
10.2385  0.00017875 35.3807
10.3409  0.000178143 35.8192
10.4443  0.000177536 36.2641
10.5487  0.000176929 36.7156
10.6542  0.000176321 37.1738
10.7607  0.000175714 37.6387
10.8683  0.000175106 38.1105
10.977  0.000174499 38.5893
11.0868  0.000173891 39.0751
11.1977  0.000173283 39.5681
11.3096  0.000172676 40.0685
11.4227  0.000172068 40.5762
11.537  0.00017146 41.0915
11.6523  0.000170852 41.6145
11.7689  0.000170244 42.1452
11.8865  0.000169636 42.6838
12.0054  0.000169027 43.2305
12.1255  0.000168419 43.7853
12.2467  0.00016781 44.3484
12.3692  0.0001672 44.9199
12.4929  0.000166591 45.4999
12.6178  0.000165981 46.0886
12.744  0.000165371 46.6862
12.8714  0.00016476 47.2927
13.0001  0.00016415 47.9083
13.1301  0.000163538 48.5332
13.2614  0.000162927 49.1675
13.3941  0.000162315 49.8113
13.528  0.000161703 50.4648
13.6633  0.00016109 51.1283
13.7999  0.000160477 51.8017
13.9379  0.000159864 52.4854
14.0773  0.00015925 53.1794
14.2181  0.000158636 53.8839
14.3602  0.000158022 54.5992
14.5038  0.000157407 55.3253
14.6489  0.000156792 56.0625
14.7954  0.000156176 56.8109
14.9433  0.00015556 57.5708
15.0928  0.000154944 58.3423
15.2437  0.000154328 59.1256
15.3961  0.000153712 59.9209
15.5501  0.000153095 60.7284
15.7056  0.000152477 61.5483
15.8626  0.00015186 62.3809
16.0213  0.000151242 63.2263
16.1815  0.000150623 64.0847
16.3433  0.000150005 64.9564
16.5067  0.000149386 65.8415
16.6718  0.000148766 66.7404
16.8385  0.000148147 67.6532
17.0069  0.000147527 68.5802
17.177  0.000146906 69.5216
17.3487  0.000146285 70.4777
17.5222  0.000145664 71.4487
17.6974  0.000145043 72.4348
17.8744  0.000144421 73.4364
18.0532  0.0001438 74.4537
18.2337  0.000143177 75.487
18.416  0.000142555 76.5365
18.6002  0.000141932 77.6026
18.7862  0.000141309 78.6855
18.9741  0.000140686 79.7854
19.1638  0.000140062 80.9028
19.3554  0.000139439 82.0379
19.549  0.000138815 83.1909
19.7445  0.000138191 84.3622
19.9419  0.000137567 85.5521
20.1413  0.000136943 86.7609
20.3427  0.000136318 87.9889
20.5462  0.000135694 89.2365
20.7516  0.000135069 90.5039
20.9592  0.000134445 91.7915
21.1687  0.00013382 93.0997
21.3804  0.000133195 94.4288
21.5942  0.00013257 95.7792
21.8102  0.000131945 97.1513
22.0283  0.000131321 98.5456
22.2486  0.000130696 99.9624
22.4711  0.000130071 101.402
22.6958  0.000129447 102.865
22.9227  0.000128823 104.353
23.1519  0.000128199 105.864
23.3835  0.000127575 107.4
23.6173  0.000126951 108.962
23.8535  0.000126327 110.549
24.092  0.000125704 112.163
24.3329  0.000125081 113.803
24.5763  0.000124458 115.469
24.822  0.000123835 117.163
25.0702  0.000123213 118.885
25.3209  0.000122591 120.634
25.5742  0.000121969 122.412
25.8299  0.000121347 124.218
26.0882  0.000120726 126.053
26.3491  0.000120106 127.918
26.6126  0.000119485 129.812
26.8787  0.000118866 131.737
27.1475  0.000118246 133.693
27.419  0.000117628 135.681
27.6931  0.000117009 137.702
27.9701  0.000116392 139.757
28.2498  0.000115774 141.846
28.5323  0.000115158 143.972
28.8176  0.000114542 146.135
29.1058  0.000113927 148.336
29.3968  0.000113312 150.575
29.6908  0.000112698 152.856
29.9877  0.000105076 155.177
30.2876  0.000104504 157.541
30.5905  0.000103935 159.948
30.8964  0.000103366 162.4
31.2053  0.000102798 164.896
31.5174  0.000102231 167.439
31.8326  0.000101665 170.029
32.1509  0.0001011 172.667
32.4724  0.000100535 175.355
32.7971  9.99715e-05 178.093
33.1251  9.94087e-05 180.883
33.4563  9.88469e-05 183.725
33.7909  9.82861e-05 186.621
34.1288  9.77263e-05 189.57
34.4701  9.71675e-05 192.574
34.8148  9.66098e-05 195.633
35.1629  9.60532e-05 198.746
35.5146  9.54977e-05 201.915
35.8697  9.49433e-05 205.139
36.2284  9.43902e-05 208.42
36.5907  9.38378e-05 211.756
36.9566  9.32861e-05 215.149
37.3262  9.27357e-05 218.598
37.6994  9.21866e-05 222.103
38.0764  9.1639e-05 225.667
38.4572  9.10926e-05 229.29
38.8418  9.05476e-05 232.973
39.2302  9.00041e-05 236.718
39.6225  8.9462e-05 240.527
40.0187  8.89213e-05 244.401
40.4189  8.83822e-05 248.342
40.8231  8.78445e-05 252.352
41.2313  8.73083e-05 256.431
41.6436  8.67736e-05 260.583
42.0601  8.62405e-05 264.808
42.4807  8.57089e-05 269.109
42.9055  8.5179e-05 273.486
43.3345  8.46506e-05 277.941
43.7679  8.41239e-05 282.476
44.2056  8.35988e-05 287.091
44.6476  8.30755e-05 291.787
45.0941  8.25539e-05 296.567
45.545  8.20337e-05 301.431
46.0005  8.15144e-05 306.38
46.4605  8.09969e-05 311.416
46.9251  8.04812e-05 316.541
47.3943  7.99673e-05 321.755
47.8683  7.94553e-05 327.06
48.347  7.89452e-05 332.458
48.8304  7.84369e-05 337.951
49.3187  7.79305e-05 343.541
49.8119  7.7426e-05 349.229
50.31  7.69234e-05 355.017
50.8131  7.64228e-05 360.907
51.3213  7.59241e-05 366.902
51.8345  7.54274e-05 373.003
52.3528  7.49326e-05 379.213
52.8764  7.44398e-05 385.532
53.4051  7.3949e-05 391.965
53.9392  7.34602e-05 398.512
54.4786  7.29733e-05 405.175
55.0234  7.24886e-05 411.957
55.5736  7.20058e-05 418.861
56.1293  7.15251e-05 425.887
56.6906  7.10464e-05 433.039
57.2575  7.05698e-05 440.318
57.8301  7.00953e-05 447.727
58.4084  6.96228e-05 455.268
58.9925  6.91525e-05 462.944
59.5824  6.86844e-05 470.757
60.1782  6.82184e-05 478.709
60.78  6.77545e-05 486.803
61.3878  6.72921e-05 495.042
62.0017  6.68318e-05 503.429
62.6217  6.63736e-05 511.965
63.2479  6.59176e-05 520.655
63.8804  6.54637e-05 529.5
64.5192  6.5012e-05 538.504
65.1644  6.45624e-05 547.669
65.816  6.4115e-05 556.999
66.4742  6.36697e-05 566.497
67.1389  6.32266e-05 576.165
67.8103  6.27857e-05 586.008
68.4884  6.2347e-05 596.027
69.1733  6.19105e-05 606.227
69.8651  6.14762e-05 616.61
70.5637  6.1044e-05 627.181
71.2693  6.06141e-05 637.941
71.982  6.01863e-05 648.896
72.7019  5.97608e-05 660.049
73.4289  5.93374e-05 671.402
74.1632  5.89163e-05 682.961
74.9048  5.84975e-05 694.728
75.6538  5.80808e-05 706.707
76.4104  5.76664e-05 718.903
77.1745  5.72543e-05 731.319
77.9462  5.68443e-05 743.959
78.7257  5.64366e-05 756.828
79.513  5.60311e-05 769.93
80.3081  5.56278e-05 783.269
81.1112  5.52268e-05 796.849
81.9223  5.48285e-05 810.675
82.7415  5.44324e-05 824.752
83.5689  5.40385e-05 839.084
84.4046  5.36468e-05 853.675
85.2486  5.32572e-05 868.531
86.1011  5.28696e-05 883.657
86.9621  5.24841e-05 899.057
87.8318  5.21007e-05 914.737
88.7101  5.17195e-05 930.701
89.5972  5.13405e-05 946.956
90.4932  5.09637e-05 963.505
91.3981  5.05891e-05 980.356
92.3121  5.02166e-05 997.513
93.2352  4.98463e-05 1014.98
94.1675  4.94782e-05 1032.77
95.1092  4.91122e-05 1050.88
96.0603  4.87484e-05 1069.32
97.0209  4.83868e-05 1088.09
97.9911  4.80273e-05 1107.21
98.971  4.767e-05 1126.68
99.9607  4.73149e-05 1146.5
100.96  4.69619e-05 1166.68
101.97  4.6611e-05 1187.23
102.99  4.62623e-05 1208.16
104.02  4.59157e-05 1229.46
105.06  4.55712e-05 1251.16
106.11  4.52289e-05 1273.25
107.171  4.48886e-05 1295.74
108.243  4.45506e-05 1318.65
109.326  4.42146e-05 1341.97
110.419  4.38807e-05 1365.72
111.523  4.3549e-05 1389.9
112.638  4.32193e-05 1414.53
113.765  4.28919e-05 1439.6
114.902  4.25665e-05 1465.14
116.051  4.22431e-05 1491.14
117.212  4.19219e-05 1517.61
118.384  4.16028e-05 1544.57
119.568  4.12857e-05 1572.03
120.763  4.09707e-05 1599.98
121.971  4.06577e-05 1628.45
123.191  4.0347e-05 1657.44
124.423  4.00383e-05 1686.96
125.667  3.97316e-05 1717.02
126.924  3.94269e-05 1747.63
128.193  3.91242e-05 1778.8
129.475  3.88235e-05 1810.55
130.77  3.85247e-05 1842.87
132.077  3.8228e-05 1875.79
133.398  3.79332e-05 1909.31
134.732  3.76404e-05 1943.45
136.079  3.73495e-05 1978.21
137.44  3.70606e-05 2013.61
138.814  3.67737e-05 2049.66
140.203  3.64886e-05 2086.37
141.605  3.62055e-05 2123.76
143.021  3.59244e-05 2161.83
144.451  3.56451e-05 2200.6
145.895  3.53678e-05 2240.08
147.354  3.50923e-05 2280.29
148.828  3.48188e-05 2321.24
150.316  3.45471e-05 2362.94
151.819  3.42774e-05 2405.4
153.338  3.40094e-05 2448.65
154.871  3.37433e-05 2492.68
156.42  3.34791e-05 2537.53
157.984  3.32168e-05 2583.21
159.564  3.29562e-05 2629.72
161.159  3.26976e-05 2677.09
162.771  3.24407e-05 2725.33
164.399  3.21857e-05 2774.46
166.043  3.19325e-05 2824.49
167.703  3.1681e-05 2875.44
169.38  3.14314e-05 2927.32
171.074  3.11836e-05 2980.17
172.785  3.09375e-05 3033.98
174.512  3.06932e-05 3088.78
176.258  3.04507e-05 3144.6
178.02  3.02099e-05 3201.44
179.8  2.99708e-05 3259.32
181.598  2.97335e-05 3318.28
183.414  2.94979e-05 3378.31
185.248  2.9264e-05 3439.45
187.101  2.90319e-05 3501.72
188.972  2.88014e-05 3565.14
190.862  2.85727e-05 3629.72
192.77  2.83456e-05 3695.49
194.698  2.81202e-05 3762.47
196.645  2.78964e-05 3830.68
198.611  2.76743e-05 3900.16
200.598  2.74539e-05 3970.91
202.604  2.72351e-05 4042.96
204.63  2.70179e-05 4116.34
206.676  2.68023e-05 4191.07
208.743  2.65884e-05 4267.18
210.83  2.6376e-05 4344.69
212.938  2.61652e-05 4423.63
215.068  2.5956e-05 4504.02
217.218  2.57484e-05 4585.89
219.391  2.55423e-05 4669.28
221.584  2.53378e-05 4754.19
223.8  2.51349e-05 4840.67
226.038  2.49335e-05 4928.75
228.299  2.47337e-05 5018.45
230.582  2.45353e-05 5109.8
232.888  2.43385e-05 5202.83
235.216  2.41432e-05 5297.57
237.569  2.39494e-05 5394.06
239.944  2.3757e-05 5492.33
242.344  2.35662e-05 5592.41
244.767  2.33768e-05 5694.34
247.215  2.31888e-05 5798.14
249.687  2.30024e-05 5903.85
252.184  2.28173e-05 6011.51
254.706  2.26337e-05 6121.15
257.253  2.24515e-05 6232.81
259.825  2.22708e-05 6346.53
262.423  2.20914e-05 6462.34
265.048  2.19134e-05 6580.29
267.698  2.17369e-05 6700.41
270.375  2.15616e-05 6822.74
273.079  2.13878e-05 6947.32
275.81  2.12153e-05 7074.2
278.568  2.10442e-05 7203.42
281.354  2.08744e-05 7335.01
284.167  2.07059e-05 7469.03
287.009  2.05388e-05 7605.51
289.879  2.0373e-05 7744.51
292.778  2.02084e-05 7886.07
295.705  2.00452e-05 8030.23
298.662  1.98833e-05 8177.04
301.649  1.97226e-05 8326.56
304.666  1.95633e-05 8478.83
307.712  1.94052e-05 8633.9
310.789  1.92483e-05 8791.83
313.897  1.90927e-05 8952.66
317.036  1.89383e-05 9116.46
320.207  1.87852e-05 9283.26
323.409  1.86333e-05 9453.14
326.643  1.84826e-05 9626.14
329.909  1.83331e-05 9802.32
333.208  1.81848e-05 9981.75
336.54  1.80377e-05 10164.5
339.906  1.78917e-05 10350.6
343.305  1.77469e-05 10540.1
346.738  1.76033e-05 10733.1
350.205  1.74609e-05 10929.6
353.707  1.73195e-05 11129.8
357.244  1.71793e-05 11333.6
360.817  1.70402e-05 11541.2
364.425  1.69022e-05 11752.6
368.069  1.67653e-05 11967.8
371.75  1.66295e-05 12187.1
375.467  1.64949e-05 12410.3
379.222  1.63613e-05 12637.7
383.014  1.62288e-05 12869.2
386.844  1.60974e-05 13105
390.713  1.59671e-05 13345.2
394.62  1.58378e-05 13589.7
398.566  1.57096e-05 13838.7
402.552  1.55825e-05 14092.3
406.577  1.54564e-05 14350.6
410.643  1.53313e-05 14613.6
414.75  1.52072e-05 14881.4
418.897  1.50842e-05 15154.1
423.086  1.49621e-05 15431.9
427.317  1.48411e-05 15714.7
431.59  1.47211e-05 16002.7
435.906  1.4602e-05 16296
440.265  1.4484e-05 16594.7
444.668  1.43669e-05 16898.9
449.114  1.42507e-05 17208.6
453.605  1.41356e-05 17524
458.142  1.40214e-05 17845.2
462.723  1.39081e-05 18172.3
467.35  1.37958e-05 18505.4
472.024  1.36844e-05 18844.6
476.744  1.35739e-05 19190
481.511  1.34643e-05 19541.7
486.326  1.33557e-05 19899.8
491.19  1.32479e-05 20264.6
496.102  1.31411e-05 20635.9
501.063  1.30351e-05 21014.1
506.073  1.293e-05 21399.2
511.134  1.28258e-05 21791.4
516.245  1.27224e-05 22190.7
521.408  1.26199e-05 22597.4
526.622  1.25183e-05 23011.4
531.888  1.24175e-05 23433.1
537.207  1.23119e-05 23862.4
542.579  1.22129e-05 24299.6
548.005  1.21146e-05 24744.8
553.485  1.20172e-05 25198.1
559.02  1.19205e-05 25659.7
564.61  1.18247e-05 26129.7
570.256  1.17297e-05 26608.3
575.959  1.16355e-05 27095.6
581.718  1.1542e-05 27591.9
587.535  1.14494e-05 28097.2
593.411  1.13575e-05 28611.7
599.345  1.12664e-05 29135.6
605.338  1.1176e-05 29669
611.392  1.10864e-05 30212.2
617.506  1.09975e-05 30765.3
623.681  1.09094e-05 31328.4
629.917  1.0822e-05 31901.8
636.217  1.07354e-05 32485.7
642.579  1.06495e-05 33080.2
649.005  1.05643e-05 33685.5
655.495  1.04799e-05 34301.8
662.05  1.03961e-05 34929.4
668.67  1.03131e-05 35568.3
675.357  1.02307e-05 36218.9
682.11  1.01491e-05 36881.4
688.931  1.00681e-05 37555.8
695.821  9.98785e-06 38242.5
702.779  9.90827e-06 38941.7
709.807  9.82936e-06 39653.6
716.905  9.75112e-06 40378.5
724.074  9.67354e-06 41116.5
731.315  9.59663e-06 41867.9
738.628  9.52038e-06 42632.9
746.014  9.44477e-06 43411.8
753.474  9.36981e-06 44204.8
761.009  9.29549e-06 45012.2
768.619  9.2218e-06 45834.2
776.305  9.14875e-06 46671.2
784.068  9.07631e-06 47523.3
791.909  9.0045e-06 48390.8
799.828  8.93331e-06 49274
807.826  8.86272e-06 50173.3
815.905  8.79273e-06 51088.7
824.064  8.72335e-06 52020.8
832.304  8.65456e-06 52969.7
840.627  8.58635e-06 53935.8
849.034  8.51873e-06 54919.3
857.524  8.45169e-06 55920.6
866.099  8.38523e-06 56939.9
874.76  8.31933e-06 57977.7
883.508  8.254e-06 59034.2
892.343  8.18923e-06 60109.7
901.266  8.12502e-06 61204.7
910.279  8.06135e-06 62319.3
919.382  7.99824e-06 63454.1
928.575  7.93566e-06 64609.3
937.861  7.87363e-06 65785.3
947.24  7.81212e-06 66982.4
956.712  7.75115e-06 68201.1
966.279  7.6907e-06 69441.7
975.942  7.63077e-06 70704.6
985.702  7.57136e-06 71990.2
995.559  7.51246e-06 73298.9
