0.001  4.69877e-05 0.266675
0.00101  4.70316e-05 0.268005
0.0010201  4.70757e-05 0.269342
0.0010303  4.71201e-05 0.270685
0.0010406  4.71647e-05 0.272035
0.00105101  4.72095e-05 0.273392
0.00106152  4.72547e-05 0.274756
0.00107214  4.73e-05 0.276126
0.00108286  4.73457e-05 0.277503
0.00109369  4.73916e-05 0.278887
0.00110462  4.74378e-05 0.280278
0.00111567  4.74842e-05 0.281676
0.00112683  4.75309e-05 0.283081
0.00113809  4.75779e-05 0.284493
0.00114947  4.76251e-05 0.285912
0.00116097  4.76726e-05 0.287338
0.00117258  4.77204e-05 0.288771
0.0011843  4.77685e-05 0.290211
0.00119615  4.78168e-05 0.291659
0.00120811  4.78655e-05 0.293113
0.00122019  4.79144e-05 0.294575
0.00123239  4.79636e-05 0.296045
0.00124472  4.8013e-05 0.297521
0.00125716  4.80628e-05 0.299005
0.00126973  4.81128e-05 0.300496
0.00128243  4.81632e-05 0.301995
0.00129526  4.82138e-05 0.303501
0.00130821  4.82647e-05 0.305015
0.00132129  4.8316e-05 0.306536
0.0013345  4.83675e-05 0.308065
0.00134785  4.84193e-05 0.309602
0.00136133  4.84714e-05 0.311146
0.00137494  4.85238e-05 0.312698
0.00138869  4.85765e-05 0.314257
0.00140258  4.86213e-05 0.315825
0.0014166  4.86635e-05 0.3174
0.00143077  4.87059e-05 0.318983
0.00144508  4.87485e-05 0.320574
0.00145953  4.87913e-05 0.322173
0.00147412  4.88343e-05 0.32378
0.00148886  4.88748e-05 0.325394
0.00150375  4.89132e-05 0.327017
0.00151879  4.89519e-05 0.328648
0.00153398  4.89906e-05 0.330287
0.00154932  4.90296e-05 0.331935
0.00156481  4.90686e-05 0.33359
0.00158046  4.91079e-05 0.335254
0.00159626  4.91473e-05 0.336896
0.00161223  4.91868e-05 0.338524
0.00162835  4.92266e-05 0.340171
0.00164463  4.92664e-05 0.341839
0.00166108  4.93065e-05 0.343527
0.00167769  4.93467e-05 0.345234
0.00169447  4.9387e-05 0.346961
0.00171141  4.94275e-05 0.348708
0.00172852  4.94682e-05 0.350473
0.00174581  4.9509e-05 0.352258
0.00176327  4.955e-05 0.35406
0.0017809  4.95912e-05 0.355881
0.00179871  4.96325e-05 0.357635
0.0018167  4.9674e-05 0.359398
0.00183486  4.97157e-05 0.361176
0.00185321  4.9757e-05 0.36297
0.00187174  4.97928e-05 0.364778
0.00189046  4.98269e-05 0.3666
0.00190937  4.98611e-05 0.368436
0.00192846  4.98954e-05 0.370284
0.00194774  4.99297e-05 0.372144
0.00196722  4.99642e-05 0.374015
0.00198689  4.99974e-05 0.375897
0.00200676  5.003e-05 0.377783
0.00202683  5.00626e-05 0.379669
0.0020471  5.00953e-05 0.381564
0.00206757  5.01281e-05 0.383467
0.00208825  5.01609e-05 0.38538
0.00210913  5.01938e-05 0.387302
0.00213022  5.02268e-05 0.389233
0.00215152  5.02598e-05 0.391173
0.00217304  5.02928e-05 0.393123
0.00219477  5.0326e-05 0.395083
0.00221672  5.03591e-05 0.397053
0.00223888  5.03924e-05 0.399033
0.00226127  5.04256e-05 0.401022
0.00228388  5.0459e-05 0.403021
0.00230672  5.04923e-05 0.40503
0.00232979  5.05258e-05 0.40705
0.00235309  5.05593e-05 0.40908
0.00237662  5.05928e-05 0.411121
0.00240038  5.06264e-05 0.413171
0.00242439  5.066e-05 0.415233
0.00244863  5.06937e-05 0.417304
0.00247312  5.07273e-05 0.419386
0.00249785  5.07606e-05 0.421478
0.00252283  5.07939e-05 0.423581
0.00254806  5.08273e-05 0.425694
0.00257354  5.08607e-05 0.427817
0.00259927  5.08941e-05 0.429951
0.00262527  5.09276e-05 0.432096
0.00265152  5.09611e-05 0.434251
0.00267803  5.09947e-05 0.436417
0.00270481  5.10283e-05 0.438593
0.00273186  5.10619e-05 0.44078
0.00275918  5.10955e-05 0.442978
0.00278677  5.11279e-05 0.445188
0.00281464  5.11558e-05 0.447408
0.00284279  5.1183e-05 0.449639
0.00287121  5.12102e-05 0.451881
0.00289993  5.12373e-05 0.454135
0.00292893  5.12644e-05 0.4564
0.00295822  5.12915e-05 0.458676
0.0029878  5.13188e-05 0.460964
0.00301768  5.13461e-05 0.463263
0.00304785  5.13734e-05 0.465574
0.00307833  5.14007e-05 0.467896
0.00310911  5.14279e-05 0.470229
0.0031402  5.1455e-05 0.472575
0.00317161  5.14821e-05 0.474932
0.00320332  5.15091e-05 0.4773
0.00323536  5.1536e-05 0.479681
0.00326771  5.15629e-05 0.482073
0.00330039  5.15897e-05 0.484478
0.00333339  5.16164e-05 0.486894
0.00336672  5.16431e-05 0.489323
0.00340039  5.16697e-05 0.491763
0.0034344  5.16962e-05 0.494216
0.00346874  5.17226e-05 0.49668
0.00350343  5.1749e-05 0.499157
0.00353846  5.17752e-05 0.501647
0.00357385  5.18014e-05 0.504149
0.00360958  5.18275e-05 0.506663
0.00364568  5.18534e-05 0.50919
0.00368214  5.18793e-05 0.51173
0.00371896  5.19045e-05 0.514282
0.00375615  5.19277e-05 0.516847
0.00379371  5.19507e-05 0.519425
0.00383165  5.19735e-05 0.522016
0.00386996  5.19961e-05 0.524619
0.00390866  5.20187e-05 0.527236
0.00394775  5.20411e-05 0.529865
0.00398723  5.20658e-05 0.532508
0.0040271  5.20905e-05 0.535164
0.00406737  5.2115e-05 0.537833
0.00410804  5.21394e-05 0.540515
0.00414912  5.21637e-05 0.543211
0.00419062  5.21878e-05 0.54592
0.00423252  5.22118e-05 0.548643
0.00427485  5.22357e-05 0.55138
0.0043176  5.22594e-05 0.554129
0.00436077  5.22829e-05 0.556893
0.00440438  5.23063e-05 0.559671
0.00444842  5.23296e-05 0.562462
0.00449291  5.23526e-05 0.565267
0.00453784  5.23756e-05 0.568086
0.00458321  5.23983e-05 0.57092
0.00462905  5.24209e-05 0.573767
0.00467534  5.24428e-05 0.576629
0.00472209  5.24644e-05 0.579505
0.00476931  5.24859e-05 0.582395
0.004817  5.25071e-05 0.5853
0.00486517  5.25282e-05 0.588219
0.00491383  5.2549e-05 0.591153
0.00496296  5.25727e-05 0.594101
0.00501259  5.25986e-05 0.597064
0.00506272  5.26243e-05 0.600042
0.00511335  5.26498e-05 0.603035
0.00516448  5.26752e-05 0.606042
0.00521613  5.27005e-05 0.609065
0.00526829  5.27255e-05 0.612103
0.00532097  5.27504e-05 0.615156
0.00537418  5.27751e-05 0.618224
0.00542792  5.27996e-05 0.621307
0.0054822  5.28239e-05 0.624406
0.00553702  5.2848e-05 0.62752
0.00559239  5.28722e-05 0.630649
0.00564832  5.28965e-05 0.633795
0.0057048  5.29205e-05 0.636956
0.00576185  5.29444e-05 0.640133
0.00581947  5.2968e-05 0.643325
0.00587766  5.29915e-05 0.646534
0.00593644  5.30147e-05 0.649759
0.0059958  5.30377e-05 0.652999
0.00605576  5.30604e-05 0.656256
0.00611632  5.3083e-05 0.659529
0.00617748  5.31053e-05 0.662819
0.00623926  5.31273e-05 0.666124
0.00630165  5.31492e-05 0.669447
0.00636466  5.31707e-05 0.672785
0.00642831  5.3192e-05 0.676141
0.00649259  5.32131e-05 0.679513
0.00655752  5.32339e-05 0.682902
0.0066231  5.32544e-05 0.686308
0.00668933  5.32746e-05 0.689731
0.00675622  5.32946e-05 0.693171
0.00682378  5.33142e-05 0.696629
0.00689202  5.33336e-05 0.700103
0.00696094  5.33527e-05 0.703595
0.00703055  5.33715e-05 0.707104
0.00710085  5.339e-05 0.71063
0.00717186  5.34081e-05 0.714175
0.00724358  5.3426e-05 0.717737
0.00731602  5.34435e-05 0.721316
0.00738918  5.34607e-05 0.724914
0.00746307  5.3487e-05 0.72853
0.0075377  5.35166e-05 0.732163
0.00761308  5.35459e-05 0.735815
0.00768921  5.3575e-05 0.739485
0.0077661  5.36038e-05 0.743173
0.00784376  5.36325e-05 0.746879
0.0079222  5.36608e-05 0.750604
0.00800142  5.3689e-05 0.754348
0.00808144  5.37169e-05 0.75811
0.00816225  5.37446e-05 0.761891
0.00824387  5.3772e-05 0.765691
0.00832631  5.37991e-05 0.76951
0.00840957  5.3826e-05 0.773348
0.00849367  5.38526e-05 0.777205
0.00857861  5.38789e-05 0.781082
0.00866439  5.39049e-05 0.784977
0.00875104  5.39307e-05 0.788892
0.00883855  5.39561e-05 0.792827
0.00892693  5.39813e-05 0.796781
0.0090162  5.40061e-05 0.800755
0.00910636  5.40306e-05 0.804749
0.00919743  5.40549e-05 0.808762
0.0092894  5.40801e-05 0.812796
0.0093823  5.411e-05 0.81685
0.00947612  5.41404e-05 0.820924
0.00957088  5.41705e-05 0.825019
0.00966659  5.42004e-05 0.829133
0.00976325  5.42299e-05 0.833268
0.00986089  5.42592e-05 0.837424
0.0099595  5.42995e-05 0.841601
0.0100591  5.43409e-05 0.845798
0.0101597  5.43821e-05 0.850017
0.0102613  5.44231e-05 0.854256
0.0103639  5.44639e-05 0.858517
0.0104675  5.45045e-05 0.862799
0.0105722  5.4545e-05 0.867102
0.0106779  5.45852e-05 0.871427
0.0107847  5.46253e-05 0.875773
0.0108926  5.46651e-05 0.880141
0.0110015  5.47047e-05 0.884531
0.0111115  5.47441e-05 0.888942
0.0112226  5.47832e-05 0.893376
0.0113348  5.48221e-05 0.897831
0.0114482  5.48608e-05 0.902309
0.0115627  5.48992e-05 0.90681
0.0116783  5.49374e-05 0.911333
0.0117951  5.49753e-05 0.915878
0.011913  5.5013e-05 0.920446
0.0120322  5.50504e-05 0.925037
0.0121525  5.50875e-05 0.92965
0.012274  5.51244e-05 0.934287
0.0123967  5.5161e-05 0.938946
0.0125207  5.51972e-05 0.943629
0.0126459  5.52332e-05 0.948336
0.0127724  5.52689e-05 0.953066
0.0129001  5.53042e-05 0.957819
0.0130291  5.53393e-05 0.962596
0.0131594  5.5374e-05 0.967397
0.013291  5.54084e-05 0.972222
0.0134239  5.54424e-05 0.977071
0.0135581  5.54762e-05 0.981944
0.0136937  5.55095e-05 0.986842
0.0138307  5.55425e-05 0.991764
0.013969  5.55794e-05 0.99671
0.0141086  5.56242e-05 1.00168
0.0142497  5.56688e-05 1.00668
0.0143922  5.5713e-05 1.0117
0.0145362  5.57571e-05 1.01674
0.0146815  5.58008e-05 1.02181
0.0148283  5.58466e-05 1.02691
0.0149766  5.5905e-05 1.03203
0.0151264  5.59633e-05 1.03718
0.0152776  5.60214e-05 1.04235
0.0154304  5.60794e-05 1.04755
0.0155847  5.61372e-05 1.05278
0.0157406  5.61949e-05 1.05803
0.015898  5.62524e-05 1.0633
0.016057  5.63097e-05 1.06861
0.0162175  5.63669e-05 1.07394
0.0163797  5.64239e-05 1.07929
0.0165435  5.64807e-05 1.08468
0.0167089  5.65373e-05 1.09009
0.016876  5.65937e-05 1.09552
0.0170448  5.66499e-05 1.10099
0.0172152  5.67059e-05 1.10648
0.0173874  5.67617e-05 1.112
0.0175613  5.68172e-05 1.11754
0.0177369  5.68726e-05 1.12312
0.0179142  5.69277e-05 1.12872
0.0180934  5.69826e-05 1.13435
0.0182743  5.70372e-05 1.14001
0.0184571  5.70916e-05 1.14569
0.0186416  5.71527e-05 1.15141
0.018828  5.7223e-05 1.15715
0.0190163  5.72933e-05 1.16292
0.0192065  5.73634e-05 1.16872
0.0193986  5.74334e-05 1.17455
0.0195925  5.75033e-05 1.18041
0.0197885  5.75759e-05 1.18629
0.0199864  5.76578e-05 1.19221
0.0201862  5.77397e-05 1.19816
0.0203881  5.78215e-05 1.20413
0.020592  5.79033e-05 1.21014
0.0207979  5.79851e-05 1.21617
0.0210059  5.80669e-05 1.22224
0.0212159  5.81486e-05 1.22834
0.0214281  5.82303e-05 1.23446
0.0216424  5.83119e-05 1.24062
0.0218588  5.83935e-05 1.24681
0.0220774  5.8475e-05 1.25302
0.0222981  5.85565e-05 1.25927
0.0225211  5.86379e-05 1.26555
0.0227463  5.87192e-05 1.27187
0.0229738  5.88004e-05 1.27821
0.0232035  5.88816e-05 1.28459
0.0234356  5.89627e-05 1.29099
0.0236699  5.90437e-05 1.29743
0.0239066  5.91245e-05 1.3039
0.0241457  5.92053e-05 1.31041
0.0243871  5.9286e-05 1.31694
0.024631  5.93666e-05 1.32351
0.0248773  5.9455e-05 1.33011
0.0251261  5.95452e-05 1.33674
0.0253774  5.96353e-05 1.34341
0.0256311  5.97255e-05 1.35011
0.0258874  5.98156e-05 1.35685
0.0261463  5.99056e-05 1.36361
0.0264078  5.99956e-05 1.37041
0.0266719  6.00855e-05 1.37725
0.0269386  6.01754e-05 1.38412
0.027208  6.02652e-05 1.39102
0.02748  6.03549e-05 1.39796
0.0277548  6.04445e-05 1.40493
0.0280324  6.05475e-05 1.41194
0.0283127  6.06569e-05 1.41898
0.0285958  6.07664e-05 1.42606
0.0288818  6.0876e-05 1.43317
0.0291706  6.09857e-05 1.44032
0.0294623  6.10955e-05 1.4475
0.029757  6.12107e-05 1.45472
0.0300545  6.13317e-05 1.46198
0.0303551  6.14528e-05 1.46927
0.0306586  6.15741e-05 1.4766
0.0309652  6.16956e-05 1.48396
0.0312749  6.18173e-05 1.49136
0.0315876  6.19391e-05 1.4988
0.0319035  6.20612e-05 1.50628
0.0322225  6.21834e-05 1.51379
0.0325447  6.23057e-05 1.52134
0.0328702  6.24282e-05 1.52893
0.0331989  6.25509e-05 1.53655
0.0335309  6.26737e-05 1.54422
0.0338662  6.27967e-05 1.55192
0.0342049  6.29198e-05 1.55966
0.0345469  6.3043e-05 1.56744
0.0348924  6.31664e-05 1.57525
0.0352413  6.32899e-05 1.58311
0.0355937  6.34136e-05 1.59101
0.0359496  6.35373e-05 1.59894
0.0363091  6.36612e-05 1.60692
0.0366722  6.37852e-05 1.61493
0.037039  6.39096e-05 1.62299
0.0374093  6.40458e-05 1.63108
0.0377834  6.41861e-05 1.63922
0.0381613  6.43268e-05 1.64739
0.0385429  6.44677e-05 1.65561
0.0389283  6.46088e-05 1.66386
0.0393176  6.47502e-05 1.67216
0.0397108  6.48989e-05 1.6805
0.0401079  6.5053e-05 1.68888
0.040509  6.52076e-05 1.69731
0.040914  6.53625e-05 1.70577
0.0413232  6.55177e-05 1.71428
0.0417364  6.56733e-05 1.72283
0.0421538  6.58293e-05 1.73142
0.0425753  6.59855e-05 1.74006
0.0430011  6.61422e-05 1.74874
0.0434311  6.62992e-05 1.75746
0.0438654  6.64565e-05 1.76622
0.044304  6.66142e-05 1.77503
0.0447471  6.67722e-05 1.78389
0.0451946  6.69305e-05 1.79278
0.0456465  6.70891e-05 1.80173
0.046103  6.72481e-05 1.81071
0.046564  6.74118e-05 1.81974
0.0470296  6.75843e-05 1.82882
0.0474999  6.77572e-05 1.83794
0.0479749  6.79305e-05 1.84711
0.0484547  6.81043e-05 1.85632
0.0489392  6.82785e-05 1.86558
0.0494286  6.84553e-05 1.87488
0.0499229  6.86441e-05 1.88423
0.0504221  6.88335e-05 1.89363
0.0509264  6.90234e-05 1.90308
0.0514356  6.92139e-05 1.91257
0.05195  6.9405e-05 1.92211
0.0524695  6.95967e-05 1.93169
0.0529942  6.97889e-05 1.94133
0.0535241  6.99817e-05 1.95101
0.0540594  7.0175e-05 1.96074
0.0546  7.03689e-05 1.97052
0.055146  7.05634e-05 1.98035
0.0556974  7.07607e-05 1.99022
0.0562544  7.09686e-05 2.00015
0.0568169  7.11792e-05 2.01013
0.0573851  7.13904e-05 2.02015
0.0579589  7.16024e-05 2.03023
0.0585385  7.1815e-05 2.04035
0.0591239  7.20284e-05 2.05053
0.0597152  7.22425e-05 2.06076
0.0603123  7.24572e-05 2.07104
0.0609154  7.26727e-05 2.08137
0.0615246  7.28888e-05 2.09175
0.0621398  7.31057e-05 2.10218
0.0627612  7.33232e-05 2.11266
0.0633888  7.35415e-05 2.1232
0.0640227  7.37604e-05 2.13379
0.064663  7.39801e-05 2.14443
0.0653096  7.42004e-05 2.15513
0.0659627  7.44215e-05 2.16588
0.0666223  7.46432e-05 2.17668
0.0672885  7.48656e-05 2.18754
0.0679614  7.50887e-05 2.19845
0.068641  7.53126e-05 2.20941
0.0693275  7.55371e-05 2.22043
0.0700207  7.57623e-05 2.2315
0.0707209  7.59882e-05 2.24263
0.0714281  7.62147e-05 2.25382
0.0721424  7.6442e-05 2.26506
0.0728638  7.667e-05 2.27636
0.0735925  7.68986e-05 2.28771
0.0743284  7.71395e-05 2.29912
0.0750717  7.74045e-05 2.31059
0.0758224  7.76721e-05 2.32211
0.0765806  7.79408e-05 2.33369
0.0773464  7.82105e-05 2.34533
0.0781199  7.84813e-05 2.35703
0.0789011  7.87532e-05 2.36879
0.0796901  7.90261e-05 2.3806
0.080487  7.93001e-05 2.39247
0.0812919  7.95751e-05 2.40441
0.0821048  7.98512e-05 2.4164
0.0829259  8.01284e-05 2.42845
0.0837551  8.04067e-05 2.44056
0.0845927  8.0686e-05 2.45274
0.0854386  8.09664e-05 2.46497
0.086293  8.12479e-05 2.47726
0.0871559  8.15305e-05 2.48962
0.0880275  8.18141e-05 2.50203
0.0889077  8.20989e-05 2.51451
0.0897968  8.23847e-05 2.52705
0.0906948  8.26716e-05 2.53966
0.0916017  8.29596e-05 2.55233
0.0925178  8.32487e-05 2.56506
0.0934429  8.35511e-05 2.57785
0.0943774  8.38604e-05 2.59071
0.0953211  8.41709e-05 2.60363
0.0962743  8.44828e-05 2.61661
0.0972371  8.47959e-05 2.62966
0.0982095  8.51103e-05 2.64278
0.0991916  8.5426e-05 2.65596
0.100183  8.5743e-05 2.66921
0.101185  8.60614e-05 2.68252
0.102197  8.6381e-05 2.6959
0.103219  8.67019e-05 2.70935
0.104251  8.70242e-05 2.72286
0.105294  8.73477e-05 2.73644
0.106347  8.76726e-05 2.75009
0.10741  8.79988e-05 2.7638
0.108484  8.83264e-05 2.77759
0.109569  8.86553e-05 2.79144
0.110665  8.89855e-05 2.80536
0.111772  8.9317e-05 2.81935
0.112889  8.96499e-05 2.83342
0.114018  8.99842e-05 2.84755
0.115158  9.03197e-05 2.86175
0.11631  9.06567e-05 2.87602
0.117473  9.0995e-05 2.89036
0.118648  9.13347e-05 2.90478
0.119834  9.16757e-05 2.91927
0.121033  9.20181e-05 2.93383
0.122243  9.23618e-05 2.94846
0.123465  9.2707e-05 2.96316
0.1247  9.30535e-05 2.97794
0.125947  9.34014e-05 2.9928
0.127206  9.37507e-05 3.00773
0.128478  9.41014e-05 3.02273
0.129763  9.44534e-05 3.03781
0.131061  9.48069e-05 3.05296
0.132372  9.51618e-05 3.06819
0.133695  9.5518e-05 3.0835
0.135032  9.58757e-05 3.09888
0.136383  9.62348e-05 3.11434
0.137746  9.65953e-05 3.12987
0.139124  9.69601e-05 3.14548
0.140515  9.73455e-05 3.16117
0.14192  9.77372e-05 3.17693
0.143339  9.81307e-05 3.19277
0.144773  9.85258e-05 3.20868
0.146221  9.89227e-05 3.22468
0.147683  9.93213e-05 3.24075
0.14916  9.97342e-05 3.2569
0.150651  0.000100153 3.27314
0.152158  0.000100575 3.28945
0.153679  0.000100998 3.30585
0.155216  0.000101422 3.32234
0.156768  0.000101849 3.33891
0.158336  0.000102278 3.35557
0.159919  0.000102709 3.37231
0.161518  0.000103079 3.38915
0.163134  0.000103445 3.40608
0.164765  0.000103812 3.42309
0.166413  0.00010418 3.44021
0.168077  0.000104549 3.45741
0.169757  0.000104919 3.47471
0.171455  0.00010529 3.49211
0.17317  0.000105662 3.50961
0.174901  0.000106034 3.52721
0.17665  0.000106407 3.54491
0.178417  0.000106781 3.56271
0.180201  0.000107156 3.58062
0.182003  0.000107531 3.59864
0.183823  0.000107908 3.61676
0.185661  0.000108285 3.63499
0.187518  0.000108663 3.65332
0.189393  0.000109041 3.67176
0.191287  0.00010942 3.69031
0.1932  0.0001098 3.70897
0.195132  0.000110181 3.72773
0.197083  0.000110562 3.7466
0.199054  0.00011095 3.76559
0.201045  0.000111339 3.78468
0.203055  0.00011173 3.80388
0.205086  0.000112121 3.82319
0.207136  0.000112512 3.84262
0.209208  0.000112904 3.86216
0.2113  0.000113297 3.88181
0.213413  0.000113816 3.897
0.215547  0.000114422 3.90917
0.217702  0.000115034 3.92132
0.219879  0.00011565 3.93344
0.222078  0.000116271 3.94553
0.224299  0.000116897 3.9576
0.226542  0.000117528 3.96964
0.228807  0.000118164 3.98165
0.231095  0.000118806 3.99363
0.233406  0.000119453 4.00558
0.235741  0.000120105 4.0175
0.238098  0.000120762 4.02939
0.240479  0.000121425 4.04124
0.242884  0.000122094 4.05305
0.245313  0.000122767 4.06482
0.247766  0.000123449 4.07656
0.250243  0.000124139 4.08826
0.252746  0.000124835 4.09991
0.255273  0.000125536 4.11152
0.257826  0.000126244 4.12309
0.260404  0.000126957 4.13461
0.263008  0.000127677 4.14609
0.265638  0.000128403 4.15751
0.268295  0.000129135 4.16889
0.270978  0.000129873 4.18022
0.273687  0.000130617 4.19149
0.276424  0.000131368 4.20271
0.279189  0.000132132 4.21387
0.28198  0.000132918 4.22498
0.2848  0.000133711 4.23603
0.287648  0.000134511 4.24702
0.290525  0.000135318 4.25795
0.29343  0.000136132 4.26882
0.296364  0.000136954 4.27962
0.299328  0.000137787 4.29036
0.302321  0.000138628 4.30103
0.305344  0.000139476 4.31164
0.308398  0.000140331 4.32217
0.311482  0.000141195 4.33263
0.314597  0.000142066 4.34302
0.317743  0.000142945 4.35334
0.32092  0.000143831 4.36358
0.324129  0.000144726 4.37374
0.32737  0.000145629 4.38382
0.330644  0.00014654 4.39382
0.333951  0.000147459 4.40375
0.33729  0.000148387 4.41358
0.340663  0.000149323 4.42333
0.34407  0.000150268 4.433
0.34751  0.000151222 4.44257
0.350985  0.000152184 4.45205
0.354495  0.000153155 4.46145
0.35804  0.000154135 4.47075
0.361621  0.000155125 4.47995
0.365237  0.000156123 4.48906
0.368889  0.000157131 4.49807
0.372578  0.000158151 4.50698
0.376304  0.000159187 4.51579
0.380067  0.000160232 4.5245
0.383868  0.000161288 4.5331
0.387706  0.000162353 4.54159
0.391583  0.000163428 4.54998
0.395499  0.000164514 4.55825
0.399454  0.000165615 4.56642
0.403449  0.000166726 4.57447
0.407483  0.000167847 4.58241
0.411558  0.000168979 4.59023
0.415674  0.000170122 4.59794
0.41983  0.000171239 4.60656
0.424029  0.000172224 4.61894
0.428269  0.000173216 4.6313
0.432552  0.000174213 4.64365
0.436877  0.000175215 4.656
0.441246  0.000176223 4.66833
0.445658  0.000177236 4.68066
0.450115  0.000178255 4.69298
0.454616  0.000179279 4.70528
0.459162  0.000180308 4.71758
0.463754  0.000181344 4.72988
0.468391  0.000182389 4.74216
0.473075  0.000183441 4.75444
0.477806  0.000184499 4.76671
0.482584  0.000185561 4.77897
0.48741  0.000186629 4.79123
0.492284  0.000187702 4.80348
0.497207  0.000188784 4.81573
0.502179  0.000189872 4.82797
0.507201  0.000190965 4.84021
0.512273  0.000192064 4.85244
0.517396  0.000193167 4.86467
0.52257  0.000194276 4.8769
0.527795  0.00019539 4.88913
0.533073  0.000196508 4.90135
0.538404  0.000197632 4.91356
0.543788  0.000198761 4.92578
0.549226  0.000199894 4.93799
0.554718  0.000201033 4.9502
0.560265  0.00020218 4.96241
0.565868  0.000203334 4.97461
0.571527  0.000204493 4.98682
0.577242  0.000205656 4.99902
0.583014  0.000206824 5.01123
0.588844  0.000207997 5.02344
0.594733  0.000209174 5.03565
0.60068  0.000210356 5.04787
0.606687  0.000211542 5.06009
0.612754  0.000212733 5.07232
0.618881  0.000213927 5.08456
0.62507  0.000215126 5.09681
0.631321  0.000216329 5.10907
0.637634  0.000217536 5.12134
0.644011  0.00021869 5.13363
0.650451  0.00021981 5.14594
0.656955  0.00022093 5.15826
0.663525  0.000222052 5.17061
0.67016  0.000223175 5.18298
0.676862  0.000224299 5.19537
0.68363  0.000225423 5.20779
0.690466  0.000226549 5.22023
0.697371  0.000227674 5.23271
0.704345  0.0002288 5.24522
0.711388  0.000229926 5.25776
0.718502  0.000231052 5.27034
0.725687  0.000232177 5.28296
0.732944  0.000233304 5.2956
0.740273  0.000234429 5.3083
0.747676  0.000235561 5.32103
0.755153  0.000236695 5.33381
0.762705  0.000237828 5.34663
0.770332  0.000238959 5.35949
0.778035  0.00024009 5.3724
0.785815  0.000241218 5.38536
0.793673  0.000242346 5.39836
0.80161  0.000243471 5.41142
0.809626  0.000244595 5.42453
0.817722  0.000245716 5.43769
0.8259  0.000246835 5.4509
0.834159  0.000247951 5.46417
0.8425  0.000249065 5.4775
0.850925  0.000250175 5.49089
0.859435  0.000251283 5.50435
0.868029  0.000252387 5.51786
0.876709  0.000253488 5.53144
0.885476  0.000254585 5.54509
0.894331  0.000255678 5.55882
0.903274  0.000256766 5.57261
0.912307  0.000257851 5.58648
0.92143  0.000258931 5.60043
0.930644  0.000260007 5.61445
0.939951  0.000261083 5.62856
0.94935  0.000262154 5.64275
0.958844  0.000263219 5.65703
0.968432  0.000264278 5.67139
0.978117  0.000265332 5.68584
0.987898  0.00026638 5.70038
0.997777  0.000267425 5.71502
1.00775  0.000268463 5.72976
1.01783  0.000269495 5.7446
1.02801  0.000270519 5.75953
1.03829  0.000271537 5.77458
1.04867  0.000272547 5.78973
1.05916  0.00027355 5.80499
1.06975  0.000274545 5.82036
1.08045  0.000275532 5.83585
1.09125  0.000276511 5.85145
1.10217  0.000277482 5.86718
1.11319  0.000278444 5.88303
1.12432  0.000279397 5.899
1.13556  0.000280341 5.91511
1.14692  0.000281276 5.93135
1.15839  0.000282201 5.94773
1.16997  0.000283116 5.96425
1.18167  0.000284022 5.98091
1.19349  0.000284918 5.99771
1.20542  0.000285803 6.01466
1.21748  0.000286677 6.03177
1.22965  0.000287541 6.04903
1.24195  0.000288394 6.06645
1.25437  0.000289236 6.08404
1.26691  0.000290066 6.10179
1.27958  0.000290885 6.11971
1.29238  0.000291692 6.1378
1.3053  0.000292487 6.15607
1.31835  0.00029327 6.17453
1.33154  0.000294041 6.19317
1.34485  0.000294799 6.212
1.3583  0.000295544 6.23102
1.37188  0.000296277 6.25023
1.3856  0.000296996 6.26965
1.39946  0.000297705 6.28928
1.41345  0.000298403 6.30911
1.42759  0.000299088 6.32916
1.44186  0.000299759 6.34943
1.45628  0.000300416 6.36993
1.47085  0.000301059 6.39065
1.48555  0.000301689 6.4116
1.50041  0.000302306 6.43279
1.51541  0.000302908 6.45422
1.53057  0.000303497 6.4759
1.54587  0.00030407 6.49783
1.56133  0.000304629 6.52001
1.57695  0.000305172 6.54246
1.59271  0.000305702 6.56516
1.60864  0.000306215 6.58815
1.62473  0.000306714 6.61141
1.64098  0.000307197 6.63495
1.65739  0.000307665 6.65878
1.67396  0.000308117 6.68291
1.6907  0.000308553 6.70733
1.70761  0.000308974 6.73206
1.72468  0.000309379 6.7571
1.74193  0.000309768 6.78245
1.75935  0.000310142 6.80813
1.77694  0.000310499 6.83414
1.79471  0.000310841 6.86048
1.81266  0.000311166 6.88716
1.83078  0.000311475 6.9142
1.84909  0.000311768 6.94158
1.86758  0.000312048 6.96932
1.88626  0.000312312 6.99743
1.90512  0.000312561 7.02592
1.92417  0.000312794 7.05478
1.94341  0.00031301 7.08403
1.96285  0.00031321 7.11368
1.98248  0.000313395 7.14372
2.0023  0.000313565 7.17418
2.02232  0.000313718 7.20505
2.04255  0.000313855 7.23634
2.06297  0.000313977 7.26807
2.0836  0.000314082 7.30023
2.10444  0.000314171 7.33284
2.12548  0.000314245 7.36591
2.14674  0.000314303 7.39943
2.16821  0.000314345 7.43343
2.18989  0.000314371 7.4679
2.21179  0.000314382 7.50286
2.2339  0.000314378 7.53831
2.25624  0.000314358 7.57427
2.27881  0.000314322 7.61074
2.30159  0.000314272 7.64773
2.32461  0.000314206 7.68525
2.34786  0.000314125 7.72331
2.37134  0.00031403 7.76191
2.39505  0.000313919 7.80108
2.419  0.000313794 7.84081
2.44319  0.000313655 7.88111
2.46762  0.000313501 7.922
2.4923  0.000313334 7.96349
2.51722  0.000313153 8.00558
2.54239  0.000312957 8.04829
2.56782  0.000312749 8.09162
2.59349  0.000312526 8.13559
2.61943  0.00031229 8.18021
2.64562  0.000312041 8.22548
2.67208  0.000311778 8.27142
2.6988  0.000311503 8.31803
2.72579  0.000311215 8.36534
2.75305  0.000310914 8.41334
2.78058  0.000310601 8.46206
2.80838  0.000310279 8.5115
2.83647  0.000309944 8.56168
2.86483  0.000309598 8.6126
2.89348  0.000309241 8.66429
2.92241  0.000308872 8.71674
2.95164  0.000308492 8.76998
2.98115  0.000308101 8.82401
3.01097  0.0003077 8.87885
3.04108  0.000307288 8.9345
3.07149  0.000306865 8.991
3.1022  0.000306433 9.04833
3.13322  0.000305991 9.10653
3.16456  0.000305538 9.1656
3.1962  0.000305076 9.22555
3.22816  0.000304605 9.28641
3.26045  0.000304125 9.34818
3.29305  0.000303635 9.41088
3.32598  0.000303137 9.47452
3.35924  0.000302631 9.53911
3.39283  0.000302116 9.60468
3.42676  0.000301592 9.67123
3.46103  0.000301061 9.73878
3.49564  0.000300523 9.80735
3.53059  0.000299976 9.87694
3.5659  0.000299423 9.94759
3.60156  0.000298862 10.0193
3.63758  0.000298295 10.0921
3.67395  0.000297721 10.166
3.71069  0.00029714 10.2409
3.7478  0.000296555 10.317
3.78528  0.000295964 10.3943
3.82313  0.000295367 10.4727
3.86136  0.000294764 10.5523
3.89997  0.000294156 10.6331
3.93897  0.000293542 10.7151
3.97836  0.000292924 10.7983
4.01815  0.000292301 10.8828
4.05833  0.000291674 10.9685
4.09891  0.000291042 11.0555
4.1399  0.000290406 11.1439
4.1813  0.000289765 11.2335
4.22311  0.00028912 11.3245
4.26534  0.000288472 11.4168
4.308  0.00028782 11.5105
4.35108  0.000287164 11.6057
4.39459  0.000286505 11.7022
4.43853  0.000285842 11.8002
4.48292  0.000285177 11.8996
4.52775  0.000284509 12.0005
4.57303  0.000283838 12.1029
4.61876  0.000283164 12.2068
4.66494  0.000282488 12.3123
4.71159  0.000281811 12.4193
4.75871  0.000281131 12.528
4.8063  0.000280449 12.6382
4.85436  0.000279766 12.7501
4.9029  0.00027908 12.8636
4.95193  0.000278393 12.9788
5.00145  0.000277705 13.0956
5.05146  0.000277015 13.2143
5.10198  0.000276324 13.3346
5.153  0.000275632 13.4568
5.20453  0.000274938 13.5807
5.25657  0.000274244 13.7064
5.30914  0.000273548 13.8341
5.36223  0.000272852 13.9635
5.41585  0.000272154 14.0949
5.47001  0.000271456 14.2282
5.52471  0.000270757 14.3634
5.57996  0.000270058 14.5007
5.63576  0.000269359 14.6399
5.69212  0.00026866 14.7812
5.74904  0.000267961 14.9245
5.80653  0.000267261 15.0699
5.86459  0.000266561 15.2175
5.92324  0.00026586 15.3671
5.98247  0.00026516 15.519
6.0423  0.000264459 15.6731
6.10272  0.000263759 15.8294
6.16375  0.000263058 15.988
6.22538  0.000262358 16.1488
6.28764  0.000261657 16.312
6.35051  0.000260957 16.4776
6.41402  0.000260257 16.6456
6.47816  0.000259557 16.816
6.54294  0.000258857 16.9888
6.60837  0.000258157 17.1642
6.67445  0.000257458 17.3421
6.7412  0.000256758 17.5226
6.80861  0.00025606 17.7056
6.8767  0.000255361 17.8913
6.94546  0.000254663 18.0797
7.01492  0.000253965 18.2708
7.08507  0.000253267 18.4646
7.15592  0.00025257 18.6613
7.22748  0.000251873 18.8607
7.29975  0.000251176 19.063
7.37275  0.00025048 19.2683
7.44648  0.000249785 19.4764
7.52094  0.000249091 19.6876
7.59615  0.000248398 19.9018
7.67211  0.000247704 20.119
7.74883  0.000247012 20.3394
7.82632  0.000246319 20.563
7.90459  0.000245627 20.7897
7.98363  0.000244935 21.0197
8.06347  0.000244244 21.253
8.1441  0.000243552 21.4896
8.22554  0.000242861 21.7297
8.3078  0.000242171 21.9731
8.39088  0.00024148 22.2201
8.47479  0.00024079 22.4705
8.55953  0.0002401 22.7246
8.64513  0.00023941 22.9823
8.73158  0.000238721 23.2437
8.8189  0.000238031 23.5089
8.90709  0.000237342 23.7778
8.99616  0.000236652 24.0506
9.08612  0.000235963 24.3273
9.17698  0.000235274 24.6079
9.26875  0.000234585 24.8926
9.36144  0.000233897 25.1814
9.45505  0.000233209 25.4743
9.5496  0.00023252 25.7713
9.6451  0.000231832 26.0727
9.74155  0.000231144 26.3784
9.83896  0.000230456 26.6884
9.93735  0.000229768 27.003
10.0367  0.000229079 27.322
10.1371  0.000228391 27.6456
10.2385  0.000227703 27.9739
10.3409  0.000227014 28.3068
10.4443  0.000226325 28.6446
10.5487  0.000225636 28.9872
10.6542  0.000224946 29.3348
10.7607  0.000224257 29.6874
10.8683  0.000223567 30.045
10.977  0.000222876 30.4078
11.0868  0.000222185 30.7759
11.1977  0.000221494 31.1493
11.3096  0.000220802 31.528
11.4227  0.00022011 31.9122
11.537  0.000219418 32.302
11.6523  0.000218725 32.6975
11.7689  0.000218031 33.0986
11.8865  0.000217337 33.5056
12.0054  0.000216642 33.9185
12.1255  0.000215947 34.3374
12.2467  0.000215251 34.7624
12.3692  0.000214555 35.1935
12.4929  0.000213858 35.631
12.6178  0.00021316 36.0748
12.744  0.000212462 36.5251
12.8714  0.000211763 36.982
13.0001  0.000211063 37.4455
13.1301  0.000210363 37.9158
13.2614  0.000209661 38.3931
13.3941  0.000208959 38.8773
13.528  0.000208257 39.3686
13.6633  0.000207553 39.8671
13.7999  0.000206849 40.373
13.9379  0.000206144 40.8863
14.0773  0.000205439 41.4072
14.2181  0.000204733 41.9358
14.3602  0.000204027 42.4722
14.5038  0.00020332 43.0165
14.6489  0.000202611 43.5688
14.7954  0.000201902 44.1294
14.9433  0.000201193 44.6982
15.0928  0.000200482 45.2755
15.2437  0.000199771 45.8615
15.3961  0.000199059 46.4561
15.5501  0.000198346 47.0596
15.7056  0.000197632 47.6721
15.8626  0.000196918 48.2938
16.0213  0.000196202 48.9248
16.1815  0.000195486 49.5652
16.3433  0.000194769 50.2153
16.5067  0.00019405 50.8751
16.6718  0.000193331 51.5448
16.8385  0.000192611 52.2247
17.0069  0.000191891 52.9148
17.177  0.000191169 53.6153
17.3487  0.000190446 54.3264
17.5222  0.000189723 55.0483
17.6974  0.000188999 55.7811
17.8744  0.000188274 56.525
18.0532  0.000187548 57.2803
18.2337  0.000186821 58.047
18.416  0.000186093 58.8255
18.6002  0.000185365 59.6158
18.7862  0.000184637 60.4182
18.9741  0.000183907 61.2329
19.1638  0.000183177 62.0601
19.3554  0.000182446 62.9001
19.549  0.000181714 63.7529
19.7445  0.000180982 64.6189
19.9419  0.000180249 65.4983
20.1413  0.000179515 66.3913
20.3427  0.000178781 67.2981
20.5462  0.000178045 68.2189
20.7516  0.00017731 69.154
20.9592  0.000176573 70.1037
21.1687  0.000175836 71.0681
21.3804  0.000175098 72.0475
21.5942  0.00017436 73.0421
21.8102  0.000173621 74.0523
22.0283  0.000172881 75.0782
22.2486  0.000172141 76.1201
22.4711  0.0001714 77.1783
22.6958  0.000170659 78.253
22.9227  0.000169917 79.3446
23.1519  0.000169175 80.4533
23.3835  0.000168432 81.5796
23.6173  0.000167689 82.7237
23.8535  0.000166946 83.886
24.092  0.000166202 85.0668
24.3329  0.000165458 86.2664
24.5763  0.000164713 87.4853
24.822  0.000163968 88.7237
25.0702  0.000163223 89.9821
25.3209  0.000162478 91.2609
25.5742  0.000161732 92.5603
25.8299  0.000160986 93.8806
26.0882  0.00016024 95.2222
26.3491  0.000159494 96.5852
26.6126  0.000158748 97.9699
26.8787  0.000158002 99.3767
27.1475  0.000157255 100.806
27.419  0.000156509 102.257
27.6931  0.000155762 103.732
27.9701  0.000155016 105.229
28.2498  0.00015427 106.751
28.5323  0.000153524 108.295
28.8176  0.000152778 109.864
29.1058  0.000152032 111.459
29.3968  0.000151287 113.079
29.6908  0.000150541 114.725
29.9877  0.000149796 116.399
30.2876  0.000149052 118.101
30.5905  0.000148307 119.832
30.8964  0.000147563 121.593
31.2053  0.000146819 123.384
31.5174  0.000146076 125.207
31.8326  0.000134362 127.062
32.1509  0.00013368 128.951
32.4724  0.000133002 130.873
32.7971  0.000132326 132.831
33.1251  0.00013165 134.824
33.4563  0.000130974 136.853
33.7909  0.000130299 138.919
34.1288  0.000129625 141.023
34.4701  0.000128951 143.165
34.8148  0.000128277 145.347
35.1629  0.000127605 147.57
35.5146  0.000126933 149.834
35.8697  0.000126261 152.14
36.2284  0.000125591 154.488
36.5907  0.000124921 156.879
36.9566  0.000124253 159.314
37.3262  0.000123585 161.791
37.6994  0.000122918 164.312
38.0764  0.000122253 166.877
38.4572  0.000121588 169.486
38.8418  0.000120924 172.139
39.2302  0.00012026 174.836
39.6225  0.000119598 177.577
40.0187  0.000118936 180.363
40.4189  0.000118276 183.193
40.8231  0.000117617 186.07
41.2313  0.000116959 188.993
41.6436  0.000116302 191.965
42.0601  0.000115647 194.986
42.4807  0.000114993 198.058
42.9055  0.00011434 201.182
43.3345  0.000113688 204.359
43.7679  0.000113039 207.59
44.2056  0.00011239 210.877
44.6476  0.000111743 214.222
45.0941  0.000111097 217.625
45.545  0.000110453 221.088
46.0005  0.000109811 224.612
46.4605  0.00010917 228.198
46.9251  0.000108531 231.846
47.3943  0.000107893 235.558
47.8683  0.000107257 239.334
48.347  0.000106623 243.177
48.8304  0.000105989 247.085
49.3187  0.000105356 251.062
49.8119  0.000104726 255.107
50.31  0.000104097 259.222
50.8131  0.00010347 263.408
51.3213  0.000102845 267.666
51.8345  0.000102221 271.997
52.3528  0.0001016 276.404
52.8764  0.000100981 280.887
53.4051  0.000100363 285.447
53.9392  9.97479e-05 290.088
54.4786  9.91344e-05 294.809
55.0234  9.85229e-05 299.612
55.5736  9.79135e-05 304.5
56.1293  9.73062e-05 309.474
56.6906  9.6701e-05 314.534
57.2575  9.60979e-05 319.684
57.8301  9.54968e-05 324.924
58.4084  9.48979e-05 330.257
58.9925  9.43011e-05 335.683
59.5824  9.37064e-05 341.205
60.1782  9.31138e-05 346.825
60.78  9.25234e-05 352.543
61.3878  9.19352e-05 358.362
62.0017  9.13491e-05 364.283
62.6217  9.07653e-05 370.309
63.2479  9.01836e-05 376.441
63.8804  8.96042e-05 382.682
64.5192  8.9027e-05 389.032
65.1644  8.84517e-05 395.495
65.816  8.78781e-05 402.072
66.4742  8.73067e-05 408.765
67.1389  8.67377e-05 415.577
67.8103  8.61709e-05 422.51
68.4884  8.56064e-05 429.565
69.1733  8.50443e-05 436.746
69.8651  8.44845e-05 444.055
70.5637  8.3927e-05 451.493
71.2693  8.33719e-05 459.064
71.982  8.28191e-05 466.769
72.7019  8.22687e-05 474.612
73.4289  8.17206e-05 482.595
74.1632  8.1175e-05 490.72
74.9048  8.06319e-05 498.989
75.6538  8.00913e-05 507.407
76.4104  7.95531e-05 515.975
77.1745  7.90172e-05 524.695
77.9462  7.84838e-05 533.572
78.7257  7.79528e-05 542.607
79.513  7.74243e-05 551.804
80.3081  7.68982e-05 561.166
81.1112  7.63745e-05 570.695
81.9223  7.58533e-05 580.394
82.7415  7.53345e-05 590.268
83.5689  7.48182e-05 600.319
84.4046  7.43043e-05 610.55
85.2486  7.37929e-05 620.964
86.1011  7.3284e-05 631.566
86.9621  7.27781e-05 642.358
87.8318  7.2275e-05 653.344
88.7101  7.17743e-05 664.528
89.5972  7.12761e-05 675.913
90.4932  7.07804e-05 687.503
91.3981  7.02869e-05 699.301
92.3121  6.97955e-05 711.312
93.2352  6.93066e-05 723.54
94.1675  6.88203e-05 735.988
95.1092  6.83365e-05 748.661
96.0603  6.78551e-05 761.563
97.0209  6.73762e-05 774.697
97.9911  6.68998e-05 788.069
98.971  6.64258e-05 801.683
99.9607  6.59544e-05 815.542
100.96  6.54854e-05 829.653
101.97  6.5019e-05 844.018
102.99  6.4555e-05 858.644
104.02  6.40935e-05 873.535
105.06  6.36345e-05 888.695
106.11  6.31779e-05 904.13
107.171  6.27239e-05 919.845
108.243  6.22723e-05 935.845
109.326  6.18232e-05 952.135
110.419  6.13766e-05 968.721
111.523  6.09324e-05 985.608
112.638  6.04907e-05 1002.8
113.765  6.00515e-05 1020.31
114.902  5.96148e-05 1038.13
116.051  5.91806e-05 1056.28
117.212  5.87488e-05 1074.76
118.384  5.83195e-05 1093.57
119.568  5.78926e-05 1112.73
120.763  5.74682e-05 1132.23
121.971  5.70463e-05 1152.09
123.191  5.66268e-05 1172.32
124.423  5.62098e-05 1192.91
125.667  5.57952e-05 1213.87
126.924  5.5383e-05 1235.22
128.193  5.49734e-05 1256.96
129.475  5.45661e-05 1279.09
130.77  5.41615e-05 1301.63
132.077  5.37594e-05 1324.58
133.398  5.33597e-05 1347.95
134.732  5.29624e-05 1371.74
136.079  5.25675e-05 1395.97
137.44  5.21749e-05 1420.64
138.814  5.17848e-05 1445.76
140.203  5.13971e-05 1471.35
141.605  5.10118e-05 1497.4
143.021  5.06288e-05 1523.92
144.451  5.02483e-05 1550.93
145.895  4.98701e-05 1578.44
147.354  4.94942e-05 1606.45
148.828  4.91207e-05 1634.97
150.316  4.87496e-05 1664.02
151.819  4.83808e-05 1693.59
153.338  4.80143e-05 1723.71
154.871  4.76502e-05 1754.38
156.42  4.72884e-05 1785.61
157.984  4.69288e-05 1817.42
159.564  4.65716e-05 1849.81
161.159  4.62167e-05 1882.79
162.771  4.5864e-05 1916.37
164.399  4.55135e-05 1950.58
166.043  4.51653e-05 1985.41
167.703  4.48193e-05 2020.88
169.38  4.44757e-05 2057
171.074  4.41343e-05 2093.78
172.785  4.37951e-05 2131.24
174.512  4.34583e-05 2169.39
176.258  4.31236e-05 2208.24
178.02  4.27912e-05 2247.8
179.8  4.2461e-05 2288.09
181.598  4.21331e-05 2329.12
183.414  4.18073e-05 2370.9
185.248  4.14838e-05 2413.45
187.101  4.11625e-05 2456.78
188.972  4.08434e-05 2500.91
190.862  4.05265e-05 2545.85
192.77  4.02117e-05 2591.62
194.698  3.98992e-05 2638.23
196.645  3.95887e-05 2685.7
198.611  3.92805e-05 2734.04
200.598  3.89745e-05 2783.27
202.604  3.86705e-05 2833.4
204.63  3.83687e-05 2884.46
206.676  3.80689e-05 2936.46
208.743  3.77713e-05 2989.41
210.83  3.74758e-05 3043.34
212.938  3.71823e-05 3098.26
215.068  3.68909e-05 3154.19
217.218  3.66016e-05 3211.16
219.391  3.63143e-05 3269.17
221.584  3.6029e-05 3328.25
223.8  3.57458e-05 3388.41
226.038  3.54647e-05 3449.69
228.299  3.51855e-05 3512.09
230.582  3.49083e-05 3575.65
232.888  3.46331e-05 3640.37
235.216  3.43599e-05 3706.28
237.569  3.40887e-05 3773.41
239.944  3.38195e-05 3841.78
242.344  3.35522e-05 3911.41
244.767  3.32868e-05 3982.32
247.215  3.30234e-05 4054.53
249.687  3.2762e-05 4128.08
252.184  3.25024e-05 4202.98
254.706  3.22448e-05 4279.26
257.253  3.1989e-05 4356.94
259.825  3.17352e-05 4436.06
262.423  3.14832e-05 4516.64
265.048  3.12331e-05 4598.69
267.698  3.09849e-05 4682.27
270.375  3.07385e-05 4767.38
273.079  3.0494e-05 4854.06
275.81  3.02513e-05 4942.33
278.568  3.00104e-05 5032.24
281.354  2.97714e-05 5123.8
284.167  2.95342e-05 5217.04
287.009  2.92988e-05 5312.01
289.879  2.90652e-05 5408.72
292.778  2.88333e-05 5507.21
295.705  2.86032e-05 5607.52
298.662  2.83748e-05 5709.68
301.649  2.81482e-05 5813.72
304.666  2.79233e-05 5919.68
307.712  2.77002e-05 6027.59
310.789  2.74787e-05 6137.48
313.897  2.7259e-05 6249.4
317.036  2.70409e-05 6363.38
320.207  2.68245e-05 6479.46
323.409  2.66097e-05 6597.68
326.643  2.63966e-05 6718.08
329.909  2.61851e-05 6840.69
333.208  2.59753e-05 6965.56
336.54  2.57671e-05 7092.73
339.906  2.55605e-05 7222.24
343.305  2.53555e-05 7354.13
346.738  2.51521e-05 7488.45
350.205  2.49503e-05 7625.25
353.707  2.475e-05 7764.56
357.244  2.45513e-05 7906.43
360.817  2.43542e-05 8050.92
364.425  2.41586e-05 8198.07
368.069  2.39646e-05 8347.92
371.75  2.37721e-05 8500.53
375.467  2.35811e-05 8655.95
379.222  2.33916e-05 8814.22
383.014  2.32035e-05 8975.41
386.844  2.30169e-05 9139.56
390.713  2.28318e-05 9306.73
394.62  2.26481e-05 9476.98
398.566  2.24659e-05 9650.35
402.552  2.22852e-05 9826.91
406.577  2.21059e-05 10006.7
410.643  2.19281e-05 10189.8
414.75  2.17516e-05 10376.3
418.897  2.15766e-05 10566.2
423.086  2.1403e-05 10759.6
427.317  2.12308e-05 10956.5
431.59  2.106e-05 11157.1
435.906  2.08905e-05 11361.4
440.265  2.07224e-05 11569.4
444.668  2.05557e-05 11781.2
449.114  2.03903e-05 11996.9
453.605  2.02262e-05 12216.5
458.142  2.00635e-05 12440.2
462.723  1.99021e-05 12668
467.35  1.9742e-05 12900
472.024  1.95832e-05 13136.3
476.744  1.94257e-05 13376.8
481.511  1.92695e-05 13621.8
486.326  1.91146e-05 13871.3
491.19  1.89609e-05 14125.3
496.102  1.88085e-05 14384.1
501.063  1.86574e-05 14647.5
506.073  1.85074e-05 14915.8
511.134  1.83587e-05 15189
516.245  1.82112e-05 15467.2
521.408  1.8065e-05 15750.5
526.622  1.79199e-05 16039
531.888  1.7776e-05 16332.7
537.207  1.76333e-05 16631.9
542.579  1.74917e-05 16936.5
548.005  1.73514e-05 17246.7
553.485  1.72121e-05 17562.6
559.02  1.70741e-05 17884.2
564.61  1.69372e-05 18211.7
570.256  1.68014e-05 18545.3
575.959  1.66667e-05 18884.9
581.718  1.65331e-05 19230.7
587.535  1.64006e-05 19582.9
593.411  1.62692e-05 19941.5
599.345  1.61389e-05 20306.6
605.338  1.60097e-05 20678.4
611.392  1.58815e-05 21057
617.506  1.57544e-05 21442.5
623.681  1.56283e-05 21835.1
629.917  1.55032e-05 22234.8
636.217  1.53792e-05 22641.8
642.579  1.52562e-05 23056.3
649.005  1.51342e-05 23478.3
655.495  1.50133e-05 23907.9
662.05  1.48933e-05 24345.5
668.67  1.47744e-05 24791
675.357  1.46564e-05 25244.6
682.11  1.45394e-05 25706.5
688.931  1.44234e-05 26176.8
695.821  1.43083e-05 26655.6
702.779  1.41942e-05 27143.2
709.807  1.40811e-05 27639.6
716.905  1.39689e-05 28145.1
724.074  1.38577e-05 28659.8
731.315  1.37474e-05 29183.8
738.628  1.3638e-05 29717.4
746.014  1.35296e-05 30260.7
753.474  1.34221e-05 30813.8
761.009  1.33155e-05 31377
768.619  1.32098e-05 31950.4
776.305  1.3105e-05 32534.2
784.068  1.29955e-05 33128.6
791.909  1.28925e-05 33733.9
799.828  1.27904e-05 34350
807.826  1.26892e-05 34977.4
815.905  1.25888e-05 35616.1
824.064  1.24893e-05 36266.5
832.304  1.23906e-05 36928.6
840.627  1.22928e-05 37602.6
849.034  1.21958e-05 38288.9
857.524  1.20996e-05 38987.7
866.099  1.20042e-05 39699.1
874.76  1.19097e-05 40423.3
883.508  1.18159e-05 41160.6
892.343  1.1723e-05 41911.3
901.266  1.16308e-05 42675.6
910.279  1.15395e-05 43453.6
919.382  1.14489e-05 44245.7
928.575  1.13591e-05 45052.2
937.861  1.127e-05 45873.1
947.24  1.11817e-05 46708.9
956.712  1.10942e-05 47559.8
966.279  1.10074e-05 48426
975.942  1.09214e-05 49307.8
985.702  1.0836e-05 50205.5
995.559  1.07515e-05 51119.3
