0.001  8.55935e-06 0.655548
0.00101  8.55676e-06 0.658818
0.0010201  8.55423e-06 0.662104
0.0010303  8.5516e-06 0.665406
0.0010406  8.54887e-06 0.668724
0.00105101  8.54603e-06 0.672059
0.00106152  8.54309e-06 0.675411
0.00107214  8.54115e-06 0.67878
0.00108286  8.53999e-06 0.682165
0.00109369  8.53875e-06 0.685568
0.00110462  8.5374e-06 0.688987
0.00111567  8.53597e-06 0.692423
0.00112683  8.53444e-06 0.695877
0.00113809  8.53282e-06 0.699348
0.00114947  8.53109e-06 0.702836
0.00116097  8.52927e-06 0.706341
0.00117258  8.52735e-06 0.709864
0.0011843  8.52533e-06 0.713404
0.00119615  8.52321e-06 0.716962
0.00120811  8.52098e-06 0.720538
0.00122019  8.51864e-06 0.724132
0.00123239  8.5162e-06 0.727743
0.00124472  8.5139e-06 0.731373
0.00125716  8.51169e-06 0.735021
0.00126973  8.50937e-06 0.738687
0.00128243  8.50694e-06 0.742371
0.00129526  8.5044e-06 0.746073
0.00130821  8.50175e-06 0.749794
0.00132129  8.49899e-06 0.753534
0.0013345  8.49622e-06 0.757292
0.00134785  8.49601e-06 0.761069
0.00136133  8.49571e-06 0.764865
0.00137494  8.49532e-06 0.76868
0.00138869  8.49483e-06 0.772514
0.00140258  8.49425e-06 0.776367
0.0014166  8.49358e-06 0.780239
0.00143077  8.4928e-06 0.78413
0.00144508  8.49193e-06 0.788041
0.00145953  8.49096e-06 0.791971
0.00147412  8.48989e-06 0.795921
0.00148886  8.48872e-06 0.799891
0.00150375  8.48744e-06 0.80388
0.00151879  8.48605e-06 0.80789
0.00153398  8.48456e-06 0.811919
0.00154932  8.48296e-06 0.815969
0.00156481  8.48125e-06 0.820038
0.00158046  8.47942e-06 0.824128
0.00159626  8.47749e-06 0.828239
0.00161223  8.47739e-06 0.832369
0.00162835  8.47764e-06 0.836521
0.00164463  8.47779e-06 0.840693
0.00166108  8.47786e-06 0.844886
0.00167769  8.47919e-06 0.849099
0.00169447  8.4813e-06 0.853334
0.00171141  8.48333e-06 0.85759
0.00172852  8.48529e-06 0.861868
0.00174581  8.48716e-06 0.866166
0.00176327  8.48896e-06 0.870487
0.0017809  8.49067e-06 0.874828
0.00179871  8.49229e-06 0.879191
0.0018167  8.49383e-06 0.883576
0.00183486  8.49529e-06 0.887983
0.00185321  8.49665e-06 0.892412
0.00187174  8.49856e-06 0.896862
0.00189046  8.50054e-06 0.901336
0.00190937  8.50244e-06 0.905831
0.00192846  8.50425e-06 0.910349
0.00194774  8.50597e-06 0.914889
0.00196722  8.5076e-06 0.919453
0.00198689  8.50914e-06 0.924038
0.00200676  8.51132e-06 0.928647
0.00202683  8.51517e-06 0.933279
0.0020471  8.51896e-06 0.937933
0.00206757  8.52268e-06 0.942611
0.00208825  8.52632e-06 0.947312
0.00210913  8.5299e-06 0.952037
0.00213022  8.53339e-06 0.956785
0.00215152  8.53856e-06 0.961557
0.00217304  8.54385e-06 0.966353
0.00219477  8.54909e-06 0.971173
0.00221672  8.55426e-06 0.976017
0.00223888  8.55938e-06 0.980885
0.00226127  8.56443e-06 0.985777
0.00228388  8.56942e-06 0.990693
0.00230672  8.57434e-06 0.995634
0.00232979  8.5792e-06 1.0006
0.00235309  8.58399e-06 1.00559
0.00237662  8.58871e-06 1.01061
0.00240038  8.59336e-06 1.01565
0.00242439  8.59795e-06 1.02071
0.00244863  8.60245e-06 1.0258
0.00247312  8.60689e-06 1.03092
0.00249785  8.61218e-06 1.03606
0.00252283  8.6175e-06 1.04123
0.00254806  8.62277e-06 1.04642
0.00257354  8.62796e-06 1.05164
0.00259927  8.63308e-06 1.05689
0.00262527  8.63813e-06 1.06216
0.00265152  8.64311e-06 1.06745
0.00267803  8.64981e-06 1.07278
0.00270481  8.65899e-06 1.07813
0.00273186  8.66814e-06 1.08351
0.00275918  8.67725e-06 1.08891
0.00278677  8.68633e-06 1.09434
0.00281464  8.69538e-06 1.0998
0.00284279  8.70438e-06 1.10528
0.00287121  8.71335e-06 1.1108
0.00289993  8.72228e-06 1.11634
0.00292893  8.73117e-06 1.1219
0.00295822  8.74002e-06 1.1275
0.0029878  8.74883e-06 1.13312
0.00301768  8.75943e-06 1.13838
0.00304785  8.78837e-06 1.13973
0.00307833  8.81744e-06 1.14111
0.00310911  8.84663e-06 1.14252
0.0031402  8.87596e-06 1.14394
0.00317161  8.90543e-06 1.14539
0.00320332  8.93529e-06 1.14686
0.00323536  8.96677e-06 1.14835
0.00326771  8.9984e-06 1.14986
0.00330039  9.0302e-06 1.15139
0.00333339  9.06216e-06 1.15293
0.00336672  9.09725e-06 1.1545
0.00340039  9.1327e-06 1.15609
0.0034344  9.16834e-06 1.1577
0.00346874  9.20419e-06 1.15932
0.00350343  9.24024e-06 1.16096
0.00353846  9.27651e-06 1.16262
0.00357385  9.31298e-06 1.1643
0.00360958  9.34967e-06 1.16599
0.00364568  9.38658e-06 1.16769
0.00368214  9.42371e-06 1.16942
0.00371896  9.46124e-06 1.17116
0.00375615  9.50007e-06 1.17291
0.00379371  9.53913e-06 1.17468
0.00383165  9.57844e-06 1.17646
0.00386996  9.61799e-06 1.17826
0.00390866  9.65778e-06 1.18008
0.00394775  9.69783e-06 1.1819
0.00398723  9.73813e-06 1.18374
0.0040271  9.77868e-06 1.1856
0.00406737  9.81949e-06 1.18746
0.00410804  9.86055e-06 1.18934
0.00414912  9.90188e-06 1.19124
0.00419062  9.94347e-06 1.19314
0.00423252  9.98532e-06 1.19506
0.00427485  1.00279e-05 1.19699
0.0043176  1.00722e-05 1.19893
0.00436077  1.01169e-05 1.20089
0.00440438  1.01618e-05 1.20285
0.00444842  1.0207e-05 1.20483
0.00449291  1.02525e-05 1.20682
0.00453784  1.02983e-05 1.20883
0.00458321  1.03444e-05 1.21084
0.00462905  1.03908e-05 1.21286
0.00467534  1.04376e-05 1.2149
0.00472209  1.04846e-05 1.21695
0.00476931  1.05319e-05 1.21901
0.004817  1.05796e-05 1.22108
0.00486517  1.06276e-05 1.22316
0.00491383  1.06759e-05 1.22525
0.00496296  1.07247e-05 1.22735
0.00501259  1.07756e-05 1.22947
0.00506272  1.08306e-05 1.23159
0.00511335  1.08859e-05 1.23373
0.00516448  1.09417e-05 1.23587
0.00521613  1.09978e-05 1.23803
0.00526829  1.10543e-05 1.2402
0.00532097  1.11112e-05 1.24238
0.00537418  1.11703e-05 1.24457
0.00542792  1.12302e-05 1.24677
0.0054822  1.12905e-05 1.24898
0.00553702  1.13513e-05 1.2512
0.00559239  1.14124e-05 1.25344
0.00564832  1.1474e-05 1.25568
0.0057048  1.1536e-05 1.25794
0.00576185  1.15985e-05 1.2602
0.00581947  1.16614e-05 1.26248
0.00587766  1.17248e-05 1.26477
0.00593644  1.17886e-05 1.26707
0.0059958  1.18528e-05 1.26938
0.00605576  1.19175e-05 1.2717
0.00611632  1.19826e-05 1.27404
0.00617748  1.20482e-05 1.27638
0.00623926  1.21149e-05 1.27874
0.00630165  1.21822e-05 1.28111
0.00636466  1.225e-05 1.28349
0.00642831  1.23183e-05 1.28588
0.00649259  1.2387e-05 1.28828
0.00655752  1.24562e-05 1.2907
0.0066231  1.25259e-05 1.29312
0.00668933  1.25961e-05 1.29556
0.00675622  1.26667e-05 1.29801
0.00682378  1.27379e-05 1.30048
0.00689202  1.28095e-05 1.30296
0.00696094  1.28816e-05 1.30544
0.00703055  1.29542e-05 1.30795
0.00710085  1.30273e-05 1.31046
0.00717186  1.31009e-05 1.31299
0.00724358  1.3175e-05 1.31553
0.00731602  1.32496e-05 1.31808
0.00738918  1.33247e-05 1.32065
0.00746307  1.34007e-05 1.32323
0.0075377  1.34777e-05 1.32582
0.00761308  1.35553e-05 1.32843
0.00768921  1.36333e-05 1.33105
0.0077661  1.37119e-05 1.33369
0.00784376  1.3791e-05 1.33634
0.0079222  1.38706e-05 1.339
0.00800142  1.39509e-05 1.34168
0.00808144  1.40349e-05 1.34437
0.00816225  1.41193e-05 1.34708
0.00824387  1.42044e-05 1.3498
0.00832631  1.429e-05 1.35253
0.00840957  1.43762e-05 1.35528
0.00849367  1.4463e-05 1.35805
0.00857861  1.45503e-05 1.36083
0.00866439  1.46382e-05 1.36363
0.00875104  1.47267e-05 1.36645
0.00883855  1.48158e-05 1.36928
0.00892693  1.49054e-05 1.37212
0.0090162  1.49957e-05 1.37498
0.00910636  1.50865e-05 1.37786
0.00919743  1.51779e-05 1.38075
0.0092894  1.52699e-05 1.38367
0.0093823  1.53625e-05 1.38659
0.00947612  1.54557e-05 1.38954
0.00957088  1.55495e-05 1.3925
0.00966659  1.56439e-05 1.39548
0.00976325  1.57389e-05 1.39848
0.00986089  1.58345e-05 1.40149
0.0099595  1.59312e-05 1.40453
0.0100591  1.60311e-05 1.40758
0.0101597  1.61335e-05 1.41065
0.0102613  1.62364e-05 1.41373
0.0103639  1.63401e-05 1.41684
0.0104675  1.64444e-05 1.41996
0.0105722  1.65494e-05 1.42311
0.0106779  1.6655e-05 1.42627
0.0107847  1.67613e-05 1.42945
0.0108926  1.68683e-05 1.43265
0.0110015  1.6976e-05 1.43587
0.0111115  1.70843e-05 1.43912
0.0112226  1.71933e-05 1.44238
0.0113348  1.7303e-05 1.44566
0.0114482  1.74133e-05 1.44896
0.0115627  1.75244e-05 1.45228
0.0116783  1.76361e-05 1.45562
0.0117951  1.77485e-05 1.45899
0.011913  1.78617e-05 1.46237
0.0120322  1.79755e-05 1.46578
0.0121525  1.80899e-05 1.46921
0.012274  1.82051e-05 1.47266
0.0123967  1.83212e-05 1.47613
0.0125207  1.84389e-05 1.47962
0.0126459  1.85573e-05 1.48314
0.0127724  1.86765e-05 1.48667
0.0129001  1.87963e-05 1.49023
0.0130291  1.89169e-05 1.49382
0.0131594  1.90382e-05 1.49742
0.013291  1.91602e-05 1.50105
0.0134239  1.92839e-05 1.5047
0.0135581  1.94089e-05 1.50838
0.0136937  1.95347e-05 1.51208
0.0138307  1.96612e-05 1.5158
0.013969  1.97885e-05 1.51955
0.0141086  1.99165e-05 1.52332
0.0142497  2.00452e-05 1.52712
0.0143922  2.01748e-05 1.53094
0.0145362  2.0305e-05 1.53478
0.0146815  2.0436e-05 1.53865
0.0148283  2.05678e-05 1.54255
0.0149766  2.07004e-05 1.54647
0.0151264  2.08337e-05 1.55042
0.0152776  2.09678e-05 1.55439
0.0154304  2.11026e-05 1.55839
0.0155847  2.12382e-05 1.56241
0.0157406  2.13746e-05 1.56646
0.015898  2.15117e-05 1.57054
0.016057  2.16508e-05 1.57464
0.0162175  2.17922e-05 1.57877
0.0163797  2.19344e-05 1.58293
0.0165435  2.20774e-05 1.58711
0.0167089  2.22215e-05 1.59132
0.016876  2.23672e-05 1.59556
0.0170448  2.25138e-05 1.59983
0.0172152  2.26612e-05 1.60413
0.0173874  2.28094e-05 1.60845
0.0175613  2.29584e-05 1.6128
0.0177369  2.31083e-05 1.61718
0.0179142  2.3259e-05 1.62159
0.0180934  2.34106e-05 1.62603
0.0182743  2.3563e-05 1.63049
0.0184571  2.37163e-05 1.63499
0.0186416  2.3871e-05 1.63952
0.018828  2.40277e-05 1.64407
0.0190163  2.41852e-05 1.64866
0.0192065  2.43436e-05 1.65327
0.0193986  2.45028e-05 1.65792
0.0195925  2.4663e-05 1.66259
0.0197885  2.4824e-05 1.6673
0.0199864  2.49859e-05 1.67203
0.0201862  2.51496e-05 1.6768
0.0203881  2.53143e-05 1.6816
0.020592  2.54799e-05 1.68643
0.0207979  2.56465e-05 1.69129
0.0210059  2.58139e-05 1.69618
0.0212159  2.59823e-05 1.7011
0.0214281  2.61521e-05 1.70606
0.0216424  2.63233e-05 1.71104
0.0218588  2.64955e-05 1.71606
0.0220774  2.66687e-05 1.72112
0.0222981  2.68427e-05 1.7262
0.0225211  2.70177e-05 1.73132
0.0227463  2.71936e-05 1.73647
0.0229738  2.73705e-05 1.74165
0.0232035  2.75483e-05 1.74687
0.0234356  2.77271e-05 1.75212
0.0236699  2.79068e-05 1.7574
0.0239066  2.80875e-05 1.76272
0.0241457  2.82692e-05 1.76808
0.0243871  2.84518e-05 1.77347
0.024631  2.86354e-05 1.77889
0.0248773  2.88199e-05 1.78434
0.0251261  2.90054e-05 1.78984
0.0253774  2.91919e-05 1.79536
0.0256311  2.93794e-05 1.80092
0.0258874  2.95679e-05 1.80652
0.0261463  2.97573e-05 1.81215
0.0264078  2.99478e-05 1.81781
0.0266719  3.01392e-05 1.82351
0.0269386  3.03334e-05 1.82924
0.027208  3.05287e-05 1.83501
0.02748  3.07249e-05 1.84081
0.0277548  3.09222e-05 1.84665
0.0280324  3.11205e-05 1.85253
0.0283127  3.13199e-05 1.85844
0.0285958  3.15202e-05 1.86439
0.0288818  3.17217e-05 1.87038
0.0291706  3.19242e-05 1.8764
0.0294623  3.21277e-05 1.88247
0.029757  3.23323e-05 1.88857
0.0300545  3.25379e-05 1.89472
0.0303551  3.27293e-05 1.9009
0.0306586  3.29142e-05 1.90713
0.0309652  3.30998e-05 1.9134
0.0312749  3.32859e-05 1.91971
0.0315876  3.34728e-05 1.92607
0.0319035  3.36602e-05 1.93247
0.0322225  3.38488e-05 1.93891
0.0325447  3.40383e-05 1.9454
0.0328702  3.42283e-05 1.95193
0.0331989  3.4419e-05 1.95851
0.0335309  3.46109e-05 1.96514
0.0338662  3.48038e-05 1.97182
0.0342049  3.49974e-05 1.97854
0.0345469  3.51916e-05 1.98532
0.0348924  3.53864e-05 1.99214
0.0352413  3.55818e-05 1.99901
0.0355937  3.57778e-05 2.00593
0.0359496  3.59745e-05 2.0129
0.0363091  3.61717e-05 2.01991
0.0366722  3.63696e-05 2.02698
0.037039  3.65681e-05 2.03409
0.0374093  3.67682e-05 2.04125
0.0377834  3.69692e-05 2.04847
0.0381613  3.71709e-05 2.05573
0.0385429  3.73732e-05 2.06304
0.0389283  3.75761e-05 2.07039
0.0393176  3.77795e-05 2.0778
0.0397108  3.79836e-05 2.08526
0.0401079  3.81882e-05 2.09277
0.040509  3.83935e-05 2.10033
0.040914  3.85993e-05 2.10794
0.0413232  3.88057e-05 2.1156
0.0417364  3.90126e-05 2.12331
0.0421538  3.92202e-05 2.13107
0.0425753  3.94283e-05 2.13889
0.0430011  3.96375e-05 2.14676
0.0434311  3.98474e-05 2.15468
0.0438654  4.00579e-05 2.16266
0.044304  4.02689e-05 2.17068
0.0447471  4.04805e-05 2.17876
0.0451946  4.06926e-05 2.1869
0.0456465  4.09053e-05 2.19508
0.046103  4.11185e-05 2.20333
0.046564  4.13322e-05 2.21162
0.0470296  4.15465e-05 2.21997
0.0474999  4.17612e-05 2.22837
0.0479749  4.19765e-05 2.23683
0.0484547  4.21923e-05 2.24535
0.0489392  4.24086e-05 2.25391
0.0494286  4.26254e-05 2.26254
0.0499229  4.28431e-05 2.27122
0.0504221  4.30622e-05 2.27995
0.0509264  4.32819e-05 2.28874
0.0514356  4.35021e-05 2.29759
0.05195  4.37229e-05 2.30649
0.0524695  4.39441e-05 2.31545
0.0529942  4.41657e-05 2.32447
0.0535241  4.43881e-05 2.33354
0.0540594  4.46114e-05 2.34267
0.0546  4.48351e-05 2.35186
0.055146  4.50593e-05 2.36111
0.0556974  4.52839e-05 2.37041
0.0562544  4.5509e-05 2.37978
0.0568169  4.57345e-05 2.3892
0.0573851  4.59604e-05 2.39868
0.0579589  4.61868e-05 2.40821
0.0585385  4.64135e-05 2.41781
0.0591239  4.66407e-05 2.42747
0.0597152  4.68682e-05 2.43719
0.0603123  4.70962e-05 2.44696
0.0609154  4.73245e-05 2.4568
0.0615246  4.75532e-05 2.46669
0.0621398  4.77824e-05 2.47665
0.0627612  4.80122e-05 2.48667
0.0633888  4.82423e-05 2.49675
0.0640227  4.84728e-05 2.50688
0.064663  4.87036e-05 2.51708
0.0653096  4.89348e-05 2.52734
0.0659627  4.91663e-05 2.53767
0.0666223  4.93981e-05 2.54805
0.0672885  4.96307e-05 2.5585
0.0679614  4.98638e-05 2.56901
0.068641  5.00972e-05 2.57958
0.0693275  5.03308e-05 2.59021
0.0700207  5.05647e-05 2.60091
0.0707209  5.07989e-05 2.61167
0.0714281  5.10333e-05 2.62249
0.0721424  5.12679e-05 2.63337
0.0728638  5.15028e-05 2.64432
0.0735925  5.17379e-05 2.65534
0.0743284  5.19732e-05 2.66641
0.0750717  5.22091e-05 2.67756
0.0758224  5.24452e-05 2.68876
0.0765806  5.26815e-05 2.70003
0.0773464  5.29179e-05 2.71137
0.0781199  5.31545e-05 2.72277
0.0789011  5.33913e-05 2.73423
0.0796901  5.36281e-05 2.74576
0.080487  5.38656e-05 2.75736
0.0812919  5.41033e-05 2.76902
0.0821048  5.43412e-05 2.78075
0.0829259  5.45792e-05 2.79254
0.0837551  5.48173e-05 2.8044
0.0845927  5.50554e-05 2.81633
0.0854386  5.52936e-05 2.82832
0.086293  5.55318e-05 2.84038
0.0871559  5.57701e-05 2.85251
0.0880275  5.60084e-05 2.86471
0.0889077  5.62467e-05 2.87697
0.0897968  5.6485e-05 2.8893
0.0906948  5.67233e-05 2.90169
0.0916017  5.69615e-05 2.91416
0.0925178  5.71997e-05 2.92669
0.0934429  5.74379e-05 2.9393
0.0943774  5.76759e-05 2.95197
0.0953211  5.79139e-05 2.96471
0.0962743  5.81518e-05 2.97752
0.0972371  5.83896e-05 2.9904
0.0982095  5.86272e-05 3.00335
0.0991916  5.88648e-05 3.01637
0.100183  5.91026e-05 3.02946
0.101185  5.93407e-05 3.04262
0.102197  5.95787e-05 3.05585
0.103219  5.98164e-05 3.06915
0.104251  6.00539e-05 3.08252
0.105294  6.02912e-05 3.09596
0.106347  6.05283e-05 3.10947
0.10741  6.07655e-05 3.12305
0.108484  6.10025e-05 3.1367
0.109569  6.12393e-05 3.15042
0.110665  6.14757e-05 3.16421
0.111772  6.17119e-05 3.17807
0.112889  6.19477e-05 3.19201
0.114018  6.21832e-05 3.20602
0.115158  6.24183e-05 3.22011
0.11631  6.26531e-05 3.23427
0.117473  6.28874e-05 3.2485
0.118648  6.31213e-05 3.26281
0.119834  6.33549e-05 3.2772
0.121033  6.3578e-05 3.29167
0.122243  6.37829e-05 3.30622
0.123465  6.39866e-05 3.32085
0.1247  6.41894e-05 3.33556
0.125947  6.43912e-05 3.35035
0.127206  6.45918e-05 3.36522
0.128478  6.47912e-05 3.38018
0.129763  6.49893e-05 3.39522
0.131061  6.51862e-05 3.41035
0.132372  6.53817e-05 3.42557
0.133695  6.5576e-05 3.44087
0.135032  6.57691e-05 3.45627
0.136383  6.59609e-05 3.47176
0.137746  6.61512e-05 3.48733
0.139124  6.63401e-05 3.50301
0.140515  6.65275e-05 3.51877
0.14192  6.67133e-05 3.53462
0.143339  6.68976e-05 3.55057
0.144773  6.70803e-05 3.56662
0.146221  6.72614e-05 3.58275
0.147683  6.74408e-05 3.59899
0.14916  6.76185e-05 3.61531
0.150651  6.77946e-05 3.63174
0.152158  6.79688e-05 3.64826
0.153679  6.81413e-05 3.66488
0.155216  6.8312e-05 3.6816
0.156768  6.84808e-05 3.69842
0.158336  6.86477e-05 3.71535
0.159919  6.88127e-05 3.73237
0.161518  6.89761e-05 3.7495
0.163134  6.91375e-05 3.76673
0.164765  6.9297e-05 3.78407
0.166413  6.94543e-05 3.80152
0.168077  6.96098e-05 3.81907
0.169757  6.97631e-05 3.83674
0.171455  6.99144e-05 3.85451
0.17317  7.00634e-05 3.8724
0.174901  7.02102e-05 3.89041
0.17665  7.03548e-05 3.90852
0.178417  7.0497e-05 3.92676
0.180201  7.0637e-05 3.94511
0.182003  7.07746e-05 3.96358
0.183823  7.09097e-05 3.98217
0.185661  7.10425e-05 4.00089
0.187518  7.11731e-05 4.01973
0.189393  7.13013e-05 4.03869
0.191287  7.14269e-05 4.05778
0.1932  7.155e-05 4.07701
0.195132  7.16705e-05 4.09636
0.197083  7.17883e-05 4.11584
0.199054  7.19035e-05 4.13546
0.201045  7.20161e-05 4.15522
0.203055  7.21261e-05 4.17512
0.205086  7.22334e-05 4.19515
0.207136  7.23378e-05 4.21533
0.209208  7.24395e-05 4.23565
0.2113  7.25383e-05 4.25613
0.213413  7.26342e-05 4.27675
0.215547  7.27275e-05 4.29752
0.217702  7.28178e-05 4.31845
0.219879  7.29051e-05 4.33954
0.222078  7.29894e-05 4.36079
0.224299  7.30707e-05 4.3822
0.226542  7.3149e-05 4.40377
0.228807  7.32242e-05 4.42551
0.231095  7.32963e-05 4.44742
0.233406  7.33652e-05 4.46951
0.235741  7.3431e-05 4.49177
0.238098  7.34935e-05 4.51422
0.240479  7.35529e-05 4.53684
0.242884  7.3609e-05 4.55965
0.245313  7.36619e-05 4.58266
0.247766  7.37115e-05 4.60585
0.250243  7.3758e-05 4.62924
0.252746  7.38011e-05 4.65284
0.255273  7.38409e-05 4.67663
0.257826  7.38774e-05 4.70063
0.260404  7.39104e-05 4.72485
0.263008  7.394e-05 4.74928
0.265638  7.39662e-05 4.77393
0.268295  7.39891e-05 4.7988
0.270978  7.40087e-05 4.8239
0.273687  7.40247e-05 4.84924
0.276424  7.40373e-05 4.87481
0.279189  7.40464e-05 4.90062
0.28198  7.40519e-05 4.92668
0.2848  7.40538e-05 4.95299
0.287648  7.40522e-05 4.97955
0.290525  7.4047e-05 5.00638
0.29343  7.40382e-05 5.03347
0.296364  7.40259e-05 5.06083
0.299328  7.40099e-05 5.08847
0.302321  7.39903e-05 5.11639
0.305344  7.3967e-05 5.1446
0.308398  7.39402e-05 5.17311
0.311482  7.39097e-05 5.20191
0.314597  7.38755e-05 5.23102
0.317743  7.38377e-05 5.26044
0.32092  7.37963e-05 5.29018
0.324129  7.37513e-05 5.32024
0.32737  7.37027e-05 5.35063
0.330644  7.36504e-05 5.38136
0.333951  7.35945e-05 5.41243
0.33729  7.35351e-05 5.44386
0.340663  7.3472e-05 5.47564
0.34407  7.34053e-05 5.5078
0.34751  7.3335e-05 5.54032
0.350985  7.3261e-05 5.57323
0.354495  7.31834e-05 5.60652
0.35804  7.31021e-05 5.64021
0.361621  7.30173e-05 5.67431
0.365237  7.29289e-05 5.70882
0.368889  7.28368e-05 5.74375
0.372578  7.27413e-05 5.77912
0.376304  7.26423e-05 5.81492
0.380067  7.25398e-05 5.85117
0.383868  7.24338e-05 5.88788
0.387706  7.23242e-05 5.92505
0.391583  7.22112e-05 5.9627
0.395499  7.20946e-05 6.00084
0.399454  7.19746e-05 6.03948
0.403449  7.18512e-05 6.07862
0.407483  7.17243e-05 6.11828
0.411558  7.15941e-05 6.15846
0.415674  7.14605e-05 6.19919
0.41983  7.13235e-05 6.24046
0.424029  7.11832e-05 6.2823
0.428269  7.10397e-05 6.3247
0.432552  7.0893e-05 6.36769
0.436877  7.0743e-05 6.41128
0.441246  7.05898e-05 6.45548
0.445658  7.04335e-05 6.50029
0.450115  7.0274e-05 6.54574
0.454616  7.01113e-05 6.59183
0.459162  6.99456e-05 6.63858
0.463754  6.97769e-05 6.68601
0.468391  6.96051e-05 6.73412
0.473075  6.94303e-05 6.78293
0.477806  6.92526e-05 6.83245
0.482584  6.9072e-05 6.88271
0.48741  6.88885e-05 6.93371
0.492284  6.87021e-05 6.98546
0.497207  6.85131e-05 7.03799
0.502179  6.83213e-05 7.09131
0.507201  6.8127e-05 7.14543
0.512273  6.793e-05 7.20037
0.517396  6.77303e-05 7.25615
0.52257  6.75281e-05 7.31279
0.527795  6.73233e-05 7.37029
0.533073  6.7116e-05 7.42869
0.538404  6.69063e-05 7.48799
0.543788  6.66943e-05 7.54822
0.549226  6.64798e-05 7.60939
0.554718  6.6263e-05 7.67152
0.560265  6.6044e-05 7.73463
0.565868  6.58226e-05 7.79875
0.571527  6.55991e-05 7.86388
0.577242  6.53734e-05 7.93005
0.583014  6.51457e-05 7.99728
0.588844  6.49158e-05 8.06559
0.594733  6.4684e-05 8.13501
0.60068  6.44501e-05 8.20555
0.606687  6.42144e-05 8.27724
0.612754  6.39767e-05 8.35009
0.618881  6.37373e-05 8.42414
0.62507  6.34961e-05 8.4994
0.631321  6.32532e-05 8.57591
0.637634  6.30086e-05 8.65367
0.644011  6.27624e-05 8.73272
0.650451  6.25146e-05 8.81308
0.656955  6.22652e-05 8.89478
0.663525  6.20143e-05 8.97784
0.67016  6.1762e-05 9.06229
0.676862  6.15084e-05 9.14816
0.68363  6.12534e-05 9.23548
0.690466  6.0997e-05 9.32426
0.697371  6.07394e-05 9.41455
0.704345  6.04806e-05 9.50636
0.711388  6.02206e-05 9.59973
0.718502  5.99595e-05 9.69469
0.725687  5.96973e-05 9.79126
0.732944  5.9434e-05 9.88949
0.740273  5.91697e-05 9.98939
0.747676  5.89045e-05 10.091
0.755153  5.86384e-05 10.1944
0.762705  5.83715e-05 10.2995
0.770332  5.81037e-05 10.4065
0.778035  5.78351e-05 10.5153
0.785815  5.75658e-05 10.6259
0.793673  5.72958e-05 10.7385
0.80161  5.70251e-05 10.8531
0.809626  5.67539e-05 10.9696
0.817722  5.64821e-05 11.0882
0.8259  5.62098e-05 11.2088
0.834159  5.5937e-05 11.3315
0.8425  5.56637e-05 11.4564
0.850925  5.53899e-05 11.5834
0.859435  5.51158e-05 11.7127
0.868029  5.48413e-05 11.8443
0.876709  5.45665e-05 11.9781
0.885476  5.42914e-05 12.1143
0.894331  5.40161e-05 12.2529
0.903274  5.37406e-05 12.3939
0.912307  5.34649e-05 12.5374
0.92143  5.3189e-05 12.6835
0.930644  5.2913e-05 12.8321
0.939951  5.2637e-05 12.9833
0.94935  5.23609e-05 13.1372
0.958844  5.20848e-05 13.2939
0.968432  5.18087e-05 13.4533
0.978117  5.15326e-05 13.6155
0.987898  5.12566e-05 13.7806
0.997777  5.09808e-05 13.9486
1.00775  5.07052e-05 14.1196
1.01783  5.04298e-05 14.2936
1.02801  5.01545e-05 14.4708
1.03829  4.98795e-05 14.651
1.04867  4.96047e-05 14.8345
1.05916  4.93302e-05 15.0213
1.06975  4.90561e-05 15.2113
1.08045  4.87822e-05 15.4047
1.09125  4.85088e-05 15.6016
1.10217  4.82357e-05 15.802
1.11319  4.7963e-05 16.006
1.12432  4.76907e-05 16.2136
1.13556  4.74188e-05 16.4248
1.14692  4.71474e-05 16.6399
1.15839  4.68765e-05 16.8588
1.16997  4.66061e-05 17.0816
1.18167  4.63362e-05 17.3083
1.19349  4.60669e-05 17.5391
1.20542  4.57981e-05 17.774
1.21748  4.55299e-05 18.0131
1.22965  4.52623e-05 18.2565
1.24195  4.49953e-05 18.5042
1.25437  4.47291e-05 18.7563
1.26691  4.44634e-05 19.013
1.27958  4.41985e-05 19.2742
1.29238  4.39342e-05 19.54
1.3053  4.36707e-05 19.8106
1.31835  4.34078e-05 20.086
1.33154  4.31457e-05 20.3664
1.34485  4.28844e-05 20.6517
1.3583  4.26239e-05 20.9421
1.37188  4.23641e-05 21.2377
1.3856  4.21051e-05 21.5386
1.39946  4.1847e-05 21.8448
1.41345  4.15896e-05 22.1565
1.42759  4.13331e-05 22.4737
1.44186  4.10775e-05 22.7966
1.45628  4.08227e-05 23.1252
1.47085  4.05687e-05 23.4597
1.48555  4.03157e-05 23.8001
1.50041  4.00635e-05 24.1466
1.51541  3.98123e-05 24.4993
1.53057  3.95619e-05 24.8582
1.54587  3.93125e-05 25.2235
1.56133  3.90641e-05 25.5953
1.57695  3.88165e-05 25.9737
1.59271  3.85699e-05 26.3588
1.60864  3.83244e-05 26.7507
1.62473  3.80798e-05 27.1496
1.64098  3.78362e-05 27.5556
1.65739  3.75935e-05 27.9688
1.67396  3.73519e-05 28.3893
1.6907  3.71114e-05 28.8172
1.70761  3.68718e-05 29.2527
1.72468  3.66332e-05 29.696
1.74193  3.63957e-05 30.1471
1.75935  3.61592e-05 30.6061
1.77694  3.59237e-05 31.0733
1.79471  3.56893e-05 31.5488
1.81266  3.5456e-05 32.0326
1.83078  3.52237e-05 32.525
1.84909  3.49924e-05 33.0261
1.86758  3.47623e-05 33.536
1.88626  3.45332e-05 34.0549
1.90512  3.43052e-05 34.583
1.92417  3.40783e-05 35.1204
1.94341  3.38525e-05 35.6672
1.96285  3.36278e-05 36.2237
1.98248  3.34041e-05 36.79
2.0023  3.31816e-05 37.3663
2.02232  3.29602e-05 37.9526
2.04255  3.27399e-05 38.5493
2.06297  3.25206e-05 39.1565
2.0836  3.23025e-05 39.7744
2.10444  3.20855e-05 40.4031
2.12548  3.18696e-05 41.0428
2.14674  3.16549e-05 41.6938
2.16821  3.14412e-05 42.3562
2.18989  3.12287e-05 43.0302
2.21179  3.10173e-05 43.716
2.2339  3.0807e-05 44.4139
2.25624  3.05979e-05 45.124
2.27881  3.03898e-05 45.8465
2.30159  3.01829e-05 46.5816
2.32461  2.9977e-05 47.3297
2.34786  2.97723e-05 48.0908
2.37134  2.95688e-05 48.8652
2.39505  2.93663e-05 49.6532
2.419  2.91649e-05 50.4549
2.44319  2.89647e-05 51.2707
2.46762  2.87656e-05 52.1007
2.4923  2.85676e-05 52.9452
2.51722  2.83707e-05 53.8045
2.54239  2.8175e-05 54.6788
2.56782  2.79803e-05 55.5683
2.59349  2.77868e-05 56.4734
2.61943  2.75943e-05 57.3942
2.64562  2.7403e-05 58.3312
2.67208  2.72128e-05 59.2844
2.6988  2.70237e-05 60.2543
2.72579  2.68357e-05 61.2411
2.75305  2.66488e-05 62.2451
2.78058  2.6463e-05 63.2667
2.80838  2.62783e-05 64.306
2.83647  2.60946e-05 65.3635
2.86483  2.59121e-05 66.4394
2.89348  2.57306e-05 67.534
2.92241  2.55502e-05 68.6477
2.95164  2.53708e-05 69.7809
2.98115  2.51926e-05 70.9338
3.01097  2.50154e-05 72.1068
3.04108  2.48392e-05 73.3002
3.07149  2.46641e-05 74.5145
3.1022  2.449e-05 75.7499
3.13322  2.4317e-05 77.0069
3.16456  2.41451e-05 78.2858
3.1962  2.39741e-05 79.5869
3.22816  2.38043e-05 80.9108
3.26045  2.36354e-05 82.2578
3.29305  2.34676e-05 83.6282
3.32598  2.33008e-05 85.0226
3.35924  2.3135e-05 86.4413
3.39283  2.29703e-05 87.8847
3.42676  2.28065e-05 89.3534
3.46103  2.26438e-05 90.8476
3.49564  2.2482e-05 92.368
3.53059  2.23212e-05 93.9149
3.5659  2.21615e-05 95.4889
3.60156  2.20027e-05 97.0904
3.63758  2.18449e-05 98.7199
3.67395  2.1688e-05 100.378
3.71069  2.15321e-05 102.065
3.7478  2.13772e-05 103.782
3.78528  2.12233e-05 105.528
3.82313  2.10703e-05 107.306
3.86136  2.09187e-05 109.112
3.89997  2.07675e-05 110.952
3.93897  2.06173e-05 112.825
3.97836  2.04681e-05 114.73
4.01815  2.03198e-05 116.669
4.05833  2.01724e-05 118.642
4.09891  2.00259e-05 120.649
4.1399  1.98803e-05 122.691
4.1813  1.97357e-05 124.769
4.22311  1.95919e-05 126.884
4.26534  1.9449e-05 129.035
4.308  1.93071e-05 131.225
4.35108  1.91661e-05 133.453
4.39459  1.90259e-05 135.72
4.43853  1.88866e-05 138.027
4.48292  1.87482e-05 140.374
4.52775  1.86107e-05 142.764
4.57303  1.8474e-05 145.195
4.61876  1.83382e-05 147.67
4.66494  1.82032e-05 150.189
4.71159  1.80691e-05 152.752
4.75871  1.79358e-05 155.362
4.8063  1.78034e-05 158.018
4.85436  1.76718e-05 160.721
4.9029  1.7541e-05 163.472
4.95193  1.74111e-05 166.272
5.00145  1.7282e-05 169.121
5.05146  1.71537e-05 172.02
5.10198  1.70263e-05 174.97
5.153  1.68997e-05 177.972
5.20453  1.67738e-05 181.026
5.25657  1.66488e-05 184.132
5.30914  1.65246e-05 187.293
5.36223  1.64012e-05 190.508
5.41585  1.62785e-05 193.779
5.47001  1.61567e-05 197.107
5.52471  1.60356e-05 200.495
5.57996  1.59153e-05 203.942
5.63576  1.57958e-05 207.451
5.69212  1.56771e-05 211.025
5.74904  1.55591e-05 214.663
5.80653  1.54419e-05 218.369
5.86459  1.53254e-05 222.144
5.92324  1.52097e-05 225.99
5.98247  1.50947e-05 229.909
6.0423  1.46441e-05 233.903
6.10272  1.45311e-05 237.973
6.16375  1.44189e-05 242.122
6.22538  1.43075e-05 246.351
6.28764  1.41968e-05 250.662
6.35051  1.40868e-05 255.056
6.41402  1.39776e-05 259.535
6.47816  1.38691e-05 264.102
6.54294  1.37614e-05 268.758
6.60837  1.36543e-05 273.506
6.67445  1.3548e-05 278.346
6.7412  1.34425e-05 283.282
6.80861  1.33376e-05 288.314
6.8767  1.32335e-05 293.445
6.94546  1.31301e-05 298.673
7.01492  1.30274e-05 304.001
7.08507  1.29254e-05 309.429
7.15592  1.28241e-05 314.958
7.22748  1.27235e-05 320.588
7.29975  1.26237e-05 326.321
7.37275  1.25244e-05 332.156
7.44648  1.24257e-05 338.096
7.52094  1.23278e-05 344.139
7.59615  1.22306e-05 350.288
7.67211  1.2134e-05 356.543
7.74883  1.20382e-05 362.909
7.82632  1.1943e-05 369.387
7.90459  1.18485e-05 375.98
7.98363  1.17546e-05 382.69
8.06347  1.16615e-05 389.522
8.1441  1.1569e-05 396.477
8.22554  1.14771e-05 403.558
8.3078  1.1386e-05 410.769
8.39088  1.12954e-05 418.112
8.47479  1.12056e-05 425.592
8.55953  1.11164e-05 433.21
8.64513  1.10278e-05 440.969
8.73158  1.09399e-05 448.872
8.8189  1.08526e-05 456.92
8.90709  1.0766e-05 465.116
8.99616  1.068e-05 473.463
9.08612  1.05946e-05 481.962
9.17698  1.05098e-05 490.617
9.26875  1.04257e-05 499.429
9.36144  1.03421e-05 508.402
9.45505  1.0259e-05 517.547
9.5496  1.01767e-05 526.849
9.6451  1.0095e-05 536.319
9.74155  1.00139e-05 545.962
9.83896  9.93337e-06 555.779
9.93735  9.85348e-06 565.775
10.0367  9.77419e-06 575.953
10.1371  9.69551e-06 586.316
10.2385  9.61743e-06 596.868
10.3409  9.53993e-06 607.613
10.4443  9.46302e-06 618.554
10.5487  9.38669e-06 629.695
10.6542  9.31093e-06 641.04
10.7607  9.23577e-06 652.592
10.8683  9.16117e-06 664.356
10.977  9.08715e-06 676.336
11.0868  9.01369e-06 688.535
11.1977  8.94079e-06 700.956
11.3096  8.86845e-06 713.605
11.4227  8.79667e-06 726.486
11.537  8.72544e-06 739.601
11.6523  8.65476e-06 752.957
11.7689  8.58462e-06 766.556
11.8865  8.51502e-06 780.404
12.0054  8.44095e-06 794.504
12.1255  8.37247e-06 808.862
12.2467  8.30452e-06 823.482
12.3692  8.23702e-06 838.369
12.4929  8.17004e-06 853.527
12.6178  8.10359e-06 868.963
12.744  8.03766e-06 884.681
12.8714  7.97224e-06 900.686
13.0001  7.90734e-06 916.984
13.1301  7.84295e-06 933.579
13.2614  7.77906e-06 950.478
13.3941  7.71568e-06 967.686
13.528  7.65279e-06 985.209
13.6633  7.5904e-06 1003.05
13.7999  7.52851e-06 1021.22
13.9379  7.4671e-06 1039.72
14.0773  7.40618e-06 1058.56
14.2181  7.34575e-06 1077.75
14.3602  7.28579e-06 1097.28
14.5038  7.22631e-06 1117.18
14.6489  7.1673e-06 1137.43
14.7954  7.10876e-06 1158.06
14.9433  7.05069e-06 1179.06
15.0928  6.99308e-06 1200.45
15.2437  6.93593e-06 1222.23
15.3961  6.87924e-06 1244.41
15.5501  6.823e-06 1266.99
15.7056  6.76721e-06 1289.98
15.8626  6.71187e-06 1313.4
16.0213  6.65697e-06 1337.24
16.1815  6.60251e-06 1361.52
16.3433  6.5485e-06 1386.24
16.5067  6.49493e-06 1411.42
16.6718  6.44179e-06 1437.05
16.8385  6.38908e-06 1463.16
17.0069  6.33679e-06 1489.74
17.177  6.28492e-06 1516.81
17.3487  6.23343e-06 1544.37
17.5222  6.18235e-06 1572.44
17.6974  6.13169e-06 1601.02
17.8744  6.08143e-06 1630.12
18.0532  6.03158e-06 1659.75
18.2337  5.98214e-06 1689.93
18.416  5.93309e-06 1720.66
18.6002  5.88444e-06 1751.95
18.7862  5.83618e-06 1783.82
18.9741  5.78831e-06 1816.26
19.1638  5.74084e-06 1849.3
19.3554  5.69374e-06 1882.95
19.549  5.64703e-06 1917.21
19.7445  5.6007e-06 1952.09
19.9419  5.55474e-06 1987.62
20.1413  5.50916e-06 2023.79
20.3427  5.46395e-06 2060.63
20.5462  5.4191e-06 2098.14
20.7516  5.37462e-06 2136.34
20.9592  5.3305e-06 2175.24
21.1687  5.28674e-06 2214.84
21.3804  5.24334e-06 2255.18
21.5942  5.20029e-06 2296.25
21.8102  5.15759e-06 2338.07
22.0283  5.11524e-06 2380.66
22.2486  5.07323e-06 2424.03
22.4711  5.03157e-06 2468.19
22.6958  4.99025e-06 2513.16
22.9227  4.94926e-06 2558.95
23.1519  4.90861e-06 2605.58
23.3835  4.86829e-06 2653.07
23.6173  4.8283e-06 2701.42
23.8535  4.78864e-06 2750.66
24.092  4.7493e-06 2800.81
24.3329  4.71028e-06 2851.87
24.5763  4.67158e-06 2903.86
24.822  4.63319e-06 2956.81
25.0702  4.59511e-06 3010.73
25.3209  4.55734e-06 3065.63
25.5742  4.51988e-06 3121.54
25.8299  4.48273e-06 3178.48
26.0882  4.44588e-06 3236.45
26.3491  4.40933e-06 3295.49
26.6126  4.37308e-06 3355.62
26.8787  4.33712e-06 3416.84
27.1475  4.30146e-06 3479.19
27.419  4.26609e-06 3542.67
27.6931  4.23101e-06 3607.33
27.9701  4.19621e-06 3673.16
28.2498  4.1617e-06 3740.21
28.5323  4.12747e-06 3808.48
28.8176  4.09352e-06 3878
29.1058  4.05985e-06 3948.8
29.3968  4.02646e-06 4020.9
29.6908  3.99333e-06 4094.32
29.9877  3.96048e-06 4169.09
30.2876  3.9279e-06 4245.22
30.5905  3.89558e-06 4322.76
30.8964  3.86353e-06 4401.71
31.2053  3.83174e-06 4482.12
31.5174  3.8002e-06 4563.99
31.8326  3.76893e-06 4647.38
32.1509  3.73791e-06 4732.29
32.4724  3.70715e-06 4818.75
32.7971  3.67664e-06 4906.81
33.1251  3.64638e-06 4996.48
33.4563  3.61637e-06 5087.8
33.7909  3.5866e-06 5180.79
34.1288  3.55708e-06 5275.49
34.4701  3.5278e-06 5371.92
34.8148  3.49876e-06 5470.13
35.1629  3.46996e-06 5570.14
35.5146  3.4414e-06 5671.98
35.8697  3.41307e-06 5775.7
36.2284  3.38497e-06 5881.32
36.5907  3.3571e-06 5988.88
36.9566  3.32946e-06 6098.41
37.3262  3.30205e-06 6209.95
37.6994  3.27487e-06 6323.55
38.0764  3.24791e-06 6439.22
38.4572  3.22117e-06 6557.03
38.8418  3.19465e-06 6676.99
39.2302  3.16835e-06 6799.16
39.6225  3.14226e-06 6923.57
40.0187  3.11639e-06 7050.27
40.4189  3.09073e-06 7179.29
40.8231  3.06529e-06 7310.69
41.2313  3.04005e-06 7444.5
41.6436  3.01502e-06 7580.76
42.0601  2.9902e-06 7719.53
42.4807  2.96558e-06 7860.85
42.9055  2.94116e-06 8004.77
43.3345  2.91695e-06 8151.33
43.7679  2.89293e-06 8300.58
44.2056  2.86912e-06 8452.57
44.6476  2.8455e-06 8607.36
45.0941  2.82207e-06 8764.99
45.545  2.79884e-06 8925.51
46.0005  2.7758e-06 9088.99
46.4605  2.75295e-06 9255.47
46.9251  2.73028e-06 9425.01
47.3943  2.70781e-06 9597.66
47.8683  2.68552e-06 9773.49
48.347  2.66341e-06 9952.55
48.8304  2.64149e-06 10134.9
49.3187  2.61975e-06 10320.6
49.8119  2.59819e-06 10509.7
50.31  2.57681e-06 10702.3
50.8131  2.5556e-06 10898.4
51.3213  2.53457e-06 11098.2
51.8345  2.51371e-06 11301.6
52.3528  2.49303e-06 11508.7
52.8764  2.47252e-06 11719.6
53.4051  2.45218e-06 11934.5
53.9392  2.432e-06 12153.2
54.4786  2.412e-06 12376
55.0234  2.39216e-06 12602.9
55.5736  2.37248e-06 12834
56.1293  2.35297e-06 13069.2
56.6906  2.33362e-06 13308.9
57.2575  2.31443e-06 13552.9
57.8301  2.2954e-06 13801.4
58.4084  2.27653e-06 14054.5
58.9925  2.25781e-06 14312.2
59.5824  2.23925e-06 14574.7
60.1782  2.22085e-06 14841.9
60.78  2.20259e-06 15114.1
61.3878  2.18449e-06 15391.3
62.0017  2.16654e-06 15673.6
62.6217  2.14874e-06 15961.1
63.2479  2.13109e-06 16253.8
63.8804  2.11358e-06 16552
64.5192  2.09622e-06 16855.6
65.1644  2.07901e-06 17164.7
65.816  2.06194e-06 17479.6
66.4742  2.04501e-06 17800.2
67.1389  2.02822e-06 18126.8
67.8103  2.01157e-06 18459.3
68.4884  1.99506e-06 18797.9
69.1733  1.97869e-06 19142.8
69.8651  1.96246e-06 19493.9
70.5637  1.94636e-06 19851.6
71.2693  1.93039e-06 20215.8
71.982  1.91456e-06 20586.6
72.7019  1.89885e-06 20964.3
73.4289  1.88328e-06 21349
74.1632  1.86783e-06 21740.6
74.9048  1.85252e-06 22139.5
75.6538  1.83734e-06 22545.7
76.4104  1.82228e-06 22959.3
77.1745  1.80735e-06 23380.5
77.9462  1.79254e-06 23809.5
78.7257  1.77786e-06 24246.3
79.513  1.7633e-06 24691.1
80.3081  1.74886e-06 25144.1
81.1112  1.73455e-06 25605.4
81.9223  1.72035e-06 26075.2
82.7415  1.70628e-06 26553.6
83.5689  1.69232e-06 27040.7
84.4046  1.67848e-06 27536.8
85.2486  1.66476e-06 28042
86.1011  1.65115e-06 28556.4
86.9621  1.63766e-06 29080.2
87.8318  1.62428e-06 29613.7
88.7101  1.61101e-06 30156.9
89.5972  1.59786e-06 30710.1
90.4932  1.58481e-06 31273.4
91.3981  1.57188e-06 31847
92.3121  1.55905e-06 32431.1
93.2352  1.54634e-06 33026
94.1675  1.53373e-06 33631.7
95.1092  1.52123e-06 34248.5
96.0603  1.50883e-06 34876.6
97.0209  1.49654e-06 35516.2
97.9911  1.48435e-06 36167.5
98.971  1.47226e-06 36830.7
99.9607  1.46028e-06 37506
100.96  1.4484e-06 38193.7
101.97  1.43662e-06 38894
102.99  1.42494e-06 39607
104.02  1.41336e-06 40333.1
105.06  1.40188e-06 41072.5
106.11  1.39049e-06 41825.4
107.171  1.3792e-06 42592
108.243  1.36801e-06 43372.7
109.326  1.35691e-06 44167.6
110.419  1.34591e-06 44977
111.523  1.335e-06 45801.2
112.638  1.32418e-06 46640.5
113.765  1.31346e-06 47495.1
114.902  1.30282e-06 48365.3
116.051  1.29228e-06 49251.3
117.212  1.28183e-06 50153.5
118.384  1.27146e-06 51072.2
119.568  1.26119e-06 52007.6
120.763  1.251e-06 52960.2
121.971  1.2409e-06 53930
123.191  1.23088e-06 54917.5
124.423  1.22095e-06 55923
125.667  1.21111e-06 56946.9
126.924  1.20135e-06 57989.3
128.193  1.19167e-06 59050.8
129.475  1.18207e-06 60131.6
130.77  1.17256e-06 61232
132.077  1.16313e-06 62352.5
133.398  1.15378e-06 63493.4
134.732  1.14451e-06 64655
136.079  1.13532e-06 65837.7
137.44  1.12621e-06 67041.9
138.814  1.11717e-06 68268.1
140.203  1.10821e-06 69516.5
141.605  1.09933e-06 70787.5
143.021  1.09053e-06 72081.7
144.451  1.0818e-06 73399.4
145.895  1.07315e-06 74740.9
147.354  1.06457e-06 76106.9
148.828  1.05606e-06 77497.6
150.316  1.04763e-06 78913.5
151.819  1.03927e-06 80355.1
153.338  1.03098e-06 81822.8
154.871  1.02276e-06 83317.2
156.42  1.01462e-06 84838.6
157.984  1.00654e-06 86387.5
159.564  9.98534e-07 87964.5
161.159  9.90596e-07 89570.1
162.771  9.82727e-07 91204.7
164.399  9.74926e-07 92868.9
166.043  9.67192e-07 94563.1
167.703  9.59525e-07 96288
169.38  9.51924e-07 98044.1
171.074  9.44389e-07 99831.9
172.785  9.3692e-07 101652
174.512  9.29515e-07 103505
176.258  9.22174e-07 105391
178.02  9.14897e-07 107312
179.8  9.07683e-07 109267
181.598  9.00531e-07 111257
183.414  8.93442e-07 113283
185.248  8.86414e-07 115346
187.101  8.79448e-07 117446
188.972  8.72542e-07 119583
190.862  8.65696e-07 121760
192.77  8.5891e-07 123975
194.698  8.52183e-07 126230
196.645  8.45514e-07 128525
198.611  8.38904e-07 130862
200.598  8.32351e-07 133241
202.604  8.25855e-07 135662
204.63  8.19416e-07 138128
206.676  8.13033e-07 140637
208.743  8.06706e-07 143191
210.83  8.00434e-07 145791
212.938  7.94217e-07 148438
215.068  7.88055e-07 151133
217.218  7.81946e-07 153875
219.391  7.75891e-07 156667
221.584  7.69888e-07 159508
223.8  7.63938e-07 162401
226.038  7.58041e-07 165345
228.299  7.52194e-07 168341
230.582  7.464e-07 171391
232.888  7.40656e-07 174495
235.216  7.34962e-07 177655
237.569  7.29318e-07 180870
239.944  7.23724e-07 184143
242.344  7.18179e-07 187473
244.767  7.12682e-07 190863
247.215  7.07234e-07 194314
249.687  7.01834e-07 197825
252.184  6.96481e-07 201400
254.706  6.91176e-07 205038
257.253  6.85916e-07 208742
259.825  6.80704e-07 212511
262.423  6.75537e-07 216349
265.048  6.70415e-07 220255
267.698  6.65338e-07 224231
270.375  6.60307e-07 228279
273.079  6.55319e-07 232400
275.81  6.50376e-07 236595
278.568  6.45476e-07 240866
281.354  6.40619e-07 245214
284.167  6.35805e-07 249641
287.009  6.31033e-07 254148
289.879  6.26303e-07 258737
292.778  6.21616e-07 263410
295.705  6.16969e-07 268167
298.662  6.12364e-07 273011
301.649  6.07799e-07 277944
304.666  6.03274e-07 282966
307.712  5.9879e-07 288080
310.789  5.94345e-07 293286
313.897  5.8994e-07 298587
317.036  5.85573e-07 303984
320.207  5.81245e-07 309478
323.409  5.76956e-07 315072
326.643  5.72705e-07 320766
329.909  5.68491e-07 326563
333.208  5.64315e-07 332464
336.54  5.60176e-07 338470
339.906  5.56075e-07 344584
343.305  5.52009e-07 350807
346.738  5.4798e-07 357142
350.205  5.43988e-07 363590
353.707  5.4003e-07 370153
357.244  5.36109e-07 376833
360.817  5.32222e-07 383633
364.425  5.2837e-07 390554
368.069  5.24553e-07 397598
371.75  5.20771e-07 404768
375.467  5.17022e-07 412066
379.222  5.13307e-07 419494
383.014  5.09625e-07 427055
386.844  5.05977e-07 434749
390.713  5.02362e-07 442581
394.62  4.98779e-07 450551
398.566  4.95229e-07 458664
402.552  4.91711e-07 466919
406.577  4.88225e-07 475321
410.643  4.8477e-07 483872
414.75  4.81347e-07 492573
418.897  4.77954e-07 501428
423.086  4.74593e-07 510439
427.317  4.71262e-07 519609
431.59  4.67961e-07 528940
435.906  4.6469e-07 538436
440.265  4.61448e-07 548097
444.668  4.58236e-07 557929
449.114  4.55054e-07 567933
453.605  4.519e-07 578112
458.142  4.48775e-07 588469
462.723  4.45678e-07 599008
467.35  4.42609e-07 609730
472.024  4.39569e-07 620640
476.744  4.36556e-07 631740
481.511  4.3357e-07 643033
486.326  4.30612e-07 654523
491.19  4.27681e-07 666213
496.102  4.24776e-07 678105
501.063  4.21898e-07 690204
506.073  4.19047e-07 702513
511.134  4.16221e-07 715035
516.245  4.13421e-07 727773
521.408  4.10647e-07 740732
526.622  4.07899e-07 753914
531.888  4.05175e-07 767323
537.207  4.02477e-07 780964
542.579  3.99804e-07 794838
548.005  3.97155e-07 808952
553.485  3.94531e-07 823307
559.02  3.91931e-07 837909
564.61  3.89355e-07 852761
570.256  3.86803e-07 867866
575.959  3.84274e-07 883230
581.718  3.81769e-07 898856
587.535  3.79288e-07 914749
593.411  3.76829e-07 930912
599.345  3.74393e-07 947350
605.338  3.7198e-07 964068
611.392  3.6959e-07 981069
617.506  3.67222e-07 998358
623.681  3.64876e-07 1.01594e+06
629.917  3.62553e-07 1.03382e+06
636.217  3.60251e-07 1.052e+06
642.579  3.5797e-07 1.07049e+06
649.005  3.55711e-07 1.08929e+06
655.495  3.53474e-07 1.1084e+06
662.05  3.51257e-07 1.12784e+06
668.67  3.49062e-07 1.1476e+06
675.357  3.46887e-07 1.1677e+06
682.11  3.44733e-07 1.18813e+06
688.931  3.426e-07 1.2089e+06
695.821  3.40486e-07 1.23002e+06
702.779  3.38393e-07 1.25149e+06
709.807  3.3632e-07 1.27331e+06
716.905  3.34266e-07 1.29551e+06
724.074  3.32233e-07 1.31806e+06
731.315  3.30218e-07 1.341e+06
738.628  3.28223e-07 1.36431e+06
746.014  3.26247e-07 1.38801e+06
753.474  3.24291e-07 1.4121e+06
761.009  3.22353e-07 1.43659e+06
768.619  3.20433e-07 1.46148e+06
776.305  3.18533e-07 1.48678e+06
784.068  3.1665e-07 1.5125e+06
791.909  3.14786e-07 1.53863e+06
799.828  3.1294e-07 1.5652e+06
807.826  3.11112e-07 1.5922e+06
815.905  3.09302e-07 1.61964e+06
824.064  3.0751e-07 1.64753e+06
832.304  3.05735e-07 1.67587e+06
840.627  3.03977e-07 1.70468e+06
849.034  3.02237e-07 1.73395e+06
857.524  3.00513e-07 1.76369e+06
866.099  2.98807e-07 1.79392e+06
874.76  2.97117e-07 1.82464e+06
883.508  2.95444e-07 1.85585e+06
892.343  2.93788e-07 1.88756e+06
901.266  2.92148e-07 1.91978e+06
910.279  2.90524e-07 1.95253e+06
919.382  2.88917e-07 1.98579e+06
928.575  2.87325e-07 2.01959e+06
937.861  2.85749e-07 2.05393e+06
947.24  2.84189e-07 2.08882e+06
956.712  2.82645e-07 2.12426e+06
966.279  2.81115e-07 2.16027e+06
975.942  2.79602e-07 2.19685e+06
985.702  2.78103e-07 2.234e+06
995.559  2.7662e-07 2.27175e+06
