


 ------------------------------------ 
 --- Spectroscopic factor , C^2*S --- 
 ------------------------------------ 

 C18_sfotls_j4p.wav=C17_sfotls_j3p.wav + n



         n  l 2j 2tz

orbit :   0  2  3  1    n 0d_3/2

 S-factor parity  1  1
 2xJf      Ef      2xJi     Ei       Ex       C^2*S 
 4(   1)  -91.097 3(   1)  -87.997   3.101    0.0090
 4(   2)  -89.665 3(   1)  -87.997   1.669    0.0932
 4(   3)  -88.833 3(   1)  -87.997   0.837    0.0788
 4(   4)  -87.509 3(   1)  -87.997  -0.488    0.1557
 4(   5)  -86.123 3(   1)  -87.997  -1.874    0.1867
 4(   6)  -85.363 3(   1)  -87.997  -2.634    0.0909
 4(   7)  -85.164 3(   1)  -87.997  -2.833    0.1193
 4(   8)  -84.670 3(   1)  -87.997  -3.326    0.0811
 4(   9)  -83.396 3(   1)  -87.997  -4.600    0.0012
 4(  10)  -83.058 3(   1)  -87.997  -4.939    0.0027
 4(  11)  -82.709 3(   1)  -87.997  -5.288    0.0050
 4(  12)  -82.645 3(   1)  -87.997  -5.351    0.0001
 4(  13)  -82.283 3(   1)  -87.997  -5.713    0.0063
 4(  14)  -82.110 3(   1)  -87.997  -5.887    0.0000
 4(  15)  -81.454 3(   1)  -87.997  -6.542    0.0401
 4(  16)  -81.326 3(   1)  -87.997  -6.671    0.0143
 4(  17)  -80.964 3(   1)  -87.997  -7.033    0.0000
 4(  18)  -80.816 3(   1)  -87.997  -7.181    0.0066
 4(  19)  -80.377 3(   1)  -87.997  -7.620    0.0435
 4(  20)  -80.202 3(   1)  -87.997  -7.794    0.0038
 4(  21)  -79.827 3(   1)  -87.997  -8.169    0.0110
 4(  22)  -79.611 3(   1)  -87.997  -8.386    0.0012
 4(  23)  -79.419 3(   1)  -87.997  -8.577    0.0025
 4(  24)  -79.314 3(   1)  -87.997  -8.682    0.0008
 4(  25)  -78.896 3(   1)  -87.997  -9.101    0.0011
 4(  26)  -78.584 3(   1)  -87.997  -9.412    0.0003
 4(  27)  -78.480 3(   1)  -87.997  -9.517    0.0007
 4(  28)  -78.415 3(   1)  -87.997  -9.582    0.0036
 4(  29)  -78.272 3(   1)  -87.997  -9.725    0.0000
 4(  30)  -77.889 3(   1)  -87.997 -10.107    0.0007
 4(  31)  -77.593 3(   1)  -87.997 -10.404    0.0001
 4(  32)  -77.268 3(   1)  -87.997 -10.728    0.0016
 4(  33)  -77.230 3(   1)  -87.997 -10.766    0.0010
 4(  34)  -77.135 3(   1)  -87.997 -10.861    0.0029
 4(  35)  -77.075 3(   1)  -87.997 -10.922    0.0003
 4(  36)  -77.019 3(   1)  -87.997 -10.977    0.0009
 4(  37)  -76.792 3(   1)  -87.997 -11.205    0.0003
 4(  38)  -76.598 3(   1)  -87.997 -11.398    0.0001
 4(  39)  -76.581 3(   1)  -87.997 -11.415    0.0014
 4(  40)  -76.498 3(   1)  -87.997 -11.498    0.0001
 4(  41)  -76.210 3(   1)  -87.997 -11.787    0.0007
 4(  42)  -76.186 3(   1)  -87.997 -11.811    0.0022
 4(  43)  -76.086 3(   1)  -87.997 -11.910    0.0002
 4(  44)  -75.932 3(   1)  -87.997 -12.065    0.0001
 4(  45)  -75.871 3(   1)  -87.997 -12.125    0.0019
 4(  46)  -75.749 3(   1)  -87.997 -12.247    0.0001
 4(  47)  -75.612 3(   1)  -87.997 -12.384    0.0006
 4(  48)  -75.511 3(   1)  -87.997 -12.485    0.0004
 4(  49)  -75.456 3(   1)  -87.997 -12.541    0.0000
 4(  50)  -75.370 3(   1)  -87.997 -12.627    0.0019
 4(  51)  -75.247 3(   1)  -87.997 -12.749    0.0005
 4(  52)  -75.232 3(   1)  -87.997 -12.764    0.0008
 4(  53)  -75.130 3(   1)  -87.997 -12.866    0.0000
 4(  54)  -74.906 3(   1)  -87.997 -13.090    0.0014
 4(  55)  -74.770 3(   1)  -87.997 -13.226    0.0002
 4(  56)  -74.736 3(   1)  -87.997 -13.261    0.0003
 4(  57)  -74.649 3(   1)  -87.997 -13.348    0.0000
 4(  58)  -74.347 3(   1)  -87.997 -13.649    0.0000
 4(  59)  -74.267 3(   1)  -87.997 -13.730    0.0001
 4(  60)  -74.075 3(   1)  -87.997 -13.922    0.0000
 4(  61)  -74.024 3(   1)  -87.997 -13.973    0.0011
 4(  62)  -73.866 3(   1)  -87.997 -14.131    0.0009
 4(  63)  -73.856 3(   1)  -87.997 -14.140    0.0001
 4(  64)  -73.775 3(   1)  -87.997 -14.221    0.0001
 4(  65)  -73.613 3(   1)  -87.997 -14.384    0.0002
 4(  66)  -73.509 3(   1)  -87.997 -14.487    0.0025
 4(  67)  -73.354 3(   1)  -87.997 -14.642    0.0004
 4(  68)  -73.234 3(   1)  -87.997 -14.762    0.0008
 4(  69)  -73.208 3(   1)  -87.997 -14.789    0.0024
 4(  70)  -73.169 3(   1)  -87.997 -14.827    0.0000
 4(  71)  -73.032 3(   1)  -87.997 -14.965    0.0002
 4(  72)  -72.996 3(   1)  -87.997 -15.001    0.0002
 4(  73)  -72.925 3(   1)  -87.997 -15.072    0.0002
 4(  74)  -72.889 3(   1)  -87.997 -15.108    0.0000
 4(  75)  -72.769 3(   1)  -87.997 -15.228    0.0001
 4(  76)  -72.648 3(   1)  -87.997 -15.348    0.0003
 4(  77)  -72.561 3(   1)  -87.997 -15.435    0.0000


         n  l 2j 2tz

orbit :   0  2  5  1    n 0d_5/2

 S-factor parity  1  1
 2xJf      Ef      2xJi     Ei       Ex       C^2*S 
 4(   1)  -91.097 3(   1)  -87.997   3.101    1.0689
 4(   2)  -89.665 3(   1)  -87.997   1.669    0.0555
 4(   3)  -88.833 3(   1)  -87.997   0.837    0.0354
 4(   4)  -87.509 3(   1)  -87.997  -0.488    0.0003
 4(   5)  -86.123 3(   1)  -87.997  -1.874    0.0016
 4(   6)  -85.363 3(   1)  -87.997  -2.634    0.0001
 4(   7)  -85.164 3(   1)  -87.997  -2.833    0.1251
 4(   8)  -84.670 3(   1)  -87.997  -3.326    0.0006
 4(   9)  -83.396 3(   1)  -87.997  -4.600    0.0008
 4(  10)  -83.058 3(   1)  -87.997  -4.939    0.0459
 4(  11)  -82.709 3(   1)  -87.997  -5.288    0.0065
 4(  12)  -82.645 3(   1)  -87.997  -5.351    0.0015
 4(  13)  -82.283 3(   1)  -87.997  -5.713    0.0040
 4(  14)  -82.110 3(   1)  -87.997  -5.887    0.0008
 4(  15)  -81.454 3(   1)  -87.997  -6.542    0.0268
 4(  16)  -81.326 3(   1)  -87.997  -6.671    0.0022
 4(  17)  -80.964 3(   1)  -87.997  -7.033    0.0003
 4(  18)  -80.816 3(   1)  -87.997  -7.181    0.0008
 4(  19)  -80.377 3(   1)  -87.997  -7.620    0.0068
 4(  20)  -80.202 3(   1)  -87.997  -7.794    0.0018
 4(  21)  -79.827 3(   1)  -87.997  -8.169    0.0054
 4(  22)  -79.611 3(   1)  -87.997  -8.386    0.0003
 4(  23)  -79.419 3(   1)  -87.997  -8.577    0.0008
 4(  24)  -79.314 3(   1)  -87.997  -8.682    0.0023
 4(  25)  -78.896 3(   1)  -87.997  -9.101    0.0009
 4(  26)  -78.584 3(   1)  -87.997  -9.412    0.0000
 4(  27)  -78.480 3(   1)  -87.997  -9.517    0.0008
 4(  28)  -78.415 3(   1)  -87.997  -9.582    0.0003
 4(  29)  -78.272 3(   1)  -87.997  -9.725    0.0000
 4(  30)  -77.889 3(   1)  -87.997 -10.107    0.0007
 4(  31)  -77.593 3(   1)  -87.997 -10.404    0.0014
 4(  32)  -77.268 3(   1)  -87.997 -10.728    0.0015
 4(  33)  -77.230 3(   1)  -87.997 -10.766    0.0000
 4(  34)  -77.135 3(   1)  -87.997 -10.861    0.0001
 4(  35)  -77.075 3(   1)  -87.997 -10.922    0.0006
 4(  36)  -77.019 3(   1)  -87.997 -10.977    0.0000
 4(  37)  -76.792 3(   1)  -87.997 -11.205    0.0000
 4(  38)  -76.598 3(   1)  -87.997 -11.398    0.0001
 4(  39)  -76.581 3(   1)  -87.997 -11.415    0.0004
 4(  40)  -76.498 3(   1)  -87.997 -11.498    0.0000
 4(  41)  -76.210 3(   1)  -87.997 -11.787    0.0001
 4(  42)  -76.186 3(   1)  -87.997 -11.811    0.0000
 4(  43)  -76.086 3(   1)  -87.997 -11.910    0.0000
 4(  44)  -75.932 3(   1)  -87.997 -12.065    0.0000
 4(  45)  -75.871 3(   1)  -87.997 -12.125    0.0000
 4(  46)  -75.749 3(   1)  -87.997 -12.247    0.0007
 4(  47)  -75.612 3(   1)  -87.997 -12.384    0.0001
 4(  48)  -75.511 3(   1)  -87.997 -12.485    0.0005
 4(  49)  -75.456 3(   1)  -87.997 -12.541    0.0005
 4(  50)  -75.370 3(   1)  -87.997 -12.627    0.0017
 4(  51)  -75.247 3(   1)  -87.997 -12.749    0.0007
 4(  52)  -75.232 3(   1)  -87.997 -12.764    0.0000
 4(  53)  -75.130 3(   1)  -87.997 -12.866    0.0001
 4(  54)  -74.906 3(   1)  -87.997 -13.090    0.0010
 4(  55)  -74.770 3(   1)  -87.997 -13.226    0.0000
 4(  56)  -74.736 3(   1)  -87.997 -13.261    0.0000
 4(  57)  -74.649 3(   1)  -87.997 -13.348    0.0000
 4(  58)  -74.347 3(   1)  -87.997 -13.649    0.0002
 4(  59)  -74.267 3(   1)  -87.997 -13.730    0.0002
 4(  60)  -74.075 3(   1)  -87.997 -13.922    0.0000
 4(  61)  -74.024 3(   1)  -87.997 -13.973    0.0000
 4(  62)  -73.866 3(   1)  -87.997 -14.131    0.0000
 4(  63)  -73.856 3(   1)  -87.997 -14.140    0.0000
 4(  64)  -73.775 3(   1)  -87.997 -14.221    0.0000
 4(  65)  -73.613 3(   1)  -87.997 -14.384    0.0000
 4(  66)  -73.509 3(   1)  -87.997 -14.487    0.0000
 4(  67)  -73.354 3(   1)  -87.997 -14.642    0.0000
 4(  68)  -73.234 3(   1)  -87.997 -14.762    0.0000
 4(  69)  -73.208 3(   1)  -87.997 -14.789    0.0001
 4(  70)  -73.169 3(   1)  -87.997 -14.827    0.0003
 4(  71)  -73.032 3(   1)  -87.997 -14.965    0.0001
 4(  72)  -72.996 3(   1)  -87.997 -15.001    0.0000
 4(  73)  -72.925 3(   1)  -87.997 -15.072    0.0000
 4(  74)  -72.889 3(   1)  -87.997 -15.108    0.0001
 4(  75)  -72.769 3(   1)  -87.997 -15.228    0.0002
 4(  76)  -72.648 3(   1)  -87.997 -15.348    0.0000
 4(  77)  -72.561 3(   1)  -87.997 -15.435    0.0000


         n  l 2j 2tz

orbit :   1  0  1  1    n 1s_1/2

 S-factor parity  1  1
 2xJf      Ef      2xJi     Ei       Ex       C^2*S 
 4(   1)  -91.097 3(   1)  -87.997   3.101    0.0386
 4(   2)  -89.665 3(   1)  -87.997   1.669    0.5782
 4(   3)  -88.833 3(   1)  -87.997   0.837    0.0040
 4(   4)  -87.509 3(   1)  -87.997  -0.488    0.0837
 4(   5)  -86.123 3(   1)  -87.997  -1.874    0.1140
 4(   6)  -85.363 3(   1)  -87.997  -2.634    0.0093
 4(   7)  -85.164 3(   1)  -87.997  -2.833    0.0015
 4(   8)  -84.670 3(   1)  -87.997  -3.326    0.0200
 4(   9)  -83.396 3(   1)  -87.997  -4.600    0.0006
 4(  10)  -83.058 3(   1)  -87.997  -4.939    0.0058
 4(  11)  -82.709 3(   1)  -87.997  -5.288    0.0000
 4(  12)  -82.645 3(   1)  -87.997  -5.351    0.0021
 4(  13)  -82.283 3(   1)  -87.997  -5.713    0.0000
 4(  14)  -82.110 3(   1)  -87.997  -5.887    0.0021
 4(  15)  -81.454 3(   1)  -87.997  -6.542    0.0017
 4(  16)  -81.326 3(   1)  -87.997  -6.671    0.0001
 4(  17)  -80.964 3(   1)  -87.997  -7.033    0.0059
 4(  18)  -80.816 3(   1)  -87.997  -7.181    0.0000
 4(  19)  -80.377 3(   1)  -87.997  -7.620    0.0000
 4(  20)  -80.202 3(   1)  -87.997  -7.794    0.0013
 4(  21)  -79.827 3(   1)  -87.997  -8.169    0.0001
 4(  22)  -79.611 3(   1)  -87.997  -8.386    0.0021
 4(  23)  -79.419 3(   1)  -87.997  -8.577    0.0000
 4(  24)  -79.314 3(   1)  -87.997  -8.682    0.0000
 4(  25)  -78.896 3(   1)  -87.997  -9.101    0.0000
 4(  26)  -78.584 3(   1)  -87.997  -9.412    0.0000
 4(  27)  -78.480 3(   1)  -87.997  -9.517    0.0000
 4(  28)  -78.415 3(   1)  -87.997  -9.582    0.0000
 4(  29)  -78.272 3(   1)  -87.997  -9.725    0.0001
 4(  30)  -77.889 3(   1)  -87.997 -10.107    0.0002
 4(  31)  -77.593 3(   1)  -87.997 -10.404    0.0000
 4(  32)  -77.268 3(   1)  -87.997 -10.728    0.0000
 4(  33)  -77.230 3(   1)  -87.997 -10.766    0.0003
 4(  34)  -77.135 3(   1)  -87.997 -10.861    0.0003
 4(  35)  -77.075 3(   1)  -87.997 -10.922    0.0000
 4(  36)  -77.019 3(   1)  -87.997 -10.977    0.0000
 4(  37)  -76.792 3(   1)  -87.997 -11.205    0.0000
 4(  38)  -76.598 3(   1)  -87.997 -11.398    0.0000
 4(  39)  -76.581 3(   1)  -87.997 -11.415    0.0000
 4(  40)  -76.498 3(   1)  -87.997 -11.498    0.0000
 4(  41)  -76.210 3(   1)  -87.997 -11.787    0.0000
 4(  42)  -76.186 3(   1)  -87.997 -11.811    0.0000
 4(  43)  -76.086 3(   1)  -87.997 -11.910    0.0000
 4(  44)  -75.932 3(   1)  -87.997 -12.065    0.0003
 4(  45)  -75.871 3(   1)  -87.997 -12.125    0.0001
 4(  46)  -75.749 3(   1)  -87.997 -12.247    0.0000
 4(  47)  -75.612 3(   1)  -87.997 -12.384    0.0000
 4(  48)  -75.511 3(   1)  -87.997 -12.485    0.0000
 4(  49)  -75.456 3(   1)  -87.997 -12.541    0.0000
 4(  50)  -75.370 3(   1)  -87.997 -12.627    0.0000
 4(  51)  -75.247 3(   1)  -87.997 -12.749    0.0000
 4(  52)  -75.232 3(   1)  -87.997 -12.764    0.0001
 4(  53)  -75.130 3(   1)  -87.997 -12.866    0.0000
 4(  54)  -74.906 3(   1)  -87.997 -13.090    0.0000
 4(  55)  -74.770 3(   1)  -87.997 -13.226    0.0001
 4(  56)  -74.736 3(   1)  -87.997 -13.261    0.0000
 4(  57)  -74.649 3(   1)  -87.997 -13.348    0.0000
 4(  58)  -74.347 3(   1)  -87.997 -13.649    0.0001
 4(  59)  -74.267 3(   1)  -87.997 -13.730    0.0000
 4(  60)  -74.075 3(   1)  -87.997 -13.922    0.0000
 4(  61)  -74.024 3(   1)  -87.997 -13.973    0.0000
 4(  62)  -73.866 3(   1)  -87.997 -14.131    0.0000
 4(  63)  -73.856 3(   1)  -87.997 -14.140    0.0000
 4(  64)  -73.775 3(   1)  -87.997 -14.221    0.0000
 4(  65)  -73.613 3(   1)  -87.997 -14.384    0.0000
 4(  66)  -73.509 3(   1)  -87.997 -14.487    0.0001
 4(  67)  -73.354 3(   1)  -87.997 -14.642    0.0000
 4(  68)  -73.234 3(   1)  -87.997 -14.762    0.0000
 4(  69)  -73.208 3(   1)  -87.997 -14.789    0.0000
 4(  70)  -73.169 3(   1)  -87.997 -14.827    0.0000
 4(  71)  -73.032 3(   1)  -87.997 -14.965    0.0000
 4(  72)  -72.996 3(   1)  -87.997 -15.001    0.0000
 4(  73)  -72.925 3(   1)  -87.997 -15.072    0.0000
 4(  74)  -72.889 3(   1)  -87.997 -15.108    0.0000
 4(  75)  -72.769 3(   1)  -87.997 -15.228    0.0000
 4(  76)  -72.648 3(   1)  -87.997 -15.348    0.0000
 4(  77)  -72.561 3(   1)  -87.997 -15.435    0.0000






