


 ------------------------------------ 
 --- Spectroscopic factor , C^2*S --- 
 ------------------------------------ 

 C18_sfotls_j8p.wav=C17_sfotls_j3p.wav + n



         n  l 2j 2tz

orbit :   0  2  3  1    n 0d_3/2

 S-factor parity  1  1
 2xJf      Ef      2xJi     Ei       Ex       C^2*S 


         n  l 2j 2tz

orbit :   0  2  5  1    n 0d_5/2

 S-factor parity  1  1
 2xJf      Ef      2xJi     Ei       Ex       C^2*S 
 8(   1)  -88.305 3(   1)  -87.997   0.309    0.0049
 8(   2)  -87.373 3(   1)  -87.997  -0.624    0.2432
 8(   3)  -86.854 3(   1)  -87.997  -1.142    0.1251
 8(   4)  -85.454 3(   1)  -87.997  -2.543    0.0251
 8(   5)  -84.119 3(   1)  -87.997  -3.877    0.0141
 8(   6)  -83.548 3(   1)  -87.997  -4.449    0.0030
 8(   7)  -83.190 3(   1)  -87.997  -4.807    0.0034
 8(   8)  -82.502 3(   1)  -87.997  -5.495    0.0006
 8(   9)  -82.140 3(   1)  -87.997  -5.857    0.0312
 8(  10)  -81.827 3(   1)  -87.997  -6.169    0.0047
 8(  11)  -81.342 3(   1)  -87.997  -6.655    0.0032
 8(  12)  -80.820 3(   1)  -87.997  -7.177    0.0007
 8(  13)  -80.648 3(   1)  -87.997  -7.349    0.0091
 8(  14)  -80.189 3(   1)  -87.997  -7.808    0.0009
 8(  15)  -80.056 3(   1)  -87.997  -7.941    0.0001
 8(  16)  -79.793 3(   1)  -87.997  -8.204    0.0035
 8(  17)  -79.459 3(   1)  -87.997  -8.537    0.0029
 8(  18)  -79.276 3(   1)  -87.997  -8.720    0.0002
 8(  19)  -79.220 3(   1)  -87.997  -8.777    0.0002
 8(  20)  -78.801 3(   1)  -87.997  -9.195    0.0034
 8(  21)  -78.567 3(   1)  -87.997  -9.429    0.0000
 8(  22)  -78.206 3(   1)  -87.997  -9.791    0.0002
 8(  23)  -78.121 3(   1)  -87.997  -9.876    0.0017
 8(  24)  -77.869 3(   1)  -87.997 -10.127    0.0008
 8(  25)  -77.855 3(   1)  -87.997 -10.142    0.0001
 8(  26)  -77.400 3(   1)  -87.997 -10.597    0.0001
 8(  27)  -77.284 3(   1)  -87.997 -10.712    0.0007
 8(  28)  -76.965 3(   1)  -87.997 -11.032    0.0001
 8(  29)  -76.641 3(   1)  -87.997 -11.356    0.0001
 8(  30)  -76.586 3(   1)  -87.997 -11.410    0.0001
 8(  31)  -76.400 3(   1)  -87.997 -11.597    0.0004
 8(  32)  -76.301 3(   1)  -87.997 -11.696    0.0000
 8(  33)  -76.194 3(   1)  -87.997 -11.802    0.0000
 8(  34)  -75.984 3(   1)  -87.997 -12.013    0.0002
 8(  35)  -75.787 3(   1)  -87.997 -12.209    0.0004
 8(  36)  -75.526 3(   1)  -87.997 -12.471    0.0002
 8(  37)  -75.448 3(   1)  -87.997 -12.549    0.0000
 8(  38)  -75.334 3(   1)  -87.997 -12.663    0.0000
 8(  39)  -75.132 3(   1)  -87.997 -12.865    0.0001
 8(  40)  -74.975 3(   1)  -87.997 -13.021    0.0000
 8(  41)  -74.930 3(   1)  -87.997 -13.067    0.0000
 8(  42)  -74.780 3(   1)  -87.997 -13.217    0.0001
 8(  43)  -74.719 3(   1)  -87.997 -13.277    0.0000
 8(  44)  -74.576 3(   1)  -87.997 -13.421    0.0000
 8(  45)  -74.405 3(   1)  -87.997 -13.592    0.0000
 8(  46)  -74.243 3(   1)  -87.997 -13.754    0.0000
 8(  47)  -74.152 3(   1)  -87.997 -13.845    0.0000
 8(  48)  -74.089 3(   1)  -87.997 -13.908    0.0000
 8(  49)  -74.103 3(   1)  -87.997 -13.893    0.0000
 8(  50)  -74.007 3(   1)  -87.997 -13.990    0.0000
 8(  51)  -73.860 3(   1)  -87.997 -14.136    0.0000
 8(  52)  -73.724 3(   1)  -87.997 -14.272    0.0000
 8(  53)  -73.668 3(   1)  -87.997 -14.328    0.0000
 8(  54)  -73.294 3(   1)  -87.997 -14.703    0.0000
 8(  55)  -73.267 3(   1)  -87.997 -14.730    0.0000
 8(  56)  -73.209 3(   1)  -87.997 -14.787    0.0000
 8(  57)  -73.052 3(   1)  -87.997 -14.945    0.0001
 8(  58)  -72.915 3(   1)  -87.997 -15.082    0.0000
 8(  59)  -72.809 3(   1)  -87.997 -15.187    0.0000
 8(  60)  -72.676 3(   1)  -87.997 -15.320    0.0001


         n  l 2j 2tz

orbit :   1  0  1  1    n 1s_1/2

 S-factor parity  1  1
 2xJf      Ef      2xJi     Ei       Ex       C^2*S 






