


 ------------------------------------ 
 --- Spectroscopic factor , C^2*S --- 
 ------------------------------------ 

 C18_sfotls_j6n.wav=C17_sfotls_j3p.wav + n



         n  l 2j 2tz

orbit :   0  1  1  1    n 0p_1/2

 S-factor parity -1  1
 2xJf      Ef      2xJi     Ei       Ex       C^2*S 


         n  l 2j 2tz

orbit :   0  1  3  1    n 0p_3/2

 S-factor parity -1  1
 2xJf      Ef      2xJi     Ei       Ex       C^2*S 
 6(   1)  -85.917 3(   1)  -87.997  -2.080    0.0000
 6(   2)  -85.345 3(   1)  -87.997  -2.651    0.0000
 6(   3)  -83.038 3(   1)  -87.997  -4.959    0.0000
 6(   4)  -81.722 3(   1)  -87.997  -6.274    0.0000
 6(   5)  -81.512 3(   1)  -87.997  -6.484    0.0000
 6(   6)  -81.166 3(   1)  -87.997  -6.830    0.0000
 6(   7)  -80.765 3(   1)  -87.997  -7.231    0.0000
 6(   8)  -80.318 3(   1)  -87.997  -7.679    0.0000
 6(   9)  -80.078 3(   1)  -87.997  -7.919    0.0001
 6(  10)  -79.932 3(   1)  -87.997  -8.064    0.0001
 6(  11)  -79.529 3(   1)  -87.997  -8.468    0.0000
 6(  12)  -79.053 3(   1)  -87.997  -8.944    0.0001
 6(  13)  -78.981 3(   1)  -87.997  -9.015    0.0000
 6(  14)  -78.762 3(   1)  -87.997  -9.235    0.0001
 6(  15)  -78.630 3(   1)  -87.997  -9.366    0.0000
 6(  16)  -78.296 3(   1)  -87.997  -9.700    0.0001
 6(  17)  -77.912 3(   1)  -87.997 -10.084    0.0000
 6(  18)  -77.688 3(   1)  -87.997 -10.309    0.0001
 6(  19)  -77.506 3(   1)  -87.997 -10.490    0.0001
 6(  20)  -77.409 3(   1)  -87.997 -10.588    0.0001
 6(  21)  -77.240 3(   1)  -87.997 -10.757    0.0001
 6(  22)  -77.194 3(   1)  -87.997 -10.803    0.0000
 6(  23)  -76.953 3(   1)  -87.997 -11.044    0.0002
 6(  24)  -76.845 3(   1)  -87.997 -11.151    0.0000
 6(  25)  -76.595 3(   1)  -87.997 -11.402    0.0001
 6(  26)  -76.442 3(   1)  -87.997 -11.554    0.0000
 6(  27)  -76.401 3(   1)  -87.997 -11.596    0.0001
 6(  28)  -76.339 3(   1)  -87.997 -11.658    0.0002
 6(  29)  -76.321 3(   1)  -87.997 -11.675    0.0000
 6(  30)  -76.233 3(   1)  -87.997 -11.763    0.0000
 6(  31)  -76.114 3(   1)  -87.997 -11.882    0.0000
 6(  32)  -75.928 3(   1)  -87.997 -12.068    0.0000
 6(  33)  -75.824 3(   1)  -87.997 -12.173    0.0000
 6(  34)  -75.761 3(   1)  -87.997 -12.236    0.0001
 6(  35)  -75.701 3(   1)  -87.997 -12.296    0.0000
 6(  36)  -75.620 3(   1)  -87.997 -12.377    0.0000
 6(  37)  -75.498 3(   1)  -87.997 -12.499    0.0000
 6(  38)  -75.404 3(   1)  -87.997 -12.593    0.0002
 6(  39)  -75.266 3(   1)  -87.997 -12.731    0.0001
 6(  40)  -75.201 3(   1)  -87.997 -12.795    0.0000
 6(  41)  -75.128 3(   1)  -87.997 -12.869    0.0001
 6(  42)  -75.091 3(   1)  -87.997 -12.905    0.0000
 6(  43)  -74.993 3(   1)  -87.997 -13.004    0.0000
 6(  44)  -74.948 3(   1)  -87.997 -13.049    0.0000
 6(  45)  -74.731 3(   1)  -87.997 -13.265    0.0000
 6(  46)  -74.700 3(   1)  -87.997 -13.297    0.0000
 6(  47)  -74.615 3(   1)  -87.997 -13.382    0.0000
 6(  48)  -74.461 3(   1)  -87.997 -13.536    0.0001
 6(  49)  -74.390 3(   1)  -87.997 -13.607    0.0000
 6(  50)  -74.253 3(   1)  -87.997 -13.743    0.0000
 6(  51)  -74.229 3(   1)  -87.997 -13.767    0.0000
 6(  52)  -74.160 3(   1)  -87.997 -13.837    0.0000
 6(  53)  -74.136 3(   1)  -87.997 -13.860    0.0001
 6(  54)  -74.127 3(   1)  -87.997 -13.869    0.0000
 6(  55)  -74.025 3(   1)  -87.997 -13.972    0.0001
 6(  56)  -73.966 3(   1)  -87.997 -14.031    0.0000
 6(  57)  -73.885 3(   1)  -87.997 -14.111    0.0001
 6(  58)  -73.830 3(   1)  -87.997 -14.166    0.0000
 6(  59)  -73.778 3(   1)  -87.997 -14.219    0.0001
 6(  60)  -73.765 3(   1)  -87.997 -14.232    0.0000
 6(  61)  -73.721 3(   1)  -87.997 -14.275    0.0001
 6(  62)  -73.643 3(   1)  -87.997 -14.354    0.0000
 6(  63)  -73.548 3(   1)  -87.997 -14.449    0.0000
 6(  64)  -73.464 3(   1)  -87.997 -14.533    0.0000
 6(  65)  -73.399 3(   1)  -87.997 -14.598    0.0000
 6(  66)  -73.317 3(   1)  -87.997 -14.679    0.0000
 6(  67)  -73.251 3(   1)  -87.997 -14.746    0.0000
 6(  68)  -73.184 3(   1)  -87.997 -14.812    0.0001
 6(  69)  -73.096 3(   1)  -87.997 -14.901    0.0000
 6(  70)  -73.042 3(   1)  -87.997 -14.954    0.0000
 6(  71)  -73.012 3(   1)  -87.997 -14.985    0.0000
 6(  72)  -72.991 3(   1)  -87.997 -15.006    0.0000
 6(  73)  -72.880 3(   1)  -87.997 -15.116    0.0001
 6(  74)  -72.847 3(   1)  -87.997 -15.150    0.0000
 6(  75)  -72.788 3(   1)  -87.997 -15.209    0.0000
 6(  76)  -72.717 3(   1)  -87.997 -15.280    0.0000
 6(  77)  -72.639 3(   1)  -87.997 -15.358    0.0000
 6(  78)  -72.545 3(   1)  -87.997 -15.451    0.0000
 6(  79)  -72.539 3(   1)  -87.997 -15.458    0.0000





