

 ------------------------------------ 
 --- Spectroscopic factor , C^2*S --- 
 ------------------------------------ 

 C18_sfotls_j2n.wav=C17_sfotls_j3p.wav + n



         n  l 2j 2tz

orbit :   0  1  1  1    n 0p_1/2

 S-factor parity -1  1
 2xJf      Ef      2xJi     Ei       Ex       C^2*S 
 2(   1)  -86.919 3(   1)  -87.997  -1.077    0.0004
 2(   2)  -85.141 3(   1)  -87.997  -2.856    0.0024
 2(   3)  -83.687 3(   1)  -87.997  -4.309    0.0001
 2(   4)  -82.275 3(   1)  -87.997  -5.722    0.0000
 2(   5)  -81.400 3(   1)  -87.997  -6.597    0.0001
 2(   6)  -80.204 3(   1)  -87.997  -7.792    0.0003
 2(   7)  -79.736 3(   1)  -87.997  -8.260    0.0003
 2(   8)  -79.401 3(   1)  -87.997  -8.595    0.0000
 2(   9)  -79.266 3(   1)  -87.997  -8.731    0.0003
 2(  10)  -78.992 3(   1)  -87.997  -9.005    0.0002
 2(  11)  -78.476 3(   1)  -87.997  -9.520    0.0001
 2(  12)  -78.206 3(   1)  -87.997  -9.790    0.0004
 2(  13)  -78.013 3(   1)  -87.997  -9.984    0.0001
 2(  14)  -77.599 3(   1)  -87.997 -10.397    0.0001
 2(  15)  -77.383 3(   1)  -87.997 -10.614    0.0003
 2(  16)  -77.255 3(   1)  -87.997 -10.742    0.0002
 2(  17)  -77.057 3(   1)  -87.997 -10.940    0.0000
 2(  18)  -76.804 3(   1)  -87.997 -11.192    0.0002
 2(  19)  -76.672 3(   1)  -87.997 -11.324    0.0000
 2(  20)  -76.508 3(   1)  -87.997 -11.488    0.0000
 2(  21)  -76.411 3(   1)  -87.997 -11.585    0.0000
 2(  22)  -76.295 3(   1)  -87.997 -11.702    0.0002
 2(  23)  -76.189 3(   1)  -87.997 -11.808    0.0000
 2(  24)  -76.076 3(   1)  -87.997 -11.921    0.0002
 2(  25)  -76.016 3(   1)  -87.997 -11.981    0.0000
 2(  26)  -75.864 3(   1)  -87.997 -12.133    0.0000
 2(  27)  -75.651 3(   1)  -87.997 -12.346    0.0000
 2(  28)  -75.523 3(   1)  -87.997 -12.473    0.0000
 2(  29)  -75.334 3(   1)  -87.997 -12.663    0.0001
 2(  30)  -75.263 3(   1)  -87.997 -12.733    0.0000
 2(  31)  -75.139 3(   1)  -87.997 -12.857    0.0000
 2(  32)  -75.052 3(   1)  -87.997 -12.945    0.0000
 2(  33)  -74.908 3(   1)  -87.997 -13.088    0.0000
 2(  34)  -74.765 3(   1)  -87.997 -13.231    0.0001
 2(  35)  -74.470 3(   1)  -87.997 -13.527    0.0003
 2(  36)  -74.422 3(   1)  -87.997 -13.575    0.0001
 2(  37)  -74.353 3(   1)  -87.997 -13.643    0.0000
 2(  38)  -74.192 3(   1)  -87.997 -13.805    0.0002
 2(  39)  -74.058 3(   1)  -87.997 -13.939    0.0002
 2(  40)  -73.915 3(   1)  -87.997 -14.081    0.0001
 2(  41)  -73.877 3(   1)  -87.997 -14.119    0.0001
 2(  42)  -73.800 3(   1)  -87.997 -14.196    0.0002
 2(  43)  -73.771 3(   1)  -87.997 -14.225    0.0000
 2(  44)  -73.622 3(   1)  -87.997 -14.375    0.0000
 2(  45)  -73.638 3(   1)  -87.997 -14.358    0.0001
 2(  46)  -73.486 3(   1)  -87.997 -14.511    0.0000
 2(  47)  -73.382 3(   1)  -87.997 -14.615    0.0002
 2(  48)  -73.177 3(   1)  -87.997 -14.820    0.0000
 2(  49)  -73.151 3(   1)  -87.997 -14.845    0.0001
 2(  50)  -73.091 3(   1)  -87.997 -14.905    0.0001
 2(  51)  -72.972 3(   1)  -87.997 -15.024    0.0000
 2(  52)  -72.939 3(   1)  -87.997 -15.058    0.0000
 2(  53)  -72.877 3(   1)  -87.997 -15.119    0.0000
 2(  54)  -72.746 3(   1)  -87.997 -15.251    0.0000
 2(  55)  -72.653 3(   1)  -87.997 -15.344    0.0001
 2(  56)  -72.590 3(   1)  -87.997 -15.407    0.0000
 2(  57)  -72.543 3(   1)  -87.997 -15.454    0.0000


         n  l 2j 2tz

orbit :   0  1  3  1    n 0p_3/2

 S-factor parity -1  1
 2xJf      Ef      2xJi     Ei       Ex       C^2*S 
 2(   1)  -86.919 3(   1)  -87.997  -1.077    0.0000
 2(   2)  -85.141 3(   1)  -87.997  -2.856    0.0001
 2(   3)  -83.687 3(   1)  -87.997  -4.309    0.0006
 2(   4)  -82.275 3(   1)  -87.997  -5.722    0.0004
 2(   5)  -81.400 3(   1)  -87.997  -6.597    0.0000
 2(   6)  -80.204 3(   1)  -87.997  -7.792    0.0001
 2(   7)  -79.736 3(   1)  -87.997  -8.260    0.0000
 2(   8)  -79.401 3(   1)  -87.997  -8.595    0.0004
 2(   9)  -79.266 3(   1)  -87.997  -8.731    0.0000
 2(  10)  -78.992 3(   1)  -87.997  -9.005    0.0000
 2(  11)  -78.476 3(   1)  -87.997  -9.520    0.0001
 2(  12)  -78.206 3(   1)  -87.997  -9.790    0.0000
 2(  13)  -78.013 3(   1)  -87.997  -9.984    0.0000
 2(  14)  -77.599 3(   1)  -87.997 -10.397    0.0000
 2(  15)  -77.383 3(   1)  -87.997 -10.614    0.0000
 2(  16)  -77.255 3(   1)  -87.997 -10.742    0.0000
 2(  17)  -77.057 3(   1)  -87.997 -10.940    0.0001
 2(  18)  -76.804 3(   1)  -87.997 -11.192    0.0003
 2(  19)  -76.672 3(   1)  -87.997 -11.324    0.0005
 2(  20)  -76.508 3(   1)  -87.997 -11.488    0.0000
 2(  21)  -76.411 3(   1)  -87.997 -11.585    0.0002
 2(  22)  -76.295 3(   1)  -87.997 -11.702    0.0000
 2(  23)  -76.189 3(   1)  -87.997 -11.808    0.0002
 2(  24)  -76.076 3(   1)  -87.997 -11.921    0.0000
 2(  25)  -76.016 3(   1)  -87.997 -11.981    0.0000
 2(  26)  -75.864 3(   1)  -87.997 -12.133    0.0000
 2(  27)  -75.651 3(   1)  -87.997 -12.346    0.0000
 2(  28)  -75.523 3(   1)  -87.997 -12.473    0.0001
 2(  29)  -75.334 3(   1)  -87.997 -12.663    0.0004
 2(  30)  -75.263 3(   1)  -87.997 -12.733    0.0003
 2(  31)  -75.139 3(   1)  -87.997 -12.857    0.0000
 2(  32)  -75.052 3(   1)  -87.997 -12.945    0.0000
 2(  33)  -74.908 3(   1)  -87.997 -13.088    0.0001
 2(  34)  -74.765 3(   1)  -87.997 -13.231    0.0000
 2(  35)  -74.470 3(   1)  -87.997 -13.527    0.0000
 2(  36)  -74.422 3(   1)  -87.997 -13.575    0.0001
 2(  37)  -74.353 3(   1)  -87.997 -13.643    0.0002
 2(  38)  -74.192 3(   1)  -87.997 -13.805    0.0001
 2(  39)  -74.058 3(   1)  -87.997 -13.939    0.0001
 2(  40)  -73.915 3(   1)  -87.997 -14.081    0.0000
 2(  41)  -73.877 3(   1)  -87.997 -14.119    0.0001
 2(  42)  -73.800 3(   1)  -87.997 -14.196    0.0000
 2(  43)  -73.771 3(   1)  -87.997 -14.225    0.0001
 2(  44)  -73.622 3(   1)  -87.997 -14.375    0.0000
 2(  45)  -73.638 3(   1)  -87.997 -14.358    0.0001
 2(  46)  -73.486 3(   1)  -87.997 -14.511    0.0001
 2(  47)  -73.382 3(   1)  -87.997 -14.615    0.0000
 2(  48)  -73.177 3(   1)  -87.997 -14.820    0.0001
 2(  49)  -73.151 3(   1)  -87.997 -14.845    0.0000
 2(  50)  -73.091 3(   1)  -87.997 -14.905    0.0000
 2(  51)  -72.972 3(   1)  -87.997 -15.024    0.0000
 2(  52)  -72.939 3(   1)  -87.997 -15.058    0.0000
 2(  53)  -72.877 3(   1)  -87.997 -15.119    0.0000
 2(  54)  -72.746 3(   1)  -87.997 -15.251    0.0000
 2(  55)  -72.653 3(   1)  -87.997 -15.344    0.0000
 2(  56)  -72.590 3(   1)  -87.997 -15.407    0.0000
 2(  57)  -72.543 3(   1)  -87.997 -15.454    0.0000





