


 ------------------------------------ 
 --- Spectroscopic factor , C^2*S --- 
 ------------------------------------ 

 C18_sfotls_j0p.wav=C17_sfotls_j3p.wav + n



         n  l 2j 2tz

orbit :   0  2  3  1    n 0d_3/2

 S-factor parity  1  1
 2xJf      Ef      2xJi     Ei       Ex       C^2*S 
 0(   1)  -93.172 3(   1)  -87.997   5.175    0.1503
 0(   2)  -90.317 3(   1)  -87.997   2.320    0.0384
 0(   3)  -84.885 3(   1)  -87.997  -3.111    0.2458
 0(   4)  -84.472 3(   1)  -87.997  -3.525    0.0068
 0(   5)  -82.766 3(   1)  -87.997  -5.231    0.2485
 0(   6)  -82.511 3(   1)  -87.997  -5.485    0.1958
 0(   7)  -82.015 3(   1)  -87.997  -5.982    0.0087
 0(   8)  -80.965 3(   1)  -87.997  -7.031    0.0292
 0(   9)  -80.170 3(   1)  -87.997  -7.827    0.0064
 0(  10)  -79.296 3(   1)  -87.997  -8.700    0.0000
 0(  11)  -79.098 3(   1)  -87.997  -8.898    0.0392
 0(  12)  -78.406 3(   1)  -87.997  -9.591    0.0309
 0(  13)  -78.182 3(   1)  -87.997  -9.815    0.0043
 0(  14)  -77.526 3(   1)  -87.997 -10.471    0.0080
 0(  15)  -77.231 3(   1)  -87.997 -10.765    0.0031
 0(  16)  -76.550 3(   1)  -87.997 -11.447    0.0207
 0(  17)  -75.761 3(   1)  -87.997 -12.235    0.0125
 0(  18)  -75.425 3(   1)  -87.997 -12.571    0.0002
 0(  19)  -75.066 3(   1)  -87.997 -12.931    0.0069
 0(  20)  -74.525 3(   1)  -87.997 -13.472    0.0001
 0(  21)  -74.457 3(   1)  -87.997 -13.540    0.0037
 0(  22)  -73.994 3(   1)  -87.997 -14.003    0.0060
 0(  23)  -73.810 3(   1)  -87.997 -14.186    0.0028
 0(  24)  -73.621 3(   1)  -87.997 -14.376    0.0035
 0(  25)  -73.289 3(   1)  -87.997 -14.708    0.0023
 0(  26)  -72.849 3(   1)  -87.997 -15.147    0.0000


         n  l 2j 2tz

orbit :   0  2  5  1    n 0d_5/2

 S-factor parity  1  1
 2xJf      Ef      2xJi     Ei       Ex       C^2*S 


         n  l 2j 2tz

orbit :   1  0  1  1    n 1s_1/2

 S-factor parity  1  1
 2xJf      Ef      2xJi     Ei       Ex       C^2*S 




