


 ------------------------------------ 
 --- Spectroscopic factor , C^2*S --- 
 ------------------------------------ 

 C18_sfotls_j2p.wav=C17_sfotls_j3p.wav + n



         n  l 2j 2tz

orbit :   0  2  3  1    n 0d_3/2

 S-factor parity  1  1
 2xJf      Ef      2xJi     Ei       Ex       C^2*S 
 2(   1)  -88.150 3(   1)  -87.997   0.154    0.0001
 2(   2)  -85.789 3(   1)  -87.997  -2.207    0.2652
 2(   3)  -85.367 3(   1)  -87.997  -2.630    0.1068
 2(   4)  -84.371 3(   1)  -87.997  -3.625    0.0007
 2(   5)  -83.311 3(   1)  -87.997  -4.685    0.3877
 2(   6)  -82.934 3(   1)  -87.997  -5.063    0.0220
 2(   7)  -81.983 3(   1)  -87.997  -6.013    0.0044
 2(   8)  -81.831 3(   1)  -87.997  -6.165    0.0007
 2(   9)  -81.439 3(   1)  -87.997  -6.557    0.0012
 2(  10)  -80.868 3(   1)  -87.997  -7.129    0.0146
 2(  11)  -80.672 3(   1)  -87.997  -7.325    0.0070
 2(  12)  -79.864 3(   1)  -87.997  -8.133    0.0002
 2(  13)  -79.792 3(   1)  -87.997  -8.204    0.0004
 2(  14)  -79.203 3(   1)  -87.997  -8.793    0.0002
 2(  15)  -79.119 3(   1)  -87.997  -8.877    0.0026
 2(  16)  -78.500 3(   1)  -87.997  -9.497    0.0431
 2(  17)  -78.088 3(   1)  -87.997  -9.909    0.0062
 2(  18)  -77.911 3(   1)  -87.997 -10.086    0.0050
 2(  19)  -77.544 3(   1)  -87.997 -10.452    0.0110
 2(  20)  -77.231 3(   1)  -87.997 -10.765    0.0030
 2(  21)  -76.815 3(   1)  -87.997 -11.182    0.0003
 2(  22)  -76.631 3(   1)  -87.997 -11.365    0.0014
 2(  23)  -76.500 3(   1)  -87.997 -11.496    0.0000
 2(  24)  -76.322 3(   1)  -87.997 -11.675    0.0034
 2(  25)  -76.214 3(   1)  -87.997 -11.783    0.0024
 2(  26)  -75.902 3(   1)  -87.997 -12.095    0.0017
 2(  27)  -75.718 3(   1)  -87.997 -12.279    0.0001
 2(  28)  -75.610 3(   1)  -87.997 -12.386    0.0013
 2(  29)  -75.479 3(   1)  -87.997 -12.517    0.0011
 2(  30)  -75.414 3(   1)  -87.997 -12.583    0.0004
 2(  31)  -75.206 3(   1)  -87.997 -12.791    0.0000
 2(  32)  -75.015 3(   1)  -87.997 -12.981    0.0007
 2(  33)  -74.887 3(   1)  -87.997 -13.110    0.0003
 2(  34)  -74.657 3(   1)  -87.997 -13.339    0.0010
 2(  35)  -74.462 3(   1)  -87.997 -13.535    0.0027
 2(  36)  -74.439 3(   1)  -87.997 -13.558    0.0001
 2(  37)  -74.198 3(   1)  -87.997 -13.799    0.0009
 2(  38)  -74.098 3(   1)  -87.997 -13.899    0.0026
 2(  39)  -74.016 3(   1)  -87.997 -13.981    0.0001
 2(  40)  -73.848 3(   1)  -87.997 -14.148    0.0000
 2(  41)  -73.706 3(   1)  -87.997 -14.291    0.0002
 2(  42)  -73.623 3(   1)  -87.997 -14.373    0.0004
 2(  43)  -73.555 3(   1)  -87.997 -14.442    0.0001
 2(  44)  -73.234 3(   1)  -87.997 -14.762    0.0003
 2(  45)  -73.102 3(   1)  -87.997 -14.895    0.0001
 2(  46)  -73.026 3(   1)  -87.997 -14.970    0.0014
 2(  47)  -72.902 3(   1)  -87.997 -15.095    0.0011
 2(  48)  -72.795 3(   1)  -87.997 -15.201    0.0003
 2(  49)  -72.777 3(   1)  -87.997 -15.220    0.0001
 2(  50)  -72.651 3(   1)  -87.997 -15.345    0.0000
 2(  51)  -72.615 3(   1)  -87.997 -15.382    0.0002


         n  l 2j 2tz

orbit :   0  2  5  1    n 0d_5/2

 S-factor parity  1  1
 2xJf      Ef      2xJi     Ei       Ex       C^2*S 
 2(   1)  -88.150 3(   1)  -87.997   0.154    0.3505
 2(   2)  -85.789 3(   1)  -87.997  -2.207    0.0003
 2(   3)  -85.367 3(   1)  -87.997  -2.630    0.0391
 2(   4)  -84.371 3(   1)  -87.997  -3.625    0.0002
 2(   5)  -83.311 3(   1)  -87.997  -4.685    0.0076
 2(   6)  -82.934 3(   1)  -87.997  -5.063    0.0401
 2(   7)  -81.983 3(   1)  -87.997  -6.013    0.0168
 2(   8)  -81.831 3(   1)  -87.997  -6.165    0.0068
 2(   9)  -81.439 3(   1)  -87.997  -6.557    0.0001
 2(  10)  -80.868 3(   1)  -87.997  -7.129    0.0086
 2(  11)  -80.672 3(   1)  -87.997  -7.325    0.0018
 2(  12)  -79.864 3(   1)  -87.997  -8.133    0.0007
 2(  13)  -79.792 3(   1)  -87.997  -8.204    0.0000
 2(  14)  -79.203 3(   1)  -87.997  -8.793    0.0048
 2(  15)  -79.119 3(   1)  -87.997  -8.877    0.0003
 2(  16)  -78.500 3(   1)  -87.997  -9.497    0.0000
 2(  17)  -78.088 3(   1)  -87.997  -9.909    0.0002
 2(  18)  -77.911 3(   1)  -87.997 -10.086    0.0003
 2(  19)  -77.544 3(   1)  -87.997 -10.452    0.0007
 2(  20)  -77.231 3(   1)  -87.997 -10.765    0.0002
 2(  21)  -76.815 3(   1)  -87.997 -11.182    0.0001
 2(  22)  -76.631 3(   1)  -87.997 -11.365    0.0000
 2(  23)  -76.500 3(   1)  -87.997 -11.496    0.0009
 2(  24)  -76.322 3(   1)  -87.997 -11.675    0.0003
 2(  25)  -76.214 3(   1)  -87.997 -11.783    0.0004
 2(  26)  -75.902 3(   1)  -87.997 -12.095    0.0006
 2(  27)  -75.718 3(   1)  -87.997 -12.279    0.0000
 2(  28)  -75.610 3(   1)  -87.997 -12.386    0.0000
 2(  29)  -75.479 3(   1)  -87.997 -12.517    0.0000
 2(  30)  -75.414 3(   1)  -87.997 -12.583    0.0000
 2(  31)  -75.206 3(   1)  -87.997 -12.791    0.0000
 2(  32)  -75.015 3(   1)  -87.997 -12.981    0.0002
 2(  33)  -74.887 3(   1)  -87.997 -13.110    0.0000
 2(  34)  -74.657 3(   1)  -87.997 -13.339    0.0000
 2(  35)  -74.462 3(   1)  -87.997 -13.535    0.0000
 2(  36)  -74.439 3(   1)  -87.997 -13.558    0.0000
 2(  37)  -74.198 3(   1)  -87.997 -13.799    0.0000
 2(  38)  -74.098 3(   1)  -87.997 -13.899    0.0000
 2(  39)  -74.016 3(   1)  -87.997 -13.981    0.0001
 2(  40)  -73.848 3(   1)  -87.997 -14.148    0.0000
 2(  41)  -73.706 3(   1)  -87.997 -14.291    0.0000
 2(  42)  -73.623 3(   1)  -87.997 -14.373    0.0000
 2(  43)  -73.555 3(   1)  -87.997 -14.442    0.0002
 2(  44)  -73.234 3(   1)  -87.997 -14.762    0.0000
 2(  45)  -73.102 3(   1)  -87.997 -14.895    0.0000
 2(  46)  -73.026 3(   1)  -87.997 -14.970    0.0000
 2(  47)  -72.902 3(   1)  -87.997 -15.095    0.0002
 2(  48)  -72.795 3(   1)  -87.997 -15.201    0.0000
 2(  49)  -72.777 3(   1)  -87.997 -15.220    0.0002
 2(  50)  -72.651 3(   1)  -87.997 -15.345    0.0000
 2(  51)  -72.615 3(   1)  -87.997 -15.382    0.0000


         n  l 2j 2tz

orbit :   1  0  1  1    n 1s_1/2

 S-factor parity  1  1
 2xJf      Ef      2xJi     Ei       Ex       C^2*S 
 2(   1)  -88.150 3(   1)  -87.997   0.154    0.5404
 2(   2)  -85.789 3(   1)  -87.997  -2.207    0.0069
 2(   3)  -85.367 3(   1)  -87.997  -2.630    0.0006
 2(   4)  -84.371 3(   1)  -87.997  -3.625    0.0117
 2(   5)  -83.311 3(   1)  -87.997  -4.685    0.0007
 2(   6)  -82.934 3(   1)  -87.997  -5.063    0.0014
 2(   7)  -81.983 3(   1)  -87.997  -6.013    0.0017
 2(   8)  -81.831 3(   1)  -87.997  -6.165    0.0003
 2(   9)  -81.439 3(   1)  -87.997  -6.557    0.0042
 2(  10)  -80.868 3(   1)  -87.997  -7.129    0.0092
 2(  11)  -80.672 3(   1)  -87.997  -7.325    0.0010
 2(  12)  -79.864 3(   1)  -87.997  -8.133    0.0006
 2(  13)  -79.792 3(   1)  -87.997  -8.204    0.0013
 2(  14)  -79.203 3(   1)  -87.997  -8.793    0.0001
 2(  15)  -79.119 3(   1)  -87.997  -8.877    0.0019
 2(  16)  -78.500 3(   1)  -87.997  -9.497    0.0000
 2(  17)  -78.088 3(   1)  -87.997  -9.909    0.0004
 2(  18)  -77.911 3(   1)  -87.997 -10.086    0.0000
 2(  19)  -77.544 3(   1)  -87.997 -10.452    0.0000
 2(  20)  -77.231 3(   1)  -87.997 -10.765    0.0003
 2(  21)  -76.815 3(   1)  -87.997 -11.182    0.0003
 2(  22)  -76.631 3(   1)  -87.997 -11.365    0.0000
 2(  23)  -76.500 3(   1)  -87.997 -11.496    0.0002
 2(  24)  -76.322 3(   1)  -87.997 -11.675    0.0008
 2(  25)  -76.214 3(   1)  -87.997 -11.783    0.0000
 2(  26)  -75.902 3(   1)  -87.997 -12.095    0.0001
 2(  27)  -75.718 3(   1)  -87.997 -12.279    0.0000
 2(  28)  -75.610 3(   1)  -87.997 -12.386    0.0000
 2(  29)  -75.479 3(   1)  -87.997 -12.517    0.0001
 2(  30)  -75.414 3(   1)  -87.997 -12.583    0.0004
 2(  31)  -75.206 3(   1)  -87.997 -12.791    0.0002
 2(  32)  -75.015 3(   1)  -87.997 -12.981    0.0001
 2(  33)  -74.887 3(   1)  -87.997 -13.110    0.0000
 2(  34)  -74.657 3(   1)  -87.997 -13.339    0.0000
 2(  35)  -74.462 3(   1)  -87.997 -13.535    0.0002
 2(  36)  -74.439 3(   1)  -87.997 -13.558    0.0000
 2(  37)  -74.198 3(   1)  -87.997 -13.799    0.0000
 2(  38)  -74.098 3(   1)  -87.997 -13.899    0.0000
 2(  39)  -74.016 3(   1)  -87.997 -13.981    0.0000
 2(  40)  -73.848 3(   1)  -87.997 -14.148    0.0000
 2(  41)  -73.706 3(   1)  -87.997 -14.291    0.0000
 2(  42)  -73.623 3(   1)  -87.997 -14.373    0.0000
 2(  43)  -73.555 3(   1)  -87.997 -14.442    0.0000
 2(  44)  -73.234 3(   1)  -87.997 -14.762    0.0000
 2(  45)  -73.102 3(   1)  -87.997 -14.895    0.0000
 2(  46)  -73.026 3(   1)  -87.997 -14.970    0.0000
 2(  47)  -72.902 3(   1)  -87.997 -15.095    0.0000
 2(  48)  -72.795 3(   1)  -87.997 -15.201    0.0000
 2(  49)  -72.777 3(   1)  -87.997 -15.220    0.0001
 2(  50)  -72.651 3(   1)  -87.997 -15.345    0.0000
 2(  51)  -72.615 3(   1)  -87.997 -15.382    0.0000






