


 ------------------------------------ 
 --- Spectroscopic factor , C^2*S --- 
 ------------------------------------ 

 C18_sfotls_j4n.wav=C17_sfotls_j3p.wav + n



         n  l 2j 2tz

orbit :   0  1  1  1    n 0p_1/2

 S-factor parity -1  1
 2xJf      Ef      2xJi     Ei       Ex       C^2*S 
 4(   1)  -86.132 3(   1)  -87.997  -1.865    0.0021
 4(   2)  -85.217 3(   1)  -87.997  -2.779    0.0000
 4(   3)  -84.589 3(   1)  -87.997  -3.407    0.0000
 4(   4)  -83.129 3(   1)  -87.997  -4.867    0.0003
 4(   5)  -82.304 3(   1)  -87.997  -5.693    0.0000
 4(   6)  -81.839 3(   1)  -87.997  -6.158    0.0000
 4(   7)  -81.663 3(   1)  -87.997  -6.333    0.0001
 4(   8)  -81.110 3(   1)  -87.997  -6.886    0.0000
 4(   9)  -80.750 3(   1)  -87.997  -7.246    0.0002
 4(  10)  -79.980 3(   1)  -87.997  -8.017    0.0000
 4(  11)  -79.793 3(   1)  -87.997  -8.204    0.0000
 4(  12)  -79.653 3(   1)  -87.997  -8.344    0.0004
 4(  13)  -79.503 3(   1)  -87.997  -8.493    0.0000
 4(  14)  -79.219 3(   1)  -87.997  -8.777    0.0000
 4(  15)  -79.149 3(   1)  -87.997  -8.847    0.0002
 4(  16)  -78.848 3(   1)  -87.997  -9.149    0.0000
 4(  17)  -78.510 3(   1)  -87.997  -9.487    0.0000
 4(  18)  -78.374 3(   1)  -87.997  -9.622    0.0003
 4(  19)  -78.332 3(   1)  -87.997  -9.665    0.0001
 4(  20)  -78.152 3(   1)  -87.997  -9.844    0.0004
 4(  21)  -77.866 3(   1)  -87.997 -10.131    0.0000
 4(  22)  -77.559 3(   1)  -87.997 -10.438    0.0001
 4(  23)  -77.346 3(   1)  -87.997 -10.651    0.0000
 4(  24)  -77.270 3(   1)  -87.997 -10.726    0.0006
 4(  25)  -77.061 3(   1)  -87.997 -10.935    0.0004
 4(  26)  -76.951 3(   1)  -87.997 -11.045    0.0002
 4(  27)  -76.865 3(   1)  -87.997 -11.131    0.0000
 4(  28)  -76.717 3(   1)  -87.997 -11.280    0.0003
 4(  29)  -76.549 3(   1)  -87.997 -11.448    0.0000
 4(  30)  -76.400 3(   1)  -87.997 -11.596    0.0000
 4(  31)  -76.321 3(   1)  -87.997 -11.675    0.0001
 4(  32)  -76.266 3(   1)  -87.997 -11.730    0.0000
 4(  33)  -76.052 3(   1)  -87.997 -11.945    0.0001
 4(  34)  -75.985 3(   1)  -87.997 -12.012    0.0002
 4(  35)  -75.950 3(   1)  -87.997 -12.047    0.0000
 4(  36)  -75.742 3(   1)  -87.997 -12.255    0.0000
 4(  37)  -75.669 3(   1)  -87.997 -12.327    0.0000
 4(  38)  -75.614 3(   1)  -87.997 -12.383    0.0000
 4(  39)  -75.581 3(   1)  -87.997 -12.416    0.0000
 4(  40)  -75.445 3(   1)  -87.997 -12.552    0.0000
 4(  41)  -75.311 3(   1)  -87.997 -12.685    0.0000
 4(  42)  -75.194 3(   1)  -87.997 -12.802    0.0000
 4(  43)  -75.172 3(   1)  -87.997 -12.825    0.0001
 4(  44)  -75.028 3(   1)  -87.997 -12.969    0.0001
 4(  45)  -74.950 3(   1)  -87.997 -13.046    0.0001
 4(  46)  -74.842 3(   1)  -87.997 -13.154    0.0000
 4(  47)  -74.737 3(   1)  -87.997 -13.259    0.0000
 4(  48)  -74.696 3(   1)  -87.997 -13.301    0.0002
 4(  49)  -74.626 3(   1)  -87.997 -13.370    0.0000
 4(  50)  -74.440 3(   1)  -87.997 -13.557    0.0002
 4(  51)  -74.429 3(   1)  -87.997 -13.567    0.0002
 4(  52)  -74.356 3(   1)  -87.997 -13.640    0.0000
 4(  53)  -74.300 3(   1)  -87.997 -13.696    0.0000
 4(  54)  -74.201 3(   1)  -87.997 -13.796    0.0000
 4(  55)  -74.081 3(   1)  -87.997 -13.916    0.0000
 4(  56)  -73.995 3(   1)  -87.997 -14.001    0.0000
 4(  57)  -73.936 3(   1)  -87.997 -14.061    0.0001
 4(  58)  -73.795 3(   1)  -87.997 -14.201    0.0000
 4(  59)  -73.795 3(   1)  -87.997 -14.202    0.0000
 4(  60)  -73.762 3(   1)  -87.997 -14.234    0.0000
 4(  61)  -73.727 3(   1)  -87.997 -14.269    0.0000
 4(  62)  -73.667 3(   1)  -87.997 -14.330    0.0000
 4(  63)  -73.607 3(   1)  -87.997 -14.389    0.0001
 4(  64)  -73.529 3(   1)  -87.997 -14.468    0.0001
 4(  65)  -73.375 3(   1)  -87.997 -14.622    0.0000
 4(  66)  -73.348 3(   1)  -87.997 -14.648    0.0000
 4(  67)  -73.298 3(   1)  -87.997 -14.699    0.0000
 4(  68)  -73.197 3(   1)  -87.997 -14.800    0.0000
 4(  69)  -73.190 3(   1)  -87.997 -14.807    0.0000
 4(  70)  -73.108 3(   1)  -87.997 -14.888    0.0001
 4(  71)  -73.034 3(   1)  -87.997 -14.963    0.0000
 4(  72)  -73.001 3(   1)  -87.997 -14.996    0.0004
 4(  73)  -72.936 3(   1)  -87.997 -15.061    0.0000
 4(  74)  -72.931 3(   1)  -87.997 -15.065    0.0000
 4(  75)  -72.925 3(   1)  -87.997 -15.071    0.0001
 4(  76)  -72.767 3(   1)  -87.997 -15.229    0.0000
 4(  77)  -72.732 3(   1)  -87.997 -15.265    0.0000
 4(  78)  -72.689 3(   1)  -87.997 -15.307    0.0001
 4(  79)  -72.648 3(   1)  -87.997 -15.349    0.0001
 4(  80)  -72.552 3(   1)  -87.997 -15.444    0.0001


         n  l 2j 2tz

orbit :   0  1  3  1    n 0p_3/2

 S-factor parity -1  1
 2xJf      Ef      2xJi     Ei       Ex       C^2*S 
 4(   1)  -86.132 3(   1)  -87.997  -1.865    0.0000
 4(   2)  -85.217 3(   1)  -87.997  -2.779    0.0009
 4(   3)  -84.589 3(   1)  -87.997  -3.407    0.0000
 4(   4)  -83.129 3(   1)  -87.997  -4.867    0.0000
 4(   5)  -82.304 3(   1)  -87.997  -5.693    0.0002
 4(   6)  -81.839 3(   1)  -87.997  -6.158    0.0002
 4(   7)  -81.663 3(   1)  -87.997  -6.333    0.0000
 4(   8)  -81.110 3(   1)  -87.997  -6.886    0.0000
 4(   9)  -80.750 3(   1)  -87.997  -7.246    0.0001
 4(  10)  -79.980 3(   1)  -87.997  -8.017    0.0000
 4(  11)  -79.793 3(   1)  -87.997  -8.204    0.0001
 4(  12)  -79.653 3(   1)  -87.997  -8.344    0.0000
 4(  13)  -79.503 3(   1)  -87.997  -8.493    0.0001
 4(  14)  -79.219 3(   1)  -87.997  -8.777    0.0000
 4(  15)  -79.149 3(   1)  -87.997  -8.847    0.0000
 4(  16)  -78.848 3(   1)  -87.997  -9.149    0.0000
 4(  17)  -78.510 3(   1)  -87.997  -9.487    0.0001
 4(  18)  -78.374 3(   1)  -87.997  -9.622    0.0000
 4(  19)  -78.332 3(   1)  -87.997  -9.665    0.0000
 4(  20)  -78.152 3(   1)  -87.997  -9.844    0.0000
 4(  21)  -77.866 3(   1)  -87.997 -10.131    0.0000
 4(  22)  -77.559 3(   1)  -87.997 -10.438    0.0000
 4(  23)  -77.346 3(   1)  -87.997 -10.651    0.0000
 4(  24)  -77.270 3(   1)  -87.997 -10.726    0.0001
 4(  25)  -77.061 3(   1)  -87.997 -10.935    0.0000
 4(  26)  -76.951 3(   1)  -87.997 -11.045    0.0000
 4(  27)  -76.865 3(   1)  -87.997 -11.131    0.0000
 4(  28)  -76.717 3(   1)  -87.997 -11.280    0.0000
 4(  29)  -76.549 3(   1)  -87.997 -11.448    0.0000
 4(  30)  -76.400 3(   1)  -87.997 -11.596    0.0000
 4(  31)  -76.321 3(   1)  -87.997 -11.675    0.0000
 4(  32)  -76.266 3(   1)  -87.997 -11.730    0.0000
 4(  33)  -76.052 3(   1)  -87.997 -11.945    0.0001
 4(  34)  -75.985 3(   1)  -87.997 -12.012    0.0000
 4(  35)  -75.950 3(   1)  -87.997 -12.047    0.0004
 4(  36)  -75.742 3(   1)  -87.997 -12.255    0.0000
 4(  37)  -75.669 3(   1)  -87.997 -12.327    0.0001
 4(  38)  -75.614 3(   1)  -87.997 -12.383    0.0002
 4(  39)  -75.581 3(   1)  -87.997 -12.416    0.0000
 4(  40)  -75.445 3(   1)  -87.997 -12.552    0.0000
 4(  41)  -75.311 3(   1)  -87.997 -12.685    0.0000
 4(  42)  -75.194 3(   1)  -87.997 -12.802    0.0000
 4(  43)  -75.172 3(   1)  -87.997 -12.825    0.0000
 4(  44)  -75.028 3(   1)  -87.997 -12.969    0.0000
 4(  45)  -74.950 3(   1)  -87.997 -13.046    0.0000
 4(  46)  -74.842 3(   1)  -87.997 -13.154    0.0000
 4(  47)  -74.737 3(   1)  -87.997 -13.259    0.0001
 4(  48)  -74.696 3(   1)  -87.997 -13.301    0.0000
 4(  49)  -74.626 3(   1)  -87.997 -13.370    0.0001
 4(  50)  -74.440 3(   1)  -87.997 -13.557    0.0001
 4(  51)  -74.429 3(   1)  -87.997 -13.567    0.0000
 4(  52)  -74.356 3(   1)  -87.997 -13.640    0.0000
 4(  53)  -74.300 3(   1)  -87.997 -13.696    0.0001
 4(  54)  -74.201 3(   1)  -87.997 -13.796    0.0000
 4(  55)  -74.081 3(   1)  -87.997 -13.916    0.0000
 4(  56)  -73.995 3(   1)  -87.997 -14.001    0.0001
 4(  57)  -73.936 3(   1)  -87.997 -14.061    0.0000
 4(  58)  -73.795 3(   1)  -87.997 -14.201    0.0001
 4(  59)  -73.795 3(   1)  -87.997 -14.202    0.0001
 4(  60)  -73.762 3(   1)  -87.997 -14.234    0.0001
 4(  61)  -73.727 3(   1)  -87.997 -14.269    0.0000
 4(  62)  -73.667 3(   1)  -87.997 -14.330    0.0000
 4(  63)  -73.607 3(   1)  -87.997 -14.389    0.0000
 4(  64)  -73.529 3(   1)  -87.997 -14.468    0.0000
 4(  65)  -73.375 3(   1)  -87.997 -14.622    0.0000
 4(  66)  -73.348 3(   1)  -87.997 -14.648    0.0000
 4(  67)  -73.298 3(   1)  -87.997 -14.699    0.0000
 4(  68)  -73.197 3(   1)  -87.997 -14.800    0.0000
 4(  69)  -73.190 3(   1)  -87.997 -14.807    0.0000
 4(  70)  -73.108 3(   1)  -87.997 -14.888    0.0000
 4(  71)  -73.034 3(   1)  -87.997 -14.963    0.0000
 4(  72)  -73.001 3(   1)  -87.997 -14.996    0.0000
 4(  73)  -72.936 3(   1)  -87.997 -15.061    0.0000
 4(  74)  -72.931 3(   1)  -87.997 -15.065    0.0000
 4(  75)  -72.925 3(   1)  -87.997 -15.071    0.0000
 4(  76)  -72.767 3(   1)  -87.997 -15.229    0.0000
 4(  77)  -72.732 3(   1)  -87.997 -15.265    0.0000
 4(  78)  -72.689 3(   1)  -87.997 -15.307    0.0000
 4(  79)  -72.648 3(   1)  -87.997 -15.349    0.0000
 4(  80)  -72.552 3(   1)  -87.997 -15.444    0.0000





