

 ------------------------------------ 
 --- Spectroscopic factor , C^2*S --- 
 ------------------------------------ 

 C18_sfotls_j6p.wav=C17_sfotls_j3p.wav + n



         n  l 2j 2tz

orbit :   0  2  3  1    n 0d_3/2

 S-factor parity  1  1
 2xJf      Ef      2xJi     Ei       Ex       C^2*S 
 6(   1)  -88.608 3(   1)  -87.997   0.612    0.0739
 6(   2)  -86.423 3(   1)  -87.997  -1.573    0.4339
 6(   3)  -84.588 3(   1)  -87.997  -3.408    0.0628
 6(   4)  -84.475 3(   1)  -87.997  -3.521    0.0755
 6(   5)  -83.798 3(   1)  -87.997  -4.198    0.0089
 6(   6)  -83.026 3(   1)  -87.997  -4.970    0.0172
 6(   7)  -82.953 3(   1)  -87.997  -5.043    0.0793
 6(   8)  -82.326 3(   1)  -87.997  -5.670    0.0142
 6(   9)  -82.077 3(   1)  -87.997  -5.920    0.0103
 6(  10)  -81.759 3(   1)  -87.997  -6.238    0.0070
 6(  11)  -81.249 3(   1)  -87.997  -6.748    0.0297
 6(  12)  -81.197 3(   1)  -87.997  -6.799    0.0146
 6(  13)  -80.945 3(   1)  -87.997  -7.051    0.0023
 6(  14)  -80.460 3(   1)  -87.997  -7.537    0.0038
 6(  15)  -79.833 3(   1)  -87.997  -8.164    0.0000
 6(  16)  -79.518 3(   1)  -87.997  -8.478    0.0092
 6(  17)  -79.171 3(   1)  -87.997  -8.825    0.0014
 6(  18)  -79.057 3(   1)  -87.997  -8.939    0.0071
 6(  19)  -79.003 3(   1)  -87.997  -8.994    0.0005
 6(  20)  -78.748 3(   1)  -87.997  -9.249    0.0102
 6(  21)  -78.492 3(   1)  -87.997  -9.505    0.0004
 6(  22)  -78.066 3(   1)  -87.997  -9.930    0.0000
 6(  23)  -77.930 3(   1)  -87.997 -10.067    0.0098
 6(  24)  -77.745 3(   1)  -87.997 -10.252    0.0020
 6(  25)  -77.638 3(   1)  -87.997 -10.358    0.0060
 6(  26)  -77.375 3(   1)  -87.997 -10.622    0.0016
 6(  27)  -77.215 3(   1)  -87.997 -10.781    0.0022
 6(  28)  -77.009 3(   1)  -87.997 -10.988    0.0000
 6(  29)  -76.960 3(   1)  -87.997 -11.037    0.0000
 6(  30)  -76.790 3(   1)  -87.997 -11.207    0.0043
 6(  31)  -76.625 3(   1)  -87.997 -11.371    0.0015
 6(  32)  -76.584 3(   1)  -87.997 -11.412    0.0001
 6(  33)  -76.249 3(   1)  -87.997 -11.748    0.0001
 6(  34)  -76.218 3(   1)  -87.997 -11.778    0.0000
 6(  35)  -76.042 3(   1)  -87.997 -11.954    0.0010
 6(  36)  -75.854 3(   1)  -87.997 -12.142    0.0075
 6(  37)  -75.794 3(   1)  -87.997 -12.203    0.0026
 6(  38)  -75.739 3(   1)  -87.997 -12.257    0.0010
 6(  39)  -75.663 3(   1)  -87.997 -12.334    0.0000
 6(  40)  -75.460 3(   1)  -87.997 -12.536    0.0014
 6(  41)  -75.431 3(   1)  -87.997 -12.566    0.0001
 6(  42)  -75.278 3(   1)  -87.997 -12.719    0.0013
 6(  43)  -75.146 3(   1)  -87.997 -12.850    0.0002
 6(  44)  -75.020 3(   1)  -87.997 -12.976    0.0004
 6(  45)  -74.925 3(   1)  -87.997 -13.072    0.0005
 6(  46)  -74.813 3(   1)  -87.997 -13.184    0.0000
 6(  47)  -74.631 3(   1)  -87.997 -13.366    0.0004
 6(  48)  -74.351 3(   1)  -87.997 -13.646    0.0001
 6(  49)  -74.301 3(   1)  -87.997 -13.695    0.0004
 6(  50)  -74.275 3(   1)  -87.997 -13.722    0.0000
 6(  51)  -74.225 3(   1)  -87.997 -13.772    0.0000
 6(  52)  -74.100 3(   1)  -87.997 -13.897    0.0007
 6(  53)  -73.980 3(   1)  -87.997 -14.017    0.0000
 6(  54)  -73.940 3(   1)  -87.997 -14.057    0.0000
 6(  55)  -73.729 3(   1)  -87.997 -14.268    0.0007
 6(  56)  -73.685 3(   1)  -87.997 -14.311    0.0000
 6(  57)  -73.617 3(   1)  -87.997 -14.380    0.0002
 6(  58)  -73.486 3(   1)  -87.997 -14.511    0.0002
 6(  59)  -73.374 3(   1)  -87.997 -14.622    0.0000
 6(  60)  -73.325 3(   1)  -87.997 -14.671    0.0001
 6(  61)  -73.308 3(   1)  -87.997 -14.689    0.0001
 6(  62)  -73.262 3(   1)  -87.997 -14.734    0.0004
 6(  63)  -73.103 3(   1)  -87.997 -14.893    0.0011
 6(  64)  -73.087 3(   1)  -87.997 -14.909    0.0001
 6(  65)  -72.987 3(   1)  -87.997 -15.010    0.0002
 6(  66)  -72.908 3(   1)  -87.997 -15.089    0.0003
 6(  67)  -72.843 3(   1)  -87.997 -15.154    0.0000
 6(  68)  -72.745 3(   1)  -87.997 -15.252    0.0001
 6(  69)  -72.639 3(   1)  -87.997 -15.357    0.0000


         n  l 2j 2tz

orbit :   0  2  5  1    n 0d_5/2

 S-factor parity  1  1
 2xJf      Ef      2xJi     Ei       Ex       C^2*S 
 6(   1)  -88.608 3(   1)  -87.997   0.612    0.0457
 6(   2)  -86.423 3(   1)  -87.997  -1.573    0.0345
 6(   3)  -84.588 3(   1)  -87.997  -3.408    0.0728
 6(   4)  -84.475 3(   1)  -87.997  -3.521    0.0019
 6(   5)  -83.798 3(   1)  -87.997  -4.198    0.0000
 6(   6)  -83.026 3(   1)  -87.997  -4.970    0.0276
 6(   7)  -82.953 3(   1)  -87.997  -5.043    0.0009
 6(   8)  -82.326 3(   1)  -87.997  -5.670    0.0050
 6(   9)  -82.077 3(   1)  -87.997  -5.920    0.0004
 6(  10)  -81.759 3(   1)  -87.997  -6.238    0.0000
 6(  11)  -81.249 3(   1)  -87.997  -6.748    0.0007
 6(  12)  -81.197 3(   1)  -87.997  -6.799    0.0018
 6(  13)  -80.945 3(   1)  -87.997  -7.051    0.0002
 6(  14)  -80.460 3(   1)  -87.997  -7.537    0.0000
 6(  15)  -79.833 3(   1)  -87.997  -8.164    0.0000
 6(  16)  -79.518 3(   1)  -87.997  -8.478    0.0000
 6(  17)  -79.171 3(   1)  -87.997  -8.825    0.0002
 6(  18)  -79.057 3(   1)  -87.997  -8.939    0.0000
 6(  19)  -79.003 3(   1)  -87.997  -8.994    0.0015
 6(  20)  -78.748 3(   1)  -87.997  -9.249    0.0001
 6(  21)  -78.492 3(   1)  -87.997  -9.505    0.0016
 6(  22)  -78.066 3(   1)  -87.997  -9.930    0.0000
 6(  23)  -77.930 3(   1)  -87.997 -10.067    0.0023
 6(  24)  -77.745 3(   1)  -87.997 -10.252    0.0000
 6(  25)  -77.638 3(   1)  -87.997 -10.358    0.0008
 6(  26)  -77.375 3(   1)  -87.997 -10.622    0.0010
 6(  27)  -77.215 3(   1)  -87.997 -10.781    0.0001
 6(  28)  -77.009 3(   1)  -87.997 -10.988    0.0000
 6(  29)  -76.960 3(   1)  -87.997 -11.037    0.0017
 6(  30)  -76.790 3(   1)  -87.997 -11.207    0.0009
 6(  31)  -76.625 3(   1)  -87.997 -11.371    0.0001
 6(  32)  -76.584 3(   1)  -87.997 -11.412    0.0000
 6(  33)  -76.249 3(   1)  -87.997 -11.748    0.0001
 6(  34)  -76.218 3(   1)  -87.997 -11.778    0.0000
 6(  35)  -76.042 3(   1)  -87.997 -11.954    0.0009
 6(  36)  -75.854 3(   1)  -87.997 -12.142    0.0000
 6(  37)  -75.794 3(   1)  -87.997 -12.203    0.0000
 6(  38)  -75.739 3(   1)  -87.997 -12.257    0.0000
 6(  39)  -75.663 3(   1)  -87.997 -12.334    0.0000
 6(  40)  -75.460 3(   1)  -87.997 -12.536    0.0000
 6(  41)  -75.431 3(   1)  -87.997 -12.566    0.0001
 6(  42)  -75.278 3(   1)  -87.997 -12.719    0.0000
 6(  43)  -75.146 3(   1)  -87.997 -12.850    0.0001
 6(  44)  -75.020 3(   1)  -87.997 -12.976    0.0000
 6(  45)  -74.925 3(   1)  -87.997 -13.072    0.0000
 6(  46)  -74.813 3(   1)  -87.997 -13.184    0.0000
 6(  47)  -74.631 3(   1)  -87.997 -13.366    0.0003
 6(  48)  -74.351 3(   1)  -87.997 -13.646    0.0000
 6(  49)  -74.301 3(   1)  -87.997 -13.695    0.0000
 6(  50)  -74.275 3(   1)  -87.997 -13.722    0.0002
 6(  51)  -74.225 3(   1)  -87.997 -13.772    0.0000
 6(  52)  -74.100 3(   1)  -87.997 -13.897    0.0001
 6(  53)  -73.980 3(   1)  -87.997 -14.017    0.0000
 6(  54)  -73.940 3(   1)  -87.997 -14.057    0.0001
 6(  55)  -73.729 3(   1)  -87.997 -14.268    0.0000
 6(  56)  -73.685 3(   1)  -87.997 -14.311    0.0000
 6(  57)  -73.617 3(   1)  -87.997 -14.380    0.0000
 6(  58)  -73.486 3(   1)  -87.997 -14.511    0.0000
 6(  59)  -73.374 3(   1)  -87.997 -14.622    0.0000
 6(  60)  -73.325 3(   1)  -87.997 -14.671    0.0000
 6(  61)  -73.308 3(   1)  -87.997 -14.689    0.0000
 6(  62)  -73.262 3(   1)  -87.997 -14.734    0.0000
 6(  63)  -73.103 3(   1)  -87.997 -14.893    0.0000
 6(  64)  -73.087 3(   1)  -87.997 -14.909    0.0000
 6(  65)  -72.987 3(   1)  -87.997 -15.010    0.0001
 6(  66)  -72.908 3(   1)  -87.997 -15.089    0.0000
 6(  67)  -72.843 3(   1)  -87.997 -15.154    0.0000
 6(  68)  -72.745 3(   1)  -87.997 -15.252    0.0000
 6(  69)  -72.639 3(   1)  -87.997 -15.357    0.0000


         n  l 2j 2tz

orbit :   1  0  1  1    n 1s_1/2

 S-factor parity  1  1
 2xJf      Ef      2xJi     Ei       Ex       C^2*S 





