
 ------------------------------------ 
 --- Spectroscopic factor , C^2*S --- 
 ------------------------------------ 

 C18_sfotls_j0n.wav=C17_sfotls_j3p.wav + n



         n  l 2j 2tz

orbit :   0  1  1  1    n 0p_1/2

 S-factor parity -1  1
 2xJf      Ef      2xJi     Ei       Ex       C^2*S 


         n  l 2j 2tz

orbit :   0  1  3  1    n 0p_3/2

 S-factor parity -1  1
 2xJf      Ef      2xJi     Ei       Ex       C^2*S 
 0(   1)  -86.460 3(   1)  -87.997  -1.537    0.0010
 0(   2)  -82.615 3(   1)  -87.997  -5.382    0.0008
 0(   3)  -79.531 3(   1)  -87.997  -8.466    0.0000
 0(   4)  -78.874 3(   1)  -87.997  -9.123    0.0006
 0(   5)  -78.600 3(   1)  -87.997  -9.396    0.0001
 0(   6)  -78.167 3(   1)  -87.997  -9.829    0.0000
 0(   7)  -77.882 3(   1)  -87.997 -10.114    0.0001
 0(   8)  -76.680 3(   1)  -87.997 -11.316    0.0001
 0(   9)  -76.261 3(   1)  -87.997 -11.736    0.0000
 0(  10)  -76.089 3(   1)  -87.997 -11.907    0.0003
 0(  11)  -75.749 3(   1)  -87.997 -12.248    0.0000
 0(  12)  -75.375 3(   1)  -87.997 -12.621    0.0000
 0(  13)  -75.261 3(   1)  -87.997 -12.736    0.0000
 0(  14)  -74.850 3(   1)  -87.997 -13.147    0.0000
 0(  15)  -74.546 3(   1)  -87.997 -13.450    0.0010
 0(  16)  -74.401 3(   1)  -87.997 -13.596    0.0000
 0(  17)  -74.190 3(   1)  -87.997 -13.807    0.0001
 0(  18)  -73.790 3(   1)  -87.997 -14.207    0.0001
 0(  19)  -73.579 3(   1)  -87.997 -14.417    0.0001
 0(  20)  -73.418 3(   1)  -87.997 -14.578    0.0002
 0(  21)  -73.346 3(   1)  -87.997 -14.651    0.0001
 0(  22)  -73.159 3(   1)  -87.997 -14.838    0.0002
 0(  23)  -73.061 3(   1)  -87.997 -14.936    0.0002
 0(  24)  -72.870 3(   1)  -87.997 -15.126    0.0002





