#  91 angles,  1 tensor ranks for 0=projectile
@subtitle   "16N(d,3He)15C @ 40AMeV Haixia (d) + HT1p (3He)"                                
@legend ON
@legend x1 0.2
@legend y1 0.8
@g0 type LOGY
@yaxis ticklabel format power
@legend string   0 "Lab energy =   80.0000"
#legend string   0 "Partition=  2 Excit=  2 near/far= 1"
#  Theta       sigma       iT11        T20         T21         T22         Kyy for projectile
   0.000       6.060    
   2.000       6.358    
   4.000       6.784    
   6.000       6.453    
   8.000       5.009    
   10.00       2.963    
   12.00       1.207    
   14.00      0.3128    
   16.00      0.2628    
   18.00      0.6533    
   20.00       1.064    
   22.00       1.284    
   24.00       1.314    
   26.00       1.257    
   28.00       1.202    
   30.00       1.178    
   32.00       1.166    
   34.00       1.132    
   36.00       1.060    
   38.00      0.9509    
   40.00      0.8236    
   42.00      0.6975    
   44.00      0.5858    
   46.00      0.4931    
   48.00      0.4173    
   50.00      0.3536    
   52.00      0.2975    
   54.00      0.2468    
   56.00      0.2008    
   58.00      0.1603    
   60.00      0.1258    
   62.00      0.9772E-01
   64.00      0.7554E-01
   66.00      0.5842E-01
   68.00      0.4530E-01
   70.00      0.3519E-01
   72.00      0.2732E-01
   74.00      0.2115E-01
   76.00      0.1631E-01
   78.00      0.1256E-01
   80.00      0.9702E-02
   82.00      0.7560E-02
   84.00      0.5971E-02
   86.00      0.4790E-02
   88.00      0.3900E-02
   90.00      0.3210E-02
   92.00      0.2659E-02
   94.00      0.2203E-02
   96.00      0.1819E-02
   98.00      0.1491E-02
   100.0      0.1210E-02
   102.0      0.9702E-03
   104.0      0.7673E-03
   106.0      0.5980E-03
   108.0      0.4589E-03
   110.0      0.3469E-03
   112.0      0.2586E-03
   114.0      0.1907E-03
   116.0      0.1401E-03
   118.0      0.1037E-03
   120.0      0.7838E-04
   122.0      0.6152E-04
   124.0      0.5066E-04
   126.0      0.4372E-04
   128.0      0.3913E-04
   130.0      0.3578E-04
   132.0      0.3297E-04
   134.0      0.3034E-04
   136.0      0.2777E-04
   138.0      0.2529E-04
   140.0      0.2294E-04
   142.0      0.2076E-04
   144.0      0.1875E-04
   146.0      0.1691E-04
   148.0      0.1520E-04
   150.0      0.1358E-04
   152.0      0.1203E-04
   154.0      0.1057E-04
   156.0      0.9213E-05
   158.0      0.8007E-05
   160.0      0.6971E-05
   162.0      0.6111E-05
   164.0      0.5424E-05
   166.0      0.4884E-05
   168.0      0.4450E-05
   170.0      0.4086E-05
   172.0      0.3777E-05
   174.0      0.3524E-05
   176.0      0.3326E-05
   178.0      0.3194E-05
   180.0      0.3146E-05
 END
