           3           1           1
    0.0+     1 1  0.3165       0.000      0.4737E-02  0.2354E-02  0.3094    
    0.0+     3 2  0.3192       0.000       0.000      0.6077E-04  0.3191    
    0.0-     2 1  0.3175       0.000      0.2783E-02  0.2099E-02  0.3126    
    1.0+     1 1  0.9505       0.000      0.3306E-02  0.6018E-02  0.9412    
    1.0+     1 2  0.9495       0.000      0.8022E-02  0.4525E-02  0.9369    
    1.0+     3 3  0.9576       0.000      0.6766E-03  0.2451E-02  0.9544    
    1.0+     3 4  0.9561       0.000      0.6005E-02  0.4610E-02  0.9455    
    1.0-     0 1  0.9487       0.000      0.8832E-02  0.4398E-02  0.9354    
    1.0-     2 2  0.9535       0.000      0.7703E-03  0.2884E-02  0.9498    
    1.0-     2 3  0.9525       0.000      0.4174E-02  0.4489E-02  0.9438    
    1.0-     2 4  0.9510       0.000      0.1295E-01  0.6462E-02  0.9316    
    1.0-     4 5  0.9623       0.000       0.000      0.3131E-03  0.9620    
    2.0+     1 1   1.585       0.000      0.6808E-02  0.7285E-02   1.571    
    2.0+     1 2   1.584       0.000      0.1072E-01  0.4657E-02   1.569    
    2.0+     1 3   1.582       0.000      0.5467E-02  0.4857E-02   1.572    
    2.0+     3 4   1.596       0.000      0.1664E-02  0.8639E-02   1.586    
    2.0+     3 5   1.593       0.000      0.4168E-02  0.6238E-02   1.583    
    2.0+     3 6   1.590       0.000      0.1795E-01  0.1009E-01   1.562    
    2.0+     5 7   1.615       0.000       0.000      0.4996E-03   1.615    
    2.0-     0 1   1.581       0.000      0.7757E-02  0.5838E-02   1.567    
    2.0-     2 2   1.589       0.000      0.1875E-02  0.9359E-02   1.578    
    2.0-     2 3   1.587       0.000      0.2961E-02  0.5862E-02   1.579    
    2.0-     2 4   1.585       0.000      0.9394E-02  0.6286E-02   1.569    
    2.0-     4 5   1.604       0.000      0.1297E-02  0.5598E-02   1.597    
    2.0-     4 6   1.601       0.000      0.7314E-02  0.6353E-02   1.587    
    3.0+     1 1   2.218       0.000      0.6004E-02  0.1074E-01   2.201    
    3.0+     1 2   2.215       0.000      0.1312E-01  0.1128E-01   2.191    
    3.0+     3 3   2.234       0.000      0.3636E-02  0.1397E-01   2.217    
    3.0+     3 4   2.231       0.000      0.4598E-02  0.9627E-02   2.217    
    3.0+     3 5   2.226       0.000      0.9685E-02  0.7772E-02   2.209    
    3.0+     5 6   2.261       0.000      0.1574E-02  0.8376E-02   2.251    
    3.0+     5 7   2.256       0.000      0.7157E-02  0.7486E-02   2.241    
    3.0-     0 1   2.214       0.000       0.000      0.6883E-02   2.207    
    3.0-     2 2   2.225       0.000      0.1913E-01  0.1103E-01   2.195    
    3.0-     2 3   2.222       0.000      0.1326E-01  0.1239E-01   2.197    
    3.0-     2 4   2.219       0.000      0.7251E-02  0.7847E-02   2.204    
    3.0-     4 5   2.245       0.000      0.2017E-02  0.1317E-01   2.230    
    3.0-     4 6   2.241       0.000      0.4096E-02  0.8240E-02   2.229    
    3.0-     4 7   2.236       0.000      0.1956E-01  0.1309E-01   2.203    
    3.0-     6 8   2.278       0.000       0.000      0.5567E-03   2.278    
    4.0+     1 1   2.848       0.000       0.000      0.9520E-02   2.839    
    4.0+     3 2   2.873       0.000      0.2959E-01  0.1288E-01   2.830    
    4.0+     3 3   2.868       0.000      0.1563E-01  0.1668E-01   2.836    
    4.0+     3 4   2.862       0.000      0.9388E-02  0.9807E-02   2.843    
    4.0+     5 5   2.908       0.000      0.1974E-02  0.1659E-01   2.889    
    4.0+     5 6   2.900       0.000      0.3680E-02  0.9765E-02   2.887    
    4.0+     5 7   2.891       0.000      0.1804E-01  0.1513E-01   2.858    
    4.0+     7 8   2.953       0.000       0.000      0.4808E-03   2.952    
    4.0-     2 1   2.857       0.000      0.1263E-01  0.1315E-01   2.832    
    4.0-     2 2   2.853       0.000      0.1771E-01  0.1583E-01   2.819    
    4.0-     4 3   2.887       0.000      0.5463E-02  0.1717E-01   2.864    
    4.0-     4 4   2.881       0.000      0.5994E-02  0.1269E-01   2.863    
    4.0-     4 5   2.875       0.000      0.8979E-02  0.8444E-02   2.857    
    4.0-     6 6   2.929       0.000      0.1546E-02  0.1044E-01   2.918    
    4.0-     6 7   2.923       0.000      0.6111E-02  0.7953E-02   2.909    
    5.0+     3 1   3.506       0.000      0.1908E-01  0.1523E-01   3.471    
    5.0+     3 2   3.498       0.000      0.2188E-01  0.1897E-01   3.457    
    5.0+     5 3   3.554       0.000      0.7110E-02  0.1938E-01   3.527    
    5.0+     5 4   3.545       0.000      0.6938E-02  0.1463E-01   3.523    
    5.0+     5 5   3.534       0.000      0.7506E-02  0.8147E-02   3.518    
    5.0+     7 6   3.609       0.000      0.1252E-02  0.1129E-01   3.596    
    5.0+     7 7   3.599       0.000      0.4443E-02  0.7589E-02   3.587    
    5.0-     2 1   3.487       0.000       0.000      0.1266E-01   3.474    
    5.0-     4 2   3.528       0.000      0.3847E-01  0.1413E-01   3.476    
    5.0-     4 3   3.522       0.000      0.1785E-01  0.1929E-01   3.485    
    5.0-     4 4   3.513       0.000      0.1150E-01  0.1027E-01   3.492    
    5.0-     6 5   3.580       0.000      0.1708E-02  0.1880E-01   3.560    
    5.0-     6 6   3.572       0.000      0.3023E-02  0.1055E-01   3.559    
    5.0-     6 7   3.562       0.000      0.1462E-01  0.1593E-01   3.532    
    5.0-     8 8   3.639       0.000       0.000      0.3454E-03   3.639    
    6.0+     3 1   4.134       0.000       0.000      0.1480E-01   4.120    
    6.0+     5 2   4.200       0.000      0.4537E-01  0.1465E-01   4.140    
    6.0+     5 3   4.189       0.000      0.1954E-01  0.2050E-01   4.149    
    6.0+     5 4   4.177       0.000      0.1319E-01  0.9286E-02   4.154    
    6.0+     7 5   4.265       0.000      0.1271E-02  0.1917E-01   4.245    
    6.0+     7 6   4.253       0.000      0.2157E-02  0.1026E-01   4.241    
    6.0+     7 7   4.240       0.000      0.1011E-01  0.1520E-01   4.215    
    6.0+     9 8   4.173       0.000       0.000      0.2705E-03   4.173    
    6.0-     4 1   4.162       0.000      0.2482E-01  0.1677E-01   4.120    
    6.0-     4 2   4.152       0.000      0.2532E-01  0.1956E-01   4.107    
    6.0-     6 3   4.231       0.000      0.8353E-02  0.2050E-01   4.203    
    6.0-     6 4   4.222       0.000      0.7345E-02  0.1542E-01   4.199    
    6.0-     6 5   4.210       0.000      0.5709E-02  0.7098E-02   4.197    
    6.0-     8 6   4.301       0.000      0.8691E-03  0.1152E-01   4.288    
    6.0-     8 7   4.300       0.000      0.2678E-02  0.6663E-02   4.291    
    7.0+     5 1   4.834       0.000      0.2941E-01  0.1758E-01   4.787    
    7.0+     5 2   4.819       0.000      0.2770E-01  0.1843E-01   4.773    
    7.0+     7 3   4.921       0.000      0.8836E-02  0.1993E-01   4.893    
    7.0+     7 4   4.908       0.000      0.7060E-02  0.1470E-01   4.886    
    7.0+     7 5   4.892       0.000      0.3798E-02  0.5492E-02   4.883    
    7.0+     9 6   4.815       0.000      0.6726E-03  0.1569E-01   4.799    
    7.0+     9 7   4.882       0.000      0.1744E-02  0.7625E-02   4.873    
    7.0-     4 1   4.791       0.000       0.000      0.1660E-01   4.774    
    7.0-     6 2   4.882       0.000      0.4966E-01  0.1443E-01   4.818    
    7.0-     6 3   4.871       0.000      0.2030E-01  0.2046E-01   4.831    
    7.0-     6 4   4.858       0.000      0.1408E-01  0.7494E-02   4.836    
    7.0-     8 5   4.962       0.000      0.8307E-03  0.1880E-01   4.943    
    7.0-     8 6   4.961       0.000      0.1287E-02  0.9182E-02   4.951    
    7.0-     8 7   4.950       0.000      0.5528E-02  0.1299E-01   4.932    
    7.0-    10 8   4.266       0.000       0.000      0.2112E-03   4.266    
    8.0+     5 1   5.462       0.000       0.000      0.1758E-01   5.444    
    8.0+     7 2   5.578       0.000      0.4983E-01  0.1317E-01   5.515    
    8.0+     7 3   5.562       0.000      0.1953E-01  0.1878E-01   5.524    
    8.0+     7 4   5.545       0.000      0.1379E-01  0.5251E-02   5.526    
    8.0+     9 5   5.457       0.000      0.6145E-03  0.2490E-01   5.432    
    8.0+     9 6   5.533       0.000      0.8348E-03  0.1073E-01   5.522    
    8.0+     9 7   5.596       0.000      0.3098E-02  0.1385E-01   5.579    
    8.0+    11 8   3.815       0.000       0.000      0.2785E-03   3.815    
    8.0-     6 1   5.521       0.000      0.3220E-01  0.1746E-01   5.471    
    8.0-     6 2   5.506       0.000      0.2846E-01  0.1625E-01   5.461    
    8.0-     8 3   5.624       0.000      0.8962E-02  0.1887E-01   5.596    
    8.0-     8 4   5.623       0.000      0.6280E-02  0.1296E-01   5.604    
    8.0-     8 5   5.610       0.000      0.2053E-02  0.3679E-02   5.605    
    8.0-    10 6   4.835       0.000      0.5068E-03  0.2286E-01   4.811    
    8.0-    10 7   4.994       0.000      0.1276E-02  0.1019E-01   4.983    
    9.0+     7 1   6.216       0.000      0.3216E-01  0.1602E-01   6.168    
    9.0+     7 2   6.197       0.000      0.2703E-01  0.1318E-01   6.157    
    9.0+     9 3   6.099       0.000      0.1224E-01  0.2432E-01   6.063    
    9.0+     9 4   6.184       0.000      0.7281E-02  0.1498E-01   6.162    
    9.0+     9 5   6.254       0.000      0.1191E-02  0.3027E-02   6.250    
    9.0+    11 6   4.264       0.000      0.5798E-03  0.2625E-01   4.237    
    9.0+    11 7   4.459       0.000      0.1696E-02  0.1125E-01   4.446    
    9.0-     6 1   6.153       0.000       0.000      0.1757E-01   6.136    
    9.0-     8 2   6.285       0.000      0.4854E-01  0.1178E-01   6.225    
    9.0-     8 3   6.284       0.000      0.1758E-01  0.1611E-01   6.251    
    9.0-     8 4   6.270       0.000      0.1217E-01  0.3028E-02   6.255    
    9.0-    10 5   5.404       0.000      0.4471E-03  0.3542E-01   5.368    
    9.0-    10 6   5.582       0.000      0.6091E-03  0.1473E-01   5.566    
    9.0-    10 7   5.771       0.000      0.2384E-02  0.1858E-01   5.750    
    9.0-    12 8   3.021       0.000       0.000      0.4759E-03   3.021    
   10.0+     7 1   6.849       0.000       0.000      0.1624E-01   6.833    
   10.0+     9 2   6.741       0.000      0.6422E-01  0.1440E-01   6.663    
   10.0+     9 3   6.835       0.000      0.2071E-01  0.1822E-01   6.796    
   10.0+     9 4   6.912       0.000      0.1331E-01  0.2021E-02   6.897    
   10.0+    11 5   4.713       0.000      0.4973E-03  0.3961E-01   4.673    
   10.0+    11 6   4.929       0.000      0.8092E-03  0.1683E-01   4.911    
   10.0+    11 7   5.178       0.000      0.3997E-02  0.2106E-01   5.153    
   10.0+    13 8   2.179       0.000       0.000      0.5850E-03   2.178    
   10.0-     8 1   6.946       0.000      0.2976E-01  0.1376E-01   6.902    
   10.0-     8 2   6.931       0.000      0.2326E-01  0.9646E-02   6.898    
   10.0-    10 3   5.972       0.000      0.1801E-01  0.3380E-01   5.921    
   10.0-    10 4   6.169       0.000      0.9919E-02  0.2042E-01   6.139    
   10.0-    10 5   6.378       0.000      0.9673E-03  0.3450E-02   6.374    
   10.0-    12 6   3.339       0.000      0.9514E-03  0.2337E-01   3.315    
   10.0-    12 7   3.500       0.000      0.2832E-02  0.9777E-02   3.488    
   11.0+     9 1   7.486       0.000      0.3582E-01  0.1557E-01   7.435    
   11.0+     9 2   7.571       0.000      0.2492E-01  0.9043E-02   7.537    
   11.0+    11 3   5.162       0.000      0.2074E-01  0.3697E-01   5.104    
   11.0+    11 4   5.398       0.000      0.1114E-01  0.2321E-01   5.364    
   11.0+    11 5   5.672       0.000      0.1444E-02  0.4184E-02   5.666    
   11.0+    13 6   2.386       0.000      0.1183E-02  0.1710E-01   2.368    
   11.0+    13 7   2.490       0.000      0.3372E-02  0.7034E-02   2.480    
   11.0-     8 1   7.591       0.000       0.000      0.1362E-01   7.577    
   11.0-    10 2   6.541       0.000      0.9201E-01  0.1925E-01   6.430    
   11.0-    10 3   6.757       0.000      0.2850E-01  0.2435E-01   6.704    
   11.0-    10 4   6.986       0.000      0.1823E-01  0.2126E-02   6.966    
   11.0-    12 5   3.657       0.000      0.7975E-03  0.3428E-01   3.622    
   11.0-    12 6   3.834       0.000      0.1352E-02  0.1519E-01   3.817    
   11.0-    12 7   4.043       0.000      0.6882E-02  0.1844E-01   4.018    
   11.0-    14 8   1.475       0.000       0.000      0.5254E-03   1.474    
   12.0+     9 1   8.229       0.000       0.000      0.1434E-01   8.215    
   12.0+    11 2   5.611       0.000      0.1037      0.2073E-01   5.486    
   12.0+    11 3   5.867       0.000      0.3180E-01  0.2708E-01   5.808    
   12.0+    11 4   6.165       0.000      0.2085E-01  0.3352E-02   6.141    
   12.0+    13 5   2.594       0.000      0.9729E-03  0.2440E-01   2.569    
   12.0+    13 6   2.707       0.000      0.1611E-02  0.1130E-01   2.694    
   12.0+    13 7   2.840       0.000      0.7949E-02  0.1314E-01   2.819    
   12.0+    15 8  0.9576       0.000       0.000      0.3806E-03  0.9572    
   12.0-    10 1   7.344       0.000      0.5011E-01  0.2056E-01   7.274    
   12.0-    10 2   7.593       0.000      0.3352E-01  0.1154E-01   7.548    
   12.0-    12 3   3.975       0.000      0.1840E-01  0.3133E-01   3.925    
   12.0-    12 4   4.167       0.000      0.9792E-02  0.2083E-01   4.136    
   12.0-    12 5   4.395       0.000      0.2249E-02  0.4547E-02   4.388    
   12.0-    14 6   1.603       0.000      0.1079E-02  0.1090E-01   1.591    
   12.0-    14 7   1.660       0.000      0.2942E-02  0.4422E-02   1.653    
   13.0+    11 1   6.337       0.000      0.5667E-01  0.2220E-01   6.258    
   13.0+    11 2   6.658       0.000      0.3776E-01  0.1391E-01   6.606    
   13.0+    13 3   2.802       0.000      0.1337E-01  0.2187E-01   2.766    
   13.0+    13 4   2.924       0.000      0.7095E-02  0.1540E-01   2.901    
   13.0+    13 5   3.067       0.000      0.2479E-02  0.4039E-02   3.061    
   13.0+    15 6   1.034       0.000      0.7920E-03  0.6337E-02   1.027    
   13.0+    15 7   1.063       0.000      0.2080E-02  0.2540E-02   1.058    
   13.0-    10 1   8.201       0.000       0.000      0.1891E-01   8.182    
   13.0-    12 2   4.293       0.000      0.9028E-01  0.1767E-01   4.185    
   13.0-    12 3   4.500       0.000      0.2738E-01  0.2374E-01   4.449    
   13.0-    12 4   4.747       0.000      0.1819E-01  0.4747E-02   4.724    
   13.0-    14 5   1.731       0.000      0.8731E-03  0.1516E-01   1.715    
   13.0-    14 6   1.793       0.000      0.1407E-02  0.7295E-02   1.784    
   13.0-    14 7   1.864       0.000      0.6715E-02  0.8119E-02   1.850    
   13.0-    16 8  0.6058       0.000       0.000      0.2406E-03  0.6056    
   14.0+    11 1   7.151       0.000       0.000      0.2081E-01   7.130    
   14.0+    13 2   3.009       0.000      0.6458E-01  0.1256E-01   2.932    
   14.0+    13 3   3.140       0.000      0.1927E-01  0.1716E-01   3.104    
   14.0+    13 4   3.295       0.000      0.1283E-01  0.4874E-02   3.277    
   14.0+    15 5   1.111       0.000      0.6320E-03  0.8627E-02   1.102    
   14.0+    15 6   1.142       0.000      0.9961E-03  0.4277E-02   1.136    
   14.0+    15 7   1.177       0.000      0.4623E-02  0.4581E-02   1.167    
   14.0+    17 8  0.3767       0.000       0.000      0.1395E-03  0.3766    
   14.0-    12 1   4.834       0.000      0.4932E-01  0.1867E-01   4.766    
   14.0-    12 2   5.098       0.000      0.3252E-01  0.1376E-01   5.052    
   14.0-    14 3   1.859       0.000      0.8463E-02  0.1336E-01   1.837    
   14.0-    14 4   1.926       0.000      0.4482E-02  0.9881E-02   1.911    
   14.0-    14 5   2.003       0.000      0.2040E-02  0.2960E-02   1.998    
   14.0-    16 6  0.6507       0.000      0.5061E-03  0.3478E-02  0.6467    
   14.0-    16 7  0.6643       0.000      0.1290E-02  0.1377E-02  0.6616    
   15.0+    13 1   3.357       0.000      0.3503E-01  0.1294E-01   3.309    
   15.0+    13 2   3.522       0.000      0.2268E-01  0.1106E-01   3.488    
   15.0+    15 3   1.187       0.000      0.4899E-02  0.7495E-02   1.175    
   15.0+    15 4   1.220       0.000      0.2586E-02  0.5754E-02   1.212    
   15.0+    15 5   1.258       0.000      0.1380E-02  0.1878E-02   1.255    
   15.0+    17 6  0.4027       0.000      0.2962E-03  0.1840E-02  0.4006    
   15.0+    17 7  0.4089       0.000      0.7366E-03  0.7197E-03  0.4075    
   15.0-    12 1   5.450       0.000       0.000      0.1752E-01   5.432    
   15.0-    14 2   1.987       0.000      0.4033E-01  0.7843E-02   1.939    
   15.0-    14 3   2.058       0.000      0.1182E-01  0.1080E-01   2.036    
   15.0-    14 4   2.141       0.000      0.7845E-02  0.3843E-02   2.129    
   15.0-    16 5  0.6955       0.000      0.3990E-03  0.4652E-02  0.6905    
   15.0-    16 6  0.7101       0.000      0.6183E-03  0.2356E-02  0.7071    
   15.0-    16 7  0.7262       0.000      0.2807E-02  0.2446E-02  0.7210    
   15.0-    18 8  0.2316       0.000       0.000      0.7614E-04  0.2315    
   16.0+    13 1   3.749       0.000       0.000      0.1196E-01   3.737    
   16.0+    15 2   1.264       0.000      0.2307E-01  0.4484E-02   1.236    
   16.0+    15 3   1.299       0.000      0.6653E-02  0.6185E-02   1.286    
   16.0+    15 4   1.339       0.000      0.4393E-02  0.2533E-02   1.332    
   16.0+    17 5  0.4287       0.000      0.2311E-03  0.2426E-02  0.4260    
   16.0+    17 6  0.4353       0.000      0.3536E-03  0.1247E-02  0.4337    
   16.0+    17 7  0.4426       0.000      0.1578E-02  0.1263E-02  0.4397    
   16.0+    19 8  0.1412       0.000       0.000      0.3981E-04  0.1411    
   16.0-    14 1   2.191       0.000      0.2166E-01  0.7841E-02   2.162    
   16.0-    14 2   2.279       0.000      0.1373E-01  0.7514E-02   2.258    
   16.0-    16 3  0.7404       0.000      0.2684E-02  0.3993E-02  0.7337    
   16.0-    16 4  0.7559       0.000      0.1410E-02  0.3150E-02  0.7513    
   16.0-    16 5  0.7731       0.000      0.8267E-03  0.1083E-02  0.7712    
   16.0-    18 6  0.2465       0.000      0.1631E-03  0.9490E-03  0.2454    
   16.0-    18 7  0.2493       0.000      0.3975E-03  0.3667E-03  0.2485    
   17.0+    15 1   1.378       0.000      0.1227E-01  0.4364E-02   1.361    
   17.0+    15 2   1.420       0.000      0.7618E-02  0.4523E-02   1.408    
   17.0+    17 3  0.4547       0.000      0.1421E-02  0.2061E-02  0.4512    
   17.0+    17 4  0.4617       0.000      0.7414E-03  0.1657E-02  0.4593    
   17.0+    17 5  0.4694       0.000      0.4597E-03  0.5878E-03  0.4683    
   17.0+    19 6  0.1497       0.000      0.8590E-04  0.4812E-03  0.1492    
   17.0+    19 7  0.1509       0.000      0.2061E-03  0.1836E-03  0.1505    
   17.0-    14 1   2.417       0.000       0.000      0.7096E-02   2.410    
   17.0-    16 2  0.7853       0.000      0.1252E-01  0.2422E-02  0.7703    
   17.0-    16 3  0.8017       0.000      0.3557E-02  0.3340E-02  0.7948    
   17.0-    16 4  0.8200       0.000      0.2337E-02  0.1492E-02  0.8161    
   17.0-    18 5  0.2615       0.000      0.1260E-03  0.1237E-02  0.2601    
   17.0-    18 6  0.2644       0.000      0.1911E-03  0.6420E-03  0.2636    
   17.0-    18 7  0.2676       0.000      0.8417E-03  0.6380E-03  0.2661    
   17.0-    20 8  0.8551E-01   0.000       0.000      0.2026E-04  0.8549E-01
   18.0+    15 1   1.501       0.000       0.000      0.3867E-02   1.497    
   18.0+    17 2  0.4807       0.000      0.6568E-02  0.1262E-02  0.4728    
   18.0+    17 3  0.4881       0.000      0.1844E-02  0.1738E-02  0.4845    
   18.0+    17 4  0.4962       0.000      0.1207E-02  0.8194E-03  0.4942    
   18.0+    19 5  0.1583       0.000      0.6585E-04  0.6215E-03  0.1576    
   18.0+    19 6  0.1596       0.000      0.9917E-04  0.3242E-03  0.1591    
   18.0+    19 7  0.1609       0.000      0.4324E-03  0.3175E-03  0.1602    
   18.0+    21 8  0.5153E-01   0.000       0.000      0.1015E-04  0.5152E-01
   18.0-    16 1  0.8475       0.000      0.6598E-02  0.2306E-02  0.8386    
   18.0-    16 2  0.8668       0.000      0.4022E-02  0.2517E-02  0.8603    
   18.0-    18 3  0.2764       0.000      0.7358E-03  0.1042E-02  0.2746    
   18.0-    18 4  0.2795       0.000      0.3805E-03  0.8487E-03  0.2783    
   18.0-    18 5  0.2829       0.000      0.2429E-03  0.3057E-03  0.2823    
   18.0-    20 6  0.9039E-01   0.000      0.4400E-04  0.2413E-03  0.9011E-01
   18.0-    20 7  0.9092E-01   0.000      0.1041E-03  0.9089E-04  0.9072E-01
   19.0+    17 1  0.5145       0.000      0.3437E-02  0.1181E-02  0.5098    
   19.0+    17 2  0.5230       0.000      0.2063E-02  0.1333E-02  0.5196    
   19.0+    19 3  0.1668       0.000      0.3751E-03  0.5201E-03  0.1659    
   19.0+    19 4  0.1682       0.000      0.1921E-03  0.4265E-03  0.1676    
   19.0+    19 5  0.1696       0.000      0.1238E-03  0.1542E-03  0.1694    
   19.0+    21 6  0.5432E-01   0.000      0.2218E-04  0.1201E-03  0.5417E-01
   19.0+    21 7  0.5454E-01   0.000      0.5191E-04  0.4471E-04  0.5445E-01
   19.0-    16 1  0.9137       0.000       0.000      0.2008E-02  0.9117    
   19.0-    18 2  0.2913       0.000      0.3373E-02  0.6414E-03  0.2873    
   19.0-    18 3  0.2946       0.000      0.9371E-03  0.8818E-03  0.2928    
   19.0-    18 4  0.2982       0.000      0.6121E-03  0.4292E-03  0.2971    
   19.0-    20 5  0.9528E-01   0.000      0.3348E-04  0.3093E-03  0.9494E-01
   19.0-    20 6  0.9583E-01   0.000      0.5018E-04  0.1617E-03  0.9562E-01
   19.0-    20 7  0.9643E-01   0.000      0.2170E-03  0.1565E-03  0.9605E-01
   19.0-    22 8  0.3092E-01   0.000       0.000      0.5037E-05  0.3092E-01
   20.0+    17 1  0.5498       0.000       0.000      0.1014E-02  0.5488    
   20.0+    19 2  0.1754       0.000      0.1707E-02  0.3203E-03  0.1734    
   20.0+    19 3  0.1768       0.000      0.4702E-03  0.4397E-03  0.1759    
   20.0+    19 4  0.1783       0.000      0.3067E-03  0.2175E-03  0.1778    
   20.0+    21 5  0.5710E-01   0.000      0.1677E-04  0.1531E-03  0.5693E-01
   20.0+    21 6  0.5734E-01   0.000      0.2504E-04  0.8006E-04  0.5723E-01
   20.0+    21 7  0.5759E-01   0.000      0.1076E-03  0.7680E-04  0.5741E-01
   20.0+    23 8  0.1849E-01   0.000       0.000      0.2488E-05  0.1849E-01
   20.0-    18 1  0.3097       0.000      0.1755E-02  0.5921E-03  0.3074    
   20.0-    18 2  0.3135       0.000      0.1039E-02  0.6825E-03  0.3117    
   20.0-    20 3  0.1002       0.000      0.1893E-03  0.2573E-03  0.9972E-01
   20.0-    20 4  0.1007       0.000      0.9592E-04  0.2119E-03  0.1004    
   20.0-    20 5  0.1014       0.000      0.6171E-04  0.7630E-04  0.1012    
   20.0-    22 6  0.3251E-01   0.000      0.1108E-04  0.5956E-04  0.3244E-01
   20.0-    22 7  0.3261E-01   0.000      0.2568E-04  0.2191E-04  0.3256E-01
   21.0+    19 1  0.1854       0.000      0.8840E-03  0.2929E-03  0.1843    
   21.0+    19 2  0.1870       0.000      0.5175E-03  0.3411E-03  0.1862    
   21.0+    21 3  0.5989E-01   0.000      0.9500E-04  0.1266E-03  0.5966E-01
   21.0+    21 4  0.6014E-01   0.000      0.4762E-04  0.1045E-03  0.5998E-01
   21.0+    21 5  0.6040E-01   0.000      0.3041E-04  0.3739E-04  0.6033E-01
   21.0+    23 6  0.1939E-01   0.000      0.5507E-05  0.2946E-04  0.1936E-01
   21.0+    23 7  0.1943E-01   0.000      0.1266E-04  0.1072E-04  0.1941E-01
   21.0-    18 1  0.3287       0.000       0.000      0.5033E-03  0.3282    
   21.0-    20 2  0.1050       0.000      0.8564E-03  0.1582E-03  0.1040    
   21.0-    20 3  0.1057       0.000      0.2341E-03  0.2170E-03  0.1052    
   21.0-    20 4  0.1063       0.000      0.1526E-03  0.1079E-03  0.1061    
   21.0-    22 5  0.3409E-01   0.000      0.8325E-05  0.7549E-04  0.3401E-01
   21.0-    22 6  0.3420E-01   0.000      0.1240E-04  0.3949E-04  0.3414E-01
   21.0-    22 7  0.3430E-01   0.000      0.5301E-04  0.3759E-04  0.3421E-01
   21.0-    24 8  0.1102E-01   0.000       0.000      0.1227E-05  0.1102E-01
   22.0+    19 1  0.1957       0.000       0.000      0.2472E-03  0.1955    
   22.0+    21 2  0.6267E-01   0.000      0.4272E-03  0.7768E-04  0.6217E-01
   22.0+    21 3  0.6293E-01   0.000      0.1161E-03  0.1064E-03  0.6271E-01
   22.0+    21 4  0.6321E-01   0.000      0.7560E-04  0.5302E-04  0.6308E-01
   22.0+    23 5  0.2029E-01   0.000      0.4115E-05  0.3716E-04  0.2025E-01
   22.0+    23 6  0.2034E-01   0.000      0.6119E-05  0.1943E-04  0.2031E-01
   22.0+    23 7  0.2038E-01   0.000      0.2605E-04  0.1838E-04  0.2034E-01
   22.0+    25 8  0.6551E-02   0.000       0.000      0.6034E-06  0.6550E-02
   22.0-    20 1  0.1106       0.000      0.4417E-03  0.1437E-03  0.1100    
   22.0-    20 2  0.1113       0.000      0.2561E-03  0.1681E-03  0.1108    
   22.0-    22 3  0.3568E-01   0.000      0.4748E-04  0.6215E-04  0.3557E-01
   22.0-    22 4  0.3579E-01   0.000      0.2356E-04  0.5138E-04  0.3571E-01
   22.0-    22 5  0.3590E-01   0.000      0.1490E-04  0.1823E-04  0.3587E-01
   22.0-    24 6  0.1153E-01   0.000      0.2733E-05  0.1455E-04  0.1152E-01
   22.0-    24 7  0.1155E-01   0.000      0.6237E-05  0.5246E-05  0.1154E-01
   23.0+    21 1  0.6573E-01   0.000      0.2197E-03  0.7016E-04  0.6544E-01
   23.0+    21 2  0.6602E-01   0.000      0.1263E-03  0.8217E-04  0.6581E-01
   23.0+    23 3  0.2120E-01   0.000      0.2368E-04  0.3046E-04  0.2114E-01
   23.0+    23 4  0.2124E-01   0.000      0.1164E-04  0.2521E-04  0.2120E-01
   23.0+    23 5  0.2129E-01   0.000      0.7282E-05  0.8868E-05  0.2127E-01
   23.0+    25 6  0.6842E-02   0.000      0.1354E-05  0.7179E-05  0.6833E-02
   23.0+    25 7  0.6849E-02   0.000      0.3070E-05  0.2565E-05  0.6843E-02
   23.0-    20 1  0.1162       0.000       0.000      0.1207E-03  0.1161    
   23.0-    22 2  0.3727E-01   0.000      0.2124E-03  0.3800E-04  0.3702E-01
   23.0-    22 3  0.3738E-01   0.000      0.5742E-04  0.5205E-04  0.3727E-01
   23.0-    22 4  0.3749E-01   0.000      0.3739E-04  0.2589E-04  0.3743E-01
   23.0-    24 5  0.1205E-01   0.000      0.2032E-05  0.1827E-04  0.1203E-01
   23.0-    24 6  0.1206E-01   0.000      0.3018E-05  0.9556E-05  0.1205E-01
   23.0-    24 7  0.1208E-01   0.000      0.1280E-04  0.8984E-05  0.1206E-01
   23.0-    26 8  0.3883E-02   0.000       0.000      0.2957E-06  0.3883E-02
   24.0+    21 1  0.6883E-01   0.000       0.000      0.5876E-04  0.6877E-01
   24.0+    23 2  0.2210E-01   0.000      0.1055E-03  0.1856E-04  0.2197E-01
   24.0+    23 3  0.2214E-01   0.000      0.2837E-04  0.2542E-04  0.2209E-01
   24.0+    23 4  0.2219E-01   0.000      0.1848E-04  0.1262E-04  0.2216E-01
   24.0+    25 5  0.7133E-02   0.000      0.1002E-05  0.8982E-05  0.7123E-02
   24.0+    25 6  0.7140E-02   0.000      0.1487E-05  0.4696E-05  0.7134E-02
   24.0+    25 7  0.7148E-02   0.000      0.6289E-05  0.4392E-05  0.7138E-02
   24.0+    27 8  0.2297E-02   0.000       0.000      0.1444E-06  0.2297E-02
   24.0-    22 1  0.3897E-01   0.000      0.1090E-03  0.3418E-04  0.3882E-01
   24.0-    22 2  0.3909E-01   0.000      0.6219E-04  0.4002E-04  0.3899E-01
   24.0-    24 3  0.1256E-01   0.000      0.1180E-04  0.1492E-04  0.1253E-01
   24.0-    24 4  0.1258E-01   0.000      0.5750E-05  0.1236E-04  0.1256E-01
   24.0-    24 5  0.1260E-01   0.000      0.3562E-05  0.4315E-05  0.1259E-01
   24.0-    26 6  0.4049E-02   0.000      0.6683E-06  0.3538E-05  0.4045E-02
   24.0-    26 7  0.4052E-02   0.000      0.1507E-05  0.1254E-05  0.4049E-02
   25.0+    23 1  0.2305E-01   0.000      0.5398E-04  0.1664E-04  0.2298E-01
   25.0+    23 2  0.2310E-01   0.000      0.3061E-04  0.1947E-04  0.2305E-01
   25.0+    25 3  0.7424E-02   0.000      0.5874E-05  0.7307E-05  0.7411E-02
   25.0+    25 4  0.7432E-02   0.000      0.2840E-05  0.6058E-05  0.7423E-02
   25.0+    25 5  0.7440E-02   0.000      0.1742E-05  0.2099E-05  0.7436E-02
   25.0+    27 6  0.2391E-02   0.000      0.3285E-06  0.1743E-05  0.2389E-02
   25.0+    27 7  0.2392E-02   0.000      0.7371E-06  0.6123E-06  0.2391E-02
   25.0-    22 1  0.4069E-01   0.000       0.000      0.2857E-04  0.4066E-01
   25.0-    24 2  0.1307E-01   0.000      0.5231E-04  0.9059E-05  0.1301E-01
   25.0-    24 3  0.1309E-01   0.000      0.1402E-04  0.1241E-04  0.1306E-01
   25.0-    24 4  0.1311E-01   0.000      0.9134E-05  0.6150E-05  0.1310E-01
   25.0-    26 5  0.4214E-02   0.000      0.4926E-06  0.4412E-05  0.4209E-02
   25.0-    26 6  0.4217E-02   0.000      0.7306E-06  0.2305E-05  0.4214E-02
   25.0-    26 7  0.4220E-02   0.000      0.3081E-05  0.2147E-05  0.4215E-02
   25.0-    28 8  0.1356E-02   0.000       0.000      0.7048E-07  0.1356E-02
   26.0+    23 1  0.2401E-01   0.000       0.000      0.1389E-04  0.2399E-01
   26.0+    25 2  0.7715E-02   0.000      0.2593E-04  0.4421E-05  0.7685E-02
   26.0+    25 3  0.7723E-02   0.000      0.6926E-05  0.6060E-05  0.7710E-02
   26.0+    25 4  0.7732E-02   0.000      0.4515E-05  0.2996E-05  0.7724E-02
   26.0+    27 5  0.2485E-02   0.000      0.2412E-06  0.2168E-05  0.2482E-02
   26.0+    27 6  0.2486E-02   0.000      0.3577E-06  0.1131E-05  0.2484E-02
   26.0+    27 7  0.2487E-02   0.000      0.1505E-05  0.1049E-05  0.2485E-02
   26.0+    29 8  0.7986E-03   0.000       0.000      0.3453E-07  0.7986E-03
   26.0-    24 1  0.1360E-01   0.000      0.2673E-04  0.8103E-05  0.1357E-01
   26.0-    24 2  0.1363E-01   0.000      0.1507E-04  0.9474E-05  0.1360E-01
   26.0-    26 3  0.4379E-02   0.000      0.2922E-05  0.3578E-05  0.4373E-02
   26.0-    26 4  0.4383E-02   0.000      0.1402E-05  0.2967E-05  0.4378E-02
   26.0-    26 5  0.4386E-02   0.000      0.8504E-06  0.1019E-05  0.4384E-02
   26.0-    28 6  0.1409E-02   0.000      0.1615E-06  0.8596E-06  0.1408E-02
   26.0-    28 7  0.1409E-02   0.000      0.3606E-06  0.2994E-06  0.1409E-02
   27.0+    25 1  0.8015E-02   0.000      0.1323E-04  0.3946E-05  0.7998E-02
   27.0+    25 2  0.8024E-02   0.000      0.7424E-05  0.4610E-05  0.8012E-02
   27.0+    27 3  0.2578E-02   0.000      0.1453E-05  0.1752E-05  0.2575E-02
   27.0+    27 4  0.2580E-02   0.000      0.6916E-06  0.1452E-05  0.2578E-02
   27.0+    27 5  0.2581E-02   0.000      0.4139E-06  0.4936E-06  0.2580E-02
   27.0+    29 6  0.8288E-03   0.000      0.7969E-07  0.4245E-06  0.8283E-03
   27.0+    29 7  0.8290E-03   0.000      0.1772E-06  0.1468E-06  0.8287E-03
   27.0-    24 1  0.1414E-01   0.000       0.000      0.6754E-05  0.1413E-01
   27.0-    26 2  0.4545E-02   0.000      0.1285E-04  0.2157E-05  0.4530E-02
   27.0-    26 3  0.4548E-02   0.000      0.3421E-05  0.2958E-05  0.4542E-02
   27.0-    26 4  0.4551E-02   0.000      0.2232E-05  0.1456E-05  0.4548E-02
   27.0-    28 5  0.1462E-02   0.000      0.1181E-06  0.1066E-05  0.1461E-02
   27.0-    28 6  0.1463E-02   0.000      0.1751E-06  0.5553E-06  0.1462E-02
   27.0-    28 7  0.1463E-02   0.000      0.7355E-06  0.5135E-06  0.1462E-02
   27.0-    30 8  0.4696E-03   0.000       0.000      0.1701E-07  0.4696E-03
   28.0+    25 1  0.8315E-02   0.000       0.000      0.3287E-05  0.8312E-02
   28.0+    27 2  0.2672E-02   0.000      0.6369E-05  0.1052E-05  0.2665E-02
   28.0+    27 3  0.2673E-02   0.000      0.1691E-05  0.1443E-05  0.2670E-02
   28.0+    27 4  0.2675E-02   0.000      0.1104E-05  0.7063E-06  0.2673E-02
   28.0+    29 5  0.8589E-03   0.000      0.5811E-07  0.5251E-06  0.8583E-03
   28.0+    29 6  0.8592E-03   0.000      0.8614E-07  0.2733E-06  0.8588E-03
   28.0+    29 7  0.8594E-03   0.000      0.3611E-06  0.2519E-06  0.8588E-03
   28.0+    31 8  0.2757E-03   0.000       0.000      0.8414E-08  0.2757E-03
   28.0-    26 1  0.4713E-02   0.000      0.6550E-05  0.1922E-05  0.4705E-02
   28.0-    26 2  0.4717E-02   0.000      0.3658E-05  0.2241E-05  0.4711E-02
   28.0-    28 3  0.1515E-02   0.000      0.7234E-06  0.8594E-06  0.1514E-02
   28.0-    28 4  0.1516E-02   0.000      0.3417E-06  0.7117E-06  0.1515E-02
   28.0-    28 5  0.1516E-02   0.000      0.2016E-06  0.2393E-06  0.1516E-02
   28.0-    30 6  0.4867E-03   0.000      0.3956E-07  0.2100E-06  0.4864E-03
   28.0-    30 7  0.4868E-03   0.000      0.8766E-07  0.7217E-07  0.4866E-03
   29.0+    27 1  0.2767E-02   0.000      0.3243E-05  0.9364E-06  0.2763E-02
   29.0+    27 2  0.2769E-02   0.000      0.1804E-05  0.1089E-05  0.2766E-02
   29.0+    29 3  0.8891E-03   0.000      0.3607E-06  0.4223E-06  0.8883E-03
   29.0+    29 4  0.8893E-03   0.000      0.1692E-06  0.3496E-06  0.8888E-03
   29.0+    29 5  0.8895E-03   0.000      0.9865E-07  0.1165E-06  0.8893E-03
   29.0+    31 6  0.2854E-03   0.000      0.1973E-07  0.1041E-06  0.2852E-03
   29.0+    31 7  0.2854E-03   0.000      0.4357E-07  0.3556E-07  0.2853E-03
   29.0-    26 1  0.4882E-02   0.000       0.000      0.1600E-05  0.4881E-02
   29.0-    28 2  0.1568E-02   0.000      0.3160E-05  0.5137E-06  0.1565E-02
   29.0-    28 3  0.1569E-02   0.000      0.8371E-06  0.7053E-06  0.1567E-02
   29.0-    28 4  0.1570E-02   0.000      0.5467E-06  0.3428E-06  0.1569E-02
   29.0-    30 5  0.5038E-03   0.000      0.2876E-07  0.2592E-06  0.5035E-03
   29.0-    30 6  0.5039E-03   0.000      0.4263E-07  0.1349E-06  0.5037E-03
   29.0-    30 7  0.5040E-03   0.000      0.1785E-06  0.1239E-06  0.5037E-03
   29.0-    32 8  0.1616E-03   0.000       0.000      0.4166E-08  0.1616E-03
   30.0+    27 1  0.2863E-02   0.000       0.000      0.7800E-06  0.2862E-02
   30.0+    29 2  0.9192E-03   0.000      0.1571E-05  0.2515E-06  0.9174E-03
   30.0+    29 3  0.9194E-03   0.000      0.4152E-06  0.3455E-06  0.9187E-03
   30.0+    29 4  0.9197E-03   0.000      0.2713E-06  0.1671E-06  0.9193E-03
   30.0+    31 5  0.2950E-03   0.000      0.1430E-07  0.1281E-06  0.2949E-03
   30.0+    31 6  0.2951E-03   0.000      0.2121E-07  0.6667E-07  0.2950E-03
   30.0+    31 7  0.2951E-03   0.000      0.8864E-07  0.6107E-07  0.2950E-03
   30.0+    33 8  0.9457E-04   0.000       0.000      0.2061E-08  0.9456E-04
   30.0-    28 1  0.1622E-02   0.000      0.1608E-05  0.4569E-06  0.1620E-02
   30.0-    28 2  0.1623E-02   0.000      0.8908E-06  0.5293E-06  0.1621E-02
   30.0-    30 3  0.5208E-03   0.000      0.1801E-06  0.2079E-06  0.5205E-03
   30.0-    30 4  0.5209E-03   0.000      0.8404E-07  0.1722E-06  0.5207E-03
   30.0-    30 5  0.5210E-03   0.000      0.4860E-07  0.5702E-07  0.5209E-03
   30.0-    32 6  0.1671E-03   0.000      0.9858E-08  0.5158E-07  0.1670E-03
   30.0-    32 7  0.1671E-03   0.000      0.2169E-07  0.1754E-07  0.1670E-03
   31.0+    29 1  0.9496E-03   0.000      0.7988E-06  0.2235E-06  0.9486E-03
   31.0+    29 2  0.9498E-03   0.000      0.4409E-06  0.2583E-06  0.9491E-03
   31.0+    31 3  0.3047E-03   0.000      0.9008E-07  0.1025E-06  0.3045E-03
   31.0+    31 4  0.3047E-03   0.000      0.4183E-07  0.8499E-07  0.3046E-03
   31.0+    31 5  0.3048E-03   0.000      0.2407E-07  0.2803E-07  0.3047E-03
   31.0+    33 6  0.9767E-04   0.000      0.4915E-08  0.2559E-07  0.9764E-04
   31.0+    33 7  0.9767E-04   0.000      0.1078E-07  0.8659E-08  0.9765E-04
   31.0-    28 1  0.1676E-02   0.000       0.000      0.3808E-06  0.1676E-02
   31.0-    30 2  0.5379E-03   0.000      0.7824E-06  0.1234E-06  0.5370E-03
   31.0-    30 3  0.5380E-03   0.000      0.2063E-06  0.1697E-06  0.5376E-03
   31.0-    30 4  0.5381E-03   0.000      0.1349E-06  0.8187E-07  0.5379E-03
   31.0-    32 5  0.1725E-03   0.000      0.7126E-08  0.6334E-07  0.1725E-03
   31.0-    32 6  0.1725E-03   0.000      0.1057E-07  0.3299E-07  0.1725E-03
   31.0-    32 7  0.1726E-03   0.000      0.4411E-07  0.3013E-07  0.1725E-03
   31.0-    34 8  0.5527E-04   0.000       0.000      0.1021E-08  0.5527E-04
   32.0+    29 1  0.9800E-03   0.000       0.000      0.1863E-06  0.9798E-03
   32.0+    31 2  0.3144E-03   0.000      0.3902E-06  0.6073E-07  0.3139E-03
   32.0+    31 3  0.3144E-03   0.000      0.1027E-06  0.8355E-07  0.3142E-03
   32.0+    31 4  0.3145E-03   0.000      0.6721E-07  0.4029E-07  0.3143E-03
   32.0+    33 5  0.1008E-03   0.000      0.3544E-08  0.3136E-07  0.1007E-03
   32.0+    33 6  0.1008E-03   0.000      0.5256E-08  0.1633E-07  0.1008E-03
   32.0+    33 7  0.1008E-03   0.000      0.2191E-07  0.1488E-07  0.1007E-03
   32.0+    35 8  0.3226E-04   0.000       0.000      0.5075E-09  0.3226E-04
   32.0-    30 1  0.5551E-03   0.000      0.3976E-06  0.1096E-06  0.5546E-03
   32.0-    30 2  0.5552E-03   0.000      0.2187E-06  0.1266E-06  0.5549E-03
   32.0-    32 3  0.1780E-03   0.000      0.4506E-07  0.5058E-07  0.1779E-03
   32.0-    32 4  0.1780E-03   0.000      0.2083E-07  0.4198E-07  0.1780E-03
   32.0-    32 5  0.1780E-03   0.000      0.1195E-07  0.1380E-07  0.1780E-03
   32.0-    34 6  0.5702E-04   0.000      0.2452E-08  0.1272E-07  0.5701E-04
   32.0-    34 7  0.5703E-04   0.000      0.5364E-08  0.4282E-08  0.5702E-04
   33.0+    31 1  0.3241E-03   0.000      0.1982E-06  0.5385E-07  0.3238E-03
   33.0+    31 2  0.3241E-03   0.000      0.1087E-06  0.6222E-07  0.3240E-03
   33.0+    33 3  0.1039E-03   0.000      0.2256E-07  0.2499E-07  0.1038E-03
   33.0+    33 4  0.1039E-03   0.000      0.1038E-07  0.2076E-07  0.1038E-03
   33.0+    33 5  0.1039E-03   0.000      0.5921E-08  0.6790E-08  0.1039E-03
   33.0+    35 6  0.3325E-04   0.000      0.1230E-08  0.6329E-08  0.3325E-04
   33.0+    35 7  0.3326E-04   0.000      0.2684E-08  0.2122E-08  0.3325E-04
   33.0-    30 1  0.5723E-03   0.000       0.000      0.9137E-07  0.5722E-03
   33.0-    32 2  0.1835E-03   0.000      0.1947E-06  0.2991E-07  0.1833E-03
   33.0-    32 3  0.1835E-03   0.000      0.5117E-07  0.4117E-07  0.1834E-03
   33.0-    32 4  0.1835E-03   0.000      0.3350E-07  0.1986E-07  0.1835E-03
   33.0-    34 5  0.5878E-04   0.000      0.1764E-08  0.1555E-07  0.5876E-04
   33.0-    34 6  0.5878E-04   0.000      0.2616E-08  0.8101E-08  0.5877E-04
   33.0-    34 7  0.5878E-04   0.000      0.1089E-07  0.7360E-08  0.5877E-04
   33.0-    36 8  0.1881E-04   0.000       0.000      0.2532E-09  0.1881E-04
   34.0+    31 1  0.3338E-03   0.000       0.000      0.4489E-07  0.3338E-03
   34.0+    33 2  0.1070E-03   0.000      0.9725E-07  0.1474E-07  0.1069E-03
   34.0+    33 3  0.1070E-03   0.000      0.2551E-07  0.2031E-07  0.1069E-03
   34.0+    33 4  0.1070E-03   0.000      0.1671E-07  0.9781E-08  0.1070E-03
   34.0+    35 5  0.3425E-04   0.000      0.8828E-09  0.7724E-08  0.3424E-04
   34.0+    35 6  0.3425E-04   0.000      0.1310E-08  0.4026E-08  0.3424E-04
   34.0+    35 7  0.3425E-04   0.000      0.5447E-08  0.3648E-08  0.3424E-04
   34.0+    37 8  0.1095E-04   0.000       0.000      0.1262E-09  0.1095E-04
   34.0-    32 1  0.1890E-03   0.000      0.9883E-07  0.2649E-07  0.1889E-03
   34.0-    32 2  0.1890E-03   0.000      0.5406E-07  0.3062E-07  0.1889E-03
   34.0-    34 3  0.6053E-04   0.000      0.1132E-07  0.1237E-07  0.6051E-04
   34.0-    34 4  0.6054E-04   0.000      0.5185E-08  0.1028E-07  0.6052E-04
   34.0-    34 5  0.6054E-04   0.000      0.2936E-08  0.3347E-08  0.6053E-04
   34.0-    36 6  0.1937E-04   0.000      0.6193E-09  0.3149E-08  0.1937E-04
   34.0-    36 7  0.1937E-04   0.000      0.1348E-08  0.1053E-08  0.1937E-04
   35.0+    33 1  0.1101E-03   0.000      0.4934E-07  0.1305E-07  0.1100E-03
   35.0+    33 2  0.1101E-03   0.000      0.2692E-07  0.1508E-07  0.1100E-03
   35.0+    35 3  0.3524E-04   0.000      0.5685E-08  0.6132E-08  0.3523E-04
   35.0+    35 4  0.3524E-04   0.000      0.2595E-08  0.5101E-08  0.3523E-04
   35.0+    35 5  0.3524E-04   0.000      0.1465E-08  0.1656E-08  0.3524E-04
   35.0+    37 6  0.1127E-04   0.000      0.3112E-09  0.1563E-08  0.1127E-04
   35.0+    37 7  0.1127E-04   0.000      0.6759E-09  0.5212E-09  0.1127E-04
   35.0-    32 1  0.1945E-03   0.000       0.000      0.2208E-07  0.1945E-03
   35.0-    34 2  0.6229E-04   0.000      0.4869E-07  0.7282E-08  0.6223E-04
   35.0-    34 3  0.6229E-04   0.000      0.1275E-07  0.1004E-07  0.6227E-04
   35.0-    34 4  0.6229E-04   0.000      0.8359E-08  0.4826E-08  0.6228E-04
   35.0-    36 5  0.1993E-04   0.000      0.4436E-09  0.3836E-08  0.1993E-04
   35.0-    36 6  0.1993E-04   0.000      0.6582E-09  0.2002E-08  0.1993E-04
   35.0-    36 7  0.1993E-04   0.000      0.2735E-08  0.1809E-08  0.1993E-04
   35.0-    38 8  0.6371E-05   0.000       0.000      0.6261E-10  0.6371E-05
   36.0+    33 1  0.1132E-03   0.000       0.000      0.1087E-07  0.1132E-03
   36.0+    35 2  0.3623E-04   0.000      0.2441E-07  0.3605E-08  0.3620E-04
   36.0+    35 3  0.3623E-04   0.000      0.6385E-08  0.4970E-08  0.3622E-04
   36.0+    35 4  0.3623E-04   0.000      0.4187E-08  0.2391E-08  0.3623E-04
   36.0+    37 5  0.1159E-04   0.000      0.2225E-09  0.1900E-08  0.1159E-04
   36.0+    37 6  0.1159E-04   0.000      0.3302E-09  0.9933E-09  0.1159E-04
   36.0+    37 7  0.1159E-04   0.000      0.1371E-08  0.8955E-09  0.1159E-04
   36.0+    39 8  0.3702E-05   0.000       0.000      0.3085E-10  0.3702E-05
   36.0-    34 1  0.6405E-04   0.000      0.2469E-07  0.6440E-08  0.6401E-04
   36.0-    34 2  0.6405E-04   0.000      0.1344E-07  0.7439E-08  0.6403E-04
   36.0-    36 3  0.2049E-04   0.000      0.2854E-08  0.3039E-08  0.2049E-04
   36.0-    36 4  0.2049E-04   0.000      0.1299E-08  0.2533E-08  0.2049E-04
   36.0-    36 5  0.2049E-04   0.000      0.7342E-09  0.8223E-09  0.2049E-04
   36.0-    38 6  0.6551E-05   0.000      0.1561E-09  0.7731E-09  0.6550E-05
   36.0-    38 7  0.6551E-05   0.000      0.3382E-09  0.2570E-09  0.6550E-05
   37.0+    35 1  0.3723E-04   0.000      0.1237E-07  0.3184E-08  0.3721E-04
   37.0+    35 2  0.3723E-04   0.000      0.6717E-08  0.3681E-08  0.3722E-04
   37.0+    37 3  0.1191E-04   0.000      0.1431E-08  0.1503E-08  0.1190E-04
   37.0+    37 4  0.1191E-04   0.000      0.6498E-09  0.1255E-08  0.1190E-04
   37.0+    37 5  0.1191E-04   0.000      0.3672E-09  0.4079E-09  0.1190E-04
   37.0+    39 6  0.3804E-05   0.000      0.7788E-10  0.3808E-09  0.3803E-05
   37.0+    39 7  0.3804E-05   0.000      0.1684E-09  0.1262E-09  0.3804E-05
   37.0-    34 1  0.6580E-04   0.000       0.000      0.5367E-08  0.6580E-04
   37.0-    36 2  0.2105E-04   0.000      0.1223E-07  0.1785E-08  0.2104E-04
   37.0-    36 3  0.2105E-04   0.000      0.3195E-08  0.2463E-08  0.2105E-04
   37.0-    36 4  0.2106E-04   0.000      0.2096E-08  0.1188E-08  0.2105E-04
   37.0-    38 5  0.6730E-05   0.000      0.1114E-09  0.9378E-09  0.6729E-05
   37.0-    38 6  0.6730E-05   0.000      0.1653E-09  0.4909E-09  0.6730E-05
   37.0-    38 7  0.6730E-05   0.000      0.6856E-09  0.4415E-09  0.6729E-05
   37.0-    40 8  0.2149E-05   0.000       0.000      0.1513E-10  0.2149E-05
   38.0+    35 1  0.3822E-04   0.000       0.000      0.2653E-08  0.3822E-04
   38.0+    37 2  0.1222E-04   0.000      0.6121E-08  0.8826E-09  0.1222E-04
   38.0+    37 3  0.1222E-04   0.000      0.1597E-08  0.1218E-08  0.1222E-04
   38.0+    37 4  0.1222E-04   0.000      0.1048E-08  0.5896E-09  0.1222E-04
   38.0+    39 5  0.3905E-05   0.000      0.5546E-10  0.4612E-09  0.3905E-05
   38.0+    39 6  0.3905E-05   0.000      0.8234E-10  0.2416E-09  0.3905E-05
   38.0+    39 7  0.3905E-05   0.000      0.3412E-09  0.2168E-09  0.3905E-05
   38.0+    41 8  0.1247E-05   0.000       0.000      0.7435E-11  0.1247E-05
   38.0-    36 1  0.2162E-04   0.000      0.6197E-08  0.1575E-08  0.2161E-04
   38.0-    36 2  0.2162E-04   0.000      0.3357E-08  0.1825E-08  0.2161E-04
   38.0-    38 3  0.6910E-05   0.000      0.7150E-09  0.7406E-09  0.6908E-05
   38.0-    38 4  0.6910E-05   0.000      0.3239E-09  0.6195E-09  0.6909E-05
   38.0-    38 5  0.6910E-05   0.000      0.1833E-09  0.2014E-09  0.6909E-05
   38.0-    40 6  0.2207E-05   0.000      0.3841E-10  0.1874E-09  0.2207E-05
   38.0-    40 7  0.2207E-05   0.000      0.8290E-10  0.6189E-10  0.2207E-05
   39.0+    37 1  0.1254E-04   0.000      0.3100E-08  0.7777E-09  0.1254E-04
   39.0+    37 2  0.1254E-04   0.000      0.1676E-08  0.9032E-09  0.1254E-04
   39.0+    39 3  0.4007E-05   0.000      0.3551E-09  0.3637E-09  0.4006E-05
   39.0+    39 4  0.4007E-05   0.000      0.1606E-09  0.3045E-09  0.4006E-05
   39.0+    39 5  0.4007E-05   0.000      0.9109E-10  0.9885E-10  0.4007E-05
   39.0+    41 6  0.1279E-05   0.000      0.1895E-10  0.9241E-10  0.1279E-05
   39.0+    41 7  0.1279E-05   0.000      0.4082E-10  0.3041E-10  0.1279E-05
   39.0-    36 1  0.2218E-04   0.000       0.000      0.1312E-08  0.2218E-04
   39.0-    38 2  0.7089E-05   0.000      0.3053E-08  0.4346E-09  0.7086E-05
   39.0-    38 3  0.7089E-05   0.000      0.7955E-09  0.6001E-09  0.7088E-05
   39.0-    38 4  0.7089E-05   0.000      0.5224E-09  0.2914E-09  0.7089E-05
   39.0-    40 5  0.2264E-05   0.000      0.2731E-10  0.2267E-09  0.2264E-05
   39.0-    40 6  0.2264E-05   0.000      0.4055E-10  0.1187E-09  0.2264E-05
   39.0-    40 7  0.2264E-05   0.000      0.1679E-09  0.1064E-09  0.2264E-05
   39.0-    42 8  0.7224E-06   0.000       0.000      0.3677E-11  0.7224E-06
   40.0+    37 1  0.1286E-04   0.000       0.000      0.6472E-09  0.1286E-04
   40.0+    39 2  0.4108E-05   0.000      0.1514E-08  0.2132E-09  0.4106E-05
   40.0+    39 3  0.4108E-05   0.000      0.3940E-09  0.2945E-09  0.4108E-05
   40.0+    39 4  0.4108E-05   0.000      0.2588E-09  0.1431E-09  0.4108E-05
   40.0+    41 5  0.1311E-05   0.000      0.1345E-10  0.1116E-09  0.1311E-05
   40.0+    41 6  0.1311E-05   0.000      0.1998E-10  0.5844E-10  0.1311E-05
   40.0+    41 7  0.1311E-05   0.000      0.8266E-10  0.5228E-10  0.1311E-05
   40.0+    43 8  0.4183E-06   0.000       0.000      0.1823E-11  0.4183E-06
   40.0-    38 1  0.7269E-05   0.000      0.1546E-08  0.3825E-09  0.7267E-05
   40.0-    38 2  0.7269E-05   0.000      0.8339E-09  0.4452E-09  0.7268E-05
   40.0-    40 3  0.2321E-05   0.000      0.1762E-09  0.1785E-09  0.2321E-05
   40.0-    40 4  0.2321E-05   0.000      0.7939E-10  0.1495E-09  0.2321E-05
   40.0-    40 5  0.2321E-05   0.000      0.4475E-10  0.4833E-10  0.2321E-05
   40.0-    42 6  0.7407E-06   0.000      0.9522E-11  0.4562E-10  0.7407E-06
   40.0-    42 7  0.7407E-06   0.000      0.2047E-10  0.1498E-10  0.7407E-06
