# Fusion cross sections for ELAB=  80.000, ECM=  71.059
     0.0  0.9411      0.9532      0.1203E-01
     1.0   8.501       8.581      0.8089E-01
     2.0   20.53       20.69      0.1589    
     3.0   33.27       33.52      0.2536    
     4.0   43.00       43.31      0.3133    
     5.0   52.90       53.25      0.3526    
     6.0   62.84       63.21      0.3684    
     7.0   72.24       72.61      0.3705    
     8.0   79.89       80.26      0.3742    
     9.0   84.05       84.44      0.3906    
    10.0   83.14       83.57      0.4324    
    11.0   76.56       77.05      0.4873    
    12.0   65.20       65.71      0.5038    
    13.0   51.17       51.62      0.4473    
    14.0   37.10       37.44      0.3381    
    15.0   25.13       25.36      0.2226    
    16.0   16.20       16.33      0.1322    
    17.0   10.11       10.19      0.7312E-01
    18.0   6.192       6.231      0.3866E-01
    19.0   3.747       3.767      0.1986E-01
    20.0   2.251       2.261      0.1002E-01
    21.0   1.346       1.351      0.4993E-02
    22.0  0.8019      0.8044      0.2471E-02
    23.0  0.4764      0.4776      0.1218E-02
    24.0  0.2823      0.2829      0.5997E-03
    25.0  0.1669      0.1672      0.2949E-03
    26.0  0.9848E-01  0.9863E-01  0.1450E-03
    27.0  0.5801E-01  0.5808E-01  0.7131E-04
    28.0  0.3411E-01  0.3414E-01  0.3507E-04
    29.0  0.2002E-01  0.2004E-01  0.1727E-04
    30.0  0.1173E-01  0.1174E-01  0.8519E-05
    31.0  0.6868E-02  0.6872E-02  0.4212E-05
    32.0  0.4014E-02  0.4016E-02  0.2086E-05
    33.0  0.2343E-02  0.2344E-02  0.1035E-05
    34.0  0.1366E-02  0.1367E-02  0.5140E-06
    35.0  0.7957E-03  0.7959E-03  0.2557E-06
    36.0  0.4629E-03  0.4630E-03  0.1274E-06
    37.0  0.2690E-03  0.2691E-03  0.6350E-07
    38.0  0.1562E-03  0.1562E-03  0.3162E-07
    39.0  0.9060E-04  0.9062E-04  0.1571E-07
    40.0  0.5251E-04  0.5252E-04  0.7779E-08
 &
