# Fusion cross sections for ELAB=  80.000, ECM=  71.059
     0.0  0.6285      1
     0.0  0.9411     -1
     1.0   3.778      1
     1.0   8.501     -1
     2.0   11.06      1
     2.0   20.53     -1
     3.0   15.53      1
     3.0   33.27     -1
     4.0   22.93      1
     4.0   43.00     -1
     5.0   24.68      1
     5.0   52.90     -1
     6.0   33.44      1
     6.0   62.84     -1
     7.0   33.89      1
     7.0   72.24     -1
     8.0   42.35      1
     8.0   79.89     -1
     9.0   39.48      1
     9.0   84.05     -1
    10.0   44.10      1
    10.0   83.14     -1
    11.0   35.95      1
    11.0   76.56     -1
    12.0   34.69      1
    12.0   65.20     -1
    13.0   23.68      1
    13.0   51.17     -1
    14.0   20.22      1
    14.0   37.10     -1
    15.0   11.25      1
    15.0   25.13     -1
    16.0   9.032      1
    16.0   16.20     -1
    17.0   4.448      1
    17.0   10.11     -1
    18.0   3.477      1
    18.0   6.192     -1
    19.0   1.641      1
    19.0   3.747     -1
    20.0   1.266      1
    20.0   2.251     -1
    21.0  0.5892      1
    21.0   1.346     -1
    22.0  0.4509      1
    22.0  0.8019     -1
    23.0  0.2085      1
    23.0  0.4764     -1
    24.0  0.1587      1
    24.0  0.2823     -1
    25.0  0.7308E-01  1
    25.0  0.1669     -1
    26.0  0.5536E-01  1
    26.0  0.9848E-01 -1
    27.0  0.2540E-01  1
    27.0  0.5801E-01 -1
    28.0  0.1917E-01  1
    28.0  0.3411E-01 -1
    29.0  0.8766E-02  1
    29.0  0.2002E-01 -1
    30.0  0.6597E-02  1
    30.0  0.1173E-01 -1
    31.0  0.3007E-02  1
    31.0  0.6868E-02 -1
    32.0  0.2257E-02  1
    32.0  0.4014E-02 -1
    33.0  0.1026E-02  1
    33.0  0.2343E-02 -1
    34.0  0.7682E-03  1
    34.0  0.1366E-02 -1
    35.0  0.3483E-03  1
    35.0  0.7957E-03 -1
    36.0  0.2603E-03  1
    36.0  0.4629E-03 -1
    37.0  0.1177E-03  1
    37.0  0.2690E-03 -1
    38.0  0.8784E-04  1
    38.0  0.1562E-03 -1
    39.0  0.3965E-04  1
    39.0  0.9060E-04 -1
    40.0  0.2953E-04  1
    40.0  0.5251E-04 -1
 &
