0.001  5.63323e-06 0.35504
0.00101  5.66133e-06 0.356811
0.0010201  5.68957e-06 0.358591
0.0010303  5.71794e-06 0.360379
0.0010406  5.74646e-06 0.362177
0.00105101  5.77512e-06 0.363983
0.00106152  5.80393e-06 0.365798
0.00107214  5.83287e-06 0.367623
0.00108286  5.86197e-06 0.369456
0.00109369  5.8912e-06 0.371299
0.00110462  5.92058e-06 0.373151
0.00111567  5.95011e-06 0.375012
0.00112683  5.97979e-06 0.376882
0.00113809  6.00962e-06 0.378762
0.00114947  6.03959e-06 0.380651
0.00116097  6.06971e-06 0.38255
0.00117258  6.09998e-06 0.384458
0.0011843  6.13041e-06 0.386375
0.00119615  6.16098e-06 0.388302
0.00120811  6.19171e-06 0.390239
0.00122019  6.22259e-06 0.392185
0.00123239  6.25363e-06 0.394141
0.00124472  6.28482e-06 0.396107
0.00125716  6.31617e-06 0.398082
0.00126973  6.34767e-06 0.400068
0.00128243  6.37933e-06 0.402063
0.00129526  6.41115e-06 0.404069
0.00130821  6.44312e-06 0.406084
0.00132129  6.47526e-06 0.408109
0.0013345  6.50755e-06 0.410145
0.00134785  6.54001e-06 0.41219
0.00136133  6.57263e-06 0.414246
0.00137494  6.60541e-06 0.416312
0.00138869  6.63835e-06 0.418388
0.00140258  6.67146e-06 0.420475
0.0014166  6.70474e-06 0.422572
0.00143077  6.73818e-06 0.42468
0.00144508  6.77178e-06 0.426798
0.00145953  6.80556e-06 0.428927
0.00147412  6.8395e-06 0.431066
0.00148886  6.87362e-06 0.433216
0.00150375  6.9079e-06 0.435377
0.00151879  6.94235e-06 0.437548
0.00153398  6.97698e-06 0.43973
0.00154932  7.01177e-06 0.441923
0.00156481  7.04675e-06 0.444127
0.00158046  7.08189e-06 0.446342
0.00159626  7.11721e-06 0.448569
0.00161223  7.15271e-06 0.450806
0.00162835  7.18839e-06 0.453054
0.00164463  7.22424e-06 0.455314
0.00166108  7.26027e-06 0.457585
0.00167769  7.29648e-06 0.459867
0.00169447  7.33287e-06 0.462161
0.00171141  7.36945e-06 0.464466
0.00172852  7.4062e-06 0.466782
0.00174581  7.44314e-06 0.46911
0.00176327  7.48026e-06 0.47145
0.0017809  7.51757e-06 0.473801
0.00179871  7.55507e-06 0.476164
0.0018167  7.59275e-06 0.478539
0.00183486  7.63062e-06 0.480926
0.00185321  7.66867e-06 0.483325
0.00187174  7.70692e-06 0.485735
0.00189046  7.74536e-06 0.488158
0.00190937  7.78399e-06 0.490593
0.00192846  7.82282e-06 0.493039
0.00194774  7.86183e-06 0.495498
0.00196722  7.90104e-06 0.49797
0.00198689  7.94045e-06 0.500453
0.00200676  7.98005e-06 0.502949
0.00202683  8.01985e-06 0.505458
0.0020471  8.05985e-06 0.507979
0.00206757  8.10005e-06 0.510512
0.00208825  8.14045e-06 0.513059
0.00210913  8.18105e-06 0.515618
0.00213022  8.22186e-06 0.518189
0.00215152  8.26286e-06 0.520774
0.00217304  8.30408e-06 0.523371
0.00219477  8.34549e-06 0.525981
0.00221672  8.38712e-06 0.528605
0.00223888  8.42895e-06 0.531241
0.00226127  8.47099e-06 0.533891
0.00228388  8.51324e-06 0.536553
0.00230672  8.5557e-06 0.539229
0.00232979  8.59837e-06 0.541919
0.00235309  8.64125e-06 0.544622
0.00237662  8.68435e-06 0.547338
0.00240038  8.72767e-06 0.550068
0.00242439  8.7712e-06 0.552811
0.00244863  8.81494e-06 0.555569
0.00247312  8.85891e-06 0.558339
0.00249785  8.90309e-06 0.561124
0.00252283  8.9475e-06 0.563923
0.00254806  8.99212e-06 0.566735
0.00257354  9.03697e-06 0.569562
0.00259927  9.08205e-06 0.572403
0.00262527  9.12734e-06 0.575258
0.00265152  9.17287e-06 0.578127
0.00267803  9.21862e-06 0.58101
0.00270481  9.26459e-06 0.583908
0.00273186  9.3108e-06 0.58682
0.00275918  9.35724e-06 0.589747
0.00278677  9.40391e-06 0.592688
0.00281464  9.45081e-06 0.595644
0.00284279  9.49795e-06 0.598615
0.00287121  9.54532e-06 0.601601
0.00289993  9.59293e-06 0.604601
0.00292893  9.64077e-06 0.607617
0.00295822  9.68886e-06 0.610647
0.0029878  9.73718e-06 0.613693
0.00301768  9.78575e-06 0.616754
0.00304785  9.83455e-06 0.61983
0.00307833  9.8836e-06 0.622921
0.00310911  9.9329e-06 0.626028
0.0031402  9.98244e-06 0.62915
0.00317161  1.00322e-05 0.632288
0.00320332  1.00823e-05 0.635442
0.00323536  1.01326e-05 0.638611
0.00326771  1.01831e-05 0.641796
0.00330039  1.02339e-05 0.644997
0.00333339  1.02849e-05 0.648214
0.00336672  1.03362e-05 0.651447
0.00340039  1.03878e-05 0.654696
0.0034344  1.04396e-05 0.657962
0.00346874  1.04916e-05 0.661243
0.00350343  1.0544e-05 0.664541
0.00353846  1.05966e-05 0.667855
0.00357385  1.06494e-05 0.671186
0.00360958  1.07025e-05 0.674534
0.00364568  1.07559e-05 0.677898
0.00368214  1.08096e-05 0.681279
0.00371896  1.08635e-05 0.684677
0.00375615  1.09176e-05 0.688092
0.00379371  1.09721e-05 0.691524
0.00383165  1.10268e-05 0.694973
0.00386996  1.10818e-05 0.698439
0.00390866  1.11371e-05 0.701922
0.00394775  1.11926e-05 0.705423
0.00398723  1.12485e-05 0.708942
0.0040271  1.13046e-05 0.712477
0.00406737  1.13609e-05 0.716031
0.00410804  1.14176e-05 0.719602
0.00414912  1.14746e-05 0.723191
0.00419062  1.15318e-05 0.726798
0.00423252  1.15893e-05 0.730423
0.00427485  1.16471e-05 0.734066
0.0043176  1.17052e-05 0.737727
0.00436077  1.17636e-05 0.741407
0.00440438  1.18222e-05 0.745105
0.00444842  1.18812e-05 0.748821
0.00449291  1.19405e-05 0.752555
0.00453784  1.2e-05 0.756309
0.00458321  1.20599e-05 0.760081
0.00462905  1.212e-05 0.763872
0.00467534  1.21805e-05 0.767682
0.00472209  1.22412e-05 0.771511
0.00476931  1.23023e-05 0.775359
0.004817  1.23636e-05 0.779226
0.00486517  1.24253e-05 0.783112
0.00491383  1.24873e-05 0.787018
0.00496296  1.25496e-05 0.790943
0.00501259  1.26121e-05 0.794888
0.00506272  1.26751e-05 0.798853
0.00511335  1.27383e-05 0.802837
0.00516448  1.28018e-05 0.806841
0.00521613  1.28657e-05 0.810865
0.00526829  1.29298e-05 0.81491
0.00532097  1.29943e-05 0.818974
0.00537418  1.30591e-05 0.823059
0.00542792  1.31243e-05 0.827164
0.0054822  1.31897e-05 0.831289
0.00553702  1.32555e-05 0.835435
0.00559239  1.33216e-05 0.839602
0.00564832  1.3388e-05 0.843789
0.0057048  1.34548e-05 0.847998
0.00576185  1.35219e-05 0.852227
0.00581947  1.35894e-05 0.856478
0.00587766  1.36571e-05 0.86075
0.00593644  1.37253e-05 0.865043
0.0059958  1.37937e-05 0.869357
0.00605576  1.38625e-05 0.873693
0.00611632  1.39317e-05 0.878051
0.00617748  1.40011e-05 0.88243
0.00623926  1.4071e-05 0.886831
0.00630165  1.41412e-05 0.891254
0.00636466  1.42117e-05 0.895699
0.00642831  1.42826e-05 0.900167
0.00649259  1.43538e-05 0.904656
0.00655752  1.44254e-05 0.909168
0.0066231  1.44973e-05 0.913703
0.00668933  1.45696e-05 0.91826
0.00675622  1.46423e-05 0.92284
0.00682378  1.47153e-05 0.927443
0.00689202  1.47887e-05 0.932068
0.00696094  1.48625e-05 0.936717
0.00703055  1.49366e-05 0.941389
0.00710085  1.50111e-05 0.946084
0.00717186  1.5086e-05 0.950802
0.00724358  1.51612e-05 0.955545
0.00731602  1.52368e-05 0.960311
0.00738918  1.53128e-05 0.9651
0.00746307  1.53892e-05 0.969914
0.0075377  1.5466e-05 0.974751
0.00761308  1.55431e-05 0.979613
0.00768921  1.56206e-05 0.984499
0.0077661  1.56985e-05 0.989409
0.00784376  1.57768e-05 0.994343
0.0079222  1.58555e-05 0.999303
0.00800142  1.59346e-05 1.00429
0.00808144  1.60141e-05 1.0093
0.00816225  1.6094e-05 1.01433
0.00824387  1.61742e-05 1.01939
0.00832631  1.62549e-05 1.02447
0.00840957  1.6336e-05 1.02958
0.00849367  1.64174e-05 1.03472
0.00857861  1.64993e-05 1.03988
0.00866439  1.65816e-05 1.04506
0.00875104  1.66643e-05 1.05028
0.00883855  1.67474e-05 1.05552
0.00892693  1.6831e-05 1.06078
0.0090162  1.69149e-05 1.06607
0.00910636  1.69993e-05 1.07139
0.00919743  1.70841e-05 1.07673
0.0092894  1.71693e-05 1.0821
0.0093823  1.72549e-05 1.0875
0.00947612  1.7341e-05 1.09292
0.00957088  1.74274e-05 1.09837
0.00966659  1.75144e-05 1.10385
0.00976325  1.76017e-05 1.10936
0.00986089  1.76895e-05 1.11489
0.0099595  1.77777e-05 1.12045
0.0100591  1.78664e-05 1.12604
0.0101597  1.79555e-05 1.13165
0.0102613  1.80451e-05 1.1373
0.0103639  1.81351e-05 1.14297
0.0104675  1.82255e-05 1.14867
0.0105722  1.83164e-05 1.1544
0.0106779  1.84078e-05 1.16016
0.0107847  1.84996e-05 1.16595
0.0108926  1.85918e-05 1.17176
0.0110015  1.86846e-05 1.1776
0.0111115  1.87778e-05 1.18348
0.0112226  1.88714e-05 1.18938
0.0113348  1.89655e-05 1.19531
0.0114482  1.90601e-05 1.20127
0.0115627  1.91552e-05 1.20727
0.0116783  1.92507e-05 1.21329
0.0117951  1.93468e-05 1.21934
0.011913  1.94432e-05 1.22542
0.0120322  1.95402e-05 1.23153
0.0121525  1.96377e-05 1.23767
0.012274  1.97356e-05 1.24385
0.0123967  1.98341e-05 1.25005
0.0125207  1.9933e-05 1.25628
0.0126459  2.00324e-05 1.26255
0.0127724  2.01323e-05 1.26885
0.0129001  2.02327e-05 1.27518
0.0130291  2.03336e-05 1.28154
0.0131594  2.0435e-05 1.28793
0.013291  2.0537e-05 1.29435
0.0134239  2.06394e-05 1.30081
0.0135581  2.07423e-05 1.3073
0.0136937  2.08458e-05 1.31382
0.0138307  2.09498e-05 1.32037
0.013969  2.10542e-05 1.32695
0.0141086  2.11593e-05 1.33357
0.0142497  2.12648e-05 1.34022
0.0143922  2.13709e-05 1.34691
0.0145362  2.14774e-05 1.35362
0.0146815  2.15846e-05 1.36038
0.0148283  2.16922e-05 1.36716
0.0149766  2.18004e-05 1.37398
0.0151264  2.19091e-05 1.38083
0.0152776  2.20184e-05 1.38772
0.0154304  2.21282e-05 1.39464
0.0155847  2.22386e-05 1.40159
0.0157406  2.23495e-05 1.40859
0.015898  2.2461e-05 1.41561
0.016057  2.2573e-05 1.42267
0.0162175  2.26856e-05 1.42977
0.0163797  2.27987e-05 1.4369
0.0165435  2.29124e-05 1.44407
0.0167089  2.30267e-05 1.45128
0.016876  2.31416e-05 1.45852
0.0170448  2.3257e-05 1.46579
0.0172152  2.3373e-05 1.4731
0.0173874  2.34896e-05 1.48045
0.0175613  2.36067e-05 1.48783
0.0177369  2.37245e-05 1.49525
0.0179142  2.38428e-05 1.50271
0.0180934  2.39617e-05 1.5102
0.0182743  2.40812e-05 1.51772
0.0184571  2.42013e-05 1.52529
0.0186416  2.4322e-05 1.53289
0.018828  2.44433e-05 1.54053
0.0190163  2.45652e-05 1.54821
0.0192065  2.46878e-05 1.55593
0.0193986  2.48109e-05 1.56369
0.0195925  2.49346e-05 1.57148
0.0197885  2.5059e-05 1.57932
0.0199864  2.5184e-05 1.5872
0.0201862  2.53047e-05 1.59513
0.0203881  2.54115e-05 1.60309
0.020592  2.55185e-05 1.6111
0.0207979  2.56259e-05 1.61915
0.0210059  2.57336e-05 1.62725
0.0212159  2.58416e-05 1.63539
0.0214281  2.595e-05 1.64358
0.0216424  2.60586e-05 1.65181
0.0218588  2.61676e-05 1.66009
0.0220774  2.62768e-05 1.66842
0.0222981  2.63864e-05 1.6768
0.0225211  2.64963e-05 1.68523
0.0227463  2.66065e-05 1.69371
0.0229738  2.6717e-05 1.70224
0.0232035  2.68277e-05 1.71082
0.0234356  2.69388e-05 1.71946
0.0236699  2.70501e-05 1.72814
0.0239066  2.71618e-05 1.73687
0.0241457  2.72737e-05 1.74566
0.0243871  2.73859e-05 1.7545
0.024631  2.74984e-05 1.76339
0.0248773  2.76112e-05 1.77233
0.0251261  2.77243e-05 1.78132
0.0253774  2.78376e-05 1.79037
0.0256311  2.79511e-05 1.79947
0.0258874  2.8065e-05 1.80862
0.0261463  2.81791e-05 1.81782
0.0264078  2.82935e-05 1.82708
0.0266719  2.84081e-05 1.8364
0.0269386  2.85229e-05 1.84577
0.027208  2.8638e-05 1.85519
0.02748  2.87534e-05 1.86467
0.0277548  2.8869e-05 1.87421
0.0280324  2.89848e-05 1.8838
0.0283127  2.91008e-05 1.89345
0.0285958  2.92171e-05 1.90316
0.0288818  2.93335e-05 1.91293
0.0291706  2.94502e-05 1.92276
0.0294623  2.95671e-05 1.93264
0.029757  2.96842e-05 1.94259
0.0300545  2.98016e-05 1.95259
0.0303551  2.99191e-05 1.96266
0.0306586  3.00367e-05 1.97278
0.0309652  3.01546e-05 1.98297
0.0312749  3.02726e-05 1.99322
0.0315876  3.03909e-05 2.00353
0.0319035  3.05092e-05 2.0139
0.0322225  3.06278e-05 2.02434
0.0325447  3.07465e-05 2.03484
0.0328702  3.08653e-05 2.04541
0.0331989  3.09843e-05 2.05604
0.0335309  3.11034e-05 2.06673
0.0338662  3.12226e-05 2.07749
0.0342049  3.1342e-05 2.08831
0.0345469  3.14615e-05 2.09921
0.0348924  3.1581e-05 2.11017
0.0352413  3.17007e-05 2.12119
0.0355937  3.18205e-05 2.13229
0.0359496  3.19403e-05 2.14345
0.0363091  3.20603e-05 2.15469
0.0366722  3.21803e-05 2.16599
0.037039  3.23003e-05 2.17737
0.0374093  3.24204e-05 2.18881
0.0377834  3.25406e-05 2.20033
0.0381613  3.26608e-05 2.21192
0.0385429  3.2781e-05 2.22358
0.0389283  3.29012e-05 2.23532
0.0393176  3.30215e-05 2.24713
0.0397108  3.31417e-05 2.25901
0.0401079  3.32619e-05 2.27097
0.040509  3.33821e-05 2.28301
0.040914  3.35023e-05 2.29512
0.0413232  3.36224e-05 2.30732
0.0417364  3.37425e-05 2.31958
0.0421538  3.38626e-05 2.33193
0.0425753  3.39825e-05 2.34436
0.0430011  3.41024e-05 2.35686
0.0434311  3.42222e-05 2.36945
0.0438654  3.43419e-05 2.38212
0.044304  3.44615e-05 2.39487
0.0447471  3.45809e-05 2.4077
0.0451946  3.47002e-05 2.42062
0.0456465  3.48194e-05 2.43362
0.046103  3.49384e-05 2.44671
0.046564  3.50572e-05 2.45988
0.0470296  3.51759e-05 2.47314
0.0474999  3.52943e-05 2.48649
0.0479749  3.54126e-05 2.49993
0.0484547  3.55306e-05 2.51345
0.0489392  3.56484e-05 2.52707
0.0494286  3.57659e-05 2.54077
0.0499229  3.58832e-05 2.55457
0.0504221  3.60002e-05 2.56846
0.0509264  3.61169e-05 2.58244
0.0514356  3.62333e-05 2.59652
0.05195  3.63494e-05 2.61069
0.0524695  3.64652e-05 2.62496
0.0529942  3.65806e-05 2.63933
0.0535241  3.66957e-05 2.65379
0.0540594  3.68103e-05 2.66836
0.0546  3.69246e-05 2.68302
0.055146  3.70385e-05 2.69778
0.0556974  3.7152e-05 2.71265
0.0562544  3.7265e-05 2.72762
0.0568169  3.73776e-05 2.74269
0.0573851  3.74897e-05 2.75787
0.0579589  3.76014e-05 2.77315
0.0585385  3.77125e-05 2.78854
0.0591239  3.78231e-05 2.80404
0.0597152  3.79332e-05 2.81965
0.0603123  3.80427e-05 2.83537
0.0609154  3.81517e-05 2.8512
0.0615246  3.826e-05 2.86715
0.0621398  3.83678e-05 2.8832
0.0627612  3.8475e-05 2.89938
0.0633888  3.85815e-05 2.91567
0.0640227  3.86874e-05 2.93208
0.064663  3.87926e-05 2.9486
0.0653096  3.88971e-05 2.96525
0.0659627  3.90009e-05 2.98202
0.0666223  3.9104e-05 2.99891
0.0672885  3.92063e-05 3.01593
0.0679614  3.93079e-05 3.03307
0.068641  3.94086e-05 3.05034
0.0693275  3.95086e-05 3.06773
0.0700207  3.96078e-05 3.08526
0.0707209  3.97061e-05 3.10291
0.0714281  3.98036e-05 3.1207
0.0721424  3.99002e-05 3.13862
0.0728638  3.99959e-05 3.15667
0.0735925  4.00906e-05 3.17487
0.0743284  4.01845e-05 3.1932
0.0750717  4.02774e-05 3.21167
0.0758224  4.03693e-05 3.23028
0.0765806  4.04602e-05 3.24904
0.0773464  4.05501e-05 3.26794
0.0781199  4.0639e-05 3.287
0.0789011  4.07268e-05 3.3062
0.0796901  4.08136e-05 3.32555
0.080487  4.08993e-05 3.34506
0.0812919  4.09731e-05 3.36473
0.0821048  4.10449e-05 3.38456
0.0829259  4.11153e-05 3.40455
0.0837551  4.11842e-05 3.4247
0.0845927  4.12518e-05 3.44502
0.0854386  4.13178e-05 3.4655
0.086293  4.13824e-05 3.48616
0.0871559  4.14455e-05 3.50699
0.0880275  4.15071e-05 3.528
0.0889077  4.15672e-05 3.54919
0.0897968  4.16256e-05 3.57056
0.0906948  4.16825e-05 3.59212
0.0916017  4.17377e-05 3.61386
0.0925178  4.17913e-05 3.63579
0.0934429  4.18433e-05 3.65792
0.0943774  4.18936e-05 3.68024
0.0953211  4.19421e-05 3.70275
0.0962743  4.19889e-05 3.72547
0.0972371  4.2034e-05 3.74839
0.0982095  4.20773e-05 3.77151
0.0991916  4.21188e-05 3.79484
0.100183  4.21585e-05 3.81838
0.101185  4.21963e-05 3.84213
0.102197  4.22323e-05 3.8661
0.103219  4.22663e-05 3.89029
0.104251  4.22985e-05 3.91471
0.105294  4.23288e-05 3.93934
0.106347  4.23571e-05 3.96421
0.10741  4.23834e-05 3.98931
0.108484  4.24077e-05 4.01464
0.109569  4.24301e-05 4.04022
0.110665  4.24504e-05 4.06603
0.111772  4.24686e-05 4.09209
0.112889  4.24848e-05 4.11841
0.114018  4.24989e-05 4.14497
0.115158  4.25109e-05 4.1718
0.11631  4.25208e-05 4.19889
0.117473  4.25286e-05 4.22624
0.118648  4.25342e-05 4.25386
0.119834  4.25376e-05 4.28175
0.121033  4.25389e-05 4.30992
0.122243  4.2538e-05 4.33837
0.123465  4.25348e-05 4.36711
0.1247  4.25294e-05 4.39614
0.125947  4.25218e-05 4.42546
0.127206  4.25119e-05 4.45509
0.128478  4.24998e-05 4.48501
0.129763  4.24853e-05 4.51525
0.131061  4.24686e-05 4.5458
0.132372  4.24496e-05 4.57667
0.133695  4.24283e-05 4.60786
0.135032  4.24046e-05 4.63938
0.136383  4.23786e-05 4.67123
0.137746  4.23503e-05 4.70342
0.139124  4.23196e-05 4.73596
0.140515  4.22866e-05 4.76885
0.14192  4.22512e-05 4.80209
0.143339  4.22135e-05 4.83569
0.144773  4.21734e-05 4.86967
0.146221  4.21309e-05 4.90401
0.147683  4.2086e-05 4.93874
0.14916  4.20387e-05 4.97385
0.150651  4.19891e-05 5.00935
0.152158  4.19371e-05 5.04525
0.153679  4.18827e-05 5.08155
0.155216  4.18259e-05 5.11827
0.156768  4.17667e-05 5.15541
0.158336  4.17052e-05 5.19297
0.159919  4.16413e-05 5.23096
0.161518  4.15749e-05 5.2694
0.163134  4.15063e-05 5.30828
0.164765  4.14352e-05 5.34762
0.166413  4.13618e-05 5.38742
0.168077  4.12861e-05 5.42769
0.169757  4.1208e-05 5.46844
0.171455  4.11275e-05 5.50967
0.17317  4.10447e-05 5.5514
0.174901  4.09596e-05 5.59364
0.17665  4.08722e-05 5.63638
0.178417  4.07825e-05 5.67965
0.180201  4.06905e-05 5.72345
0.182003  4.05963e-05 5.76778
0.183823  4.04998e-05 5.81267
0.185661  4.0401e-05 5.85811
0.187518  4.03e-05 5.90413
0.189393  4.01968e-05 5.95072
0.191287  4.00914e-05 5.99789
0.1932  3.99839e-05 6.04567
0.195132  3.98741e-05 6.09406
0.197083  3.97623e-05 6.14306
0.199054  3.96483e-05 6.1927
0.201045  3.95322e-05 6.24298
0.203055  3.9414e-05 6.29391
0.205086  3.92938e-05 6.34551
0.207136  3.91716e-05 6.39778
0.209208  3.90473e-05 6.45074
0.2113  3.89211e-05 6.50441
0.213413  3.87929e-05 6.55879
0.215547  3.86628e-05 6.61389
0.217702  3.85307e-05 6.66974
0.219879  3.83968e-05 6.72634
0.222078  3.82611e-05 6.7837
0.224299  3.81235e-05 6.84185
0.226542  3.79841e-05 6.90079
0.228807  3.7843e-05 6.96054
0.231095  3.77001e-05 7.02112
0.233406  3.75556e-05 7.08254
0.235741  3.74094e-05 7.14481
0.238098  3.72615e-05 7.20795
0.240479  3.7112e-05 7.27198
0.242884  3.6961e-05 7.33691
0.245313  3.68084e-05 7.40276
0.247766  3.66543e-05 7.46954
0.250243  3.64988e-05 7.53728
0.252746  3.63418e-05 7.60599
0.255273  3.61834e-05 7.67569
0.257826  3.60236e-05 7.7464
0.260404  3.58625e-05 7.81813
0.263008  3.57001e-05 7.89091
0.265638  3.55365e-05 7.96475
0.268295  3.53716e-05 8.03967
0.270978  3.52056e-05 8.1157
0.273687  3.50383e-05 8.19285
0.276424  3.487e-05 8.27115
0.279189  3.47006e-05 8.35062
0.28198  3.45302e-05 8.43127
0.2848  3.43588e-05 8.51314
0.287648  3.41864e-05 8.59624
0.290525  3.40131e-05 8.68059
0.29343  3.38389e-05 8.76623
0.296364  3.36639e-05 8.85317
0.299328  3.3488e-05 8.94143
0.302321  3.33114e-05 9.03105
0.305344  3.31341e-05 9.12205
0.308398  3.2956e-05 9.21445
0.311482  3.27773e-05 9.30829
0.314597  3.2598e-05 9.40358
0.317743  3.24181e-05 9.50035
0.32092  3.22376e-05 9.59864
0.324129  3.20567e-05 9.69847
0.32737  3.18752e-05 9.79987
0.330644  3.16934e-05 9.90287
0.333951  3.15111e-05 10.0075
0.33729  3.13285e-05 10.1138
0.340663  3.11455e-05 10.2218
0.34407  3.09623e-05 10.3315
0.34751  3.07788e-05 10.4429
0.350985  3.05951e-05 10.5562
0.354495  3.04112e-05 10.6712
0.35804  3.02272e-05 10.7881
0.361621  3.00431e-05 10.907
0.365237  2.98588e-05 11.0277
0.368889  2.96746e-05 11.1504
0.372578  2.94903e-05 11.2751
0.376304  2.9306e-05 11.4018
0.380067  2.91218e-05 11.5307
0.383868  2.89377e-05 11.6616
0.387706  2.87537e-05 11.7947
0.391583  2.85698e-05 11.9299
0.395499  2.83861e-05 12.0674
0.399454  2.82027e-05 12.2072
0.403449  2.80194e-05 12.3493
0.407483  2.78364e-05 12.4938
0.411558  2.76538e-05 12.6406
0.415674  2.74714e-05 12.79
0.41983  2.72894e-05 12.9418
0.424029  2.71077e-05 13.0961
0.428269  2.69265e-05 13.2531
0.432552  2.67457e-05 13.4127
0.436877  2.65653e-05 13.5749
0.441246  2.63854e-05 13.74
0.445658  2.62061e-05 13.9078
0.450115  2.60272e-05 14.0784
0.454616  2.58489e-05 14.2519
0.459162  2.56711e-05 14.4284
0.463754  2.5494e-05 14.6079
0.468391  2.53174e-05 14.7905
0.473075  2.51415e-05 14.9761
0.477806  2.49662e-05 15.1649
0.482584  2.47916e-05 15.357
0.48741  2.46177e-05 15.5523
0.492284  2.44445e-05 15.751
0.497207  2.4272e-05 15.9531
0.502179  2.41003e-05 16.1587
0.507201  2.39293e-05 16.3678
0.512273  2.37591e-05 16.5805
0.517396  2.35896e-05 16.7969
0.52257  2.3421e-05 17.017
0.527795  2.32532e-05 17.241
0.533073  2.30862e-05 17.4688
0.538404  2.292e-05 17.7005
0.543788  2.27547e-05 17.9363
0.549226  2.25902e-05 18.1761
0.554718  2.24266e-05 18.4201
0.560265  2.22639e-05 18.6684
0.565868  2.21021e-05 18.921
0.571527  2.19412e-05 19.1779
0.577242  2.17812e-05 19.4394
0.583014  2.16222e-05 19.7054
0.588844  2.1464e-05 19.976
0.594733  2.13068e-05 20.2513
0.60068  2.11505e-05 20.5315
0.606687  2.09952e-05 20.8165
0.612754  2.08408e-05 21.1066
0.618881  2.06874e-05 21.4017
0.62507  2.05349e-05 21.702
0.631321  2.03834e-05 22.0075
0.637634  2.02329e-05 22.3184
0.644011  2.00833e-05 22.6347
0.650451  1.99348e-05 22.9565
0.656955  1.97871e-05 23.2841
0.663525  1.96405e-05 23.6173
0.67016  1.94949e-05 23.9564
0.676862  1.93502e-05 24.3015
0.68363  1.92065e-05 24.6526
0.690466  1.90639e-05 25.0098
0.697371  1.89221e-05 25.3734
0.704345  1.87814e-05 25.7433
0.711388  1.86417e-05 26.1197
0.718502  1.85029e-05 26.5028
0.725687  1.83652e-05 26.8925
0.732944  1.82284e-05 27.2892
0.740273  1.80926e-05 27.6928
0.747676  1.79577e-05 28.1035
0.755153  1.78239e-05 28.5214
0.762705  1.7691e-05 28.9467
0.770332  1.7559e-05 29.3794
0.778035  1.74281e-05 29.8198
0.785815  1.72981e-05 30.2679
0.793673  1.71691e-05 30.7239
0.80161  1.7041e-05 31.1879
0.809626  1.69139e-05 31.66
0.817722  1.67877e-05 32.1405
0.8259  1.66625e-05 32.6294
0.834159  1.65382e-05 33.127
0.8425  1.64149e-05 33.6332
0.850925  1.62925e-05 34.1484
0.859435  1.6171e-05 34.6727
0.868029  1.60504e-05 35.2061
0.876709  1.59307e-05 35.749
0.885476  1.5812e-05 36.3014
0.894331  1.56942e-05 36.8635
0.903274  1.55772e-05 37.4355
0.912307  1.54612e-05 38.0175
0.92143  1.5346e-05 38.6098
0.930644  1.52317e-05 39.2125
0.939951  1.51183e-05 39.8258
0.94935  1.50058e-05 40.4498
0.958844  1.48941e-05 41.0849
0.968432  1.47833e-05 41.7311
0.978117  1.46734e-05 42.3886
0.987898  1.45643e-05 43.0577
0.997777  1.4456e-05 43.7386
1.00775  1.43486e-05 44.4314
1.01783  1.42419e-05 45.1363
1.02801  1.41362e-05 45.8537
1.03829  1.40312e-05 46.5836
1.04867  1.3927e-05 47.3264
1.05916  1.38236e-05 48.0822
1.06975  1.37211e-05 48.8512
1.08045  1.36193e-05 49.6338
1.09125  1.35183e-05 50.4301
1.10217  1.3418e-05 51.2404
1.11319  1.33186e-05 52.0648
1.12432  1.32199e-05 52.9038
1.13556  1.31219e-05 53.7574
1.14692  1.30247e-05 54.6261
1.15839  1.29283e-05 55.5099
1.16997  1.28325e-05 56.4093
1.18167  1.27376e-05 57.3244
1.19349  1.26433e-05 58.2556
1.20542  1.25497e-05 59.2031
1.21748  1.24569e-05 60.1672
1.22965  1.23648e-05 61.1482
1.24195  1.22733e-05 62.1464
1.25437  1.21826e-05 63.162
1.26691  1.20925e-05 64.1955
1.27958  1.20031e-05 65.2471
1.29238  1.19144e-05 66.3171
1.3053  1.18264e-05 67.4059
1.31835  1.1739e-05 68.5137
1.33154  1.16523e-05 69.6409
1.34485  1.15662e-05 70.7879
1.3583  1.14808e-05 71.955
1.37188  1.1396e-05 73.1425
1.3856  1.13119e-05 74.3508
1.39946  1.12283e-05 75.5803
1.41345  1.11454e-05 76.8313
1.42759  1.10631e-05 78.1042
1.44186  1.09814e-05 79.3994
1.45628  1.09004e-05 80.7173
1.47085  1.08199e-05 82.0583
1.48555  1.074e-05 83.4227
1.50041  1.06607e-05 84.8111
1.51541  1.0582e-05 86.2237
1.53057  1.05038e-05 87.6611
1.54587  1.04263e-05 89.1237
1.56133  1.03493e-05 90.6119
1.57695  1.02728e-05 92.1262
1.59271  1.0197e-05 93.667
1.60864  1.01216e-05 95.2347
1.62473  1.00469e-05 96.83
1.64098  9.97262e-06 98.4531
1.65739  9.89893e-06 100.105
1.67396  9.82577e-06 101.785
1.6907  9.75313e-06 103.495
1.70761  9.68103e-06 105.235
1.72468  9.60944e-06 107.006
1.74193  9.53837e-06 108.807
1.75935  9.46781e-06 110.64
1.77694  9.39776e-06 112.505
1.79471  9.32821e-06 114.403
1.81266  9.25916e-06 116.334
1.83078  9.19061e-06 118.299
1.84909  9.12254e-06 120.299
1.86758  9.05496e-06 122.333
1.88626  8.98786e-06 124.404
1.90512  8.92124e-06 126.51
1.92417  8.8551e-06 128.654
1.94341  8.78943e-06 130.835
1.96285  8.72422e-06 133.054
1.98248  8.65947e-06 135.312
2.0023  8.59519e-06 137.61
2.02232  8.53136e-06 139.949
2.04255  8.46798e-06 142.328
2.06297  8.40505e-06 144.749
2.0836  8.34257e-06 147.213
2.10444  8.28053e-06 149.72
2.12548  8.21892e-06 152.271
2.14674  8.15775e-06 154.866
2.16821  8.09701e-06 157.508
2.18989  8.0367e-06 160.196
2.21179  7.97681e-06 162.931
2.2339  7.91734e-06 165.714
2.25624  7.8583e-06 168.546
2.27881  7.79966e-06 171.428
2.30159  7.74144e-06 174.361
2.32461  7.68363e-06 177.345
2.34786  7.62622e-06 180.382
2.37134  7.56922e-06 183.472
2.39505  7.51261e-06 186.617
2.419  7.4564e-06 189.817
2.44319  7.40059e-06 193.073
2.46762  7.34517e-06 196.387
2.4923  7.29013e-06 199.759
2.51722  7.23548e-06 203.191
2.54239  7.18121e-06 206.683
2.56782  7.12732e-06 210.237
2.59349  7.07381e-06 213.853
2.61943  7.02068e-06 217.534
2.64562  6.96791e-06 221.279
2.67208  6.91552e-06 225.09
2.6988  6.86349e-06 228.969
2.72579  6.81182e-06 232.916
2.75305  6.76052e-06 236.932
2.78058  6.70957e-06 241.02
2.80838  6.65898e-06 245.18
2.83647  6.60875e-06 249.413
2.86483  6.55887e-06 253.722
2.89348  6.50933e-06 258.106
2.92241  6.46014e-06 262.568
2.95164  6.4113e-06 267.109
2.98115  6.3628e-06 271.73
3.01097  6.31464e-06 276.433
3.04108  6.26681e-06 281.22
3.07149  6.21932e-06 286.091
3.1022  6.17217e-06 291.048
3.13322  6.12534e-06 296.094
3.16456  6.07884e-06 301.229
3.1962  6.03267e-06 306.455
3.22816  5.98682e-06 311.774
3.26045  5.9413e-06 317.187
3.29305  5.89609e-06 322.697
3.32598  5.8512e-06 328.304
3.35924  5.80663e-06 334.01
3.39283  5.76237e-06 339.818
3.42676  5.71842e-06 345.729
3.46103  5.67478e-06 351.744
3.49564  5.63145e-06 357.866
3.53059  5.58842e-06 364.097
3.5659  5.5457e-06 370.438
3.60156  5.50328e-06 376.892
3.63758  5.46116e-06 383.46
3.67395  5.41933e-06 390.145
3.71069  5.3778e-06 396.949
3.7478  5.33656e-06 403.874
3.78528  5.29562e-06 410.922
3.82313  5.25497e-06 418.096
3.86136  5.2146e-06 425.399
3.89997  5.17452e-06 432.832
3.93897  5.13472e-06 440.398
3.97836  5.09521e-06 448.101
4.01815  5.05597e-06 455.941
4.05833  5.01702e-06 463.922
4.09891  4.97834e-06 472.048
4.1399  4.93994e-06 480.319
4.1813  4.90181e-06 488.741
4.22311  4.86395e-06 497.314
4.26534  4.82636e-06 506.043
4.308  4.78904e-06 514.93
4.35108  4.75199e-06 523.978
4.39459  4.7152e-06 533.191
4.43853  4.67867e-06 542.572
4.48292  4.64241e-06 552.123
4.52775  4.60641e-06 561.85
4.57303  4.57066e-06 571.753
4.61876  4.53517e-06 581.838
4.66494  4.49993e-06 592.106
4.71159  4.46495e-06 602.561
4.75871  4.43022e-06 613.207
4.8063  4.39574e-06 624.047
4.85436  4.36151e-06 635.084
4.9029  4.32752e-06 646.322
4.95193  4.29378e-06 657.764
5.00145  4.26028e-06 669.414
5.05146  4.22703e-06 681.276
5.10198  4.19401e-06 693.354
5.153  4.16124e-06 705.651
5.20453  4.1287e-06 718.171
5.25657  4.09639e-06 730.919
5.30914  4.06433e-06 743.9
5.36223  4.03249e-06 757.117
5.41585  4.00089e-06 770.574
5.47001  3.96951e-06 784.277
5.52471  3.93836e-06 798.23
5.57996  3.90744e-06 812.437
5.63576  3.87675e-06 826.903
5.69212  3.84628e-06 841.633
5.74904  3.81603e-06 856.632
5.80653  3.786e-06 871.905
5.86459  3.7562e-06 887.456
5.92324  3.72661e-06 903.292
5.98247  3.69724e-06 919.416
6.0423  3.66808e-06 935.835
6.10272  3.63914e-06 952.554
6.16375  3.61041e-06 969.578
6.22538  3.58189e-06 986.912
6.28764  3.55358e-06 1004.56
6.35051  3.52548e-06 1022.54
6.41402  3.49758e-06 1040.84
6.47816  3.46989e-06 1059.47
6.54294  3.44241e-06 1078.45
6.60837  3.41513e-06 1097.77
6.67445  3.38805e-06 1117.45
6.7412  3.36117e-06 1137.48
6.80861  3.33449e-06 1157.88
6.8767  3.30801e-06 1178.66
6.94546  3.28172e-06 1199.81
7.01492  3.25563e-06 1221.35
7.08507  3.22974e-06 1243.28
7.15592  3.20403e-06 1265.62
7.22748  3.17852e-06 1288.36
7.29975  3.1532e-06 1311.52
7.37275  3.12806e-06 1335.11
7.44648  3.10312e-06 1359.12
7.52094  3.07836e-06 1383.58
7.59615  3.05378e-06 1408.48
7.67211  3.02939e-06 1433.83
7.74883  3.00518e-06 1459.66
7.82632  2.98115e-06 1485.95
7.90459  2.95731e-06 1512.73
7.98363  2.93364e-06 1539.99
8.06347  2.90935e-06 1567.76
8.1441  2.88516e-06 1596.03
8.22554  2.86116e-06 1624.82
8.3078  2.83736e-06 1654.14
8.39088  2.81375e-06 1683.99
8.47479  2.79033e-06 1714.39
8.55953  2.76712e-06 1745.35
8.64513  2.74409e-06 1776.88
8.73158  2.72125e-06 1808.98
8.8189  2.69861e-06 1841.68
8.90709  2.67615e-06 1874.97
8.99616  2.65387e-06 1908.87
9.08612  2.63179e-06 1943.4
9.17698  2.60988e-06 1978.55
9.26875  2.58816e-06 2014.36
9.36144  2.56661e-06 2050.81
9.45505  2.54525e-06 2087.94
9.5496  2.52406e-06 2125.75
9.6451  2.50304e-06 2164.25
9.74155  2.4822e-06 2203.46
9.83896  2.46154e-06 2243.39
9.93735  2.44104e-06 2284.05
10.0367  2.42072e-06 2325.46
10.1371  2.40056e-06 2367.62
10.2385  2.38057e-06 2410.56
10.3409  2.36075e-06 2454.29
10.4443  2.34109e-06 2498.83
10.5487  2.32159e-06 2544.17
10.6542  2.30225e-06 2590.36
10.7607  2.28308e-06 2637.39
10.8683  2.26406e-06 2685.28
10.977  2.2452e-06 2734.05
11.0868  2.2265e-06 2783.72
11.1977  2.20796e-06 2834.3
11.3096  2.18956e-06 2885.81
11.4227  2.17133e-06 2938.27
11.537  2.15323e-06 2991.69
11.6523  2.13528e-06 3046.09
11.7689  2.11749e-06 3101.5
11.8865  2.09983e-06 3157.92
12.0054  2.08233e-06 3215.37
12.1255  2.06497e-06 3273.89
12.2467  2.04776e-06 3333.48
12.3692  2.03068e-06 3394.16
12.4929  2.01375e-06 3455.97
12.6178  1.99696e-06 3518.9
12.744  1.98031e-06 3583
12.8714  1.9638e-06 3648.27
13.0001  1.94742e-06 3714.75
13.1301  1.93118e-06 3782.44
13.2614  1.91508e-06 3851.39
13.3941  1.89911e-06 3921.6
13.528  1.88327e-06 3993.1
13.6633  1.86756e-06 4065.92
13.7999  1.85199e-06 4140.08
13.9379  1.83654e-06 4215.6
14.0773  1.82122e-06 4292.51
14.2181  1.80603e-06 4370.84
14.3602  1.79097e-06 4450.61
14.5038  1.77603e-06 4531.85
14.6489  1.76121e-06 4614.58
14.7954  1.74652e-06 4698.84
14.9433  1.73195e-06 4784.65
15.0928  1.7175e-06 4872.03
15.2437  1.70317e-06 4961.03
15.3961  1.68896e-06 5051.66
15.5501  1.67487e-06 5143.97
15.7056  1.6609e-06 5237.97
15.8626  1.64704e-06 5333.71
16.0213  1.6333e-06 5431.2
16.1815  1.61967e-06 5530.5
16.3433  1.60615e-06 5631.62
16.5067  1.59275e-06 5734.6
16.6718  1.57946e-06 5839.49
16.8385  1.56627e-06 5946.3
17.0069  1.5532e-06 6055.08
17.177  1.54024e-06 6165.87
17.3487  1.52738e-06 6278.7
17.5222  1.51463e-06 6393.61
17.6974  1.50199e-06 6510.63
17.8744  1.48945e-06 6629.81
18.0532  1.47702e-06 6751.19
18.2337  1.46469e-06 6874.8
18.416  1.45246e-06 7000.7
18.6002  1.44034e-06 7128.91
18.7862  1.42831e-06 7259.49
18.9741  1.41639e-06 7392.47
19.1638  1.40456e-06 7527.91
19.3554  1.39284e-06 7665.84
19.549  1.38121e-06 7806.32
19.7445  1.36968e-06 7949.38
19.9419  1.35824e-06 8095.08
20.1413  1.3469e-06 8243.47
20.3427  1.33566e-06 8394.6
20.5462  1.32451e-06 8548.51
20.7516  1.31345e-06 8705.26
20.9592  1.30248e-06 8864.9
21.1687  1.29161e-06 9027.49
21.3804  1.28082e-06 9193.07
21.5942  1.27013e-06 9361.71
21.8102  1.25952e-06 9533.46
22.0283  1.24901e-06 9708.37
22.2486  1.23858e-06 9886.52
22.4711  1.22824e-06 10067.9
22.6958  1.21799e-06 10252.7
22.9227  1.20782e-06 10440.9
23.1519  1.19774e-06 10632.6
23.3835  1.18774e-06 10827.7
23.6173  1.17782e-06 11026.5
23.8535  1.16799e-06 11229
24.092  1.15824e-06 11435.2
24.3329  1.14857e-06 11645.2
24.5763  1.13898e-06 11859
24.822  1.12948e-06 12076.9
25.0702  1.12005e-06 12298.7
25.3209  1.1107e-06 12524.6
25.5742  1.10143e-06 12754.7
25.8299  1.09224e-06 12989.1
26.0882  1.08312e-06 13227.7
26.3491  1.07409e-06 13470.8
26.6126  1.06512e-06 13718.3
26.8787  1.05624e-06 13970.5
27.1475  1.04742e-06 14227.2
27.419  1.03868e-06 14488.7
27.6931  1.03002e-06 14755.1
27.9701  1.02143e-06 15026.3
28.2498  1.0129e-06 15302.6
28.5323  1.00446e-06 15583.9
28.8176  9.96077e-07 15870.5
29.1058  9.87769e-07 16162.3
29.3968  9.79532e-07 16459.5
29.6908  9.71363e-07 16762.2
29.9877  9.63263e-07 17070.5
30.2876  9.55231e-07 17384.4
30.5905  9.47267e-07 17704.2
30.8964  9.3937e-07 18029.8
31.2053  9.31539e-07 18361.5
31.5174  9.23774e-07 18699.3
31.8326  9.16075e-07 19043.3
32.1509  9.0844e-07 19393.7
32.4724  9.0087e-07 19750.5
32.7971  8.93363e-07 20113.9
33.1251  8.8592e-07 20484
33.4563  8.7854e-07 20860.9
33.7909  8.71221e-07 21244.8
34.1288  8.63965e-07 21635.8
34.4701  8.5677e-07 22034
34.8148  8.49635e-07 22439.5
35.1629  8.42561e-07 22852.5
35.5146  8.35546e-07 23273.1
35.8697  8.28591e-07 23701.5
36.2284  8.21694e-07 24137.8
36.5907  8.14856e-07 24582.1
36.9566  8.08075e-07 25034.6
37.3262  8.01352e-07 25495.5
37.6994  7.94686e-07 25964.8
38.0764  7.88076e-07 26442.8
38.4572  7.81521e-07 26929.7
38.8418  7.75023e-07 27425.5
39.2302  7.68579e-07 27930.4
39.6225  7.62189e-07 28444.6
40.0187  7.55854e-07 28968.4
40.4189  7.49573e-07 29501.8
40.8231  7.43344e-07 30045
41.2313  7.37169e-07 30598.2
41.6436  7.31045e-07 31161.6
42.0601  7.24974e-07 31735.4
42.4807  7.18954e-07 32319.8
42.9055  7.12985e-07 32914.9
43.3345  7.07067e-07 33521
43.7679  7.01199e-07 34138.3
44.2056  6.9538e-07 34766.9
44.6476  6.89611e-07 35407.2
45.0941  6.83891e-07 36059.2
45.545  6.7822e-07 36723.2
46.0005  6.72597e-07 37399.5
46.4605  6.67021e-07 38088.2
46.9251  6.61493e-07 38789.5
47.3943  6.56012e-07 39503.9
47.8683  6.50577e-07 40231.3
48.347  6.45189e-07 40972.1
48.8304  6.39846e-07 41726.6
49.3187  6.34549e-07 42495
49.8119  6.29297e-07 43277.5
50.31  6.2409e-07 44074.4
50.8131  6.18927e-07 44886
51.3213  6.13808e-07 45712.5
51.8345  6.08733e-07 46554.2
52.3528  6.037e-07 47411.4
52.8764  5.98711e-07 48284.3
53.4051  5.93764e-07 49173.4
53.9392  5.8886e-07 50078.7
54.4786  5.83997e-07 51000.7
55.0234  5.79176e-07 51939.7
55.5736  5.74396e-07 52895.9
56.1293  5.69656e-07 53869.7
56.6906  5.64958e-07 54861.4
57.2575  5.60299e-07 55871.3
57.8301  5.5568e-07 56899.8
58.4084  5.511e-07 57947.1
58.9925  5.4656e-07 59013.7
59.5824  5.42059e-07 60099.9
60.1782  5.37596e-07 61206.1
60.78  5.33171e-07 62332.5
61.3878  5.28784e-07 63479.6
62.0017  5.24434e-07 64647.8
62.6217  5.20122e-07 65837.5
63.2479  5.15847e-07 67048.9
63.8804  5.11608e-07 68282.6
64.5192  5.07406e-07 69538.9
65.1644  5.03239e-07 70818.3
65.816  4.99109e-07 72121.1
66.4742  4.95014e-07 73447.9
67.1389  4.90954e-07 74798.9
67.8103  4.86928e-07 76174.7
68.4884  4.82938e-07 77575.8
69.1733  4.78981e-07 79002.5
69.8651  4.75059e-07 80455.3
70.5637  4.7117e-07 81934.8
71.2693  4.67315e-07 83441.3
71.982  4.63492e-07 84975.5
72.7019  4.59703e-07 86537.7
73.4289  4.55946e-07 88128.5
74.1632  4.52222e-07 89748.5
74.9048  4.48529e-07 91398.1
75.6538  4.44869e-07 93077.8
76.4104  4.41239e-07 94788.3
77.1745  4.37641e-07 96530.1
77.9462  4.34074e-07 98303.8
78.7257  4.30538e-07 100110
79.513  4.27032e-07 101949
80.3081  4.23557e-07 103822
81.1112  4.20111e-07 105728
81.9223  4.16696e-07 107670
82.7415  4.13309e-07 109647
83.5689  4.09952e-07 111661
84.4046  4.06624e-07 113711
85.2486  4.03324e-07 115798
86.1011  4.00053e-07 117923
86.9621  3.96811e-07 120088
87.8318  3.93596e-07 122292
88.7101  3.90409e-07 124535
89.5972  3.8725e-07 126820
90.4932  3.84118e-07 129147
91.3981  3.81013e-07 131516
92.3121  3.77935e-07 133928
93.2352  3.74883e-07 136383
94.1675  3.71859e-07 138884
95.1092  3.6886e-07 141430
96.0603  3.65887e-07 144023
97.0209  3.6294e-07 146662
97.9911  3.60019e-07 149350
98.971  3.57123e-07 152086
99.9607  3.54252e-07 154873
100.96  3.51406e-07 157709
101.97  3.48584e-07 160598
102.99  3.45787e-07 163539
104.02  3.43015e-07 166533
105.06  3.40267e-07 169581
106.11  3.37542e-07 172685
107.171  3.34841e-07 175845
108.243  3.32164e-07 179063
109.326  3.2951e-07 182339
110.419  3.26879e-07 185674
111.523  3.24271e-07 189069
112.638  3.21686e-07 192526
113.765  3.19123e-07 196046
114.902  3.16582e-07 199629
116.051  3.14064e-07 203277
117.212  3.11568e-07 206991
118.384  3.09093e-07 210773
119.568  3.0664e-07 214622
120.763  3.04209e-07 218541
121.971  3.01799e-07 222531
123.191  2.99409e-07 226593
124.423  2.97041e-07 230728
125.667  2.94693e-07 234938
126.924  2.92366e-07 239224
128.193  2.9006e-07 243587
129.475  2.87773e-07 248028
130.77  2.85507e-07 252550
132.077  2.8326e-07 257153
133.398  2.81033e-07 261839
134.732  2.78826e-07 266609
136.079  2.76638e-07 271465
137.44  2.74469e-07 276408
138.814  2.72319e-07 281440
140.203  2.70188e-07 286562
141.605  2.68076e-07 291777
143.021  2.65982e-07 297084
144.451  2.63907e-07 302487
145.895  2.6185e-07 307987
147.354  2.59811e-07 313586
148.828  2.5779e-07 319284
150.316  2.55787e-07 325085
151.819  2.53801e-07 330990
153.338  2.51833e-07 337000
154.871  2.49883e-07 343118
156.42  2.47949e-07 349345
157.984  2.46033e-07 355684
159.564  2.44133e-07 362136
161.159  2.4225e-07 368703
162.771  2.40384e-07 375387
164.399  2.38535e-07 382190
166.043  2.36701e-07 389115
167.703  2.34884e-07 396163
169.38  2.33083e-07 403336
171.074  2.31298e-07 410637
172.785  2.29529e-07 418067
174.512  2.27776e-07 425630
176.258  2.26038e-07 433326
178.02  2.24315e-07 441159
179.8  2.22608e-07 449130
181.598  2.20916e-07 457243
183.414  2.19238e-07 465499
185.248  2.17576e-07 473902
187.101  2.15929e-07 482453
188.972  2.14296e-07 491155
190.862  2.12678e-07 500012
192.77  2.11074e-07 509025
194.698  2.09484e-07 518198
196.645  2.07909e-07 527534
198.611  2.06348e-07 537034
200.598  2.048e-07 546703
202.604  2.03267e-07 556543
204.63  2.01747e-07 566557
206.676  2.0024e-07 576749
208.743  1.98747e-07 587122
210.83  1.97268e-07 597679
212.938  1.95802e-07 608425
215.068  1.94348e-07 619362
217.218  1.92908e-07 630494
219.391  1.91481e-07 641825
221.584  1.90066e-07 653359
223.8  1.88665e-07 665099
226.038  1.87275e-07 677050
228.299  1.85899e-07 689215
230.582  1.84534e-07 701598
232.888  1.83182e-07 714202
235.216  1.81842e-07 727033
237.569  1.80515e-07 740093
239.944  1.79199e-07 753387
242.344  1.77895e-07 766918
244.767  1.76602e-07 780691
247.215  1.75322e-07 794711
249.687  1.74053e-07 808980
252.184  1.72795e-07 823504
254.706  1.71549e-07 838288
257.253  1.70314e-07 853335
259.825  1.6909e-07 868649
262.423  1.67878e-07 884236
265.048  1.66676e-07 900100
267.698  1.65485e-07 916245
270.375  1.64305e-07 932676
273.079  1.63136e-07 949399
275.81  1.61977e-07 966417
278.568  1.60829e-07 983736
281.354  1.59691e-07 1.00136e+06
284.167  1.58564e-07 1.01929e+06
287.009  1.57447e-07 1.03755e+06
289.879  1.5634e-07 1.05612e+06
292.778  1.55243e-07 1.07502e+06
295.705  1.54157e-07 1.09425e+06
298.662  1.5308e-07 1.11381e+06
301.649  1.52013e-07 1.13372e+06
304.666  1.50956e-07 1.15398e+06
307.712  1.49908e-07 1.1746e+06
310.789  1.4887e-07 1.19557e+06
313.897  1.47842e-07 1.21692e+06
317.036  1.46823e-07 1.23863e+06
320.207  1.45813e-07 1.26072e+06
323.409  1.44813e-07 1.2832e+06
326.643  1.43822e-07 1.30607e+06
329.909  1.4284e-07 1.32934e+06
333.208  1.41867e-07 1.35301e+06
336.54  1.40903e-07 1.37709e+06
339.906  1.39948e-07 1.40159e+06
343.305  1.39001e-07 1.42652e+06
346.738  1.38064e-07 1.45187e+06
350.205  1.37135e-07 1.47766e+06
353.707  1.36215e-07 1.5039e+06
357.244  1.35303e-07 1.53059e+06
360.817  1.344e-07 1.55774e+06
364.425  1.33505e-07 1.58536e+06
368.069  1.32618e-07 1.61345e+06
371.75  1.3174e-07 1.64203e+06
375.467  1.3087e-07 1.67109e+06
379.222  1.30008e-07 1.70065e+06
383.014  1.29154e-07 1.73072e+06
386.844  1.28308e-07 1.7613e+06
390.713  1.2747e-07 1.79241e+06
394.62  1.2664e-07 1.82404e+06
398.566  1.25817e-07 1.85621e+06
402.552  1.25003e-07 1.88893e+06
406.577  1.24195e-07 1.92221e+06
410.643  1.23396e-07 1.95605e+06
414.75  1.22604e-07 1.99046e+06
418.897  1.21819e-07 2.02546e+06
423.086  1.21042e-07 2.06104e+06
427.317  1.20272e-07 2.09723e+06
431.59  1.1951e-07 2.13403e+06
435.906  1.18755e-07 2.17145e+06
440.265  1.18006e-07 2.2095e+06
444.668  1.17265e-07 2.24819e+06
449.114  1.16531e-07 2.28752e+06
453.605  1.15804e-07 2.32752e+06
458.142  1.15084e-07 2.36819e+06
462.723  1.14371e-07 2.40953e+06
467.35  1.13664e-07 2.45157e+06
472.024  1.12964e-07 2.4943e+06
476.744  1.12271e-07 2.53775e+06
481.511  1.11585e-07 2.58192e+06
486.326  1.10905e-07 2.62683e+06
491.19  1.10231e-07 2.67247e+06
496.102  1.09565e-07 2.71888e+06
501.063  1.08904e-07 2.76605e+06
506.073  1.0825e-07 2.814e+06
511.134  1.07602e-07 2.86274e+06
516.245  1.0696e-07 2.91228e+06
521.408  1.06325e-07 2.96264e+06
526.622  1.05696e-07 3.01383e+06
531.888  1.05073e-07 3.06585e+06
537.207  1.04456e-07 3.11873e+06
542.579  1.03845e-07 3.17247e+06
548.005  1.03239e-07 3.22709e+06
553.485  1.0264e-07 3.2826e+06
559.02  1.02047e-07 3.33901e+06
564.61  1.01459e-07 3.39634e+06
570.256  1.00878e-07 3.4546e+06
575.959  1.00301e-07 3.5138e+06
581.718  9.9731e-08 3.57396e+06
587.535  9.91661e-08 3.6351e+06
593.411  9.86068e-08 3.69722e+06
599.345  9.80531e-08 3.76034e+06
605.338  9.75048e-08 3.82447e+06
611.392  9.6962e-08 3.88964e+06
617.506  9.64245e-08 3.95585e+06
623.681  9.58924e-08 4.02312e+06
629.917  9.53656e-08 4.09146e+06
636.217  9.4844e-08 4.1609e+06
642.579  9.43277e-08 4.23144e+06
649.005  9.38165e-08 4.3031e+06
655.495  9.33104e-08 4.3759e+06
662.05  9.28094e-08 4.44986e+06
668.67  9.23135e-08 4.52498e+06
675.357  9.18225e-08 4.60129e+06
682.11  9.13366e-08 4.67881e+06
688.931  9.08555e-08 4.75754e+06
695.821  9.03793e-08 4.83752e+06
702.779  8.99079e-08 4.91875e+06
709.807  8.94414e-08 5.00125e+06
716.905  8.89796e-08 5.08504e+06
724.074  8.85225e-08 5.17014e+06
731.315  8.80701e-08 5.25657e+06
738.628  8.76224e-08 5.34434e+06
746.014  8.71792e-08 5.43347e+06
753.474  8.67406e-08 5.52398e+06
761.009  8.63066e-08 5.6159e+06
768.619  8.5877e-08 5.70924e+06
776.305  8.54519e-08 5.80402e+06
784.068  8.50312e-08 5.90025e+06
791.909  8.46149e-08 5.99797e+06
799.828  8.4203e-08 6.09718e+06
807.826  8.37953e-08 6.19791e+06
815.905  8.3392e-08 6.30018e+06
824.064  8.29928e-08 6.40401e+06
832.304  8.25979e-08 6.50942e+06
840.627  8.22072e-08 6.61643e+06
849.034  8.18206e-08 6.72507e+06
857.524  8.14381e-08 6.83535e+06
866.099  8.10597e-08 6.9473e+06
874.76  8.06853e-08 7.06094e+06
883.508  8.03149e-08 7.17629e+06
892.343  7.99485e-08 7.29337e+06
901.266  7.95861e-08 7.41221e+06
910.279  7.92276e-08 7.53283e+06
919.382  7.88729e-08 7.65524e+06
928.575  7.85221e-08 7.77949e+06
937.861  7.81751e-08 7.90558e+06
947.24  7.78319e-08 8.03354e+06
956.712  7.74924e-08 8.16341e+06
966.279  7.71567e-08 8.29519e+06
975.942  7.68247e-08 8.42892e+06
985.702  7.64963e-08 8.56462e+06
995.559  7.61716e-08 8.70232e+06
