0.001  6.70907e-05 0.177484
0.00101  6.71494e-05 0.178369
0.0010201  6.72084e-05 0.179259
0.0010303  6.72678e-05 0.180153
0.0010406  6.73274e-05 0.181052
0.00105101  6.73874e-05 0.181955
0.00106152  6.74476e-05 0.182862
0.00107214  6.75082e-05 0.183774
0.00108286  6.75691e-05 0.184691
0.00109369  6.76303e-05 0.185612
0.00110462  6.76918e-05 0.186538
0.00111567  6.77537e-05 0.187468
0.00112683  6.78159e-05 0.188403
0.00113809  6.78783e-05 0.189343
0.00114947  6.79412e-05 0.190287
0.00116097  6.80043e-05 0.191236
0.00117258  6.80678e-05 0.19219
0.0011843  6.81316e-05 0.193148
0.00119615  6.81958e-05 0.194112
0.00120811  6.82602e-05 0.19508
0.00122019  6.8325e-05 0.196053
0.00123239  6.83902e-05 0.197031
0.00124472  6.84557e-05 0.198013
0.00125716  6.85215e-05 0.199001
0.00126973  6.85877e-05 0.199994
0.00128243  6.86542e-05 0.200991
0.00129526  6.87211e-05 0.201994
0.00130821  6.87883e-05 0.203001
0.00132129  6.88559e-05 0.204013
0.0013345  6.89238e-05 0.205031
0.00134785  6.89921e-05 0.206054
0.00136133  6.90608e-05 0.207081
0.00137494  6.91298e-05 0.208114
0.00138869  6.9199e-05 0.209152
0.00140258  6.9261e-05 0.210195
0.0014166  6.93205e-05 0.211244
0.00143077  6.93803e-05 0.212297
0.00144508  6.94403e-05 0.213356
0.00145953  6.95006e-05 0.21442
0.00147412  6.95611e-05 0.21549
0.00148886  6.96164e-05 0.216564
0.00150375  6.96676e-05 0.217645
0.00151879  6.97189e-05 0.21873
0.00153398  6.97704e-05 0.219821
0.00154932  6.9822e-05 0.220917
0.00156481  6.98739e-05 0.222019
0.00158046  6.99259e-05 0.223126
0.00159626  6.9978e-05 0.224219
0.00161223  7.00303e-05 0.225302
0.00162835  7.00828e-05 0.226399
0.00164463  7.01355e-05 0.227509
0.00166108  7.01883e-05 0.228632
0.00167769  7.02413e-05 0.229769
0.00169447  7.02944e-05 0.230918
0.00171141  7.03478e-05 0.232081
0.00172852  7.04013e-05 0.233256
0.00174581  7.04549e-05 0.234443
0.00176327  7.05087e-05 0.235643
0.0017809  7.05627e-05 0.236854
0.00179871  7.06169e-05 0.238022
0.0018167  7.06712e-05 0.239195
0.00183486  7.07257e-05 0.240379
0.00185321  7.07799e-05 0.241573
0.00187174  7.08288e-05 0.242776
0.00189046  7.08762e-05 0.243989
0.00190937  7.09236e-05 0.24521
0.00192846  7.09711e-05 0.24644
0.00194774  7.10187e-05 0.247678
0.00196722  7.10664e-05 0.248924
0.00198689  7.11116e-05 0.250176
0.00200676  7.11554e-05 0.251431
0.00202683  7.11993e-05 0.252687
0.0020471  7.12431e-05 0.253948
0.00206757  7.12871e-05 0.255214
0.00208825  7.1331e-05 0.256487
0.00210913  7.1375e-05 0.257766
0.00213022  7.1419e-05 0.259052
0.00215152  7.14631e-05 0.260343
0.00217304  7.15072e-05 0.261641
0.00219477  7.15513e-05 0.262945
0.00221672  7.15955e-05 0.264256
0.00223888  7.16396e-05 0.265574
0.00226127  7.16838e-05 0.266898
0.00228388  7.1728e-05 0.268228
0.00230672  7.17722e-05 0.269566
0.00232979  7.18165e-05 0.27091
0.00235309  7.18607e-05 0.272261
0.00237662  7.1905e-05 0.273619
0.00240038  7.19493e-05 0.274984
0.00242439  7.19936e-05 0.276356
0.00244863  7.20379e-05 0.277734
0.00247312  7.2082e-05 0.27912
0.00249785  7.21254e-05 0.280512
0.00252283  7.21687e-05 0.281912
0.00254806  7.22121e-05 0.283318
0.00257354  7.22555e-05 0.284731
0.00259927  7.22988e-05 0.286152
0.00262527  7.23421e-05 0.287579
0.00265152  7.23854e-05 0.289013
0.00267803  7.24287e-05 0.290455
0.00270481  7.24719e-05 0.291903
0.00273186  7.25151e-05 0.293359
0.00275918  7.25583e-05 0.294822
0.00278677  7.26003e-05 0.296292
0.00281464  7.2638e-05 0.29777
0.00284279  7.26749e-05 0.299255
0.00287121  7.27117e-05 0.300747
0.00289993  7.27484e-05 0.302247
0.00292893  7.2785e-05 0.303754
0.00295822  7.28214e-05 0.305269
0.0029878  7.28585e-05 0.306792
0.00301768  7.28956e-05 0.308322
0.00304785  7.29325e-05 0.30986
0.00307833  7.29694e-05 0.311405
0.00310911  7.30061e-05 0.312958
0.0031402  7.30427e-05 0.314519
0.00317161  7.30791e-05 0.316088
0.00320332  7.31154e-05 0.317665
0.00323536  7.31516e-05 0.319249
0.00326771  7.31876e-05 0.320841
0.00330039  7.32235e-05 0.322441
0.00333339  7.32593e-05 0.32405
0.00336672  7.32948e-05 0.325666
0.00340039  7.33303e-05 0.32729
0.0034344  7.33655e-05 0.328922
0.00346874  7.34006e-05 0.330563
0.00350343  7.34355e-05 0.332211
0.00353846  7.34703e-05 0.333868
0.00357385  7.35048e-05 0.335533
0.00360958  7.35392e-05 0.337207
0.00364568  7.35734e-05 0.338889
0.00368214  7.36074e-05 0.340579
0.00371896  7.36406e-05 0.342278
0.00375615  7.36719e-05 0.343985
0.00379371  7.37028e-05 0.3457
0.00383165  7.37334e-05 0.347424
0.00386996  7.37638e-05 0.349157
0.00390866  7.3794e-05 0.350899
0.00394775  7.38239e-05 0.352649
0.00398723  7.38586e-05 0.354407
0.0040271  7.38931e-05 0.356175
0.00406737  7.39274e-05 0.357952
0.00410804  7.39615e-05 0.359737
0.00414912  7.39954e-05 0.361531
0.00419062  7.40291e-05 0.363334
0.00423252  7.40625e-05 0.365146
0.00427485  7.40957e-05 0.366967
0.0043176  7.41286e-05 0.368798
0.00436077  7.41613e-05 0.370637
0.00440438  7.41937e-05 0.372486
0.00444842  7.42258e-05 0.374343
0.00449291  7.42577e-05 0.37621
0.00453784  7.42893e-05 0.378087
0.00458321  7.43206e-05 0.379972
0.00462905  7.43517e-05 0.381868
0.00467534  7.4382e-05 0.383772
0.00472209  7.44119e-05 0.385686
0.00476931  7.44414e-05 0.38761
0.004817  7.44707e-05 0.389543
0.00486517  7.44996e-05 0.391486
0.00491383  7.45282e-05 0.393438
0.00496296  7.45625e-05 0.3954
0.00501259  7.46014e-05 0.397372
0.00506272  7.464e-05 0.399354
0.00511335  7.46784e-05 0.401346
0.00516448  7.47166e-05 0.403348
0.00521613  7.47544e-05 0.40536
0.00526829  7.47921e-05 0.407381
0.00532097  7.48294e-05 0.409413
0.00537418  7.48665e-05 0.411455
0.00542792  7.49033e-05 0.413507
0.0054822  7.49398e-05 0.41557
0.00553702  7.4976e-05 0.417642
0.00559239  7.50121e-05 0.419725
0.00564832  7.50483e-05 0.421819
0.0057048  7.50841e-05 0.423922
0.00576185  7.51196e-05 0.426037
0.00581947  7.51548e-05 0.428162
0.00587766  7.51897e-05 0.430297
0.00593644  7.52242e-05 0.432443
0.0059958  7.52584e-05 0.4346
0.00605576  7.52923e-05 0.436768
0.00611632  7.53258e-05 0.438946
0.00617748  7.5359e-05 0.441135
0.00623926  7.53917e-05 0.443335
0.00630165  7.54242e-05 0.445546
0.00636466  7.54562e-05 0.447768
0.00642831  7.54878e-05 0.450002
0.00649259  7.55191e-05 0.452246
0.00655752  7.55499e-05 0.454502
0.0066231  7.55804e-05 0.456769
0.00668933  7.56104e-05 0.459047
0.00675622  7.564e-05 0.461336
0.00682378  7.56692e-05 0.463637
0.00689202  7.56979e-05 0.465949
0.00696094  7.57262e-05 0.468273
0.00703055  7.5754e-05 0.470609
0.00710085  7.57813e-05 0.472956
0.00717186  7.58082e-05 0.475315
0.00724358  7.58346e-05 0.477686
0.00731602  7.58605e-05 0.480068
0.00738918  7.5886e-05 0.482462
0.00746307  7.59281e-05 0.484869
0.0075377  7.5975e-05 0.487287
0.00761308  7.60216e-05 0.489717
0.00768921  7.6068e-05 0.49216
0.0077661  7.6114e-05 0.494614
0.00784376  7.61597e-05 0.497081
0.0079222  7.6205e-05 0.49956
0.00800142  7.62501e-05 0.502052
0.00808144  7.62947e-05 0.504556
0.00816225  7.63391e-05 0.507072
0.00824387  7.63831e-05 0.509602
0.00832631  7.64267e-05 0.512143
0.00840957  7.64699e-05 0.514698
0.00849367  7.65128e-05 0.517265
0.00857861  7.65553e-05 0.519844
0.00866439  7.65973e-05 0.522437
0.00875104  7.6639e-05 0.525043
0.00883855  7.66803e-05 0.527661
0.00892693  7.67211e-05 0.530293
0.0090162  7.67615e-05 0.532938
0.00910636  7.68015e-05 0.535596
0.00919743  7.6841e-05 0.538267
0.0092894  7.68814e-05 0.540952
0.0093823  7.6926e-05 0.54365
0.00947612  7.6971e-05 0.546361
0.00957088  7.70155e-05 0.549086
0.00966659  7.70596e-05 0.551825
0.00976325  7.71032e-05 0.554577
0.00986089  7.71465e-05 0.557343
0.0099595  7.7212e-05 0.560123
0.0100591  7.72798e-05 0.562916
0.0101597  7.73474e-05 0.565724
0.0102613  7.74147e-05 0.568545
0.0103639  7.74819e-05 0.571381
0.0104675  7.75488e-05 0.574231
0.0105722  7.76155e-05 0.577095
0.0106779  7.76819e-05 0.579973
0.0107847  7.77481e-05 0.582866
0.0108926  7.7814e-05 0.585773
0.0110015  7.78797e-05 0.588694
0.0111115  7.79451e-05 0.59163
0.0112226  7.80102e-05 0.594581
0.0113348  7.8075e-05 0.597547
0.0114482  7.81395e-05 0.600527
0.0115627  7.82037e-05 0.603522
0.0116783  7.82676e-05 0.606532
0.0117951  7.83312e-05 0.609557
0.011913  7.83945e-05 0.612598
0.0120322  7.84574e-05 0.615653
0.0121525  7.852e-05 0.618723
0.012274  7.85822e-05 0.621809
0.0123967  7.86441e-05 0.62491
0.0125207  7.87056e-05 0.628027
0.0126459  7.87667e-05 0.631159
0.0127724  7.88275e-05 0.634307
0.0129001  7.88878e-05 0.637471
0.0130291  7.89478e-05 0.64065
0.0131594  7.90073e-05 0.643846
0.013291  7.90664e-05 0.647057
0.0134239  7.91251e-05 0.650284
0.0135581  7.91834e-05 0.653528
0.0136937  7.92411e-05 0.656787
0.0138307  7.92985e-05 0.660063
0.013969  7.93594e-05 0.663355
0.0141086  7.94277e-05 0.666663
0.0142497  7.94956e-05 0.669988
0.0143922  7.95631e-05 0.67333
0.0145362  7.96303e-05 0.676688
0.0146815  7.9697e-05 0.680063
0.0148283  7.97679e-05 0.683455
0.0149766  7.98644e-05 0.686864
0.0151264  7.99607e-05 0.690289
0.0152776  8.00569e-05 0.693732
0.0154304  8.0153e-05 0.697192
0.0155847  8.02489e-05 0.700669
0.0157406  8.03447e-05 0.704164
0.015898  8.04403e-05 0.707676
0.016057  8.05358e-05 0.711205
0.0162175  8.0631e-05 0.714753
0.0163797  8.07262e-05 0.718318
0.0165435  8.08211e-05 0.7219
0.0167089  8.09158e-05 0.725501
0.016876  8.10104e-05 0.729119
0.0170448  8.11047e-05 0.732756
0.0172152  8.11988e-05 0.73641
0.0173874  8.12927e-05 0.740083
0.0175613  8.13864e-05 0.743774
0.0177369  8.14798e-05 0.747484
0.0179142  8.1573e-05 0.751212
0.0180934  8.1666e-05 0.754958
0.0182743  8.17586e-05 0.758724
0.0184571  8.1851e-05 0.762508
0.0186416  8.19498e-05 0.766311
0.018828  8.20573e-05 0.770133
0.0190163  8.21647e-05 0.773974
0.0192065  8.22719e-05 0.777835
0.0193986  8.23789e-05 0.781714
0.0195925  8.24858e-05 0.785613
0.0197885  8.25983e-05 0.789531
0.0199864  8.27294e-05 0.793469
0.0201862  8.28606e-05 0.797426
0.0203881  8.29918e-05 0.801403
0.020592  8.31231e-05 0.8054
0.0207979  8.32544e-05 0.809417
0.0210059  8.33857e-05 0.813454
0.0212159  8.35171e-05 0.817512
0.0214281  8.36485e-05 0.821589
0.0216424  8.37799e-05 0.825687
0.0218588  8.39113e-05 0.829805
0.0220774  8.40427e-05 0.833943
0.0222981  8.41741e-05 0.838102
0.0225211  8.43055e-05 0.842282
0.0227463  8.44369e-05 0.846483
0.0229738  8.45683e-05 0.850705
0.0232035  8.46996e-05 0.854948
0.0234356  8.48309e-05 0.859213
0.0236699  8.49622e-05 0.863498
0.0239066  8.50934e-05 0.867805
0.0241457  8.52246e-05 0.872133
0.0243871  8.53556e-05 0.876483
0.024631  8.54866e-05 0.880854
0.0248773  8.56335e-05 0.885247
0.0251261  8.57842e-05 0.889662
0.0253774  8.5935e-05 0.894099
0.0256311  8.60859e-05 0.898559
0.0258874  8.62368e-05 0.903041
0.0261463  8.63878e-05 0.907545
0.0264078  8.6539e-05 0.912071
0.0266719  8.66902e-05 0.91662
0.0269386  8.68414e-05 0.921192
0.027208  8.69927e-05 0.925786
0.02748  8.71441e-05 0.930403
0.0277548  8.72955e-05 0.935044
0.0280324  8.74597e-05 0.939707
0.0283127  8.76301e-05 0.944394
0.0285958  8.78007e-05 0.949104
0.0288818  8.79716e-05 0.953838
0.0291706  8.81426e-05 0.958595
0.0294623  8.83138e-05 0.963376
0.029757  8.8496e-05 0.968181
0.0300545  8.86897e-05 0.97301
0.0303551  8.88837e-05 0.977863
0.0306586  8.90782e-05 0.98274
0.0309652  8.92731e-05 0.987642
0.0312749  8.94683e-05 0.992567
0.0315876  8.9664e-05 0.997518
0.0319035  8.986e-05 1.00249
0.0322225  9.00564e-05 1.00749
0.0325447  9.02531e-05 1.01252
0.0328702  9.04503e-05 1.01757
0.0331989  9.06478e-05 1.02264
0.0335309  9.08456e-05 1.02774
0.0338662  9.10438e-05 1.03287
0.0342049  9.12424e-05 1.03802
0.0345469  9.14413e-05 1.0432
0.0348924  9.16406e-05 1.0484
0.0352413  9.18402e-05 1.05363
0.0355937  9.20401e-05 1.05888
0.0359496  9.22403e-05 1.06417
0.0363091  9.24409e-05 1.06947
0.0366722  9.26418e-05 1.07481
0.037039  9.28433e-05 1.08017
0.0374093  9.30561e-05 1.08556
0.0377834  9.32732e-05 1.09097
0.0381613  9.34907e-05 1.09641
0.0385429  9.37087e-05 1.10188
0.0389283  9.3927e-05 1.10738
0.0393176  9.41459e-05 1.1129
0.0397108  9.43793e-05 1.11845
0.0401079  9.46236e-05 1.12403
0.040509  9.48686e-05 1.12963
0.040914  9.51143e-05 1.13527
0.0413232  9.53607e-05 1.14093
0.0417364  9.56077e-05 1.14662
0.0421538  9.58554e-05 1.15234
0.0425753  9.61037e-05 1.15809
0.0430011  9.63527e-05 1.16386
0.0434311  9.66023e-05 1.16967
0.0438654  9.68526e-05 1.1755
0.044304  9.71035e-05 1.18136
0.0447471  9.73551e-05 1.18726
0.0451946  9.76073e-05 1.19318
0.0456465  9.78601e-05 1.19913
0.046103  9.81136e-05 1.20511
0.046564  9.83719e-05 1.21112
0.0470296  9.86388e-05 1.21716
0.0474999  9.89065e-05 1.22323
0.0479749  9.91749e-05 1.22933
0.0484547  9.9444e-05 1.23546
0.0489392  9.9714e-05 1.24162
0.0494286  9.99888e-05 1.24782
0.0499229  0.000100288 1.25404
0.0504221  0.000100588 1.2603
0.0509264  0.000100888 1.26658
0.0514356  0.00010119 1.2729
0.05195  0.000101493 1.27925
0.0524695  0.000101797 1.28563
0.0529942  0.000102102 1.29204
0.0535241  0.000102408 1.29848
0.0540594  0.000102715 1.30496
0.0546  0.000103023 1.31147
0.055146  0.000103332 1.31801
0.0556974  0.000103644 1.32458
0.0562544  0.000103967 1.33119
0.0568169  0.000104292 1.33783
0.0573851  0.000104619 1.3445
0.0579589  0.000104947 1.35121
0.0585385  0.000105276 1.35795
0.0591239  0.000105607 1.36472
0.0597152  0.000105938 1.37153
0.0603123  0.000106271 1.37837
0.0609154  0.000106604 1.38524
0.0615246  0.000106939 1.39215
0.0621398  0.000107275 1.39909
0.0627612  0.000107613 1.40607
0.0633888  0.000107951 1.41308
0.0640227  0.00010829 1.42013
0.064663  0.000108631 1.42721
0.0653096  0.000108973 1.43433
0.0659627  0.000109316 1.44149
0.0666223  0.00010966 1.44868
0.0672885  0.000110005 1.4559
0.0679614  0.000110351 1.46316
0.068641  0.000110699 1.47046
0.0693275  0.000111048 1.47779
0.0700207  0.000111397 1.48516
0.0707209  0.000111748 1.49257
0.0714281  0.000112101 1.50002
0.0721424  0.000112454 1.5075
0.0728638  0.000112808 1.51502
0.0735925  0.000113164 1.52257
0.0743284  0.00011354 1.53017
0.0750717  0.000113953 1.5378
0.0758224  0.000114369 1.54547
0.0765806  0.000114787 1.55318
0.0773464  0.000115207 1.56092
0.0781199  0.000115628 1.56871
0.0789011  0.000116051 1.57653
0.0796901  0.000116476 1.58439
0.080487  0.000116902 1.5923
0.0812919  0.000117331 1.60024
0.0821048  0.000117761 1.60822
0.0829259  0.000118193 1.61624
0.0837551  0.000118626 1.6243
0.0845927  0.000119061 1.6324
0.0854386  0.000119499 1.64055
0.086293  0.000119937 1.64873
0.0871559  0.000120378 1.65695
0.0880275  0.000120821 1.66521
0.0889077  0.000121265 1.67352
0.0897968  0.000121711 1.68187
0.0906948  0.000122159 1.69026
0.0916017  0.000122608 1.69869
0.0925178  0.00012306 1.70716
0.0934429  0.000123525 1.71567
0.0943774  0.000123997 1.72423
0.0953211  0.000124471 1.73283
0.0962743  0.000124947 1.74147
0.0972371  0.000125425 1.75016
0.0982095  0.000125906 1.75889
0.0991916  0.000126388 1.76766
0.100183  0.000126872 1.77647
0.101185  0.000127359 1.78534
0.102197  0.000127847 1.79424
0.103219  0.000128337 1.80319
0.104251  0.00012883 1.81218
0.105294  0.000129324 1.82122
0.106347  0.000129821 1.83031
0.10741  0.00013032 1.83943
0.108484  0.00013082 1.84861
0.109569  0.000131323 1.85783
0.110665  0.000131828 1.86709
0.111772  0.000132335 1.87641
0.112889  0.000132844 1.88576
0.114018  0.000133356 1.89517
0.115158  0.000133869 1.90462
0.11631  0.000134384 1.91412
0.117473  0.000134902 1.92367
0.118648  0.000135422 1.93326
0.119834  0.000135944 1.9429
0.121033  0.000136468 1.95259
0.122243  0.000136994 1.96233
0.123465  0.000137522 1.97212
0.1247  0.000138053 1.98195
0.125947  0.000138586 1.99184
0.127206  0.000139121 2.00177
0.128478  0.000139658 2.01176
0.129763  0.000140197 2.0218
0.131061  0.000140739 2.03188
0.132372  0.000141282 2.04202
0.133695  0.000141828 2.05221
0.135032  0.000142376 2.06244
0.136383  0.000142927 2.07273
0.137746  0.000143479 2.08307
0.139124  0.000144037 2.09346
0.140515  0.000144615 2.1039
0.14192  0.0001452 2.11439
0.143339  0.000145787 2.12493
0.144773  0.000146377 2.13552
0.146221  0.00014697 2.14616
0.147683  0.000147565 2.15686
0.14916  0.000148188 2.16761
0.150651  0.000148822 2.17842
0.152158  0.00014946 2.18927
0.153679  0.0001501 2.20019
0.155216  0.000150744 2.21116
0.156768  0.00015139 2.22219
0.158336  0.000152039 2.23328
0.159919  0.000152692 2.24442
0.161518  0.000153244 2.25563
0.163134  0.000153792 2.26689
0.164765  0.00015434 2.27822
0.166413  0.00015489 2.28961
0.168077  0.00015544 2.30107
0.169757  0.000155992 2.31259
0.171455  0.000156546 2.32417
0.17317  0.0001571 2.33582
0.174901  0.000157655 2.34754
0.17665  0.000158212 2.35932
0.178417  0.00015877 2.37118
0.180201  0.000159329 2.38311
0.182003  0.000159888 2.39511
0.183823  0.000160449 2.40718
0.185661  0.000161011 2.41932
0.187518  0.000161574 2.43153
0.189393  0.000162138 2.44382
0.191287  0.000162703 2.45618
0.1932  0.000163269 2.46861
0.195132  0.000163836 2.48111
0.197083  0.000164404 2.49369
0.199054  0.000164984 2.50634
0.201045  0.000165567 2.51907
0.203055  0.000166151 2.53186
0.205086  0.000166736 2.54474
0.207136  0.000167322 2.55769
0.209208  0.000167909 2.57071
0.2113  0.000168496 2.58382
0.213413  0.000169348 2.59275
0.215547  0.000170256 2.60087
0.217702  0.000171171 2.60898
0.219879  0.000172093 2.61707
0.222078  0.000173023 2.62515
0.224299  0.00017396 2.63321
0.226542  0.000174904 2.64125
0.228807  0.000175856 2.64928
0.231095  0.000176816 2.65729
0.233406  0.000177783 2.66527
0.235741  0.000178758 2.67324
0.238098  0.000179741 2.68119
0.240479  0.000180731 2.68911
0.242884  0.00018173 2.69701
0.245313  0.000182737 2.70489
0.247766  0.000183756 2.71274
0.250243  0.000184789 2.72057
0.252746  0.00018583 2.72837
0.255273  0.00018688 2.73614
0.257826  0.000187939 2.74389
0.260404  0.000189006 2.75161
0.263008  0.000190082 2.75929
0.265638  0.000191168 2.76695
0.268295  0.000192262 2.77457
0.270978  0.000193365 2.78217
0.273687  0.000194477 2.78972
0.276424  0.000195599 2.79725
0.279189  0.000196737 2.80474
0.28198  0.000197898 2.81219
0.2848  0.00019907 2.81961
0.287648  0.000200252 2.82699
0.290525  0.000201444 2.83433
0.29343  0.000202646 2.84163
0.296364  0.000203859 2.84889
0.299328  0.000205091 2.8561
0.302321  0.000206334 2.86328
0.305344  0.000207587 2.87041
0.308398  0.000208851 2.87749
0.311482  0.000210127 2.88454
0.314597  0.000211413 2.89153
0.317743  0.00021271 2.89848
0.32092  0.000214019 2.90537
0.324129  0.000215339 2.91222
0.32737  0.000216671 2.91902
0.330644  0.000218015 2.92577
0.333951  0.00021937 2.93246
0.33729  0.000220737 2.9391
0.340663  0.000222117 2.94568
0.34407  0.000223509 2.95221
0.34751  0.000224913 2.95868
0.350985  0.000226329 2.96509
0.354495  0.000227758 2.97145
0.35804  0.0002292 2.97774
0.361621  0.000230655 2.98398
0.365237  0.000232123 2.99015
0.368889  0.000233604 2.99626
0.372578  0.000235102 3.0023
0.376304  0.000236618 3.00828
0.380067  0.000238148 3.01419
0.383868  0.000239692 3.02004
0.387706  0.00024125 3.02581
0.391583  0.000242823 3.03152
0.395499  0.000244411 3.03716
0.399454  0.000246021 3.04272
0.403449  0.000247646 3.04821
0.407483  0.000249286 3.05363
0.411558  0.000250941 3.05897
0.415674  0.000252611 3.06424
0.41983  0.000254296 3.06943
0.424029  0.000255752 3.07756
0.428269  0.000257194 3.08593
0.432552  0.000258645 3.09429
0.436877  0.000260102 3.10265
0.441246  0.000261567 3.11101
0.445658  0.000263038 3.11936
0.450115  0.000264517 3.12771
0.454616  0.000266003 3.13606
0.459162  0.000267496 3.1444
0.463754  0.000268996 3.15274
0.468391  0.000270508 3.16109
0.473075  0.000272027 3.16942
0.477806  0.000273554 3.17776
0.482584  0.000275087 3.1861
0.48741  0.000276627 3.19444
0.492284  0.000278173 3.20277
0.497207  0.000279732 3.21111
0.502179  0.000281301 3.21944
0.507201  0.000282875 3.22778
0.512273  0.000284456 3.23612
0.517396  0.000286044 3.24446
0.52257  0.000287637 3.2528
0.527795  0.000289237 3.26114
0.533073  0.000290843 3.26948
0.538404  0.000292455 3.27783
0.543788  0.000294072 3.28618
0.549226  0.000295696 3.29453
0.554718  0.000297325 3.30288
0.560265  0.000298963 3.31124
0.565868  0.000300608 3.3196
0.571527  0.00030226 3.32797
0.577242  0.000303916 3.33634
0.583014  0.000305578 3.34472
0.588844  0.000307244 3.3531
0.594733  0.000308916 3.36149
0.60068  0.000310592 3.36989
0.606687  0.000312273 3.3783
0.612754  0.000313959 3.38671
0.618881  0.000315649 3.39514
0.62507  0.000317343 3.40358
0.631321  0.000319041 3.41203
0.637634  0.000320743 3.42049
0.644011  0.000322395 3.42897
0.650451  0.000324014 3.43746
0.656955  0.000325634 3.44597
0.663525  0.000327255 3.4545
0.67016  0.000328877 3.46304
0.676862  0.000330499 3.47161
0.68363  0.000332121 3.48019
0.690466  0.000333744 3.4888
0.697371  0.000335366 3.49743
0.704345  0.000336987 3.50608
0.711388  0.000338609 3.51477
0.718502  0.000340229 3.52347
0.725687  0.000341848 3.53221
0.732944  0.000343466 3.54097
0.740273  0.000345082 3.54976
0.747676  0.000346709 3.55858
0.755153  0.000348335 3.56743
0.762705  0.000349958 3.57632
0.770332  0.000351579 3.58524
0.778035  0.000353198 3.5942
0.785815  0.000354813 3.60318
0.793673  0.000356425 3.61221
0.80161  0.000358033 3.62127
0.809626  0.000359637 3.63037
0.817722  0.000361237 3.63951
0.8259  0.000362833 3.6487
0.834159  0.000364423 3.65792
0.8425  0.000366009 3.66719
0.850925  0.000367589 3.6765
0.859435  0.000369164 3.68585
0.868029  0.000370732 3.69526
0.876709  0.000372295 3.70471
0.885476  0.000373851 3.71422
0.894331  0.0003754 3.72377
0.903274  0.000376941 3.73338
0.912307  0.000378476 3.74304
0.92143  0.000380002 3.75276
0.930644  0.000381522 3.76254
0.939951  0.000383037 3.77238
0.94935  0.000384544 3.78228
0.958844  0.000386042 3.79223
0.968432  0.00038753 3.80226
0.978117  0.000389009 3.81235
0.987898  0.000390478 3.8225
0.997777  0.000391942 3.83273
1.00775  0.000393396 3.84302
1.01783  0.00039484 3.85339
1.02801  0.000396271 3.86383
1.03829  0.000397692 3.87435
1.04867  0.000399101 3.88494
1.05916  0.000400497 3.89562
1.06975  0.000401881 3.90638
1.08045  0.000403253 3.91721
1.09125  0.000404611 3.92814
1.10217  0.000405956 3.93915
1.11319  0.000407287 3.95026
1.12432  0.000408604 3.96145
1.13556  0.000409906 3.97274
1.14692  0.000411194 3.98412
1.15839  0.000412468 3.99561
1.16997  0.000413725 4.00719
1.18167  0.000414968 4.01888
1.19349  0.000416194 4.03067
1.20542  0.000417404 4.04257
1.21748  0.000418598 4.05458
1.22965  0.000419775 4.0667
1.24195  0.000420935 4.07893
1.25437  0.000422078 4.09129
1.26691  0.000423203 4.10376
1.27958  0.00042431 4.11635
1.29238  0.000425399 4.12907
1.3053  0.000426469 4.14192
1.31835  0.000427521 4.1549
1.33154  0.000428554 4.16801
1.34485  0.000429568 4.18126
1.3583  0.000430562 4.19465
1.37188  0.000431537 4.20817
1.3856  0.000432491 4.22185
1.39946  0.000433428 4.23567
1.41345  0.000434347 4.24964
1.42759  0.000435246 4.26376
1.44186  0.000436124 4.27804
1.45628  0.000436981 4.29249
1.47085  0.000437816 4.30709
1.48555  0.000438632 4.32186
1.50041  0.00043943 4.33681
1.51541  0.000440206 4.35192
1.53057  0.00044096 4.36721
1.54587  0.000441692 4.38269
1.56133  0.000442402 4.39834
1.57695  0.000443089 4.41418
1.59271  0.000443755 4.43021
1.60864  0.000444397 4.44644
1.62473  0.000445017 4.46287
1.64098  0.000445614 4.47949
1.65739  0.000446188 4.49633
1.67396  0.000446739 4.51337
1.6907  0.000447267 4.53063
1.70761  0.000447771 4.54811
1.72468  0.000448253 4.56581
1.74193  0.00044871 4.58373
1.75935  0.000449145 4.60189
1.77694  0.000449555 4.62028
1.79471  0.000449943 4.63891
1.81266  0.000450306 4.65779
1.83078  0.000450646 4.67691
1.84909  0.000450963 4.69628
1.86758  0.000451258 4.71592
1.88626  0.000451531 4.73581
1.90512  0.00045178 4.75598
1.92417  0.000452006 4.77641
1.94341  0.000452208 4.79712
1.96285  0.000452387 4.81811
1.98248  0.000452543 4.83939
2.0023  0.000452678 4.86096
2.02232  0.00045279 4.88283
2.04255  0.000452878 4.905
2.06297  0.000452943 4.92748
2.0836  0.000452985 4.95028
2.10444  0.000453004 4.97339
2.12548  0.000453 4.99682
2.14674  0.000452973 5.02059
2.16821  0.000452924 5.04469
2.18989  0.000452852 5.06913
2.21179  0.000452758 5.09392
2.2339  0.000452642 5.11906
2.25624  0.000452504 5.14456
2.27881  0.000452343 5.17043
2.30159  0.000452161 5.19668
2.32461  0.000451958 5.2233
2.34786  0.000451733 5.2503
2.37134  0.000451487 5.2777
2.39505  0.00045122 5.30549
2.419  0.000450932 5.33369
2.44319  0.000450623 5.3623
2.46762  0.000450294 5.39133
2.4923  0.000449947 5.42078
2.51722  0.00044958 5.45067
2.54239  0.000449194 5.48099
2.56782  0.000448788 5.51176
2.59349  0.000448363 5.54299
2.61943  0.000447919 5.57468
2.64562  0.000447456 5.60684
2.67208  0.000446975 5.63947
2.6988  0.000446476 5.67259
2.72579  0.000445959 5.7062
2.75305  0.000445424 5.74031
2.78058  0.000444872 5.77494
2.80838  0.000444305 5.81007
2.83647  0.000443722 5.84574
2.86483  0.000443123 5.88194
2.89348  0.000442508 5.91868
2.92241  0.000441876 5.95597
2.95164  0.00044123 5.99382
2.98115  0.000440569 6.03224
3.01097  0.000439893 6.07124
3.04108  0.000439203 6.11082
3.07149  0.000438499 6.151
3.1022  0.00043778 6.19178
3.13322  0.000437048 6.23318
3.16456  0.000436303 6.27521
3.1962  0.000435544 6.31787
3.22816  0.000434772 6.36117
3.26045  0.000433988 6.40512
3.29305  0.000433191 6.44974
3.32598  0.000432383 6.49504
3.35924  0.000431563 6.54102
3.39283  0.000430732 6.58769
3.42676  0.000429889 6.63507
3.46103  0.000429036 6.68316
3.49564  0.000428173 6.73198
3.53059  0.000427299 6.78154
3.5659  0.000426416 6.83185
3.60156  0.000425523 6.88292
3.63758  0.000424621 6.93477
3.67395  0.00042371 6.98739
3.71069  0.00042279 7.04081
3.7478  0.000421863 7.09504
3.78528  0.000420929 7.15009
3.82313  0.000419986 7.20597
3.86136  0.000419036 7.26269
3.89997  0.000418079 7.32027
3.93897  0.000417115 7.37872
3.97836  0.000416146 7.43805
4.01815  0.00041517 7.49827
4.05833  0.000414188 7.5594
4.09891  0.0004132 7.62146
4.1399  0.000412207 7.68444
4.1813  0.000411208 7.74838
4.22311  0.000410204 7.81328
4.26534  0.000409195 7.87915
4.308  0.000408181 7.94601
4.35108  0.000407163 8.01388
4.39459  0.00040614 8.08276
4.43853  0.000405114 8.15268
4.48292  0.000404083 8.22365
4.52775  0.000403049 8.29568
4.57303  0.000402012 8.36879
4.61876  0.000400971 8.443
4.66494  0.000399928 8.51831
4.71159  0.000398882 8.59475
4.75871  0.000397834 8.67233
4.8063  0.000396784 8.75107
4.85436  0.000395731 8.83098
4.9029  0.000394676 8.91208
4.95193  0.000393619 8.99439
5.00145  0.000392562 9.07792
5.05146  0.000391503 9.1627
5.10198  0.000390443 9.24874
5.153  0.000389381 9.33605
5.20453  0.000388319 9.42466
5.25657  0.000387255 9.51458
5.30914  0.00038619 9.60584
5.36223  0.000385124 9.69844
5.41585  0.000384058 9.79242
5.47001  0.000382991 9.88778
5.52471  0.000381924 9.98455
5.57996  0.000380856 10.0828
5.63576  0.00037979 10.1824
5.69212  0.000378723 10.2835
5.74904  0.000377656 10.3861
5.80653  0.000376589 10.4902
5.86459  0.000375522 10.5959
5.92324  0.000374455 10.7031
5.98247  0.000373389 10.8119
6.0423  0.000372322 10.9222
6.10272  0.000371257 11.0342
6.16375  0.000370192 11.1479
6.22538  0.000369127 11.2631
6.28764  0.000368063 11.3801
6.35051  0.000366999 11.4988
6.41402  0.000365936 11.6193
6.47816  0.000364874 11.7414
6.54294  0.000363813 11.8654
6.60837  0.000362752 11.9912
6.67445  0.000361693 12.1188
6.7412  0.000360634 12.2483
6.80861  0.000359576 12.3796
6.8767  0.000358519 12.5129
6.94546  0.000357462 12.6481
7.01492  0.000356407 12.7853
7.08507  0.000355353 12.9245
7.15592  0.0003543 13.0657
7.22748  0.000353247 13.2089
7.29975  0.000352196 13.3543
7.37275  0.000351145 13.5017
7.44648  0.000350097 13.6513
7.52094  0.000349051 13.803
7.59615  0.000348005 13.957
7.67211  0.000346961 14.1132
7.74883  0.000345918 14.2716
7.82632  0.000344876 14.4323
7.90459  0.000343834 14.5954
7.98363  0.000342794 14.7609
8.06347  0.000341755 14.9287
8.1441  0.000340716 15.0989
8.22554  0.000339678 15.2717
8.3078  0.000338642 15.4469
8.39088  0.000337606 15.6247
8.47479  0.000336571 15.805
8.55953  0.000335536 15.9879
8.64513  0.000334503 16.1735
8.73158  0.00033347 16.3618
8.8189  0.000332438 16.5528
8.90709  0.000331406 16.7466
8.99616  0.000330376 16.9432
9.08612  0.000329346 17.1426
9.17698  0.000328316 17.3449
9.26875  0.000327287 17.5502
9.36144  0.00032626 17.7584
9.45505  0.000325233 17.9696
9.5496  0.000324206 18.1839
9.6451  0.00032318 18.4013
9.74155  0.000322155 18.6219
9.83896  0.00032113 18.8456
9.93735  0.000320106 19.0727
10.0367  0.000319082 19.303
10.1371  0.000318059 19.5366
10.2385  0.000317036 19.7736
10.3409  0.000316013 20.0141
10.4443  0.000314991 20.2581
10.5487  0.000313968 20.5056
10.6542  0.000312946 20.7568
10.7607  0.000311924 21.0116
10.8683  0.000310902 21.2701
10.977  0.00030988 21.5323
11.0868  0.000308858 21.7984
11.1977  0.000307836 22.0684
11.3096  0.000306814 22.3424
11.4227  0.000305792 22.6203
11.537  0.00030477 22.9023
11.6523  0.000303748 23.1884
11.7689  0.000302725 23.4787
11.8865  0.000301703 23.7733
12.0054  0.00030068 24.0722
12.1255  0.000299657 24.3755
12.2467  0.000298633 24.6832
12.3692  0.000297609 24.9955
12.4929  0.000296585 25.3124
12.6178  0.000295561 25.6339
12.744  0.000294536 25.9602
12.8714  0.000293511 26.2913
13.0001  0.000292485 26.6272
13.1301  0.000291459 26.9682
13.2614  0.000290433 27.3142
13.3941  0.000289406 27.6653
13.528  0.000288378 28.0216
13.6633  0.00028735 28.3832
13.7999  0.000286321 28.7502
13.9379  0.000285292 29.1227
14.0773  0.000284263 29.5007
14.2181  0.000283234 29.8843
14.3602  0.000282204 30.2737
14.5038  0.000281173 30.6688
14.6489  0.000280142 31.0699
14.7954  0.00027911 31.477
14.9433  0.000278079 31.8901
15.0928  0.000277046 32.3095
15.2437  0.000276013 32.7352
15.3961  0.000274979 33.1673
15.5501  0.000273945 33.6059
15.7056  0.00027291 34.0511
15.8626  0.000271874 34.503
16.0213  0.000270838 34.9618
16.1815  0.000269801 35.4275
16.3433  0.000268763 35.9003
16.5067  0.000267725 36.3802
16.6718  0.000266686 36.8674
16.8385  0.000265646 37.362
17.0069  0.000264606 37.8642
17.177  0.000263565 38.374
17.3487  0.000262523 38.8916
17.5222  0.000261481 39.4172
17.6974  0.000260438 39.9507
17.8744  0.000259394 40.4925
18.0532  0.000258349 41.0425
18.2337  0.000257304 41.601
18.416  0.000256259 42.1681
18.6002  0.000255213 42.7439
18.7862  0.000254166 43.3286
18.9741  0.000253119 43.9224
19.1638  0.000252072 44.5253
19.3554  0.000251024 45.1376
19.549  0.000249975 45.7595
19.7445  0.000248926 46.3909
19.9419  0.000247877 47.0322
20.1413  0.000246828 47.6836
20.3427  0.000245777 48.345
20.5462  0.000244727 49.0169
20.7516  0.000243676 49.6992
20.9592  0.000242624 50.3922
21.1687  0.000241572 51.0961
21.3804  0.00024052 51.811
21.5942  0.000239467 52.5371
21.8102  0.000238414 53.2747
22.0283  0.000237361 54.0239
22.2486  0.000236307 54.7848
22.4711  0.000235253 55.5578
22.6958  0.000234199 56.3429
22.9227  0.000233145 57.1405
23.1519  0.00023209 57.9507
23.3835  0.000231036 58.7738
23.6173  0.000229981 59.6101
23.8535  0.000228926 60.4597
24.092  0.000227871 61.323
24.3329  0.000226816 62.2001
24.5763  0.000225761 63.0914
24.822  0.000224706 63.9971
25.0702  0.000223652 64.9175
25.3209  0.000222597 65.8529
25.5742  0.000221543 66.8035
25.8299  0.000220488 67.7695
26.0882  0.000219434 68.7511
26.3491  0.00021838 69.7485
26.6126  0.000217327 70.762
26.8787  0.000216273 71.7918
27.1475  0.00021522 72.838
27.419  0.000214168 73.901
27.6931  0.000213116 74.9808
27.9701  0.000212064 76.0778
28.2498  0.000211013 77.1922
28.5323  0.000209963 78.3242
28.8176  0.000208913 79.4742
29.1058  0.000207864 80.6428
29.3968  0.000206815 81.8305
29.6908  0.000205768 83.0378
29.9877  0.000204721 84.2652
30.2876  0.000203675 85.5132
30.5905  0.000202629 86.7826
30.8964  0.000201585 88.0738
31.2053  0.000200541 89.3874
31.5174  0.000199499 90.724
31.8326  0.000183722 92.0844
32.1509  0.000182773 93.4691
32.4724  0.000181827 94.8786
32.7971  0.000180884 96.3134
33.1251  0.000179942 97.7741
33.4563  0.000179002 99.2612
33.7909  0.000178062 100.775
34.1288  0.000177123 102.317
34.4701  0.000176186 103.887
34.8148  0.00017525 105.485
35.1629  0.000174315 107.113
35.5146  0.000173381 108.771
35.8697  0.000172449 110.46
36.2284  0.000171518 112.179
36.5907  0.000170589 113.93
36.9566  0.000169661 115.712
37.3262  0.000168735 117.525
37.6994  0.00016781 119.371
38.0764  0.000166887 121.248
38.4572  0.000165966 123.158
38.8418  0.000165046 125.1
39.2302  0.000164127 127.075
39.6225  0.00016321 129.082
40.0187  0.000162294 131.123
40.4189  0.000161381 133.196
40.8231  0.00016047 135.304
41.2313  0.00015956 137.447
41.6436  0.000158652 139.625
42.0601  0.000157747 141.839
42.4807  0.000156843 144.091
42.9055  0.000155942 146.382
43.3345  0.000155042 148.711
43.7679  0.000154145 151.081
44.2056  0.000153249 153.492
44.6476  0.000152356 155.944
45.0941  0.000151466 158.44
45.545  0.000150577 160.98
46.0005  0.000149691 163.565
46.4605  0.000148807 166.195
46.9251  0.000147925 168.871
47.3943  0.000147046 171.594
47.8683  0.00014617 174.364
48.347  0.000145295 177.183
48.8304  0.000144422 180.05
49.3187  0.000143552 182.968
49.8119  0.000142684 185.936
50.31  0.000141819 188.956
50.8131  0.000140956 192.028
51.3213  0.000140096 195.153
51.8345  0.000139239 198.332
52.3528  0.000138384 201.567
52.8764  0.000137533 204.858
53.4051  0.000136684 208.207
53.9392  0.000135837 211.614
54.4786  0.000134994 215.081
55.0234  0.000134153 218.608
55.5736  0.000133316 222.198
56.1293  0.000132481 225.85
56.6906  0.000131649 229.567
57.2575  0.00013082 233.35
57.8301  0.000129994 237.199
58.4084  0.000129171 241.117
58.9925  0.000128351 245.103
59.5824  0.000127534 249.161
60.1782  0.00012672 253.289
60.78  0.000125909 257.491
61.3878  0.000125101 261.767
62.0017  0.000124296 266.119
62.6217  0.000123495 270.547
63.2479  0.000122696 275.055
63.8804  0.000121901 279.642
64.5192  0.000121108 284.31
65.1644  0.000120319 289.061
65.816  0.000119532 293.896
66.4742  0.000118748 298.817
67.1389  0.000117968 303.826
67.8103  0.00011719 308.923
68.4884  0.000116416 314.112
69.1733  0.000115645 319.393
69.8651  0.000114878 324.768
70.5637  0.000114114 330.239
71.2693  0.000113353 335.807
71.982  0.000112595 341.475
72.7019  0.00011184 347.245
73.4289  0.000111089 353.117
74.1632  0.000110342 359.095
74.9048  0.000109597 365.179
75.6538  0.000108857 371.373
76.4104  0.000108119 377.677
77.1745  0.000107385 384.094
77.9462  0.000106654 390.627
78.7257  0.000105927 397.277
79.513  0.000105203 404.046
80.3081  0.000104483 410.936
81.1112  0.000103765 417.95
81.9223  0.000103052 425.091
82.7415  0.000102341 432.359
83.5689  0.000101634 439.759
84.4046  0.000100931 447.291
85.2486  0.000100231 454.96
86.1011  9.95341e-05 462.766
86.9621  9.88413e-05 470.713
87.8318  9.81522e-05 478.804
88.7101  9.74666e-05 487.04
89.5972  9.67843e-05 495.425
90.4932  9.61055e-05 503.962
91.3981  9.54299e-05 512.652
92.3121  9.47576e-05 521.5
93.2352  9.40887e-05 530.508
94.1675  9.34233e-05 539.679
95.1092  9.27613e-05 549.015
96.0603  9.21028e-05 558.521
97.0209  9.14478e-05 568.199
97.9911  9.07961e-05 578.052
98.971  9.0148e-05 588.084
99.9607  8.95034e-05 598.298
100.96  8.88622e-05 608.697
101.97  8.82245e-05 619.285
102.99  8.75903e-05 630.065
104.02  8.69594e-05 641.041
105.06  8.63321e-05 652.216
106.11  8.57082e-05 663.594
107.171  8.50877e-05 675.18
108.243  8.44706e-05 686.975
109.326  8.3857e-05 698.986
110.419  8.32469e-05 711.215
111.523  8.26402e-05 723.667
112.638  8.20369e-05 736.346
113.765  8.1437e-05 749.255
114.902  8.08406e-05 762.4
116.051  8.02476e-05 775.784
117.212  7.9658e-05 789.413
118.384  7.90718e-05 803.29
119.568  7.8489e-05 817.42
120.763  7.79097e-05 831.808
121.971  7.73337e-05 846.459
123.191  7.67611e-05 861.378
124.423  7.6192e-05 876.569
125.667  7.56262e-05 892.038
126.924  7.50638e-05 907.789
128.193  7.45048e-05 923.829
129.475  7.39491e-05 940.162
130.77  7.33971e-05 956.793
132.077  7.28487e-05 973.729
133.398  7.23036e-05 990.975
134.732  7.17618e-05 1008.54
136.079  7.12233e-05 1026.42
137.44  7.06881e-05 1044.63
138.814  7.01562e-05 1063.18
140.203  6.96276e-05 1082.06
141.605  6.91024e-05 1101.29
143.021  6.85804e-05 1120.88
144.451  6.80616e-05 1140.82
145.895  6.75461e-05 1161.13
147.354  6.70339e-05 1181.81
148.828  6.65249e-05 1202.87
150.316  6.60193e-05 1224.32
151.819  6.55168e-05 1246.16
153.338  6.50175e-05 1268.4
154.871  6.45215e-05 1291.05
156.42  6.40286e-05 1314.12
157.984  6.35389e-05 1337.61
159.564  6.30524e-05 1361.53
161.159  6.25691e-05 1385.9
162.771  6.20887e-05 1410.71
164.399  6.16114e-05 1435.98
166.043  6.11373e-05 1461.71
167.703  6.06663e-05 1487.91
169.38  6.01984e-05 1514.6
171.074  5.97337e-05 1541.78
172.785  5.92721e-05 1569.46
174.512  5.88135e-05 1597.65
176.258  5.83581e-05 1626.35
178.02  5.79057e-05 1655.59
179.8  5.74563e-05 1685.37
181.598  5.70101e-05 1715.69
183.414  5.65668e-05 1746.57
185.248  5.61266e-05 1778.02
187.101  5.56895e-05 1810.05
188.972  5.52554e-05 1842.67
190.862  5.48242e-05 1875.89
192.77  5.43961e-05 1909.73
194.698  5.39709e-05 1944.18
196.645  5.35487e-05 1979.28
198.611  5.31295e-05 2015.02
200.598  5.27132e-05 2051.42
202.604  5.22999e-05 2088.49
204.63  5.18894e-05 2126.24
206.676  5.14819e-05 2164.69
208.743  5.10772e-05 2203.85
210.83  5.06754e-05 2243.73
212.938  5.02764e-05 2284.35
215.068  4.98803e-05 2325.72
217.218  4.9487e-05 2367.85
219.391  4.90966e-05 2410.76
221.584  4.87089e-05 2454.46
223.8  4.8324e-05 2498.96
226.038  4.79419e-05 2544.29
228.299  4.75625e-05 2590.46
230.582  4.71859e-05 2637.47
232.888  4.6812e-05 2685.36
235.216  4.64409e-05 2734.13
237.569  4.60724e-05 2783.8
239.944  4.57067e-05 2834.38
242.344  4.53436e-05 2885.9
244.767  4.49832e-05 2938.37
247.215  4.46254e-05 2991.81
249.687  4.42704e-05 3046.24
252.184  4.39179e-05 3101.67
254.706  4.3568e-05 3158.13
257.253  4.32208e-05 3215.62
259.825  4.28761e-05 3274.18
262.423  4.2534e-05 3333.82
265.048  4.21945e-05 3394.56
267.698  4.18575e-05 3456.43
270.375  4.1523e-05 3519.43
273.079  4.11911e-05 3583.6
275.81  4.08618e-05 3648.95
278.568  4.05349e-05 3715.51
281.354  4.02105e-05 3783.3
284.167  3.98886e-05 3852.34
287.009  3.95691e-05 3922.66
289.879  3.9252e-05 3994.27
292.778  3.89374e-05 4067.2
295.705  3.86252e-05 4141.49
298.662  3.83154e-05 4217.14
301.649  3.8008e-05 4294.19
304.666  3.77029e-05 4372.66
307.712  3.74002e-05 4452.58
310.789  3.70998e-05 4533.97
313.897  3.68017e-05 4616.87
317.036  3.65059e-05 4701.3
320.207  3.62124e-05 4787.28
323.409  3.59212e-05 4874.85
326.643  3.56322e-05 4964.04
329.909  3.53455e-05 5054.87
333.208  3.50609e-05 5147.38
336.54  3.47786e-05 5241.59
339.906  3.44985e-05 5337.55
343.305  3.42206e-05 5435.27
346.738  3.39449e-05 5534.8
350.205  3.36713e-05 5636.16
353.707  3.33999e-05 5739.39
357.244  3.31306e-05 5844.52
360.817  3.28634e-05 5951.59
364.425  3.25983e-05 6060.64
368.069  3.23353e-05 6171.69
371.75  3.20744e-05 6284.8
375.467  3.18156e-05 6399.98
379.222  3.15588e-05 6517.29
383.014  3.1304e-05 6636.77
386.844  3.10511e-05 6758.44
390.713  3.08003e-05 6882.36
394.62  3.05515e-05 7008.55
398.566  3.03047e-05 7137.08
402.552  3.00599e-05 7267.97
406.577  2.9817e-05 7401.27
410.643  2.95761e-05 7537.02
414.75  2.93372e-05 7675.28
418.897  2.91001e-05 7816.07
423.086  2.8865e-05 7959.47
427.317  2.86318e-05 8105.5
431.59  2.84004e-05 8254.21
435.906  2.81709e-05 8405.67
440.265  2.79433e-05 8559.91
444.668  2.77176e-05 8716.99
449.114  2.74936e-05 8876.95
453.605  2.72715e-05 9039.86
458.142  2.70512e-05 9205.76
462.723  2.68327e-05 9374.72
467.35  2.6616e-05 9546.78
472.024  2.64011e-05 9722
476.744  2.61879e-05 9900.44
481.511  2.59765e-05 10082.2
486.326  2.57668e-05 10267.2
491.19  2.55588e-05 10455.7
496.102  2.53525e-05 10647.6
501.063  2.5148e-05 10843
506.073  2.49451e-05 11042.1
511.134  2.47439e-05 11244.8
516.245  2.45443e-05 11451.2
521.408  2.43464e-05 11661.4
526.622  2.41501e-05 11875.4
531.888  2.39554e-05 12093.4
537.207  2.37623e-05 12315.3
542.579  2.35708e-05 12541.4
548.005  2.3381e-05 12771.6
553.485  2.31927e-05 13006
559.02  2.30059e-05 13244.7
564.61  2.28207e-05 13487.8
570.256  2.26371e-05 13735.3
575.959  2.24549e-05 13987.3
581.718  2.22742e-05 14244
587.535  2.20951e-05 14505.4
593.411  2.19174e-05 14771.6
599.345  2.17412e-05 15042.6
605.338  2.15664e-05 15318.6
611.392  2.13931e-05 15599.6
617.506  2.12212e-05 15885.8
623.681  2.10507e-05 16177.2
629.917  2.08817e-05 16474
636.217  2.0714e-05 16776.1
642.579  2.05477e-05 17083.8
649.005  2.03828e-05 17397.1
655.495  2.02193e-05 17716.1
662.05  2.00572e-05 18041
668.67  1.98964e-05 18371.8
675.357  1.97369e-05 18708.6
682.11  1.95788e-05 19051.6
688.931  1.9422e-05 19400.8
695.821  1.92665e-05 19756.4
702.779  1.91124e-05 20118.5
709.807  1.89595e-05 20487.1
716.905  1.88079e-05 20862.5
724.074  1.86576e-05 21244.8
731.315  1.85086e-05 21634
738.628  1.83608e-05 22030.3
746.014  1.82143e-05 22433.8
753.474  1.80691e-05 22844.6
761.009  1.7925e-05 23262.9
768.619  1.77823e-05 23688.9
776.305  1.76407e-05 24122.5
784.068  1.74933e-05 24564.1
791.909  1.73542e-05 25013.7
799.828  1.72163e-05 25471.4
807.826  1.70795e-05 25937.5
815.905  1.69439e-05 26412
824.064  1.68095e-05 26895.2
832.304  1.66762e-05 27387.1
840.627  1.65441e-05 27887.9
849.034  1.64131e-05 28397.9
857.524  1.62832e-05 28917
866.099  1.61545e-05 29445.6
874.76  1.60268e-05 29983.8
883.508  1.59002e-05 30531.7
892.343  1.57747e-05 31089.5
901.266  1.56503e-05 31657.4
910.279  1.55269e-05 32235.6
919.382  1.54046e-05 32824.3
928.575  1.52834e-05 33423.6
937.861  1.51631e-05 34033.7
947.24  1.50439e-05 34654.9
956.712  1.49258e-05 35287.3
966.279  1.48086e-05 35931.1
975.942  1.46925e-05 36586.5
985.702  1.45773e-05 37253.7
995.559  1.44631e-05 37933
