0.001  1.22706e-05 0.435994
0.00101  1.22676e-05 0.438168
0.0010201  1.22648e-05 0.440353
0.0010303  1.22618e-05 0.44255
0.0010406  1.22587e-05 0.444757
0.00105101  1.22555e-05 0.446975
0.00106152  1.22521e-05 0.449204
0.00107214  1.22496e-05 0.451445
0.00108286  1.22479e-05 0.453696
0.00109369  1.22459e-05 0.455959
0.00110462  1.22439e-05 0.458233
0.00111567  1.22417e-05 0.460519
0.00112683  1.22393e-05 0.462816
0.00113809  1.22368e-05 0.465124
0.00114947  1.22342e-05 0.467444
0.00116097  1.22314e-05 0.469775
0.00117258  1.22285e-05 0.472118
0.0011843  1.22254e-05 0.474473
0.00119615  1.22221e-05 0.476839
0.00120811  1.22187e-05 0.479217
0.00122019  1.22152e-05 0.481607
0.00123239  1.22115e-05 0.484009
0.00124472  1.22078e-05 0.486423
0.00125716  1.22042e-05 0.48885
0.00126973  1.22004e-05 0.491288
0.00128243  1.21964e-05 0.493738
0.00129526  1.21923e-05 0.4962
0.00130821  1.2188e-05 0.498675
0.00132129  1.21835e-05 0.501162
0.0013345  1.21791e-05 0.503662
0.00134785  1.21799e-05 0.506174
0.00136133  1.21805e-05 0.508698
0.00137494  1.2181e-05 0.511236
0.00138869  1.21814e-05 0.513785
0.00140258  1.21817e-05 0.516348
0.0014166  1.21818e-05 0.518923
0.00143077  1.21817e-05 0.521511
0.00144508  1.21816e-05 0.524112
0.00145953  1.21813e-05 0.526726
0.00147412  1.21809e-05 0.529353
0.00148886  1.21803e-05 0.531993
0.00150375  1.21796e-05 0.534647
0.00151879  1.21787e-05 0.537313
0.00153398  1.21777e-05 0.539993
0.00154932  1.21765e-05 0.542686
0.00156481  1.21752e-05 0.545393
0.00158046  1.21737e-05 0.548113
0.00159626  1.21721e-05 0.550847
0.00161223  1.21721e-05 0.553594
0.00162835  1.21724e-05 0.556355
0.00164463  1.21726e-05 0.55913
0.00166108  1.21727e-05 0.561919
0.00167769  1.21753e-05 0.564721
0.00169447  1.21796e-05 0.567538
0.00171141  1.21838e-05 0.570368
0.00172852  1.21878e-05 0.573213
0.00174581  1.21917e-05 0.576072
0.00176327  1.21956e-05 0.578945
0.0017809  1.21993e-05 0.581833
0.00179871  1.22029e-05 0.584735
0.0018167  1.22063e-05 0.587651
0.00183486  1.22097e-05 0.590582
0.00185321  1.22129e-05 0.593527
0.00187174  1.22167e-05 0.596488
0.00189046  1.22204e-05 0.599463
0.00190937  1.2224e-05 0.602452
0.00192846  1.22276e-05 0.605457
0.00194774  1.22309e-05 0.608477
0.00196722  1.22342e-05 0.611512
0.00198689  1.22373e-05 0.614562
0.00200676  1.22418e-05 0.617627
0.00202683  1.22496e-05 0.620707
0.0020471  1.22574e-05 0.623803
0.00206757  1.22652e-05 0.626914
0.00208825  1.22728e-05 0.630041
0.00210913  1.22803e-05 0.633183
0.00213022  1.22878e-05 0.636341
0.00215152  1.22968e-05 0.639515
0.00217304  1.23059e-05 0.642705
0.00219477  1.23149e-05 0.64591
0.00221672  1.23239e-05 0.649132
0.00223888  1.23328e-05 0.652369
0.00226127  1.23415e-05 0.655623
0.00228388  1.23503e-05 0.658893
0.00230672  1.23589e-05 0.662179
0.00232979  1.23674e-05 0.665482
0.00235309  1.23759e-05 0.668801
0.00237662  1.23842e-05 0.672136
0.00240038  1.23925e-05 0.675489
0.00242439  1.24007e-05 0.678858
0.00244863  1.24087e-05 0.682243
0.00247312  1.24167e-05 0.685646
0.00249785  1.24255e-05 0.689066
0.00252283  1.24343e-05 0.692503
0.00254806  1.24429e-05 0.695957
0.00257354  1.24515e-05 0.699428
0.00259927  1.246e-05 0.702916
0.00262527  1.24684e-05 0.706422
0.00265152  1.24767e-05 0.709945
0.00267803  1.24877e-05 0.713486
0.00270481  1.25028e-05 0.717044
0.00273186  1.25179e-05 0.720621
0.00275918  1.2533e-05 0.724215
0.00278677  1.25481e-05 0.727827
0.00281464  1.25631e-05 0.731457
0.00284279  1.2578e-05 0.735105
0.00287121  1.2593e-05 0.738771
0.00289993  1.26078e-05 0.742456
0.00292893  1.26227e-05 0.746159
0.00295822  1.26375e-05 0.74988
0.0029878  1.26522e-05 0.75362
0.00301768  1.26696e-05 0.757116
0.00304785  1.27147e-05 0.758018
0.00307833  1.27599e-05 0.758935
0.00310911  1.28054e-05 0.759868
0.0031402  1.2851e-05 0.760815
0.00317161  1.28969e-05 0.761777
0.00320332  1.29433e-05 0.762754
0.00323536  1.29913e-05 0.763744
0.00326771  1.30395e-05 0.764749
0.00330039  1.3088e-05 0.765766
0.00333339  1.31367e-05 0.766797
0.00336672  1.31917e-05 0.76784
0.00340039  1.32472e-05 0.768896
0.0034344  1.33031e-05 0.769964
0.00346874  1.33593e-05 0.771044
0.00350343  1.34159e-05 0.772135
0.00353846  1.34728e-05 0.773238
0.00357385  1.353e-05 0.774353
0.00360958  1.35876e-05 0.775478
0.00364568  1.36455e-05 0.776613
0.00368214  1.37038e-05 0.77776
0.00371896  1.37626e-05 0.778916
0.00375615  1.38228e-05 0.780083
0.00379371  1.38834e-05 0.78126
0.00383165  1.39443e-05 0.782446
0.00386996  1.40057e-05 0.783642
0.00390866  1.40674e-05 0.784848
0.00394775  1.41295e-05 0.786063
0.00398723  1.4192e-05 0.787287
0.0040271  1.4255e-05 0.788519
0.00406737  1.43183e-05 0.789761
0.00410804  1.4382e-05 0.791011
0.00414912  1.44462e-05 0.79227
0.00419062  1.45107e-05 0.793537
0.00423252  1.45757e-05 0.794813
0.00427485  1.46415e-05 0.796097
0.0043176  1.47092e-05 0.797389
0.00436077  1.47773e-05 0.798689
0.00440438  1.48459e-05 0.799998
0.00444842  1.49149e-05 0.801314
0.00449291  1.49844e-05 0.802637
0.00453784  1.50543e-05 0.803969
0.00458321  1.51248e-05 0.805308
0.00462905  1.51956e-05 0.806655
0.00467534  1.5267e-05 0.808009
0.00472209  1.53388e-05 0.80937
0.00476931  1.54111e-05 0.81074
0.004817  1.54839e-05 0.812116
0.00486517  1.55572e-05 0.8135
0.00491383  1.5631e-05 0.814892
0.00496296  1.57055e-05 0.816291
0.00501259  1.57831e-05 0.817696
0.00506272  1.58687e-05 0.81911
0.00511335  1.5955e-05 0.82053
0.00516448  1.60418e-05 0.821958
0.00521613  1.61293e-05 0.823392
0.00526829  1.62173e-05 0.824834
0.00532097  1.6306e-05 0.826284
0.00537418  1.6397e-05 0.82774
0.00542792  1.64891e-05 0.829204
0.0054822  1.65818e-05 0.830675
0.00553702  1.66751e-05 0.832153
0.00559239  1.67691e-05 0.833639
0.00564832  1.68638e-05 0.835131
0.0057048  1.69592e-05 0.836631
0.00576185  1.70552e-05 0.838139
0.00581947  1.71519e-05 0.839653
0.00587766  1.72493e-05 0.841176
0.00593644  1.73474e-05 0.842705
0.0059958  1.74462e-05 0.844242
0.00605576  1.75456e-05 0.845787
0.00611632  1.76458e-05 0.847339
0.00617748  1.77467e-05 0.848899
0.00623926  1.78489e-05 0.850466
0.00630165  1.7952e-05 0.852041
0.00636466  1.80558e-05 0.853624
0.00642831  1.81603e-05 0.855215
0.00649259  1.82656e-05 0.856813
0.00655752  1.83715e-05 0.858419
0.0066231  1.84783e-05 0.860034
0.00668933  1.85857e-05 0.861656
0.00675622  1.8694e-05 0.863287
0.00682378  1.88029e-05 0.864926
0.00689202  1.89126e-05 0.866573
0.00696094  1.90231e-05 0.868229
0.00703055  1.91343e-05 0.869892
0.00710085  1.92463e-05 0.871565
0.00717186  1.93591e-05 0.873246
0.00724358  1.94726e-05 0.874935
0.00731602  1.95869e-05 0.876633
0.00738918  1.9702e-05 0.87834
0.00746307  1.98183e-05 0.880056
0.0075377  1.99358e-05 0.881781
0.00761308  2.00541e-05 0.883515
0.00768921  2.01732e-05 0.885259
0.0077661  2.02931e-05 0.887011
0.00784376  2.04138e-05 0.888773
0.0079222  2.05353e-05 0.890545
0.00800142  2.06579e-05 0.892326
0.00808144  2.07841e-05 0.894116
0.00816225  2.09112e-05 0.895916
0.00824387  2.10391e-05 0.897726
0.00832631  2.11679e-05 0.899546
0.00840957  2.12975e-05 0.901376
0.00849367  2.1428e-05 0.903216
0.00857861  2.15594e-05 0.905067
0.00866439  2.16916e-05 0.906928
0.00875104  2.18247e-05 0.908799
0.00883855  2.19587e-05 0.910681
0.00892693  2.20935e-05 0.912573
0.0090162  2.22292e-05 0.914477
0.00910636  2.23658e-05 0.916391
0.00919743  2.25033e-05 0.918316
0.0092894  2.26417e-05 0.920252
0.0093823  2.2781e-05 0.922199
0.00947612  2.29212e-05 0.924158
0.00957088  2.30622e-05 0.926128
0.00966659  2.32042e-05 0.92811
0.00976325  2.33471e-05 0.930103
0.00986089  2.34908e-05 0.932108
0.0099595  2.36361e-05 0.934125
0.0100591  2.37868e-05 0.936155
0.0101597  2.39422e-05 0.938196
0.0102613  2.40985e-05 0.940249
0.0103639  2.42558e-05 0.942315
0.0104675  2.44141e-05 0.944393
0.0105722  2.45734e-05 0.946483
0.0106779  2.47338e-05 0.948587
0.0107847  2.48952e-05 0.950703
0.0108926  2.50576e-05 0.952833
0.0110015  2.5221e-05 0.954975
0.0111115  2.53855e-05 0.957131
0.0112226  2.5551e-05 0.9593
0.0113348  2.57175e-05 0.961482
0.0114482  2.58851e-05 0.963678
0.0115627  2.60537e-05 0.965887
0.0116783  2.62233e-05 0.96811
0.0117951  2.63941e-05 0.970347
0.011913  2.65658e-05 0.972598
0.0120322  2.67386e-05 0.974864
0.0121525  2.69125e-05 0.977143
0.012274  2.70875e-05 0.979438
0.0123967  2.72636e-05 0.981746
0.0125207  2.74418e-05 0.984069
0.0126459  2.7621e-05 0.986407
0.0127724  2.78013e-05 0.98876
0.0129001  2.79827e-05 0.991128
0.0130291  2.81652e-05 0.993511
0.0131594  2.83488e-05 0.995909
0.013291  2.85335e-05 0.998322
0.0134239  2.87212e-05 1.00075
0.0135581  2.89113e-05 1.0032
0.0136937  2.91024e-05 1.00566
0.0138307  2.92947e-05 1.00813
0.013969  2.94881e-05 1.01063
0.0141086  2.96827e-05 1.01313
0.0142497  2.98785e-05 1.01566
0.0143922  3.00754e-05 1.0182
0.0145362  3.02734e-05 1.02076
0.0146815  3.04726e-05 1.02333
0.0148283  3.0673e-05 1.02592
0.0149766  3.08745e-05 1.02853
0.0151264  3.10772e-05 1.03115
0.0152776  3.12811e-05 1.0338
0.0154304  3.14862e-05 1.03646
0.0155847  3.16924e-05 1.03913
0.0157406  3.18998e-05 1.04183
0.015898  3.21085e-05 1.04454
0.016057  3.23193e-05 1.04727
0.0162175  3.25329e-05 1.05001
0.0163797  3.27476e-05 1.05278
0.0165435  3.29636e-05 1.05556
0.0167089  3.31813e-05 1.05836
0.016876  3.3402e-05 1.06118
0.0170448  3.36239e-05 1.06402
0.0172152  3.3847e-05 1.06688
0.0173874  3.40714e-05 1.06975
0.0175613  3.42971e-05 1.07265
0.0177369  3.45241e-05 1.07556
0.0179142  3.47523e-05 1.07849
0.0180934  3.49818e-05 1.08144
0.0182743  3.52126e-05 1.08441
0.0184571  3.54447e-05 1.0874
0.0186416  3.56787e-05 1.09041
0.018828  3.5915e-05 1.09344
0.0190163  3.61526e-05 1.09649
0.0192065  3.63915e-05 1.09956
0.0193986  3.66317e-05 1.10265
0.0195925  3.68733e-05 1.10576
0.0197885  3.71162e-05 1.10889
0.0199864  3.73604e-05 1.11204
0.0201862  3.76078e-05 1.11521
0.0203881  3.78569e-05 1.1184
0.020592  3.81073e-05 1.12161
0.0207979  3.83591e-05 1.12485
0.0210059  3.86122e-05 1.1281
0.0212159  3.88668e-05 1.13137
0.0214281  3.91232e-05 1.13467
0.0216424  3.93816e-05 1.13799
0.0218588  3.96413e-05 1.14132
0.0220774  3.99025e-05 1.14468
0.0222981  4.0165e-05 1.14807
0.0225211  4.0429e-05 1.15147
0.0227463  4.06944e-05 1.15489
0.0229738  4.09613e-05 1.15834
0.0232035  4.12295e-05 1.16181
0.0234356  4.14993e-05 1.1653
0.0236699  4.17704e-05 1.16882
0.0239066  4.2043e-05 1.17236
0.0241457  4.23171e-05 1.17592
0.0243871  4.25926e-05 1.1795
0.024631  4.28696e-05 1.18311
0.0248773  4.3148e-05 1.18674
0.0251261  4.34279e-05 1.19039
0.0253774  4.37093e-05 1.19406
0.0256311  4.39922e-05 1.19776
0.0258874  4.42766e-05 1.20148
0.0261463  4.45624e-05 1.20523
0.0264078  4.48498e-05 1.20899
0.0266719  4.51387e-05 1.21278
0.0269386  4.54318e-05 1.2166
0.027208  4.57265e-05 1.22043
0.02748  4.60227e-05 1.22429
0.0277548  4.63205e-05 1.22818
0.0280324  4.66199e-05 1.23208
0.0283127  4.69209e-05 1.23601
0.0285958  4.72234e-05 1.23997
0.0288818  4.75275e-05 1.24395
0.0291706  4.78332e-05 1.24796
0.0294623  4.81404e-05 1.25199
0.029757  4.84493e-05 1.25605
0.0300545  4.87598e-05 1.26014
0.0303551  4.90469e-05 1.26426
0.0306586  4.93233e-05 1.2684
0.0309652  4.96007e-05 1.27257
0.0312749  4.9879e-05 1.27677
0.0315876  5.01583e-05 1.281
0.0319035  5.04384e-05 1.28525
0.0322225  5.07199e-05 1.28954
0.0325447  5.10025e-05 1.29386
0.0328702  5.1286e-05 1.29821
0.0331989  5.15704e-05 1.30259
0.0335309  5.18567e-05 1.307
0.0338662  5.21449e-05 1.31145
0.0342049  5.24339e-05 1.31592
0.0345469  5.27239e-05 1.32043
0.0348924  5.30147e-05 1.32498
0.0352413  5.33064e-05 1.32955
0.0355937  5.35989e-05 1.33416
0.0359496  5.38924e-05 1.3388
0.0363091  5.41866e-05 1.34348
0.0366722  5.44818e-05 1.34818
0.037039  5.47778e-05 1.35292
0.0374093  5.50756e-05 1.3577
0.0377834  5.53746e-05 1.3625
0.0381613  5.56744e-05 1.36734
0.0385429  5.59751e-05 1.37221
0.0389283  5.62767e-05 1.37712
0.0393176  5.6579e-05 1.38206
0.0397108  5.68821e-05 1.38703
0.0401079  5.71861e-05 1.39204
0.040509  5.74909e-05 1.39708
0.040914  5.77964e-05 1.40215
0.0413232  5.81028e-05 1.40726
0.0417364  5.84099e-05 1.4124
0.0421538  5.87178e-05 1.41758
0.0425753  5.90265e-05 1.4228
0.0430011  5.93365e-05 1.42805
0.0434311  5.96473e-05 1.43333
0.0438654  5.99589e-05 1.43866
0.044304  6.02712e-05 1.44401
0.0447471  6.05843e-05 1.44941
0.0451946  6.08981e-05 1.45484
0.0456465  6.12126e-05 1.4603
0.046103  6.15278e-05 1.46581
0.046564  6.18437e-05 1.47135
0.0470296  6.21603e-05 1.47692
0.0474999  6.24775e-05 1.48253
0.0479749  6.27954e-05 1.48819
0.0484547  6.3114e-05 1.49387
0.0489392  6.34332e-05 1.4996
0.0494286  6.37531e-05 1.50536
0.0499229  6.4074e-05 1.51116
0.0504221  6.43971e-05 1.517
0.0509264  6.47212e-05 1.52287
0.0514356  6.5046e-05 1.52879
0.05195  6.53713e-05 1.53474
0.0524695  6.56972e-05 1.54073
0.0529942  6.60237e-05 1.54676
0.0535241  6.63511e-05 1.55283
0.0540594  6.66794e-05 1.55893
0.0546  6.70083e-05 1.56508
0.055146  6.73377e-05 1.57127
0.0556974  6.76676e-05 1.57749
0.0562544  6.7998e-05 1.58376
0.0568169  6.8329e-05 1.59006
0.0573851  6.86604e-05 1.59641
0.0579589  6.89923e-05 1.60279
0.0585385  6.93247e-05 1.60922
0.0591239  6.96576e-05 1.61569
0.0597152  6.99908e-05 1.62219
0.0603123  7.03245e-05 1.62874
0.0609154  7.06586e-05 1.63533
0.0615246  7.09931e-05 1.64196
0.0621398  7.13282e-05 1.64863
0.0627612  7.16638e-05 1.65534
0.0633888  7.19997e-05 1.6621
0.0640227  7.23361e-05 1.66889
0.064663  7.26727e-05 1.67573
0.0653096  7.30096e-05 1.68261
0.0659627  7.33468e-05 1.68953
0.0666223  7.36843e-05 1.6965
0.0672885  7.40233e-05 1.70351
0.0679614  7.43627e-05 1.71056
0.068641  7.47023e-05 1.71765
0.0693275  7.50422e-05 1.72479
0.0700207  7.53822e-05 1.73197
0.0707209  7.57224e-05 1.73919
0.0714281  7.60628e-05 1.74646
0.0721424  7.64034e-05 1.75377
0.0728638  7.6744e-05 1.76112
0.0735925  7.70848e-05 1.76852
0.0743284  7.74257e-05 1.77596
0.0750717  7.7767e-05 1.78345
0.0758224  7.81084e-05 1.79098
0.0765806  7.84497e-05 1.79856
0.0773464  7.87911e-05 1.80618
0.0781199  7.91325e-05 1.81384
0.0789011  7.94739e-05 1.82155
0.0796901  7.98152e-05 1.82931
0.080487  8.01568e-05 1.83711
0.0812919  8.04986e-05 1.84496
0.0821048  8.08402e-05 1.85286
0.0829259  8.11818e-05 1.8608
0.0837551  8.15231e-05 1.86878
0.0845927  8.18643e-05 1.87681
0.0854386  8.22053e-05 1.88489
0.086293  8.25461e-05 1.89302
0.0871559  8.28866e-05 1.90119
0.0880275  8.32268e-05 1.90941
0.0889077  8.35668e-05 1.91768
0.0897968  8.39064e-05 1.92599
0.0906948  8.42457e-05 1.93435
0.0916017  8.45846e-05 1.94276
0.0925178  8.49231e-05 1.95122
0.0934429  8.52612e-05 1.95973
0.0943774  8.55989e-05 1.96828
0.0953211  8.59361e-05 1.97689
0.0962743  8.62727e-05 1.98554
0.0972371  8.66089e-05 1.99424
0.0982095  8.69444e-05 2.00299
0.0991916  8.72795e-05 2.01179
0.100183  8.76144e-05 2.02064
0.101185  8.79496e-05 2.02954
0.102197  8.82842e-05 2.03849
0.103219  8.86181e-05 2.04749
0.104251  8.89513e-05 2.05654
0.105294  8.92838e-05 2.06564
0.106347  8.96154e-05 2.07479
0.10741  8.99467e-05 2.08399
0.108484  9.02772e-05 2.09324
0.109569  9.06068e-05 2.10254
0.110665  9.09356e-05 2.11189
0.111772  9.12635e-05 2.12129
0.112889  9.15904e-05 2.13075
0.114018  9.19164e-05 2.14026
0.115158  9.22413e-05 2.14982
0.11631  9.25652e-05 2.15944
0.117473  9.28881e-05 2.16911
0.118648  9.32098e-05 2.17883
0.119834  9.35304e-05 2.18861
0.121033  9.38404e-05 2.19845
0.122243  9.41323e-05 2.20834
0.123465  9.44223e-05 2.21829
0.1247  9.47107e-05 2.2283
0.125947  9.49973e-05 2.23836
0.127206  9.52819e-05 2.24848
0.128478  9.55645e-05 2.25866
0.129763  9.5845e-05 2.26891
0.131061  9.61235e-05 2.27921
0.132372  9.63998e-05 2.28957
0.133695  9.66741e-05 2.3
0.135032  9.69467e-05 2.31048
0.136383  9.7217e-05 2.32104
0.137746  9.74849e-05 2.33165
0.139124  9.77505e-05 2.34233
0.140515  9.80137e-05 2.35308
0.14192  9.82744e-05 2.36388
0.143339  9.85326e-05 2.37476
0.144773  9.87882e-05 2.3857
0.146221  9.90413e-05 2.39671
0.147683  9.92916e-05 2.40778
0.14916  9.95393e-05 2.41892
0.150651  9.97842e-05 2.43013
0.152158  0.000100026 2.44141
0.153679  0.000100266 2.45276
0.155216  0.000100502 2.46418
0.156768  0.000100735 2.47567
0.158336  0.000100966 2.48723
0.159919  0.000101193 2.49887
0.161518  0.000101418 2.51057
0.163134  0.000101639 2.52235
0.164765  0.000101857 2.53421
0.166413  0.000102072 2.54614
0.168077  0.000102284 2.55815
0.169757  0.000102493 2.57024
0.171455  0.000102699 2.5824
0.17317  0.000102901 2.59465
0.174901  0.000103099 2.60698
0.17665  0.000103294 2.61939
0.178417  0.000103485 2.63188
0.180201  0.000103673 2.64445
0.182003  0.000103857 2.65711
0.183823  0.000104037 2.66985
0.185661  0.000104214 2.68269
0.187518  0.000104387 2.6956
0.189393  0.000104556 2.70861
0.191287  0.000104721 2.72171
0.1932  0.000104882 2.73491
0.195132  0.00010504 2.74819
0.197083  0.000105193 2.76157
0.199054  0.000105342 2.77505
0.201045  0.000105487 2.78862
0.203055  0.000105628 2.80229
0.205086  0.000105765 2.81607
0.207136  0.000105897 2.82994
0.209208  0.000106026 2.84392
0.2113  0.000106149 2.858
0.213413  0.000106269 2.87219
0.215547  0.000106384 2.88649
0.217702  0.000106495 2.9009
0.219879  0.000106601 2.91542
0.222078  0.000106703 2.93005
0.224299  0.0001068 2.94481
0.226542  0.000106892 2.95967
0.228807  0.00010698 2.97466
0.231095  0.000107063 2.98977
0.233406  0.000107141 3.00501
0.235741  0.000107214 3.02037
0.238098  0.000107283 3.03586
0.240479  0.000107346 3.05148
0.242884  0.000107405 3.06723
0.245313  0.000107459 3.08312
0.247766  0.000107508 3.09914
0.250243  0.000107552 3.11531
0.252746  0.000107592 3.13162
0.255273  0.000107626 3.14807
0.257826  0.000107655 3.16467
0.260404  0.000107679 3.18143
0.263008  0.000107698 3.19834
0.265638  0.000107711 3.2154
0.268295  0.00010772 3.23262
0.270978  0.000107724 3.25001
0.273687  0.000107723 3.26756
0.276424  0.000107717 3.28528
0.279189  0.000107705 3.30318
0.28198  0.000107688 3.32125
0.2848  0.000107666 3.3395
0.287648  0.000107638 3.35793
0.290525  0.000107606 3.37654
0.29343  0.000107568 3.39535
0.296364  0.000107524 3.41435
0.299328  0.000107476 3.43355
0.302321  0.000107422 3.45295
0.305344  0.000107363 3.47255
0.308398  0.000107298 3.49237
0.311482  0.000107228 3.51239
0.314597  0.000107153 3.53264
0.317743  0.000107072 3.55311
0.32092  0.000106987 3.5738
0.324129  0.000106896 3.59472
0.32737  0.000106799 3.61589
0.330644  0.000106698 3.63729
0.333951  0.000106591 3.65893
0.33729  0.000106479 3.68083
0.340663  0.000106362 3.70298
0.34407  0.000106239 3.7254
0.34751  0.000106112 3.74808
0.350985  0.000105979 3.77103
0.354495  0.000105841 3.79426
0.35804  0.000105698 3.81777
0.361621  0.000105549 3.84157
0.365237  0.000105396 3.86567
0.368889  0.000105237 3.89006
0.372578  0.000105073 3.91476
0.376304  0.000104905 3.93978
0.380067  0.000104731 3.96511
0.383868  0.000104552 3.99077
0.387706  0.000104368 4.01676
0.391583  0.00010418 4.0431
0.395499  0.000103986 4.06977
0.399454  0.000103787 4.0968
0.403449  0.000103584 4.1242
0.407483  0.000103376 4.15195
0.411558  0.000103163 4.18009
0.415674  0.000102945 4.20861
0.41983  0.000102723 4.23752
0.424029  0.000102496 4.26682
0.428269  0.000102264 4.29654
0.432552  0.000102028 4.32667
0.436877  0.000101787 4.35722
0.441246  0.000101542 4.38821
0.445658  0.000101292 4.41964
0.450115  0.000101038 4.45151
0.454616  0.00010078 4.48385
0.459162  0.000100517 4.51666
0.463754  0.000100251 4.54994
0.468391  9.99797e-05 4.58371
0.473075  9.97046e-05 4.61798
0.477806  9.94254e-05 4.65276
0.482584  9.91422e-05 4.68805
0.48741  9.88551e-05 4.72388
0.492284  9.85641e-05 4.76024
0.497207  9.82693e-05 4.79715
0.502179  9.79709e-05 4.83463
0.507201  9.76689e-05 4.87267
0.512273  9.73634e-05 4.9113
0.517396  9.70542e-05 4.95053
0.52257  9.67415e-05 4.99036
0.527795  9.64254e-05 5.03082
0.533073  9.61058e-05 5.0719
0.538404  9.5783e-05 5.11363
0.543788  9.5457e-05 5.15602
0.549226  9.51277e-05 5.19908
0.554718  9.47953e-05 5.24282
0.560265  9.44598e-05 5.28726
0.565868  9.41213e-05 5.33241
0.571527  9.37799e-05 5.37829
0.577242  9.34356e-05 5.4249
0.583014  9.30885e-05 5.47227
0.588844  9.27386e-05 5.52041
0.594733  9.23861e-05 5.56933
0.60068  9.2031e-05 5.61906
0.606687  9.16733e-05 5.6696
0.612754  9.13131e-05 5.72097
0.618881  9.09505e-05 5.77319
0.62507  9.05857e-05 5.82627
0.631321  9.02186e-05 5.88024
0.637634  8.98493e-05 5.9351
0.644011  8.94778e-05 5.99088
0.650451  8.91043e-05 6.0476
0.656955  8.87288e-05 6.10526
0.663525  8.83513e-05 6.1639
0.67016  8.79721e-05 6.22353
0.676862  8.75912e-05 6.28416
0.68363  8.72085e-05 6.34583
0.690466  8.68242e-05 6.40854
0.697371  8.64383e-05 6.47232
0.704345  8.60508e-05 6.53719
0.711388  8.56618e-05 6.60317
0.718502  8.52715e-05 6.67028
0.725687  8.48797e-05 6.73855
0.732944  8.44867e-05 6.80799
0.740273  8.40925e-05 6.87863
0.747676  8.36971e-05 6.95048
0.755153  8.33007e-05 7.02359
0.762705  8.29032e-05 7.09796
0.770332  8.25048e-05 7.17362
0.778035  8.21054e-05 7.2506
0.785815  8.17051e-05 7.32893
0.793673  8.13041e-05 7.40862
0.80161  8.09023e-05 7.4897
0.809626  8.04999e-05 7.5722
0.817722  8.00969e-05 7.65615
0.8259  7.96933e-05 7.74157
0.834159  7.92892e-05 7.8285
0.8425  7.88846e-05 7.91695
0.850925  7.84795e-05 8.00697
0.859435  7.80742e-05 8.09857
0.868029  7.76685e-05 8.19179
0.876709  7.72625e-05 8.28666
0.885476  7.68563e-05 8.38321
0.894331  7.645e-05 8.48148
0.903274  7.60435e-05 8.58148
0.912307  7.5637e-05 8.68326
0.92143  7.52304e-05 8.78685
0.930644  7.48239e-05 8.89228
0.939951  7.44175e-05 8.99959
0.94935  7.40111e-05 9.10882
0.958844  7.36049e-05 9.21999
0.968432  7.3199e-05 9.33314
0.978117  7.27932e-05 9.44832
0.987898  7.23878e-05 9.56555
0.997777  7.19827e-05 9.68488
1.00775  7.15782e-05 9.80634
1.01783  7.11741e-05 9.92998
1.02801  7.07704e-05 10.0558
1.03829  7.03672e-05 10.1839
1.04867  6.99646e-05 10.3144
1.05916  6.95625e-05 10.4471
1.06975  6.9161e-05 10.5822
1.08045  6.87602e-05 10.7198
1.09125  6.836e-05 10.8598
1.10217  6.79606e-05 11.0024
1.11319  6.75619e-05 11.1475
1.12432  6.71639e-05 11.2952
1.13556  6.67667e-05 11.4455
1.14692  6.63704e-05 11.5986
1.15839  6.59749e-05 11.7544
1.16997  6.55802e-05 11.9131
1.18167  6.51865e-05 12.0746
1.19349  6.47938e-05 12.239
1.20542  6.44019e-05 12.4063
1.21748  6.40111e-05 12.5767
1.22965  6.36213e-05 12.7501
1.24195  6.32325e-05 12.9267
1.25437  6.28449e-05 13.1064
1.26691  6.24583e-05 13.2894
1.27958  6.20729e-05 13.4757
1.29238  6.16886e-05 13.6653
1.3053  6.13054e-05 13.8583
1.31835  6.09235e-05 14.0549
1.33154  6.05427e-05 14.2549
1.34485  6.01632e-05 14.4586
1.3583  5.9785e-05 14.6659
1.37188  5.94081e-05 14.877
1.3856  5.90324e-05 15.0918
1.39946  5.8658e-05 15.3105
1.41345  5.8285e-05 15.5332
1.42759  5.79133e-05 15.7599
1.44186  5.75429e-05 15.9906
1.45628  5.71739e-05 16.2255
1.47085  5.68063e-05 16.4646
1.48555  5.64401e-05 16.7081
1.50041  5.60752e-05 16.9559
1.51541  5.57119e-05 17.2081
1.53057  5.53499e-05 17.4649
1.54587  5.49895e-05 17.7263
1.56133  5.46305e-05 17.9923
1.57695  5.42729e-05 18.2632
1.59271  5.39169e-05 18.5389
1.60864  5.35624e-05 18.8196
1.62473  5.32095e-05 19.1053
1.64098  5.28581e-05 19.3961
1.65739  5.25082e-05 19.6921
1.67396  5.21599e-05 19.9935
1.6907  5.18132e-05 20.3002
1.70761  5.1468e-05 20.6124
1.72468  5.11245e-05 20.9302
1.74193  5.07825e-05 21.2537
1.75935  5.04421e-05 21.583
1.77694  5.01034e-05 21.9182
1.79471  4.97662e-05 22.2593
1.81266  4.94307e-05 22.6065
1.83078  4.90968e-05 22.96
1.84909  4.87645e-05 23.3197
1.86758  4.84339e-05 23.6859
1.88626  4.81049e-05 24.0586
1.90512  4.77776e-05 24.4379
1.92417  4.7452e-05 24.824
1.94341  4.7128e-05 25.217
1.96285  4.68057e-05 25.617
1.98248  4.6485e-05 26.0241
2.0023  4.6166e-05 26.4384
2.02232  4.58487e-05 26.8601
2.04255  4.55332e-05 27.2893
2.06297  4.52193e-05 27.7261
2.0836  4.4907e-05 28.1707
2.10444  4.45965e-05 28.6232
2.12548  4.42876e-05 29.0837
2.14674  4.39805e-05 29.5524
2.16821  4.3675e-05 30.0294
2.18989  4.33713e-05 30.5148
2.21179  4.30692e-05 31.0088
2.2339  4.27688e-05 31.5116
2.25624  4.24701e-05 32.0233
2.27881  4.21731e-05 32.5441
2.30159  4.18778e-05 33.0741
2.32461  4.15841e-05 33.6134
2.34786  4.12922e-05 34.1623
2.37134  4.10019e-05 34.7209
2.39505  4.07133e-05 35.2894
2.419  4.04264e-05 35.8679
2.44319  4.01411e-05 36.4566
2.46762  3.98576e-05 37.0557
2.4923  3.95757e-05 37.6654
2.51722  3.92955e-05 38.2859
2.54239  3.9017e-05 38.9173
2.56782  3.87401e-05 39.5599
2.59349  3.84649e-05 40.2138
2.61943  3.81913e-05 40.8792
2.64562  3.79194e-05 41.5563
2.67208  3.76491e-05 42.2454
2.6988  3.73806e-05 42.9467
2.72579  3.71137e-05 43.6603
2.75305  3.68484e-05 44.3864
2.78058  3.65847e-05 45.1254
2.80838  3.63226e-05 45.8774
2.83647  3.60622e-05 46.6426
2.86483  3.58034e-05 47.4213
2.89348  3.55462e-05 48.2138
2.92241  3.52905e-05 49.0202
2.95164  3.50365e-05 49.8407
2.98115  3.4784e-05 50.6758
3.01097  3.45332e-05 51.5255
3.04108  3.42838e-05 52.3902
3.07149  3.40361e-05 53.2702
3.1022  3.37899e-05 54.1656
3.13322  3.35453e-05 55.0768
3.16456  3.33022e-05 56.0041
3.1962  3.30606e-05 56.9477
3.22816  3.28206e-05 57.9079
3.26045  3.25821e-05 58.885
3.29305  3.23451e-05 59.8793
3.32598  3.21097e-05 60.8912
3.35924  3.18757e-05 61.9208
3.39283  3.16433e-05 62.9687
3.42676  3.14123e-05 64.035
3.46103  3.11829e-05 65.12
3.49564  3.09549e-05 66.2243
3.53059  3.07283e-05 67.348
3.5659  3.05032e-05 68.4915
3.60156  3.02796e-05 69.6552
3.63758  3.00574e-05 70.8395
3.67395  2.98366e-05 72.0447
3.71069  2.96173e-05 73.2712
3.7478  2.93993e-05 74.5194
3.78528  2.91828e-05 75.7896
3.82313  2.89677e-05 77.0823
3.86136  2.87545e-05 78.3965
3.89997  2.85421e-05 79.7355
3.93897  2.83311e-05 81.0982
3.97836  2.81214e-05 82.4849
4.01815  2.79132e-05 83.8962
4.05833  2.77062e-05 85.3324
4.09891  2.75007e-05 86.794
4.1399  2.72964e-05 88.2814
4.1813  2.70935e-05 89.7951
4.22311  2.68919e-05 91.3356
4.26534  2.66916e-05 92.9034
4.308  2.64927e-05 94.4989
4.35108  2.6295e-05 96.1226
4.39459  2.60987e-05 97.7753
4.43853  2.59036e-05 99.4573
4.48292  2.57098e-05 101.169
4.52775  2.55173e-05 102.912
4.57303  2.5326e-05 104.685
4.61876  2.5136e-05 106.491
4.66494  2.49472e-05 108.328
4.71159  2.47597e-05 110.199
4.75871  2.45734e-05 112.103
4.8063  2.43883e-05 114.042
4.85436  2.42044e-05 116.015
4.9029  2.40217e-05 118.024
4.95193  2.38403e-05 120.068
5.00145  2.366e-05 122.149
5.05146  2.3481e-05 124.267
5.10198  2.33031e-05 126.422
5.153  2.31265e-05 128.615
5.20453  2.2951e-05 130.847
5.25657  2.27766e-05 133.118
5.30914  2.26034e-05 135.429
5.36223  2.24314e-05 137.78
5.41585  2.22605e-05 140.172
5.47001  2.20908e-05 142.607
5.52471  2.19221e-05 145.085
5.57996  2.17546e-05 147.607
5.63576  2.15882e-05 150.176
5.69212  2.1423e-05 152.791
5.74904  2.12588e-05 155.454
5.80653  2.10957e-05 158.167
5.86459  2.09337e-05 160.93
5.92324  2.07728e-05 163.745
5.98247  2.0613e-05 166.614
6.0423  2.00361e-05 169.538
6.10272  1.98795e-05 172.517
6.16375  1.9724e-05 175.554
6.22538  1.95696e-05 178.649
6.28764  1.94162e-05 181.804
6.35051  1.92639e-05 185.019
6.41402  1.91127e-05 188.297
6.47816  1.89625e-05 191.639
6.54294  1.88134e-05 195.046
6.60837  1.86652e-05 198.519
6.67445  1.85182e-05 202.06
6.7412  1.83722e-05 205.67
6.80861  1.82272e-05 209.351
6.8767  1.80832e-05 213.103
6.94546  1.79402e-05 216.926
7.01492  1.77983e-05 220.823
7.08507  1.76573e-05 224.792
7.15592  1.75173e-05 228.835
7.22748  1.73784e-05 232.953
7.29975  1.72404e-05 237.146
7.37275  1.71033e-05 241.415
7.44648  1.69672e-05 245.761
7.52094  1.68321e-05 250.183
7.59615  1.66979e-05 254.683
7.67211  1.65648e-05 259.262
7.74883  1.64325e-05 263.923
7.82632  1.63012e-05 268.666
7.90459  1.61709e-05 273.495
7.98363  1.60415e-05 278.41
8.06347  1.59131e-05 283.414
8.1441  1.57856e-05 288.509
8.22554  1.56591e-05 293.698
8.3078  1.55334e-05 298.981
8.39088  1.54087e-05 304.362
8.47479  1.52849e-05 309.843
8.55953  1.51621e-05 315.426
8.64513  1.50401e-05 321.113
8.73158  1.4919e-05 326.904
8.8189  1.47989e-05 332.803
8.90709  1.46796e-05 338.811
8.99616  1.45612e-05 344.929
9.08612  1.44437e-05 351.16
9.17698  1.43271e-05 357.505
9.26875  1.42113e-05 363.966
9.36144  1.40964e-05 370.545
9.45505  1.39821e-05 377.251
9.5496  1.38689e-05 384.073
9.6451  1.37565e-05 391.019
9.74155  1.3645e-05 398.092
9.83896  1.35343e-05 405.294
9.93735  1.34245e-05 412.628
10.0367  1.33155e-05 420.095
10.1371  1.32074e-05 427.7
10.2385  1.31001e-05 435.443
10.3409  1.29936e-05 443.328
10.4443  1.2888e-05 451.358
10.5487  1.27831e-05 459.536
10.6542  1.26791e-05 467.864
10.7607  1.25758e-05 476.344
10.8683  1.24734e-05 484.981
10.977  1.23717e-05 493.776
11.0868  1.22709e-05 502.733
11.1977  1.21708e-05 511.855
11.3096  1.20715e-05 521.144
11.4227  1.1973e-05 530.603
11.537  1.18752e-05 540.236
11.6523  1.17782e-05 550.046
11.7689  1.16819e-05 560.035
11.8865  1.15864e-05 570.208
12.0054  1.14853e-05 580.567
12.1255  1.13914e-05 591.116
12.2467  1.12981e-05 601.859
12.3692  1.12056e-05 612.798
12.4929  1.11138e-05 623.938
12.6178  1.10227e-05 635.282
12.744  1.09323e-05 646.834
12.8714  1.08427e-05 658.599
13.0001  1.07537e-05 670.579
13.1301  1.06655e-05 682.779
13.2614  1.0578e-05 695.203
13.3941  1.04911e-05 707.854
13.528  1.0405e-05 720.739
13.6633  1.03195e-05 733.859
13.7999  1.02348e-05 747.22
13.9379  1.01507e-05 760.827
14.0773  1.00672e-05 774.683
14.2181  9.98448e-06 788.794
14.3602  9.90239e-06 803.163
14.5038  9.82095e-06 817.796
14.6489  9.74017e-06 832.698
14.7954  9.66004e-06 847.873
14.9433  9.58055e-06 863.326
15.0928  9.5017e-06 879.063
15.2437  9.42349e-06 895.089
15.3961  9.34591e-06 911.408
15.5501  9.26896e-06 928.027
15.7056  9.19262e-06 944.951
15.8626  9.11691e-06 962.185
16.0213  9.04181e-06 979.735
16.1815  8.96731e-06 997.607
16.3433  8.89343e-06 1015.81
16.5067  8.82015e-06 1034.34
16.6718  8.74747e-06 1053.22
16.8385  8.67538e-06 1072.44
17.0069  8.60388e-06 1092.01
17.177  8.53295e-06 1111.94
17.3487  8.46257e-06 1132.24
17.5222  8.39276e-06 1152.91
17.6974  8.32351e-06 1173.96
17.8744  8.25484e-06 1195.4
18.0532  8.18672e-06 1217.22
18.2337  8.11916e-06 1239.45
18.416  8.05215e-06 1262.09
18.6002  7.98568e-06 1285.14
18.7862  7.91976e-06 1308.62
18.9741  7.85438e-06 1332.53
19.1638  7.78953e-06 1356.87
19.3554  7.72522e-06 1381.67
19.549  7.66143e-06 1406.91
19.7445  7.59816e-06 1432.62
19.9419  7.53541e-06 1458.81
20.1413  7.47317e-06 1485.47
20.3427  7.41145e-06 1512.62
20.5462  7.35023e-06 1540.27
20.7516  7.28951e-06 1568.43
20.9592  7.22929e-06 1597.11
21.1687  7.16957e-06 1626.31
21.3804  7.11033e-06 1656.05
21.5942  7.05159e-06 1686.33
21.8102  6.99332e-06 1717.17
22.0283  6.93553e-06 1748.57
22.2486  6.87822e-06 1780.56
22.4711  6.82138e-06 1813.12
22.6958  6.76501e-06 1846.29
22.9227  6.7091e-06 1880.07
23.1519  6.65365e-06 1914.46
23.3835  6.59866e-06 1949.49
23.6173  6.54412e-06 1985.16
23.8535  6.49003e-06 2021.49
24.092  6.43639e-06 2058.48
24.3329  6.38318e-06 2096.15
24.5763  6.33042e-06 2134.52
24.822  6.27809e-06 2173.59
25.0702  6.22619e-06 2213.37
25.3209  6.17472e-06 2253.89
25.5742  6.12367e-06 2295.15
25.8299  6.07304e-06 2337.17
26.0882  6.02282e-06 2379.97
26.3491  5.97302e-06 2423.54
26.6126  5.92363e-06 2467.92
26.8787  5.87465e-06 2513.12
27.1475  5.82607e-06 2559.14
27.419  5.77789e-06 2606.01
27.6931  5.73011e-06 2653.74
27.9701  5.68272e-06 2702.35
28.2498  5.63572e-06 2751.86
28.5323  5.5891e-06 2802.27
28.8176  5.54288e-06 2853.61
29.1058  5.49703e-06 2905.89
29.3968  5.45156e-06 2959.13
29.6908  5.40647e-06 3013.36
29.9877  5.36174e-06 3068.58
30.2876  5.31739e-06 3124.81
30.5905  5.2734e-06 3182.08
30.8964  5.22977e-06 3240.4
31.2053  5.1865e-06 3299.8
31.5174  5.14359e-06 3360.29
31.8326  5.10103e-06 3421.89
32.1509  5.05883e-06 3484.62
32.4724  5.01697e-06 3548.51
32.7971  4.97546e-06 3613.57
33.1251  4.93429e-06 3679.83
33.4563  4.89346e-06 3747.3
33.7909  4.85297e-06 3816.02
34.1288  4.81282e-06 3886.01
34.4701  4.77299e-06 3957.28
34.8148  4.7335e-06 4029.86
35.1629  4.69433e-06 4103.78
35.5146  4.65549e-06 4179.06
35.8697  4.61696e-06 4255.72
36.2284  4.57876e-06 4333.79
36.5907  4.54087e-06 4413.3
36.9566  4.50329e-06 4494.28
37.3262  4.46603e-06 4576.74
37.6994  4.42908e-06 4660.73
38.0764  4.39243e-06 4746.26
38.4572  4.35608e-06 4833.36
38.8418  4.32004e-06 4922.06
39.2302  4.28429e-06 5012.4
39.6225  4.24884e-06 5104.41
40.0187  4.21369e-06 5198.1
40.4189  4.17882e-06 5293.52
40.8231  4.14425e-06 5390.7
41.2313  4.10996e-06 5489.67
41.6436  4.07595e-06 5590.46
42.0601  4.04223e-06 5693.1
42.4807  4.00878e-06 5797.64
42.9055  3.97562e-06 5904.1
43.3345  3.94273e-06 6012.52
43.7679  3.91011e-06 6122.93
44.2056  3.87776e-06 6235.38
44.6476  3.84568e-06 6349.9
45.0941  3.81387e-06 6466.53
45.545  3.78232e-06 6585.31
46.0005  3.75104e-06 6706.28
46.4605  3.72001e-06 6829.47
46.9251  3.68924e-06 6954.93
47.3943  3.65873e-06 7082.7
47.8683  3.62847e-06 7212.82
48.347  3.59847e-06 7345.35
48.8304  3.56871e-06 7480.31
49.3187  3.5392e-06 7617.75
49.8119  3.50994e-06 7757.73
50.31  3.48091e-06 7900.29
50.8131  3.45214e-06 8045.47
51.3213  3.4236e-06 8193.32
51.8345  3.3953e-06 8343.9
52.3528  3.36723e-06 8497.25
52.8764  3.3394e-06 8653.43
53.4051  3.31181e-06 8812.48
53.9392  3.28444e-06 8974.46
54.4786  3.2573e-06 9139.42
55.0234  3.23038e-06 9307.42
55.5736  3.20369e-06 9478.51
56.1293  3.17723e-06 9652.75
56.6906  3.15098e-06 9830.21
57.2575  3.12496e-06 10010.9
57.8301  3.09915e-06 10195
58.4084  3.07356e-06 10382.4
58.9925  3.04818e-06 10573.3
59.5824  3.02301e-06 10767.7
60.1782  2.99805e-06 10965.7
60.78  2.97331e-06 11167.3
61.3878  2.94876e-06 11372.6
62.0017  2.92443e-06 11581.8
62.6217  2.9003e-06 11794.7
63.2479  2.87637e-06 12011.6
63.8804  2.85264e-06 12232.5
64.5192  2.82911e-06 12457.4
65.1644  2.80577e-06 12686.5
65.816  2.78264e-06 12919.8
66.4742  2.75969e-06 13157.4
67.1389  2.73694e-06 13399.3
67.8103  2.71438e-06 13645.8
68.4884  2.69201e-06 13896.7
69.1733  2.66983e-06 14152.3
69.8651  2.64783e-06 14412.5
70.5637  2.62602e-06 14677.6
71.2693  2.60439e-06 14947.5
71.982  2.58294e-06 15222.4
72.7019  2.56167e-06 15502.3
73.4289  2.54057e-06 15787.4
74.1632  2.51965e-06 16077.8
74.9048  2.49891e-06 16373.5
75.6538  2.47834e-06 16674.6
76.4104  2.45795e-06 16981.2
77.1745  2.43773e-06 17293.5
77.9462  2.41768e-06 17611.5
78.7257  2.39779e-06 17935.4
79.513  2.37808e-06 18265.2
80.3081  2.35853e-06 18601.1
81.1112  2.33915e-06 18943.1
81.9223  2.31993e-06 19291.5
82.7415  2.30088e-06 19646.2
83.5689  2.28198e-06 20007.4
84.4046  2.26324e-06 20375.3
85.2486  2.24467e-06 20750
86.1011  2.22625e-06 21131.5
86.9621  2.20798e-06 21520
87.8318  2.18988e-06 21915.6
88.7101  2.17192e-06 22318.6
89.5972  2.15412e-06 22728.9
90.4932  2.13647e-06 23146.7
91.3981  2.11896e-06 23572.2
92.3121  2.10161e-06 24005.5
93.2352  2.0844e-06 24446.8
94.1675  2.06734e-06 24896.1
95.1092  2.05042e-06 25353.7
96.0603  2.03365e-06 25819.7
97.0209  2.01702e-06 26294.2
97.9911  2.00053e-06 26777.4
98.971  1.98418e-06 27269.5
99.9607  1.96797e-06 27770.6
100.96  1.9519e-06 28280.9
101.97  1.93596e-06 28800.5
102.99  1.92017e-06 29329.6
104.02  1.9045e-06 29868.5
105.06  1.88897e-06 30417.2
106.11  1.87358e-06 30975.9
107.171  1.85831e-06 31544.9
108.243  1.84317e-06 32124.2
109.326  1.82817e-06 32714.2
110.419  1.81329e-06 33315
111.523  1.79854e-06 33926.8
112.638  1.78391e-06 34549.7
113.765  1.76941e-06 35184
114.902  1.75503e-06 35830
116.051  1.74078e-06 36487.7
117.212  1.72665e-06 37157.5
118.384  1.71264e-06 37839.5
119.568  1.69875e-06 38533.9
120.763  1.68497e-06 39241.1
121.971  1.67132e-06 39961.2
123.191  1.65778e-06 40694.3
124.423  1.64436e-06 41440.9
125.667  1.63105e-06 42201.1
126.924  1.61786e-06 42975.2
128.193  1.60478e-06 43763.3
129.475  1.59182e-06 44565.9
130.77  1.57896e-06 45383.1
132.077  1.56622e-06 46215.1
133.398  1.55358e-06 47062.4
134.732  1.54106e-06 47925
136.079  1.52864e-06 48803.4
137.44  1.51633e-06 49697.8
138.814  1.50412e-06 50608.4
140.203  1.49202e-06 51535.7
141.605  1.48002e-06 52479.7
143.021  1.46813e-06 53441
144.451  1.45634e-06 54419.8
145.895  1.44465e-06 55416.3
147.354  1.43306e-06 56431
148.828  1.42157e-06 57464.1
150.316  1.41018e-06 58515.9
151.819  1.39889e-06 59586.9
153.338  1.38769e-06 60677.3
154.871  1.3766e-06 61787.5
156.42  1.3656e-06 62917.8
157.984  1.35469e-06 64068.6
159.564  1.34388e-06 65240.4
161.159  1.33316e-06 66433.3
162.771  1.32253e-06 67647.9
164.399  1.312e-06 68884.4
166.043  1.30156e-06 70143.4
167.703  1.29121e-06 71425.2
169.38  1.28094e-06 72730.1
171.074  1.27077e-06 74058.7
172.785  1.26069e-06 75411.3
174.512  1.25069e-06 76788.3
176.258  1.24078e-06 78190.3
178.02  1.23096e-06 79617.6
179.8  1.22122e-06 81070.6
181.598  1.21157e-06 82549.9
183.414  1.202e-06 84055.9
185.248  1.19251e-06 85589.1
187.101  1.18311e-06 87149.9
188.972  1.17379e-06 88738.9
190.862  1.16455e-06 90356.5
192.77  1.15539e-06 92003.2
194.698  1.14631e-06 93679.7
196.645  1.13732e-06 95386.2
198.611  1.1284e-06 97123.5
200.598  1.11955e-06 98892.1
202.604  1.11079e-06 100692
204.63  1.1021e-06 102525
206.676  1.09349e-06 104391
208.743  1.08495e-06 106290
210.83  1.07649e-06 108223
212.938  1.0681e-06 110191
215.068  1.05979e-06 112194
217.218  1.05155e-06 114233
219.391  1.04338e-06 116309
221.584  1.03528e-06 118422
223.8  1.02726e-06 120572
226.038  1.0193e-06 122762
228.299  1.01142e-06 124990
230.582  1.0036e-06 127258
232.888  9.95852e-07 129567
235.216  9.88173e-07 131917
237.569  9.80561e-07 134309
239.944  9.73016e-07 136743
242.344  9.65538e-07 139222
244.767  9.58126e-07 141744
247.215  9.50779e-07 144311
249.687  9.43497e-07 146924
252.184  9.36279e-07 149584
254.706  9.29125e-07 152291
257.253  9.22033e-07 155046
259.825  9.15005e-07 157849
262.423  9.08038e-07 160703
265.048  9.01133e-07 163607
267.698  8.94289e-07 166563
270.375  8.87505e-07 169570
273.079  8.80781e-07 172632
275.81  8.74117e-07 175747
278.568  8.67511e-07 178917
281.354  8.60964e-07 182144
284.167  8.54474e-07 185427
287.009  8.48043e-07 188769
289.879  8.41667e-07 192170
292.778  8.35349e-07 195631
295.705  8.29086e-07 199153
298.662  8.22879e-07 202738
301.649  8.16727e-07 206386
304.666  8.10629e-07 210099
307.712  8.04585e-07 213877
310.789  7.98595e-07 217723
313.897  7.92658e-07 221637
317.036  7.86774e-07 225620
320.207  7.80942e-07 229675
323.409  7.75162e-07 233801
326.643  7.69434e-07 238002
329.909  7.63756e-07 242277
333.208  7.58129e-07 246629
336.54  7.52553e-07 251059
339.906  7.47026e-07 255569
343.305  7.41549e-07 260159
346.738  7.36121e-07 264831
350.205  7.30742e-07 269587
353.707  7.25411e-07 274428
357.244  7.20127e-07 279356
360.817  7.14892e-07 284372
364.425  7.09703e-07 289478
368.069  7.04561e-07 294674
371.75  6.99465e-07 299964
375.467  6.94416e-07 305348
379.222  6.89412e-07 310828
383.014  6.84453e-07 316406
386.844  6.79539e-07 322083
390.713  6.7467e-07 327861
394.62  6.69845e-07 333742
398.566  6.65063e-07 339727
402.552  6.60325e-07 345818
406.577  6.5563e-07 352017
410.643  6.50977e-07 358326
414.75  6.46367e-07 364746
418.897  6.41798e-07 371280
423.086  6.37271e-07 377929
427.317  6.32786e-07 384695
431.59  6.28341e-07 391580
435.906  6.23936e-07 398586
440.265  6.19571e-07 405716
444.668  6.15246e-07 412970
449.114  6.10961e-07 420352
453.605  6.06714e-07 427863
458.142  6.02507e-07 435505
462.723  5.98337e-07 443282
467.35  5.94206e-07 451194
472.024  5.90112e-07 459245
476.744  5.86056e-07 467436
481.511  5.82037e-07 475770
486.326  5.78054e-07 484249
491.19  5.74108e-07 492875
496.102  5.70198e-07 501652
501.063  5.66323e-07 510580
506.073  5.62485e-07 519664
511.134  5.58681e-07 528905
516.245  5.54912e-07 538306
521.408  5.51178e-07 547870
526.622  5.47479e-07 557599
531.888  5.43813e-07 567495
537.207  5.40181e-07 577562
542.579  5.36583e-07 587802
548.005  5.33018e-07 598218
553.485  5.29486e-07 608814
559.02  5.25987e-07 619591
564.61  5.2252e-07 630552
570.256  5.19085e-07 641701
575.959  5.15683e-07 653041
581.718  5.12311e-07 664575
587.535  5.08972e-07 676305
593.411  5.05663e-07 688235
599.345  5.02386e-07 700368
605.338  4.99139e-07 712708
611.392  4.95922e-07 725257
617.506  4.92735e-07 738018
623.681  4.89579e-07 750996
629.917  4.86452e-07 764194
636.217  4.83355e-07 777614
642.579  4.80286e-07 791261
649.005  4.77247e-07 805138
655.495  4.74236e-07 819249
662.05  4.71254e-07 833597
668.67  4.683e-07 848185
675.357  4.65374e-07 863018
682.11  4.62476e-07 878100
688.931  4.59605e-07 893434
695.821  4.56762e-07 909024
702.779  4.53946e-07 924874
709.807  4.51157e-07 940988
716.905  4.48394e-07 957371
724.074  4.45658e-07 974025
731.315  4.42948e-07 990956
738.628  4.40264e-07 1.00817e+06
746.014  4.37606e-07 1.02566e+06
753.474  4.34974e-07 1.04345e+06
761.009  4.32367e-07 1.06153e+06
768.619  4.29785e-07 1.07991e+06
776.305  4.27228e-07 1.09858e+06
784.068  4.24696e-07 1.11757e+06
791.909  4.22188e-07 1.13687e+06
799.828  4.19705e-07 1.15648e+06
807.826  4.17246e-07 1.17642e+06
815.905  4.14811e-07 1.19668e+06
824.064  4.124e-07 1.21727e+06
832.304  4.10012e-07 1.2382e+06
840.627  4.07648e-07 1.25946e+06
849.034  4.05307e-07 1.28107e+06
857.524  4.02989e-07 1.30304e+06
866.099  4.00694e-07 1.32536e+06
874.76  3.98421e-07 1.34803e+06
883.508  3.96171e-07 1.37108e+06
892.343  3.93943e-07 1.3945e+06
901.266  3.91737e-07 1.41829e+06
910.279  3.89553e-07 1.44247e+06
919.382  3.87391e-07 1.46703e+06
928.575  3.8525e-07 1.49199e+06
937.861  3.83131e-07 1.51735e+06
947.24  3.81032e-07 1.54311e+06
956.712  3.78955e-07 1.56928e+06
966.279  3.76899e-07 1.59587e+06
975.942  3.74863e-07 1.62288e+06
985.702  3.72847e-07 1.65032e+06
995.559  3.70852e-07 1.67819e+06
