0.001  5.83334e-05 0.200499
0.00101  5.83856e-05 0.201499
0.0010201  5.84382e-05 0.202504
0.0010303  5.8491e-05 0.203514
0.0010406  5.85441e-05 0.204529
0.00105101  5.85975e-05 0.205549
0.00106152  5.86511e-05 0.206574
0.00107214  5.87051e-05 0.207604
0.00108286  5.87593e-05 0.20864
0.00109369  5.88138e-05 0.20968
0.00110462  5.88681e-05 0.210726
0.00111567  5.8919e-05 0.211777
0.00112683  5.89702e-05 0.212833
0.00113809  5.9017e-05 0.213895
0.00114947  5.90638e-05 0.214962
0.00116097  5.91107e-05 0.216034
0.00117258  5.91578e-05 0.217111
0.0011843  5.91973e-05 0.218194
0.00119615  5.92362e-05 0.219282
0.00120811  5.92752e-05 0.220376
0.00122019  5.93143e-05 0.221475
0.00123239  5.93535e-05 0.22258
0.00124472  5.93929e-05 0.22369
0.00125716  5.94324e-05 0.224806
0.00126973  5.94719e-05 0.225927
0.00128243  5.95116e-05 0.227054
0.00129526  5.95515e-05 0.228186
0.00130821  5.95914e-05 0.229324
0.00132129  5.96314e-05 0.230468
0.0013345  5.96716e-05 0.231618
0.00134785  5.97119e-05 0.232773
0.00136133  5.97523e-05 0.233934
0.00137494  5.97928e-05 0.235101
0.00138869  5.98334e-05 0.236273
0.00140258  5.98741e-05 0.237452
0.0014166  5.9915e-05 0.238636
0.00143077  5.99559e-05 0.239826
0.00144508  5.9997e-05 0.241022
0.00145953  6.00382e-05 0.242224
0.00147412  6.00789e-05 0.243432
0.00148886  6.01173e-05 0.244647
0.00150375  6.01557e-05 0.245826
0.00151879  6.01907e-05 0.247018
0.00153398  6.02258e-05 0.248224
0.00154932  6.0261e-05 0.249445
0.00156481  6.02962e-05 0.25068
0.00158046  6.03279e-05 0.25193
0.00159626  6.03596e-05 0.253194
0.00161223  6.03914e-05 0.254472
0.00162835  6.04231e-05 0.255764
0.00164463  6.04549e-05 0.257069
0.00166108  6.04866e-05 0.258387
0.00167769  6.05183e-05 0.259694
0.00169447  6.05501e-05 0.260971
0.00171141  6.05818e-05 0.26226
0.00172852  6.06135e-05 0.26356
0.00174581  6.06452e-05 0.264871
0.00176327  6.0677e-05 0.266192
0.0017809  6.07086e-05 0.267523
0.00179871  6.07403e-05 0.268864
0.0018167  6.0772e-05 0.270213
0.00183486  6.08036e-05 0.271571
0.00185321  6.08353e-05 0.272937
0.00187174  6.08669e-05 0.27431
0.00189046  6.08984e-05 0.275682
0.00190937  6.093e-05 0.277058
0.00192846  6.09615e-05 0.27844
0.00194774  6.0993e-05 0.279829
0.00196722  6.1024e-05 0.281225
0.00198689  6.10547e-05 0.282627
0.00200676  6.10852e-05 0.284036
0.00202683  6.11158e-05 0.285452
0.0020471  6.11463e-05 0.286875
0.00206757  6.11767e-05 0.288306
0.00208825  6.12071e-05 0.289743
0.00210913  6.12375e-05 0.291188
0.00213022  6.12677e-05 0.292639
0.00215152  6.1298e-05 0.294098
0.00217304  6.13281e-05 0.295564
0.00219477  6.13582e-05 0.297038
0.00221672  6.13871e-05 0.29852
0.00223888  6.14147e-05 0.300009
0.00226127  6.14413e-05 0.301506
0.00228388  6.14658e-05 0.30301
0.00230672  6.14902e-05 0.304521
0.00232979  6.15144e-05 0.306041
0.00235309  6.15387e-05 0.307567
0.00237662  6.15634e-05 0.309102
0.00240038  6.1588e-05 0.310644
0.00242439  6.16124e-05 0.312193
0.00244863  6.16366e-05 0.31375
0.00247312  6.16608e-05 0.315315
0.00249785  6.16847e-05 0.316888
0.00252283  6.17085e-05 0.318468
0.00254806  6.17322e-05 0.320056
0.00257354  6.17557e-05 0.321652
0.00259927  6.1779e-05 0.323257
0.00262527  6.18022e-05 0.324869
0.00265152  6.18252e-05 0.326489
0.00267803  6.18481e-05 0.328117
0.00270481  6.18707e-05 0.329753
0.00273186  6.18932e-05 0.331398
0.00275918  6.19155e-05 0.333051
0.00278677  6.19375e-05 0.334712
0.00281464  6.19595e-05 0.336381
0.00284279  6.19812e-05 0.338059
0.00287121  6.20027e-05 0.339745
0.00289993  6.2024e-05 0.34144
0.00292893  6.2045e-05 0.343143
0.00295822  6.20654e-05 0.344854
0.0029878  6.2085e-05 0.346574
0.00301768  6.21041e-05 0.348303
0.00304785  6.21221e-05 0.35004
0.00307833  6.21399e-05 0.351786
0.00310911  6.21574e-05 0.35354
0.0031402  6.21762e-05 0.355303
0.00317161  6.21977e-05 0.357075
0.00320332  6.22189e-05 0.358856
0.00323536  6.22399e-05 0.360646
0.00326771  6.22607e-05 0.362445
0.00330039  6.22813e-05 0.364252
0.00333339  6.23015e-05 0.366069
0.00336672  6.23216e-05 0.367895
0.00340039  6.23414e-05 0.36973
0.0034344  6.23609e-05 0.371574
0.00346874  6.23802e-05 0.373427
0.00350343  6.23991e-05 0.375289
0.00353846  6.24179e-05 0.377161
0.00357385  6.24363e-05 0.379042
0.00360958  6.24544e-05 0.380933
0.00364568  6.24723e-05 0.382833
0.00368214  6.24898e-05 0.384742
0.00371896  6.25069e-05 0.386661
0.00375615  6.25236e-05 0.388589
0.00379371  6.25398e-05 0.390527
0.00383165  6.25556e-05 0.392475
0.00386996  6.25711e-05 0.394433
0.00390866  6.25863e-05 0.3964
0.00394775  6.26099e-05 0.398377
0.00398723  6.26339e-05 0.400364
0.0040271  6.26577e-05 0.402361
0.00406737  6.26812e-05 0.404367
0.00410804  6.27045e-05 0.406384
0.00414912  6.27275e-05 0.408411
0.00419062  6.27502e-05 0.410448
0.00423252  6.27726e-05 0.412495
0.00427485  6.27948e-05 0.414552
0.0043176  6.28167e-05 0.41662
0.00436077  6.28382e-05 0.418698
0.00440438  6.28595e-05 0.420786
0.00444842  6.28806e-05 0.422885
0.00449291  6.29014e-05 0.424994
0.00453784  6.29221e-05 0.427113
0.00458321  6.29425e-05 0.429244
0.00462905  6.29627e-05 0.431384
0.00467534  6.29824e-05 0.433536
0.00472209  6.30019e-05 0.435698
0.00476931  6.3021e-05 0.437871
0.004817  6.30397e-05 0.440055
0.00486517  6.30581e-05 0.44225
0.00491383  6.30761e-05 0.444456
0.00496296  6.30938e-05 0.446672
0.00501259  6.3111e-05 0.4489
0.00506272  6.31279e-05 0.451139
0.00511335  6.31444e-05 0.453389
0.00516448  6.31606e-05 0.45565
0.00521613  6.31763e-05 0.457923
0.00526829  6.31916e-05 0.460207
0.00532097  6.32064e-05 0.462502
0.00537418  6.32209e-05 0.464809
0.00542792  6.32349e-05 0.467127
0.0054822  6.32485e-05 0.469457
0.00553702  6.32617e-05 0.471798
0.00559239  6.32743e-05 0.474151
0.00564832  6.32866e-05 0.476516
0.0057048  6.32983e-05 0.478893
0.00576185  6.33096e-05 0.481281
0.00581947  6.33204e-05 0.483682
0.00587766  6.33336e-05 0.486094
0.00593644  6.33613e-05 0.488518
0.0059958  6.33887e-05 0.490955
0.00605576  6.34169e-05 0.493403
0.00611632  6.34452e-05 0.495864
0.00617748  6.34731e-05 0.498337
0.00623926  6.35007e-05 0.500823
0.00630165  6.3528e-05 0.503321
0.00636466  6.35549e-05 0.505831
0.00642831  6.35815e-05 0.508354
0.00649259  6.36076e-05 0.510889
0.00655752  6.36335e-05 0.513437
0.0066231  6.36589e-05 0.515998
0.00668933  6.3684e-05 0.518571
0.00675622  6.37087e-05 0.521158
0.00682378  6.37329e-05 0.523757
0.00689202  6.37568e-05 0.526369
0.00696094  6.37802e-05 0.528995
0.00703055  6.38033e-05 0.531633
0.00710085  6.38259e-05 0.534285
0.00717186  6.38481e-05 0.536949
0.00724358  6.38698e-05 0.539627
0.00731602  6.38911e-05 0.542319
0.00738918  6.39131e-05 0.545023
0.00746307  6.39361e-05 0.547742
0.0075377  6.39596e-05 0.550474
0.00761308  6.39848e-05 0.553219
0.00768921  6.40096e-05 0.555978
0.0077661  6.4034e-05 0.558751
0.00784376  6.40636e-05 0.561538
0.0079222  6.41091e-05 0.564339
0.00800142  6.41543e-05 0.567154
0.00808144  6.41993e-05 0.569982
0.00816225  6.42441e-05 0.572825
0.00824387  6.42885e-05 0.575682
0.00832631  6.43327e-05 0.578553
0.00840957  6.43767e-05 0.581438
0.00849367  6.44203e-05 0.584338
0.00857861  6.44637e-05 0.587253
0.00866439  6.45068e-05 0.590182
0.00875104  6.45495e-05 0.593125
0.00883855  6.4592e-05 0.596084
0.00892693  6.46341e-05 0.599057
0.0090162  6.4676e-05 0.602044
0.00910636  6.47175e-05 0.605047
0.00919743  6.47586e-05 0.608065
0.0092894  6.47995e-05 0.611097
0.0093823  6.484e-05 0.614145
0.00947612  6.48801e-05 0.617208
0.00957088  6.49198e-05 0.620287
0.00966659  6.49592e-05 0.62338
0.00976325  6.49983e-05 0.62649
0.00986089  6.50369e-05 0.629614
0.0099595  6.50751e-05 0.632754
0.0100591  6.5113e-05 0.63591
0.0101597  6.51504e-05 0.639082
0.0102613  6.51874e-05 0.642269
0.0103639  6.5224e-05 0.645472
0.0104675  6.52601e-05 0.648692
0.0105722  6.52959e-05 0.651927
0.0106779  6.53311e-05 0.655179
0.0107847  6.53659e-05 0.658446
0.0108926  6.54003e-05 0.66173
0.0110015  6.54341e-05 0.665031
0.0111115  6.54709e-05 0.668348
0.0112226  6.55085e-05 0.671681
0.0113348  6.55485e-05 0.675031
0.0114482  6.55908e-05 0.678398
0.0115627  6.56326e-05 0.681781
0.0116783  6.56739e-05 0.685182
0.0117951  6.57284e-05 0.688599
0.011913  6.57955e-05 0.692033
0.0120322  6.58624e-05 0.695485
0.0121525  6.59292e-05 0.698954
0.012274  6.59957e-05 0.70244
0.0123967  6.60621e-05 0.705943
0.0125207  6.61282e-05 0.709464
0.0126459  6.61941e-05 0.713003
0.0127724  6.62598e-05 0.716559
0.0129001  6.63253e-05 0.720132
0.0130291  6.63905e-05 0.723724
0.0131594  6.64555e-05 0.727334
0.013291  6.65203e-05 0.730961
0.0134239  6.65847e-05 0.734607
0.0135581  6.6649e-05 0.738271
0.0136937  6.67129e-05 0.741953
0.0138307  6.67766e-05 0.745654
0.013969  6.68399e-05 0.749373
0.0141086  6.6903e-05 0.75311
0.0142497  6.69658e-05 0.756866
0.0143922  6.70283e-05 0.760641
0.0145362  6.70905e-05 0.764435
0.0146815  6.71523e-05 0.768247
0.0148283  6.72188e-05 0.772079
0.0149766  6.72861e-05 0.77593
0.0151264  6.73577e-05 0.7798
0.0152776  6.74317e-05 0.783689
0.0154304  6.75056e-05 0.787598
0.0155847  6.75792e-05 0.791526
0.0157406  6.76653e-05 0.795474
0.015898  6.77599e-05 0.799441
0.016057  6.78544e-05 0.803428
0.0162175  6.79488e-05 0.807435
0.0163797  6.80432e-05 0.811462
0.0165435  6.81376e-05 0.815509
0.0167089  6.82319e-05 0.819577
0.016876  6.83261e-05 0.823664
0.0170448  6.84202e-05 0.827773
0.0172152  6.85143e-05 0.831901
0.0173874  6.86082e-05 0.83605
0.0175613  6.87021e-05 0.84022
0.0177369  6.87959e-05 0.844411
0.0179142  6.88895e-05 0.848622
0.0180934  6.89831e-05 0.852855
0.0182743  6.90765e-05 0.857108
0.0184571  6.91698e-05 0.861383
0.0186416  6.9263e-05 0.865679
0.018828  6.9356e-05 0.869997
0.0190163  6.94489e-05 0.874336
0.0192065  6.95416e-05 0.878697
0.0193986  6.96342e-05 0.883079
0.0195925  6.97295e-05 0.887484
0.0197885  6.98389e-05 0.89191
0.0199864  6.99482e-05 0.896359
0.0201862  7.00576e-05 0.900829
0.0203881  7.01669e-05 0.905322
0.020592  7.02761e-05 0.909837
0.0207979  7.03854e-05 0.914375
0.0210059  7.04946e-05 0.918935
0.0212159  7.06038e-05 0.923519
0.0214281  7.07129e-05 0.928125
0.0216424  7.08219e-05 0.932754
0.0218588  7.09309e-05 0.937406
0.0220774  7.10403e-05 0.942082
0.0222981  7.11565e-05 0.94678
0.0225211  7.12728e-05 0.951502
0.0227463  7.13966e-05 0.956248
0.0229738  7.15217e-05 0.961017
0.0232035  7.16468e-05 0.96581
0.0234356  7.1772e-05 0.970627
0.0236699  7.19134e-05 0.975468
0.0239066  7.20579e-05 0.980333
0.0241457  7.22026e-05 0.985223
0.0243871  7.23476e-05 0.990137
0.024631  7.24928e-05 0.995075
0.0248773  7.26382e-05 1.00004
0.0251261  7.27838e-05 1.00503
0.0253774  7.29297e-05 1.01004
0.0256311  7.30757e-05 1.01508
0.0258874  7.3222e-05 1.02014
0.0261463  7.33684e-05 1.02523
0.0264078  7.35151e-05 1.03034
0.0266719  7.36619e-05 1.03548
0.0269386  7.3809e-05 1.04064
0.027208  7.39562e-05 1.04583
0.02748  7.41036e-05 1.05105
0.0277548  7.42511e-05 1.05629
0.0280324  7.43989e-05 1.06156
0.0283127  7.45467e-05 1.06685
0.0285958  7.46948e-05 1.07218
0.0288818  7.4843e-05 1.07752
0.0291706  7.49914e-05 1.0829
0.0294623  7.51407e-05 1.0883
0.029757  7.52954e-05 1.09373
0.0300545  7.54502e-05 1.09918
0.0303551  7.56119e-05 1.10466
0.0306586  7.57742e-05 1.11017
0.0309652  7.59367e-05 1.11571
0.0312749  7.60995e-05 1.12127
0.0315876  7.62825e-05 1.12687
0.0319035  7.64673e-05 1.13249
0.0322225  7.66525e-05 1.13814
0.0325447  7.68382e-05 1.14381
0.0328702  7.70243e-05 1.14952
0.0331989  7.72108e-05 1.15525
0.0335309  7.73978e-05 1.16101
0.0338662  7.75852e-05 1.1668
0.0342049  7.7773e-05 1.17262
0.0345469  7.79613e-05 1.17847
0.0348924  7.815e-05 1.18435
0.0352413  7.83391e-05 1.19026
0.0355937  7.85286e-05 1.19619
0.0359496  7.87186e-05 1.20216
0.0363091  7.89089e-05 1.20815
0.0366722  7.90997e-05 1.21418
0.037039  7.92943e-05 1.22023
0.0374093  7.94907e-05 1.22632
0.0377834  7.96906e-05 1.23244
0.0381613  7.98935e-05 1.23858
0.0385429  8.0097e-05 1.24476
0.0389283  8.0301e-05 1.25097
0.0393176  8.05176e-05 1.25721
0.0397108  8.07465e-05 1.26348
0.0401079  8.09762e-05 1.26978
0.040509  8.12066e-05 1.27611
0.040914  8.14377e-05 1.28248
0.0413232  8.16695e-05 1.28888
0.0417364  8.19021e-05 1.2953
0.0421538  8.21354e-05 1.30176
0.0425753  8.23694e-05 1.30826
0.0430011  8.26041e-05 1.31478
0.0434311  8.28395e-05 1.32134
0.0438654  8.30757e-05 1.32793
0.044304  8.33147e-05 1.33455
0.0447471  8.35577e-05 1.34121
0.0451946  8.38027e-05 1.3479
0.0456465  8.40535e-05 1.35462
0.046103  8.43052e-05 1.36138
0.046564  8.45577e-05 1.36817
0.0470296  8.4811e-05 1.37499
0.0474999  8.50651e-05 1.38185
0.0479749  8.53201e-05 1.38874
0.0484547  8.55759e-05 1.39567
0.0489392  8.58326e-05 1.40263
0.0494286  8.609e-05 1.40962
0.0499229  8.63483e-05 1.41665
0.0504221  8.66075e-05 1.42372
0.0509264  8.68674e-05 1.43082
0.0514356  8.71282e-05 1.43796
0.05195  8.73898e-05 1.44513
0.0524695  8.76523e-05 1.45234
0.0529942  8.79155e-05 1.45958
0.0535241  8.81796e-05 1.46686
0.0540594  8.84446e-05 1.47418
0.0546  8.87103e-05 1.48153
0.055146  8.89769e-05 1.48892
0.0556974  8.92443e-05 1.49634
0.0562544  8.95125e-05 1.50381
0.0568169  8.97815e-05 1.51131
0.0573851  9.00514e-05 1.51884
0.0579589  9.03221e-05 1.52642
0.0585385  9.05936e-05 1.53403
0.0591239  9.08961e-05 1.54168
0.0597152  9.12113e-05 1.54937
0.0603123  9.15298e-05 1.5571
0.0609154  9.18545e-05 1.56487
0.0615246  9.21806e-05 1.57267
0.0621398  9.25079e-05 1.58052
0.0627612  9.28366e-05 1.5884
0.0633888  9.31666e-05 1.59632
0.0640227  9.34979e-05 1.60428
0.064663  9.38305e-05 1.61228
0.0653096  9.41645e-05 1.62032
0.0659627  9.44998e-05 1.62841
0.0666223  9.48364e-05 1.63653
0.0672885  9.51744e-05 1.64469
0.0679614  9.55137e-05 1.65289
0.068641  9.58544e-05 1.66114
0.0693275  9.61964e-05 1.66942
0.0700207  9.65398e-05 1.67775
0.0707209  9.68846e-05 1.68612
0.0714281  9.72307e-05 1.69453
0.0721424  9.75781e-05 1.70298
0.0728638  9.7927e-05 1.71147
0.0735925  9.82776e-05 1.72001
0.0743284  9.86358e-05 1.72858
0.0750717  9.89955e-05 1.73721
0.0758224  9.93636e-05 1.74587
0.0765806  9.97341e-05 1.75458
0.0773464  0.000100106 1.76333
0.0781199  0.00010048 1.77212
0.0789011  0.000100855 1.78096
0.0796901  0.000101232 1.78985
0.080487  0.00010161 1.79877
0.0812919  0.00010199 1.80774
0.0821048  0.000102371 1.81676
0.0829259  0.000102754 1.82582
0.0837551  0.000103139 1.83493
0.0845927  0.000103525 1.84408
0.0854386  0.000103913 1.85328
0.086293  0.000104302 1.86252
0.0871559  0.000104693 1.87181
0.0880275  0.000105085 1.88115
0.0889077  0.000105479 1.89053
0.0897968  0.000105875 1.89996
0.0906948  0.000106272 1.90943
0.0916017  0.000106671 1.91896
0.0925178  0.000107071 1.92853
0.0934429  0.000107473 1.93814
0.0943774  0.000107877 1.94781
0.0953211  0.000108283 1.95753
0.0962743  0.00010869 1.96729
0.0972371  0.000109098 1.9771
0.0982095  0.000109508 1.98696
0.0991916  0.00010992 1.99687
0.100183  0.000110334 2.00683
0.101185  0.000110749 2.01684
0.102197  0.000111166 2.0269
0.103219  0.000111584 2.03701
0.104251  0.000112004 2.04717
0.105294  0.000112426 2.05738
0.106347  0.00011285 2.06764
0.10741  0.000113275 2.07795
0.108484  0.000113702 2.08832
0.109569  0.00011413 2.09873
0.110665  0.000114564 2.1092
0.111772  0.000115006 2.11972
0.112889  0.000115451 2.13029
0.114018  0.000115908 2.14091
0.115158  0.000116368 2.15159
0.11631  0.000116829 2.16232
0.117473  0.000117295 2.17311
0.118648  0.00011779 2.18395
0.119834  0.000118287 2.19484
0.121033  0.000118787 2.20579
0.122243  0.000119288 2.2168
0.123465  0.000119792 2.22786
0.1247  0.000120299 2.23897
0.125947  0.000120807 2.25014
0.127206  0.000121318 2.26136
0.128478  0.000121831 2.27264
0.129763  0.000122347 2.28398
0.131061  0.000122864 2.29537
0.132372  0.000123385 2.30681
0.133695  0.000123907 2.31831
0.135032  0.000124432 2.32987
0.136383  0.000124959 2.34148
0.137746  0.000125489 2.35315
0.139124  0.00012602 2.36488
0.140515  0.000126555 2.37667
0.14192  0.000127092 2.38852
0.143339  0.000127631 2.40042
0.144773  0.000128172 2.41239
0.146221  0.000128716 2.42442
0.147683  0.000129263 2.43651
0.14916  0.000129812 2.44867
0.150651  0.000130327 2.4609
0.152158  0.000130786 2.47318
0.153679  0.000131247 2.48554
0.155216  0.000131708 2.49796
0.156768  0.000132173 2.51046
0.158336  0.000132648 2.52302
0.159919  0.000133124 2.53565
0.161518  0.000133601 2.54836
0.163134  0.000134079 2.56114
0.164765  0.000134559 2.57399
0.166413  0.000135039 2.58692
0.168077  0.00013552 2.59992
0.169757  0.000136002 2.61301
0.171455  0.000136485 2.62617
0.17317  0.000136969 2.63941
0.174901  0.000137454 2.65273
0.17665  0.00013794 2.66612
0.178417  0.000138427 2.6796
0.180201  0.000138914 2.69316
0.182003  0.000139403 2.70679
0.183823  0.000139892 2.72051
0.185661  0.000140382 2.7343
0.187518  0.000140872 2.74818
0.189393  0.000141364 2.76214
0.191287  0.000141967 2.7739
0.1932  0.000142701 2.78307
0.195132  0.000143441 2.79223
0.197083  0.000144193 2.80138
0.199054  0.000144953 2.81052
0.201045  0.000145718 2.81965
0.203055  0.000146489 2.82877
0.205086  0.000147266 2.83788
0.207136  0.000148049 2.84697
0.209208  0.000148838 2.85605
0.2113  0.000149633 2.86512
0.213413  0.000150435 2.87417
0.215547  0.000151242 2.88321
0.217702  0.000152056 2.89223
0.219879  0.000152876 2.90124
0.222078  0.000153707 2.91022
0.224299  0.000154549 2.91919
0.226542  0.000155401 2.92814
0.228807  0.000156265 2.93707
0.231095  0.000157137 2.94597
0.233406  0.000158015 2.95486
0.235741  0.000158903 2.96372
0.238098  0.000159804 2.97255
0.240479  0.000160711 2.98136
0.242884  0.000161626 2.99015
0.245313  0.000162548 2.9989
0.247766  0.000163478 3.00763
0.250243  0.000164415 3.01633
0.252746  0.00016536 3.02501
0.255273  0.000166313 3.03365
0.257826  0.000167273 3.04225
0.260404  0.000168241 3.05083
0.263008  0.000169217 3.05937
0.265638  0.000170201 3.06788
0.268295  0.000171193 3.07635
0.270978  0.000172194 3.08479
0.273687  0.000173202 3.09318
0.276424  0.000174219 3.10154
0.279189  0.000175245 3.10986
0.28198  0.000176279 3.11814
0.2848  0.000177321 3.12638
0.287648  0.000178373 3.13458
0.290525  0.000179433 3.14273
0.29343  0.000180502 3.15083
0.296364  0.000181583 3.15889
0.299328  0.000182673 3.1669
0.302321  0.000183775 3.17487
0.305344  0.000184888 3.18279
0.308398  0.000186011 3.19065
0.311482  0.000187143 3.19846
0.314597  0.000188289 3.20623
0.317743  0.000189448 3.21393
0.32092  0.000190618 3.22159
0.324129  0.000191797 3.22918
0.32737  0.000192987 3.23672
0.330644  0.000194187 3.2442
0.333951  0.000195397 3.25163
0.33729  0.000196618 3.25899
0.340663  0.000197849 3.26629
0.34407  0.000199091 3.27353
0.34751  0.000200345 3.2807
0.350985  0.000201608 3.28781
0.354495  0.000202884 3.29486
0.35804  0.00020417 3.30183
0.361621  0.000205467 3.30874
0.365237  0.000206776 3.31558
0.368889  0.000208098 3.32234
0.372578  0.000209432 3.32904
0.376304  0.000210779 3.33566
0.380067  0.00021214 3.34221
0.383868  0.000213513 3.34868
0.387706  0.000214899 3.35507
0.391583  0.000216297 3.36139
0.395499  0.000217634 3.3689
0.399454  0.000218845 3.37851
0.403449  0.000220062 3.38811
0.407483  0.000221284 3.39771
0.411558  0.000222513 3.40731
0.415674  0.000223747 3.41692
0.41983  0.000224987 3.42652
0.424029  0.000226232 3.43613
0.428269  0.000227484 3.44573
0.432552  0.00022874 3.45534
0.436877  0.000230003 3.46495
0.441246  0.000231271 3.47456
0.445658  0.000232546 3.48417
0.450115  0.000233827 3.49379
0.454616  0.000235116 3.50341
0.459162  0.00023641 3.51303
0.463754  0.00023771 3.52266
0.468391  0.000239014 3.53229
0.473075  0.000240324 3.54193
0.477806  0.000241639 3.55157
0.482584  0.000242959 3.56121
0.48741  0.000244284 3.57086
0.492284  0.000245613 3.58052
0.497207  0.000246947 3.59018
0.502179  0.000248286 3.59985
0.507201  0.00024963 3.60953
0.512273  0.000250978 3.61921
0.517396  0.00025233 3.6289
0.52257  0.000253687 3.6386
0.527795  0.000255049 3.64829
0.533073  0.000256414 3.65801
0.538404  0.000257783 3.66773
0.543788  0.000259156 3.67746
0.549226  0.000260533 3.6872
0.554718  0.000261914 3.69695
0.560265  0.000263298 3.70671
0.565868  0.000264685 3.71649
0.571527  0.000266077 3.72628
0.577242  0.000267471 3.73609
0.583014  0.000268868 3.74591
0.588844  0.000270271 3.75575
0.594733  0.000271684 3.76561
0.60068  0.000273095 3.77549
0.606687  0.000274439 3.78538
0.612754  0.000275785 3.7953
0.618881  0.00027713 3.80524
0.62507  0.000278476 3.81521
0.631321  0.000279823 3.8252
0.637634  0.000281169 3.83522
0.644011  0.000282514 3.84526
0.650451  0.00028386 3.85533
0.656955  0.000285204 3.86544
0.663525  0.000286548 3.87557
0.67016  0.00028789 3.88574
0.676862  0.000289232 3.89595
0.68363  0.000290571 3.90619
0.690466  0.000291909 3.91646
0.697371  0.000293245 3.92678
0.704345  0.000294579 3.93713
0.711388  0.000295911 3.94752
0.718502  0.00029724 3.95796
0.725687  0.000298566 3.96843
0.732944  0.000299889 3.97895
0.740273  0.00030121 3.98951
0.747676  0.000302529 4.00011
0.755153  0.000303845 4.01076
0.762705  0.000305158 4.02146
0.770332  0.000306467 4.03221
0.778035  0.000307772 4.04301
0.785815  0.000309074 4.05386
0.793673  0.000310375 4.06476
0.80161  0.00031167 4.07572
0.809626  0.00031296 4.08673
0.817722  0.000314245 4.0978
0.8259  0.000315523 4.10893
0.834159  0.000316795 4.12013
0.8425  0.000318062 4.13138
0.850925  0.000319321 4.1427
0.859435  0.000320573 4.15409
0.868029  0.000321819 4.16554
0.876709  0.000323057 4.17706
0.885476  0.000324287 4.18866
0.894331  0.000325509 4.20032
0.903274  0.000326723 4.21207
0.912307  0.000327929 4.22388
0.92143  0.000329126 4.23578
0.930644  0.000330314 4.24776
0.939951  0.000331492 4.25982
0.94935  0.000332661 4.27196
0.958844  0.000333821 4.28419
0.968432  0.00033497 4.29651
0.978117  0.000336109 4.30892
0.987898  0.000337237 4.32142
0.997777  0.000338354 4.33402
1.00775  0.00033946 4.34671
1.01783  0.000340555 4.35951
1.02801  0.000341638 4.3724
1.03829  0.000342709 4.3854
1.04867  0.000343768 4.39851
1.05916  0.000344814 4.41172
1.06975  0.000345848 4.42505
1.08045  0.000346869 4.43849
1.09125  0.000347876 4.45204
1.10217  0.00034887 4.46572
1.11319  0.000349852 4.47952
1.12432  0.000350821 4.49344
1.13556  0.000351777 4.50749
1.14692  0.000352719 4.52166
1.15839  0.000353646 4.53597
1.16997  0.000354558 4.55042
1.18167  0.000355459 4.565
1.19349  0.000356346 4.57972
1.20542  0.000357217 4.59459
1.21748  0.000358072 4.60961
1.22965  0.000358911 4.62477
1.24195  0.000359734 4.64009
1.25437  0.00036054 4.65557
1.26691  0.00036133 4.6712
1.27958  0.000362103 4.687
1.29238  0.00036286 4.70297
1.3053  0.000363599 4.7191
1.31835  0.00036432 4.73541
1.33154  0.000365024 4.7519
1.34485  0.00036571 4.76857
1.3583  0.000366379 4.78542
1.37188  0.000367029 4.80246
1.3856  0.000367661 4.81969
1.39946  0.000368275 4.83712
1.41345  0.00036887 4.85475
1.42759  0.000369447 4.87258
1.44186  0.000370004 4.89062
1.45628  0.000370543 4.90886
1.47085  0.000371063 4.92733
1.48555  0.000371565 4.94601
1.50041  0.000372048 4.96492
1.51541  0.000372513 4.98406
1.53057  0.000372959 5.00343
1.54587  0.000373385 5.02304
1.56133  0.000373792 5.04289
1.57695  0.000374181 5.06299
1.59271  0.00037455 5.08333
1.60864  0.0003749 5.10394
1.62473  0.00037523 5.1248
1.64098  0.000375541 5.14593
1.65739  0.000375831 5.16733
1.67396  0.000376101 5.189
1.6907  0.000376352 5.21096
1.70761  0.000376582 5.2332
1.72468  0.000376793 5.25574
1.74193  0.000376983 5.27857
1.75935  0.000377153 5.3017
1.77694  0.000377304 5.32514
1.79471  0.000377434 5.3489
1.81266  0.000377545 5.37297
1.83078  0.000377636 5.39737
1.84909  0.000377707 5.42209
1.86758  0.000377758 5.44716
1.88626  0.000377789 5.47256
1.90512  0.000377801 5.49832
1.92417  0.000377793 5.52443
1.94341  0.000377765 5.5509
1.96285  0.000377719 5.57774
1.98248  0.000377655 5.60496
2.0023  0.000377571 5.63255
2.02232  0.000377468 5.66053
2.04255  0.000377346 5.68891
2.06297  0.000377206 5.71769
2.0836  0.000377046 5.74687
2.10444  0.000376868 5.77647
2.12548  0.000376671 5.8065
2.14674  0.000376456 5.83695
2.16821  0.000376223 5.86785
2.18989  0.000375972 5.89918
2.21179  0.000375704 5.93097
2.2339  0.000375418 5.96322
2.25624  0.000375115 5.99594
2.27881  0.000374797 6.02913
2.30159  0.000374461 6.06281
2.32461  0.000374108 6.09698
2.34786  0.000373738 6.13165
2.37134  0.000373354 6.16683
2.39505  0.000372953 6.20252
2.419  0.000372536 6.23875
2.44319  0.000372103 6.27551
2.46762  0.000371655 6.31281
2.4923  0.000371191 6.35067
2.51722  0.000370711 6.38908
2.54239  0.000370217 6.42807
2.56782  0.000369708 6.46764
2.59349  0.000369185 6.5078
2.61943  0.000368647 6.54856
2.64562  0.000368095 6.58993
2.67208  0.00036753 6.63192
2.6988  0.000366951 6.67454
2.72579  0.000366358 6.7178
2.75305  0.000365753 6.76171
2.78058  0.000365135 6.80628
2.80838  0.000364504 6.85153
2.83647  0.000363861 6.89745
2.86483  0.000363206 6.94407
2.89348  0.000362539 6.99139
2.92241  0.000361861 7.03943
2.95164  0.000361171 7.08819
2.98115  0.000360471 7.1377
3.01097  0.000359761 7.18795
3.04108  0.000359041 7.23897
3.07149  0.00035831 7.29076
3.1022  0.000357569 7.34334
3.13322  0.000356819 7.39671
3.16456  0.000356061 7.45089
3.1962  0.000355294 7.5059
3.22816  0.000354518 7.56175
3.26045  0.000353733 7.61844
3.29305  0.000352939 7.676
3.32598  0.000352138 7.73443
3.35924  0.000351329 7.79375
3.39283  0.000350512 7.85397
3.42676  0.000349687 7.91511
3.46103  0.000348855 7.97718
3.49564  0.000348017 8.0402
3.53059  0.000347172 8.10418
3.5659  0.00034632 8.16913
3.60156  0.000345462 8.23506
3.63758  0.000344599 8.302
3.67395  0.000343729 8.36996
3.71069  0.000342854 8.43895
3.7478  0.000341974 8.50899
3.78528  0.00034109 8.5801
3.82313  0.0003402 8.65229
3.86136  0.000339306 8.72558
3.89997  0.000338408 8.79998
3.93897  0.000337506 8.87551
3.97836  0.000336601 8.95218
4.01815  0.000335692 9.03002
4.05833  0.000334779 9.10904
4.09891  0.000333863 9.18926
4.1399  0.000332943 9.2707
4.1813  0.00033202 9.35337
4.22311  0.000331095 9.43729
4.26534  0.000330167 9.52249
4.308  0.000329236 9.60897
4.35108  0.000328303 9.69676
4.39459  0.000327368 9.78588
4.43853  0.00032643 9.87635
4.48292  0.000325492 9.96818
4.52775  0.000324551 10.0614
4.57303  0.000323609 10.156
4.61876  0.000322666 10.2521
4.66494  0.000321722 10.3496
4.71159  0.000320776 10.4485
4.75871  0.000319829 10.549
4.8063  0.000318882 10.651
4.85436  0.000317933 10.7545
4.9029  0.000316984 10.8595
4.95193  0.000316034 10.9662
5.00145  0.000315084 11.0744
5.05146  0.000314133 11.1843
5.10198  0.000313182 11.2958
5.153  0.000312231 11.4089
5.20453  0.000311279 11.5238
5.25657  0.000310328 11.6404
5.30914  0.000309377 11.7587
5.36223  0.000308425 11.8788
5.41585  0.000307475 12.0007
5.47001  0.000306524 12.1244
5.52471  0.000305574 12.25
5.57996  0.000304624 12.3774
5.63576  0.000303675 12.5068
5.69212  0.000302726 12.638
5.74904  0.000301778 12.7712
5.80653  0.00030083 12.9064
5.86459  0.000299883 13.0436
5.92324  0.000298938 13.1829
5.98247  0.000297995 13.3242
6.0423  0.000297052 13.4676
6.10272  0.00029611 13.6132
6.16375  0.00029517 13.7609
6.22538  0.00029423 13.9108
6.28764  0.000293291 14.0629
6.35051  0.000292354 14.2172
6.41402  0.000291417 14.3739
6.47816  0.000290481 14.5329
6.54294  0.000289547 14.6942
6.60837  0.000288613 14.8579
6.67445  0.00028768 15.024
6.7412  0.000286749 15.1926
6.80861  0.000285819 15.3637
6.8767  0.000284889 15.5373
6.94546  0.000283961 15.7135
7.01492  0.000283034 15.8923
7.08507  0.000282108 16.0737
7.15592  0.000281183 16.2578
7.22748  0.00028026 16.4446
7.29975  0.000279337 16.6342
7.37275  0.000278415 16.8265
7.44648  0.000277495 17.0217
7.52094  0.000276576 17.2198
7.59615  0.000275659 17.4208
7.67211  0.000274742 17.6248
7.74883  0.000273826 17.8317
7.82632  0.000272912 18.0418
7.90459  0.000271999 18.2549
7.98363  0.000271088 18.4712
8.06347  0.000270177 18.6906
8.1441  0.000269267 18.9133
8.22554  0.000268358 19.1393
8.3078  0.000267451 19.3686
8.39088  0.000266544 19.6013
8.47479  0.000265638 19.8375
8.55953  0.000264732 20.0771
8.64513  0.000263828 20.3202
8.73158  0.000262924 20.567
8.8189  0.000262022 20.8174
8.90709  0.000261119 21.0715
8.99616  0.000260218 21.3293
9.08612  0.000259318 21.591
9.17698  0.000258418 21.8565
9.26875  0.000257519 22.126
9.36144  0.00025662 22.3994
9.45505  0.000255722 22.6769
9.5496  0.000254825 22.9585
9.6451  0.000253928 23.2443
9.74155  0.000253032 23.5343
9.83896  0.000252136 23.8286
9.93735  0.000251241 24.1273
10.0367  0.000250346 24.4304
10.1371  0.000249452 24.7381
10.2385  0.000248558 25.0503
10.3409  0.000247664 25.3671
10.4443  0.000246771 25.6887
10.5487  0.000245879 26.0151
10.6542  0.000244986 26.3463
10.7607  0.000244094 26.6824
10.8683  0.000243202 27.0236
10.977  0.000242311 27.3699
11.0868  0.00024142 27.7213
11.1977  0.000240529 28.0781
11.3096  0.000239639 28.4401
11.4227  0.000238749 28.8076
11.537  0.000237859 29.1806
11.6523  0.000236969 29.5592
11.7689  0.00023608 29.9435
11.8865  0.000235192 30.3335
12.0054  0.000234303 30.7295
12.1255  0.000233415 31.1314
12.2467  0.000232526 31.5393
12.3692  0.000231638 31.9535
12.4929  0.00023075 32.3738
12.6178  0.000229861 32.8006
12.744  0.000228973 33.2338
12.8714  0.000228085 33.6735
13.0001  0.000227197 34.12
13.1301  0.000226309 34.5732
13.2614  0.00022542 35.0333
13.3941  0.000224532 35.5004
13.528  0.000223644 35.9747
13.6633  0.000222756 36.4561
13.7999  0.000221867 36.945
13.9379  0.000220979 37.4413
14.0773  0.00022009 37.9452
14.2181  0.000219202 38.4568
14.3602  0.000218313 38.9762
14.5038  0.000217424 39.5037
14.6489  0.000216535 40.0393
14.7954  0.000215647 40.5831
14.9433  0.000214758 41.1353
15.0928  0.000213869 41.696
15.2437  0.00021298 42.2654
15.3961  0.000212092 42.8436
15.5501  0.000211203 43.4308
15.7056  0.000210314 44.0271
15.8626  0.000209425 44.6326
16.0213  0.000208536 45.2476
16.1815  0.000207648 45.8721
16.3433  0.000206759 46.5064
16.5067  0.00020587 47.1506
16.6718  0.000204981 47.8048
16.8385  0.000204092 48.4693
17.0069  0.000203203 49.1442
17.177  0.000202314 49.8297
17.3487  0.000201425 50.526
17.5222  0.000200536 51.2332
17.6974  0.000199646 51.9516
17.8744  0.000198757 52.6813
18.0532  0.000197868 53.4226
18.2337  0.000196979 54.1756
18.416  0.00019609 54.9406
18.6002  0.000195201 55.7177
18.7862  0.000194312 56.5072
18.9741  0.000193424 57.3093
19.1638  0.000192535 58.1241
19.3554  0.000191646 58.952
19.549  0.000190758 59.793
19.7445  0.00018987 60.6476
19.9419  0.000188982 61.5158
20.1413  0.000188094 62.3979
20.3427  0.000187207 63.2942
20.5462  0.00018632 64.2048
20.7516  0.000185433 65.1301
20.9592  0.000184546 66.0703
21.1687  0.00018366 67.0256
21.3804  0.000182774 67.9963
21.5942  0.000181888 68.9827
21.8102  0.000181003 69.9851
22.0283  0.000180118 71.0038
22.2486  0.000179233 72.0391
22.4711  0.00017835 73.0913
22.6958  0.000177466 74.1608
22.9227  0.000176584 75.2478
23.1519  0.000175701 76.3528
23.3835  0.00017482 77.476
23.6173  0.000173939 78.6178
23.8535  0.000173058 79.7786
24.092  0.000172179 80.9586
24.3329  0.0001713 82.1581
24.5763  0.000170421 83.3774
24.822  0.000169544 84.6167
25.0702  0.000168667 85.8763
25.3209  0.000167791 87.1566
25.5742  0.000166916 88.4577
25.8299  0.000166041 89.78
26.0882  0.000165168 91.1238
26.3491  0.000164295 92.4893
26.6126  0.000163423 93.8769
26.8787  0.000162552 95.2869
27.1475  0.000161683 96.7201
27.419  0.000160814 98.177
27.6931  0.000159946 99.6582
27.9701  0.00015908 101.164
28.2498  0.000158214 102.696
28.5323  0.00015735 104.255
28.8176  0.000156486 105.84
29.1058  0.000155624 107.454
29.3968  0.000154764 109.096
29.6908  0.000153904 110.767
29.9877  0.000143671 112.469
30.2876  0.000142874 114.202
30.5905  0.000142081 115.966
30.8964  0.00014129 117.763
31.2053  0.0001405 119.592
31.5174  0.000139712 121.455
31.8326  0.000138924 123.353
32.1509  0.000138139 125.285
32.4724  0.000137355 127.254
32.7971  0.000136572 129.259
33.1251  0.000135791 131.302
33.4563  0.000135011 133.383
33.7909  0.000134233 135.503
34.1288  0.000133457 137.662
34.4701  0.000132682 139.861
34.8148  0.000131909 142.099
35.1629  0.000131137 144.378
35.5146  0.000130368 146.697
35.8697  0.0001296 149.057
36.2284  0.000128834 151.458
36.5907  0.00012807 153.901
36.9566  0.000127307 156.384
37.3262  0.000126546 158.91
37.6994  0.000125787 161.478
38.0764  0.00012503 164.088
38.4572  0.000124275 166.742
38.8418  0.000123522 169.441
39.2302  0.000122771 172.186
39.6225  0.000122023 174.978
40.0187  0.000121276 177.818
40.4189  0.000120532 180.707
40.8231  0.00011979 183.646
41.2313  0.00011905 186.638
41.6436  0.000118313 189.682
42.0601  0.000117578 192.78
42.4807  0.000116845 195.934
42.9055  0.000116114 199.144
43.3345  0.000115386 202.411
43.7679  0.00011466 205.737
44.2056  0.000113936 209.121
44.6476  0.000113215 212.566
45.0941  0.000112497 216.072
45.545  0.00011178 219.64
46.0005  0.000111066 223.27
46.4605  0.000110354 226.965
46.9251  0.000109644 230.725
47.3943  0.000108937 234.551
47.8683  0.000108233 238.444
48.347  0.000107532 242.406
48.8304  0.000106833 246.437
49.3187  0.000106136 250.54
49.8119  0.000105443 254.715
50.31  0.000104752 258.965
50.8131  0.000104064 263.289
51.3213  0.000103379 267.691
51.8345  0.000102696 272.171
52.3528  0.000102016 276.73
52.8764  0.000101339 281.371
53.4051  0.000100665 286.095
53.9392  9.9993e-05 290.904
54.4786  9.93244e-05 295.798
55.0234  9.86585e-05 300.78
55.5736  9.79955e-05 305.852
56.1293  9.73354e-05 311.013
56.6906  9.66782e-05 316.268
57.2575  9.60238e-05 321.616
57.8301  9.53723e-05 327.06
58.4084  9.47238e-05 332.602
58.9925  9.40782e-05 338.243
59.5824  9.34357e-05 343.985
60.1782  9.27962e-05 349.829
60.78  9.21597e-05 355.779
61.3878  9.15256e-05 361.835
62.0017  9.08944e-05 368
62.6217  9.02662e-05 374.276
63.2479  8.9641e-05 380.665
63.8804  8.90188e-05 387.168
64.5192  8.83996e-05 393.789
65.1644  8.77834e-05 400.529
65.816  8.71702e-05 407.39
66.4742  8.65601e-05 414.375
67.1389  8.5953e-05 421.486
67.8103  8.53489e-05 428.726
68.4884  8.47478e-05 436.096
69.1733  8.41498e-05 443.599
69.8651  8.35548e-05 451.237
70.5637  8.29629e-05 459.014
71.2693  8.23741e-05 466.931
71.982  8.17883e-05 474.992
72.7019  8.12055e-05 483.198
73.4289  8.06258e-05 491.553
74.1632  8.00493e-05 500.059
74.9048  7.94758e-05 508.719
75.6538  7.89054e-05 517.536
76.4104  7.83381e-05 526.513
77.1745  7.77738e-05 535.652
77.9462  7.72127e-05 544.957
78.7257  7.66546e-05 554.431
79.513  7.60997e-05 564.077
80.3081  7.55479e-05 573.898
81.1112  7.49991e-05 583.897
81.9223  7.44539e-05 594.078
82.7415  7.39117e-05 604.444
83.5689  7.33725e-05 614.998
84.4046  7.28364e-05 625.745
85.2486  7.23034e-05 636.686
86.1011  7.17731e-05 647.827
86.9621  7.12458e-05 659.171
87.8318  7.07215e-05 670.721
88.7101  7.02003e-05 682.482
89.5972  6.96821e-05 694.457
90.4932  6.91669e-05 706.65
91.3981  6.86548e-05 719.066
92.3121  6.81457e-05 731.707
93.2352  6.76395e-05 744.58
94.1675  6.71364e-05 757.687
95.1092  6.66363e-05 771.034
96.0603  6.61392e-05 784.624
97.0209  6.56451e-05 798.462
97.9911  6.5154e-05 812.554
98.971  6.46659e-05 826.902
99.9607  6.41808e-05 841.513
100.96  6.36986e-05 856.391
101.97  6.32194e-05 871.541
102.99  6.27432e-05 886.968
104.02  6.22699e-05 902.677
105.06  6.17995e-05 918.674
106.11  6.13321e-05 934.963
107.171  6.08677e-05 951.551
108.243  6.04061e-05 968.442
109.326  5.99475e-05 985.643
110.419  5.94918e-05 1003.16
111.523  5.90391e-05 1021
112.638  5.85892e-05 1039.16
113.765  5.81423e-05 1057.66
114.902  5.76983e-05 1076.49
116.051  5.72571e-05 1095.67
117.212  5.68188e-05 1115.2
118.384  5.63834e-05 1135.1
119.568  5.59509e-05 1155.35
120.763  5.55212e-05 1175.98
121.971  5.50944e-05 1196.99
123.191  5.46707e-05 1218.38
124.423  5.42498e-05 1240.16
125.667  5.38316e-05 1262.35
126.924  5.34162e-05 1284.94
128.193  5.30036e-05 1307.95
129.475  5.25937e-05 1331.38
130.77  5.21866e-05 1355.24
132.077  5.17822e-05 1379.54
133.398  5.13805e-05 1404.29
134.732  5.09815e-05 1429.49
136.079  5.05852e-05 1455.15
137.44  5.01916e-05 1481.29
138.814  4.98007e-05 1507.91
140.203  4.94124e-05 1535.02
141.605  4.90268e-05 1562.62
143.021  4.86438e-05 1590.74
144.451  4.82635e-05 1619.37
145.895  4.78858e-05 1648.53
147.354  4.75107e-05 1678.23
148.828  4.71383e-05 1708.47
150.316  4.67684e-05 1739.27
151.819  4.64011e-05 1770.64
153.338  4.60363e-05 1802.58
154.871  4.5674e-05 1835.12
156.42  4.53143e-05 1868.25
157.984  4.49572e-05 1901.99
159.564  4.46027e-05 1936.36
161.159  4.42506e-05 1971.36
162.771  4.39011e-05 2007
164.399  4.3554e-05 2043.3
166.043  4.32095e-05 2080.27
167.703  4.28674e-05 2117.93
169.38  4.25278e-05 2156.27
171.074  4.21906e-05 2195.33
172.785  4.18559e-05 2235.1
174.512  4.15235e-05 2275.61
176.258  4.11936e-05 2316.86
178.02  4.08661e-05 2358.88
179.8  4.0541e-05 2401.67
181.598  4.02183e-05 2445.25
183.414  3.98979e-05 2489.64
185.248  3.95799e-05 2534.84
187.101  3.92643e-05 2580.88
188.972  3.8951e-05 2627.76
190.862  3.86399e-05 2675.52
192.77  3.83312e-05 2724.15
194.698  3.80248e-05 2773.68
196.645  3.77207e-05 2824.13
198.611  3.74188e-05 2875.5
200.598  3.71192e-05 2927.83
202.604  3.68218e-05 2981.12
204.63  3.65267e-05 3035.39
206.676  3.62338e-05 3090.67
208.743  3.59431e-05 3146.97
210.83  3.56545e-05 3204.3
212.938  3.53682e-05 3262.7
215.068  3.5084e-05 3322.17
217.218  3.48019e-05 3382.74
219.391  3.4522e-05 3444.43
221.584  3.42443e-05 3507.25
223.8  3.39686e-05 3571.24
226.038  3.36951e-05 3636.41
228.299  3.34237e-05 3702.78
230.582  3.31544e-05 3770.38
232.888  3.28871e-05 3839.23
235.216  3.26219e-05 3909.34
237.569  3.23587e-05 3980.75
239.944  3.20976e-05 4053.48
242.344  3.18385e-05 4127.55
244.767  3.15814e-05 4202.99
247.215  3.13263e-05 4279.82
249.687  3.10731e-05 4358.07
252.184  3.0822e-05 4437.77
254.706  3.05728e-05 4518.93
257.253  3.03255e-05 4601.6
259.825  3.00802e-05 4685.79
262.423  2.98369e-05 4771.53
265.048  2.95954e-05 4858.86
267.698  2.93558e-05 4947.79
270.375  2.9118e-05 5038.37
273.079  2.88822e-05 5130.62
275.81  2.86482e-05 5224.57
278.568  2.8416e-05 5320.26
281.354  2.81857e-05 5417.71
284.167  2.79572e-05 5516.96
287.009  2.77305e-05 5618.04
289.879  2.75056e-05 5720.99
292.778  2.72825e-05 5825.84
295.705  2.70612e-05 5932.62
298.662  2.68416e-05 6041.36
301.649  2.66237e-05 6152.12
304.666  2.64076e-05 6264.92
307.712  2.61932e-05 6379.79
310.789  2.59806e-05 6496.79
313.897  2.57696e-05 6615.94
317.036  2.55603e-05 6737.29
320.207  2.53527e-05 6860.88
323.409  2.51468e-05 6986.74
326.643  2.49426e-05 7114.93
329.909  2.47399e-05 7245.48
333.208  2.45389e-05 7378.43
336.54  2.43395e-05 7513.84
339.906  2.41417e-05 7651.74
343.305  2.39456e-05 7792.18
346.738  2.3751e-05 7935.21
350.205  2.35579e-05 8080.87
353.707  2.33664e-05 8229.21
357.244  2.31765e-05 8380.29
360.817  2.2988e-05 8534.15
364.425  2.2801e-05 8690.85
368.069  2.26156e-05 8850.43
371.75  2.24317e-05 9012.94
375.467  2.22493e-05 9178.45
379.222  2.20684e-05 9347.01
383.014  2.18889e-05 9518.66
386.844  2.1711e-05 9693.48
390.713  2.15344e-05 9871.51
394.62  2.13594e-05 10052.8
398.566  2.11858e-05 10237.5
402.552  2.10136e-05 10425.5
406.577  2.08429e-05 10617
410.643  2.06735e-05 10812
414.75  2.05055e-05 11010.6
418.897  2.0339e-05 11212.9
423.086  2.01738e-05 11418.9
427.317  2.00099e-05 11628.6
431.59  1.98474e-05 11842.2
435.906  1.96863e-05 12059.8
440.265  1.95265e-05 12281.3
444.668  1.9368e-05 12506.9
449.114  1.92108e-05 12736.7
453.605  1.9055e-05 12970.6
458.142  1.89004e-05 13208.9
462.723  1.87471e-05 13451.5
467.35  1.85951e-05 13698.6
472.024  1.84444e-05 13950.2
476.744  1.82949e-05 14206.5
481.511  1.81467e-05 14467.4
486.326  1.79996e-05 14733.2
491.19  1.78539e-05 15003.8
496.102  1.77093e-05 15279.3
501.063  1.75659e-05 15559.9
506.073  1.74237e-05 15845.7
511.134  1.72828e-05 16136.7
516.245  1.7143e-05 16433
521.408  1.70043e-05 16734.8
526.622  1.68669e-05 17042.1
531.888  1.67305e-05 17355
537.207  1.65883e-05 17673.6
542.579  1.64543e-05 17998.1
548.005  1.63214e-05 18328.5
553.485  1.61896e-05 18665
559.02  1.6059e-05 19007.6
564.61  1.59294e-05 19356.5
570.256  1.5801e-05 19711.8
575.959  1.56735e-05 20073.5
581.718  1.55472e-05 20441.9
587.535  1.54219e-05 20817
593.411  1.52977e-05 21199
599.345  1.51745e-05 21587.9
605.338  1.50524e-05 21984
611.392  1.49312e-05 22387.2
617.506  1.48111e-05 22797.9
623.681  1.4692e-05 23216
629.917  1.4574e-05 23641.8
636.217  1.44569e-05 24075.3
642.579  1.43408e-05 24516.8
649.005  1.42256e-05 24966.3
655.495  1.41115e-05 25424
662.05  1.39983e-05 25890
668.67  1.38861e-05 26364.5
675.357  1.37748e-05 26847.7
682.11  1.36645e-05 27339.6
688.931  1.35551e-05 27840.6
695.821  1.34467e-05 28350.6
702.779  1.33392e-05 28869.9
709.807  1.32326e-05 29398.7
716.905  1.31269e-05 29937.1
724.074  1.30221e-05 30485.3
731.315  1.29182e-05 31043.5
738.628  1.28152e-05 31611.8
746.014  1.27131e-05 32190.4
753.474  1.26118e-05 32779.5
761.009  1.25114e-05 33379.3
768.619  1.24119e-05 33990.1
776.305  1.23132e-05 34611.9
784.068  1.22154e-05 35244.9
791.909  1.21184e-05 35889.5
799.828  1.20223e-05 36545.8
807.826  1.1927e-05 37213.9
815.905  1.18325e-05 37894.2
824.064  1.17388e-05 38586.7
832.304  1.16459e-05 39291.8
840.627  1.15538e-05 40009.7
849.034  1.14625e-05 40740.6
857.524  1.1372e-05 41484.7
866.099  1.12823e-05 42242.2
874.76  1.11933e-05 43013.5
883.508  1.11051e-05 43798.7
892.343  1.10177e-05 44598
901.266  1.0931e-05 45411.8
910.279  1.08451e-05 46240.3
919.382  1.07599e-05 47083.8
928.575  1.06754e-05 47942.4
937.861  1.05917e-05 48816.6
947.24  1.05087e-05 49706.5
956.712  1.04264e-05 50612.4
966.279  1.03448e-05 51534.7
975.942  1.02639e-05 52473.6
985.702  1.01838e-05 53429.3
995.559  1.01043e-05 54402.3
