           2           1           1
    0.0+     1 1  0.6470       0.000      0.7276E-02  0.6397    
    0.0+     3 2  0.6557       0.000       0.000      0.6557    
    0.0-     2 1  0.6516       0.000      0.3995E-02  0.6476    
    1.0+     1 1   1.943       0.000      0.4483E-02   1.938    
    1.0+     1 2   1.941       0.000      0.1227E-01   1.929    
    1.0+     3 3   1.967       0.000      0.9315E-03   1.966    
    1.0+     3 4   1.965       0.000      0.9417E-02   1.956    
    1.0-     0 1   1.940       0.000      0.1182E-01   1.928    
    1.0-     2 2   1.958       0.000      0.9886E-03   1.957    
    1.0-     2 3   1.955       0.000      0.5992E-02   1.949    
    1.0-     2 4   1.950       0.000      0.2140E-01   1.929    
    1.0-     4 5   1.992       0.000       0.000       1.992    
    2.0+     1 1   3.239       0.000      0.8590E-02   3.230    
    2.0+     1 2   3.238       0.000      0.1433E-01   3.223    
    2.0+     1 3   3.235       0.000      0.8083E-02   3.227    
    2.0+     3 4   3.278       0.000      0.2291E-02   3.276    
    2.0+     3 5   3.275       0.000      0.6538E-02   3.269    
    2.0+     3 6   3.272       0.000      0.3235E-01   3.239    
    2.0+     5 7   3.348       0.000       0.000       3.348    
    2.0-     0 1   3.233       0.000      0.1041E-01   3.223    
    2.0-     2 2   3.263       0.000      0.2310E-02   3.260    
    2.0-     2 3   3.258       0.000      0.3971E-02   3.254    
    2.0-     2 4   3.251       0.000      0.1546E-01   3.235    
    2.0-     4 5   3.319       0.000      0.1711E-02   3.318    
    2.0-     4 6   3.307       0.000      0.1147E-01   3.295    
    3.0+     1 1   4.533       0.000      0.8022E-02   4.525    
    3.0+     1 2   4.529       0.000      0.1940E-01   4.510    
    3.0+     3 3   4.590       0.000      0.4694E-02   4.585    
    3.0+     3 4   4.586       0.000      0.6621E-02   4.579    
    3.0+     3 5   4.580       0.000      0.1732E-01   4.563    
    3.0+     5 6   4.687       0.000      0.2176E-02   4.685    
    3.0+     5 7   4.691       0.000      0.1134E-01   4.679    
    3.0-     0 1   4.527       0.000       0.000       4.527    
    3.0-     2 2   4.568       0.000      0.2318E-01   4.545    
    3.0-     2 3   4.561       0.000      0.1779E-01   4.543    
    3.0-     2 4   4.551       0.000      0.1104E-01   4.540    
    3.0-     4 5   4.647       0.000      0.2662E-02   4.644    
    3.0-     4 6   4.630       0.000      0.6425E-02   4.623    
    3.0-     4 7   4.609       0.000      0.3621E-01   4.573    
    3.0-     6 8   4.733       0.000       0.000       4.733    
    4.0+     1 1   5.823       0.000       0.000       5.823    
    4.0+     3 2   5.901       0.000      0.3795E-01   5.863    
    4.0+     3 3   5.896       0.000      0.2241E-01   5.873    
    4.0+     3 4   5.889       0.000      0.1512E-01   5.874    
    4.0+     5 5   6.026       0.000      0.2730E-02   6.023    
    4.0+     5 6   6.031       0.000      0.5831E-02   6.025    
    4.0+     5 7   6.029       0.000      0.3227E-01   5.997    
    4.0+     7 8   6.111       0.000       0.000       6.111    
    4.0-     2 1   5.864       0.000      0.1690E-01   5.847    
    4.0-     2 2   5.851       0.000      0.2692E-01   5.824    
    4.0-     4 3   5.975       0.000      0.6614E-02   5.968    
    4.0-     4 4   5.952       0.000      0.8433E-02   5.944    
    4.0-     4 5   5.926       0.000      0.1646E-01   5.910    
    4.0-     6 6   6.086       0.000      0.1665E-02   6.084    
    4.0-     6 7   6.039       0.000      0.8587E-02   6.031    
    5.0+     3 1   7.206       0.000      0.2735E-01   7.179    
    5.0+     3 2   7.197       0.000      0.3524E-01   7.162    
    5.0+     5 3   7.365       0.000      0.9007E-02   7.356    
    5.0+     5 4   7.371       0.000      0.9498E-02   7.362    
    5.0+     5 5   7.369       0.000      0.1324E-01   7.356    
    5.0+     7 6   7.469       0.000      0.9707E-03   7.468    
    5.0+     7 7   7.550       0.000      0.2599E-02   7.547    
    5.0-     2 1   7.151       0.000       0.000       7.151    
    5.0-     4 2   7.302       0.000      0.4641E-01   7.256    
    5.0-     4 3   7.275       0.000      0.2483E-01   7.250    
    5.0-     4 4   7.243       0.000      0.1825E-01   7.225    
    5.0-     6 5   7.438       0.000      0.1840E-02   7.436    
    5.0-     6 6   7.381       0.000      0.4248E-02   7.377    
    5.0-     6 7   7.337       0.000      0.2567E-01   7.311    
    5.0-     8 8   5.933       0.000       0.000       5.933    
    6.0+     3 1   8.506       0.000       0.000       8.506    
    6.0+     5 2   8.704       0.000      0.5737E-01   8.647    
    6.0+     5 3   8.711       0.000      0.2630E-01   8.685    
    6.0+     5 4   8.709       0.000      0.1861E-01   8.691    
    6.0+     7 5   8.827       0.000      0.9855E-03   8.826    
    6.0+     7 6   8.923       0.000      0.1261E-02   8.921    
    6.0+     7 7   8.949       0.000      0.4630E-02   8.945    
    6.0+     9 8   4.237       0.000       0.000       4.237    
    6.0-     4 1   8.598       0.000      0.3453E-01   8.563    
    6.0-     4 2   8.560       0.000      0.4020E-01   8.520    
    6.0-     6 3   8.790       0.000      0.6560E-02   8.784    
    6.0-     6 4   8.724       0.000      0.7562E-02   8.716    
    6.0-     6 5   8.671       0.000      0.9802E-02   8.661    
    6.0-     8 6   7.012       0.000      0.5806E-02   7.007    
    6.0-     8 7   7.376       0.000      0.1648E-01   7.360    
    7.0+     5 1   10.05       0.000      0.3959E-01   10.01    
    7.0+     5 2   10.05       0.000      0.3909E-01   10.01    
    7.0+     7 3   10.19       0.000      0.7863E-02   10.18    
    7.0+     7 4   10.30       0.000      0.3539E-02   10.29    
    7.0+     7 5   10.33       0.000      0.1669E-02   10.32    
    7.0+     9 6   4.889       0.000      0.8764E-02   4.880    
    7.0+     9 7   5.186       0.000      0.2612E-01   5.159    
    7.0-     4 1   9.877       0.000       0.000       9.877    
    7.0-     6 2   10.14       0.000      0.3886E-01   10.10    
    7.0-     6 3   10.07       0.000      0.2016E-01   10.05    
    7.0-     6 4   10.00       0.000      0.1673E-01   9.988    
    7.0-     8 5   8.091       0.000      0.5550E-02   8.086    
    7.0-     8 6   8.511       0.000      0.7922E-02   8.503    
    7.0-     8 7   8.989       0.000      0.3174E-01   8.957    
    7.0-    10 8   2.511       0.000       0.000       2.511    
    8.0+     5 1   11.39       0.000       0.000       11.39    
    8.0+     7 2   11.54       0.000      0.4438E-01   11.50    
    8.0+     7 3   11.67       0.000      0.9660E-02   11.66    
    8.0+     7 4   11.70       0.000      0.3061E-02   11.70    
    8.0+     9 5   5.541       0.000      0.8007E-02   5.533    
    8.0+     9 6   5.877       0.000      0.1250E-01   5.865    
    8.0+     9 7   6.298       0.000      0.5798E-01   6.240    
    8.0+    11 8   1.361       0.000       0.000       1.361    
    8.0-     6 1   11.41       0.000      0.3199E-01   11.38    
    8.0-     6 2   11.34       0.000      0.3383E-01   11.31    
    8.0-     8 3   9.170       0.000      0.4140E-01   9.129    
    8.0-     8 4   9.646       0.000      0.2455E-01   9.621    
    8.0-     8 5   10.19       0.000      0.1122E-01   10.18    
    8.0-    10 6   2.845       0.000      0.1016E-01   2.835    
    8.0-    10 7   2.982       0.000      0.2957E-01   2.953    
    9.0+     7 1   13.04       0.000      0.1591E-01   13.03    
    9.0+     7 2   13.08       0.000      0.6002E-02   13.07    
    9.0+     9 3   6.193       0.000      0.4260E-01   6.150    
    9.0+     9 4   6.568       0.000      0.2676E-01   6.542    
    9.0+     9 5   7.038       0.000      0.1937E-01   7.019    
    9.0+    11 6   1.521       0.000      0.7271E-02   1.513    
    9.0+    11 7   1.571       0.000      0.2020E-01   1.551    
    9.0-     6 1   12.67       0.000       0.000       12.67    
    9.0-     8 2   10.25       0.000      0.2240       10.02    
    9.0-     8 3   10.78       0.000      0.6655E-01   10.71    
    9.0-     8 4   11.39       0.000      0.3718E-01   11.35    
    9.0-    10 5   3.180       0.000      0.8965E-02   3.171    
    9.0-    10 6   3.333       0.000      0.1412E-01   3.319    
    9.0-    10 7   3.521       0.000      0.6659E-01   3.454    
    9.0-    12 8  0.7071       0.000       0.000      0.7071    
   10.0+     7 1   14.46       0.000       0.000       14.46    
   10.0+     9 2   6.845       0.000      0.2229       6.622    
   10.0+     9 3   7.260       0.000      0.6877E-01   7.191    
   10.0+     9 4   7.779       0.000      0.4296E-01   7.736    
   10.0+    11 5   1.681       0.000      0.6237E-02   1.674    
   10.0+    11 6   1.737       0.000      0.9641E-02   1.727    
   10.0+    11 7   1.803       0.000      0.4445E-01   1.758    
   10.0+    13 8  0.3594       0.000       0.000      0.3594    
   10.0-     8 1   11.92       0.000      0.1127       11.80    
   10.0-     8 2   12.58       0.000      0.7108E-01   12.51    
   10.0-    10 3   3.515       0.000      0.2524E-01   3.490    
   10.0-    10 4   3.684       0.000      0.1724E-01   3.667    
   10.0-    10 5   3.891       0.000      0.2132E-01   3.870    
   10.0-    12 6  0.7815       0.000      0.3857E-02  0.7776    
   10.0-    12 7  0.7986       0.000      0.1030E-01  0.7883    
   11.0+     9 1   7.951       0.000      0.1189       7.832    
   11.0+     9 2   8.520       0.000      0.8042E-01   8.440    
   11.0+    11 3   1.841       0.000      0.1206E-01   1.829    
   11.0+    11 4   1.902       0.000      0.8837E-02   1.893    
   11.0+    11 5   1.974       0.000      0.1387E-01   1.960    
   11.0+    13 6  0.3937       0.000      0.1772E-02  0.3919    
   11.0+    13 7  0.3992       0.000      0.4589E-02  0.3946    
   11.0-     8 1   13.78       0.000       0.000       13.78    
   11.0-    10 2   3.850       0.000      0.1283       3.721    
   11.0-    10 3   4.035       0.000      0.3904E-01   3.996    
   11.0-    10 4   4.262       0.000      0.2492E-01   4.237    
   11.0-    12 5  0.8559       0.000      0.3233E-02  0.8527    
   11.0-    12 6  0.8746       0.000      0.4918E-02  0.8697    
   11.0-    12 7  0.8960       0.000      0.2220E-01  0.8738    
   11.0-    14 8  0.1802       0.000       0.000      0.1802    
   12.0+     9 1   9.261       0.000       0.000       9.261    
   12.0+    11 2   2.001       0.000      0.5992E-01   1.941    
   12.0+    11 3   2.067       0.000      0.1784E-01   2.050    
   12.0+    11 4   2.146       0.000      0.1141E-01   2.135    
   12.0+    13 5  0.4279       0.000      0.1457E-02  0.4264    
   12.0+    13 6  0.4339       0.000      0.2192E-02  0.4317    
   12.0+    13 7  0.4406       0.000      0.9747E-02  0.4309    
   12.0+    15 8  0.8942E-01   0.000       0.000      0.8942E-01
   12.0-    10 1   4.386       0.000      0.6865E-01   4.317    
   12.0-    10 2   4.633       0.000      0.4583E-01   4.587    
   12.0-    12 3  0.9303       0.000      0.5302E-02  0.9250    
   12.0-    12 4  0.9507       0.000      0.4007E-02  0.9467    
   12.0-    12 5  0.9739       0.000      0.6798E-02  0.9671    
   12.0-    14 6  0.1959       0.000      0.7619E-03  0.1951    
   12.0-    14 7  0.1976       0.000      0.1926E-02  0.1957    
   13.0+    11 1   2.233       0.000      0.3179E-01   2.201    
   13.0+    11 2   2.318       0.000      0.2066E-01   2.297    
   13.0+    13 3  0.4621       0.000      0.2253E-02  0.4599    
   13.0+    13 4  0.4686       0.000      0.1709E-02  0.4669    
   13.0+    13 5  0.4759       0.000      0.2939E-02  0.4729    
   13.0+    15 6  0.9658E-01   0.000      0.3177E-03  0.9626E-01
   13.0+    15 7  0.9712E-01   0.000      0.7876E-03  0.9633E-01
   13.0-    10 1   5.003       0.000       0.000       5.003    
   13.0-    12 2   1.005       0.000      0.2586E-01  0.9789    
   13.0-    12 3   1.027       0.000      0.7547E-02   1.019    
   13.0-    12 4   1.052       0.000      0.4824E-02   1.047    
   13.0-    14 5  0.2115       0.000      0.6164E-03  0.2109    
   13.0-    14 6  0.2134       0.000      0.9210E-03  0.2125    
   13.0-    14 7  0.2155       0.000      0.4049E-02  0.2114    
   13.0-    16 8  0.4402E-01   0.000       0.000      0.4402E-01
   14.0+    11 1   2.489       0.000       0.000       2.489    
   14.0+    13 2  0.4964       0.000      0.1082E-01  0.4855    
   14.0+    13 3  0.5033       0.000      0.3108E-02  0.5002    
   14.0+    13 4  0.5111       0.000      0.1987E-02  0.5091    
   14.0+    15 5  0.1037       0.000      0.2535E-03  0.1035    
   14.0+    15 6  0.1043       0.000      0.3771E-03  0.1039    
   14.0+    15 7  0.1049       0.000      0.1644E-02  0.1033    
   14.0+    17 8  0.2152E-01   0.000       0.000      0.2152E-01
   14.0-    12 1   1.103       0.000      0.1360E-01   1.089    
   14.0-    12 2   1.130       0.000      0.8625E-02   1.121    
   14.0-    14 3  0.2272       0.000      0.9420E-03  0.2263    
   14.0-    14 4  0.2292       0.000      0.7085E-03  0.2285    
   14.0-    14 5  0.2315       0.000      0.1205E-02  0.2302    
   14.0-    16 6  0.4728E-01   0.000      0.1307E-03  0.4715E-01
   14.0-    16 7  0.4745E-01   0.000      0.3188E-03  0.4713E-01
   15.0+    13 1  0.5380       0.000      0.5651E-02  0.5324    
   15.0+    13 2  0.5464       0.000      0.3512E-02  0.5428    
   15.0+    15 3  0.1109       0.000      0.3908E-03  0.1105    
   15.0+    15 4  0.1115       0.000      0.2899E-03  0.1112    
   15.0+    15 5  0.1122       0.000      0.4838E-03  0.1117    
   15.0+    17 6  0.2300E-01   0.000      0.5347E-04  0.2295E-01
   15.0+    17 7  0.2305E-01   0.000      0.1287E-03  0.2292E-01
   15.0-    12 1   1.208       0.000       0.000       1.208    
   15.0-    14 2  0.2429       0.000      0.4469E-02  0.2384    
   15.0-    14 3  0.2450       0.000      0.1267E-02  0.2438    
   15.0-    14 4  0.2474       0.000      0.8106E-03  0.2466    
   15.0-    16 5  0.5054E-01   0.000      0.1031E-03  0.5044E-01
   15.0-    16 6  0.5072E-01   0.000      0.1529E-03  0.5057E-01
   15.0-    16 7  0.5091E-01   0.000      0.6623E-03  0.5025E-01
   15.0-    18 8  0.1046E-01   0.000       0.000      0.1046E-01
   16.0+    13 1  0.5816       0.000       0.000      0.5816    
   16.0+    15 2  0.1180       0.000      0.1834E-02  0.1162    
   16.0+    15 3  0.1187       0.000      0.5144E-03  0.1182    
   16.0+    15 4  0.1194       0.000      0.3296E-03  0.1191    
   16.0+    17 5  0.2449E-01   0.000      0.4171E-04  0.2444E-01
   16.0+    17 6  0.2454E-01   0.000      0.6178E-04  0.2448E-01
   16.0+    17 7  0.2460E-01   0.000      0.2663E-03  0.2433E-01
   16.0+    19 8  0.5055E-02   0.000       0.000      0.5055E-02
   16.0-    14 1  0.2608       0.000      0.2321E-02  0.2585    
   16.0-    14 2  0.2634       0.000      0.1418E-02  0.2620    
   16.0-    16 3  0.5380E-01   0.000      0.1617E-03  0.5364E-01
   16.0-    16 4  0.5399E-01   0.000      0.1180E-03  0.5387E-01
   16.0-    16 5  0.5419E-01   0.000      0.1929E-03  0.5400E-01
   16.0-    18 6  0.1113E-01   0.000      0.2183E-04  0.1111E-01
   16.0-    18 7  0.1115E-01   0.000      0.5194E-04  0.1109E-01
   17.0+    15 1  0.1259       0.000      0.9489E-03  0.1249    
   17.0+    15 2  0.1267       0.000      0.5716E-03  0.1261    
   17.0+    17 3  0.2597E-01   0.000      0.6687E-04  0.2590E-01
   17.0+    17 4  0.2603E-01   0.000      0.4805E-04  0.2598E-01
   17.0+    17 5  0.2609E-01   0.000      0.7690E-04  0.2601E-01
   17.0+    19 6  0.5361E-02   0.000      0.8915E-05  0.5352E-02
   17.0+    19 7  0.5366E-02   0.000      0.2100E-04  0.5345E-02
   17.0-    14 1  0.2793       0.000       0.000      0.2793    
   17.0-    16 2  0.5706E-01   0.000      0.7515E-03  0.5631E-01
   17.0-    16 3  0.5726E-01   0.000      0.2089E-03  0.5705E-01
   17.0-    16 4  0.5748E-01   0.000      0.1341E-03  0.5735E-01
   17.0-    18 5  0.1181E-01   0.000      0.1687E-04  0.1179E-01
   17.0-    18 6  0.1182E-01   0.000      0.2496E-04  0.1180E-01
   17.0-    18 7  0.1184E-01   0.000      0.1072E-03  0.1173E-01
   17.0-    20 8  0.2432E-02   0.000       0.000      0.2432E-02
   18.0+    15 1  0.1339       0.000       0.000      0.1339    
   18.0+    17 2  0.2745E-01   0.000      0.3082E-03  0.2715E-01
   18.0+    17 3  0.2752E-01   0.000      0.8505E-04  0.2743E-01
   18.0+    17 4  0.2758E-01   0.000      0.5469E-04  0.2753E-01
   18.0+    19 5  0.5668E-02   0.000      0.6835E-05  0.5661E-02
   18.0+    19 6  0.5672E-02   0.000      0.1011E-04  0.5662E-02
   18.0+    19 7  0.5678E-02   0.000      0.4323E-04  0.5634E-02
   18.0+    21 8  0.1165E-02   0.000       0.000      0.1165E-02
   18.0-    16 1  0.6053E-01   0.000      0.3876E-03  0.6015E-01
   18.0-    16 2  0.6076E-01   0.000      0.2307E-03  0.6053E-01
   18.0-    18 3  0.1248E-01   0.000      0.2769E-04  0.1245E-01
   18.0-    18 4  0.1250E-01   0.000      0.1959E-04  0.1248E-01
   18.0-    18 5  0.1252E-01   0.000      0.3071E-04  0.1249E-01
   18.0-    20 6  0.2571E-02   0.000      0.3647E-05  0.2567E-02
   18.0-    20 7  0.2572E-02   0.000      0.8516E-05  0.2564E-02
   19.0+    17 1  0.2900E-01   0.000      0.1586E-03  0.2884E-01
   19.0+    17 2  0.2907E-01   0.000      0.9343E-04  0.2898E-01
   19.0+    19 3  0.5974E-02   0.000      0.1148E-04  0.5962E-02
   19.0+    19 4  0.5979E-02   0.000      0.8004E-05  0.5971E-02
   19.0+    19 5  0.5984E-02   0.000      0.1230E-04  0.5972E-02
   19.0+    21 6  0.1228E-02   0.000      0.1496E-05  0.1227E-02
   19.0+    21 7  0.1229E-02   0.000      0.3466E-05  0.1225E-02
   19.0-    16 1  0.6405E-01   0.000       0.000      0.6405E-01
   19.0-    18 2  0.1316E-01   0.000      0.1267E-03  0.1303E-01
   19.0-    18 3  0.1317E-01   0.000      0.3474E-04  0.1314E-01
   19.0-    18 4  0.1319E-01   0.000      0.2238E-04  0.1317E-01
   19.0-    20 5  0.2710E-02   0.000      0.2776E-05  0.2707E-02
   19.0-    20 6  0.2712E-02   0.000      0.4104E-05  0.2707E-02
   19.0-    20 7  0.2713E-02   0.000      0.1750E-04  0.2696E-02
   19.0-    22 8  0.5563E-03   0.000       0.000      0.5563E-03
   20.0+    17 1  0.3056E-01   0.000       0.000      0.3056E-01
   20.0+    19 2  0.6280E-02   0.000      0.5218E-04  0.6228E-02
   20.0+    19 3  0.6286E-02   0.000      0.1423E-04  0.6271E-02
   20.0+    19 4  0.6291E-02   0.000      0.9182E-05  0.6282E-02
   20.0+    21 5  0.1291E-02   0.000      0.1131E-05  0.1290E-02
   20.0+    21 6  0.1292E-02   0.000      0.1672E-05  0.1290E-02
   20.0+    21 7  0.1292E-02   0.000      0.7109E-05  0.1285E-02
   20.0+    23 8  0.2646E-03   0.000       0.000      0.2646E-03
   20.0-    18 1  0.1385E-01   0.000      0.6505E-04  0.1378E-01
   20.0-    18 2  0.1387E-01   0.000      0.3799E-04  0.1383E-01
   20.0-    20 3  0.2849E-02   0.000      0.4766E-05  0.2844E-02
   20.0-    20 4  0.2851E-02   0.000      0.3277E-05  0.2847E-02
   20.0-    20 5  0.2852E-02   0.000      0.4947E-05  0.2847E-02
   20.0-    22 6  0.5848E-03   0.000      0.6151E-06  0.5842E-03
   20.0-    22 7  0.5849E-03   0.000      0.1415E-05  0.5835E-03
   21.0+    19 1  0.6592E-02   0.000      0.2675E-04  0.6565E-02
   21.0+    19 2  0.6598E-02   0.000      0.1550E-04  0.6583E-02
   21.0+    21 3  0.1354E-02   0.000      0.1979E-05  0.1352E-02
   21.0+    21 4  0.1355E-02   0.000      0.1345E-05  0.1353E-02
   21.0+    21 5  0.1355E-02   0.000      0.1999E-05  0.1353E-02
   21.0+    23 6  0.2776E-03   0.000      0.2535E-06  0.2773E-03
   21.0+    23 7  0.2776E-03   0.000      0.5794E-06  0.2770E-03
   21.0-    18 1  0.1455E-01   0.000       0.000      0.1455E-01
   21.0-    20 2  0.2988E-02   0.000      0.2153E-04  0.2966E-02
   21.0-    20 3  0.2990E-02   0.000      0.5841E-05  0.2984E-02
   21.0-    20 4  0.2991E-02   0.000      0.3776E-05  0.2988E-02
   21.0-    22 5  0.6133E-03   0.000      0.4622E-06  0.6129E-03
   21.0-    22 6  0.6135E-03   0.000      0.6834E-06  0.6128E-03
   21.0-    22 7  0.6136E-03   0.000      0.2899E-05  0.6107E-03
   21.0-    24 8  0.1255E-03   0.000       0.000      0.1255E-03
   22.0+    19 1  0.6905E-02   0.000       0.000      0.6905E-02
   22.0+    21 2  0.1417E-02   0.000      0.8889E-05  0.1408E-02
   22.0+    21 3  0.1418E-02   0.000      0.2402E-05  0.1415E-02
   22.0+    21 4  0.1418E-02   0.000      0.1555E-05  0.1417E-02
   22.0+    23 5  0.2905E-03   0.000      0.1894E-06  0.2903E-03
   22.0+    23 6  0.2905E-03   0.000      0.2801E-06  0.2902E-03
   22.0+    23 7  0.2905E-03   0.000      0.1186E-05  0.2894E-03
   22.0+    25 8  0.5937E-04   0.000       0.000      0.5937E-04
   22.0-    20 1  0.3129E-02   0.000      0.1102E-04  0.3118E-02
   22.0-    20 2  0.3130E-02   0.000      0.6339E-05  0.3124E-02
   22.0-    22 3  0.6419E-03   0.000      0.8221E-06  0.6410E-03
   22.0-    22 4  0.6420E-03   0.000      0.5527E-06  0.6414E-03
   22.0-    22 5  0.6421E-03   0.000      0.8108E-06  0.6413E-03
   22.0-    24 6  0.1314E-03   0.000      0.1046E-06  0.1313E-03
   22.0-    24 7  0.1314E-03   0.000      0.2377E-06  0.1311E-03
   23.0+    21 1  0.1481E-02   0.000      0.4545E-05  0.1476E-02
   23.0+    21 2  0.1481E-02   0.000      0.2598E-05  0.1479E-02
   23.0+    23 3  0.3034E-03   0.000      0.3416E-06  0.3030E-03
   23.0+    23 4  0.3034E-03   0.000      0.2275E-06  0.3032E-03
   23.0+    23 5  0.3035E-03   0.000      0.3300E-06  0.3031E-03
   23.0+    25 6  0.6200E-04   0.000      0.4319E-07  0.6196E-04
   23.0+    25 7  0.6201E-04   0.000      0.9765E-07  0.6191E-04
   23.0-    20 1  0.3270E-02   0.000       0.000      0.3270E-02
   23.0-    22 2  0.6704E-03   0.000      0.3673E-05  0.6667E-03
   23.0-    22 3  0.6705E-03   0.000      0.9888E-06  0.6695E-03
   23.0-    22 4  0.6707E-03   0.000      0.6411E-06  0.6700E-03
   23.0-    24 5  0.1372E-03   0.000      0.7778E-07  0.1371E-03
   23.0-    24 6  0.1372E-03   0.000      0.1150E-06  0.1371E-03
   23.0-    24 7  0.1372E-03   0.000      0.4859E-06  0.1367E-03
   23.0-    26 8  0.2801E-04   0.000       0.000      0.2801E-04
   24.0+    21 1  0.1544E-02   0.000       0.000      0.1544E-02
   24.0+    23 2  0.3163E-03   0.000      0.1519E-05  0.3148E-03
   24.0+    23 3  0.3163E-03   0.000      0.4075E-06  0.3159E-03
   24.0+    23 4  0.3164E-03   0.000      0.2646E-06  0.3161E-03
   24.0+    25 5  0.6464E-04   0.000      0.3197E-07  0.6461E-04
   24.0+    25 6  0.6465E-04   0.000      0.4730E-07  0.6460E-04
   24.0+    25 7  0.6465E-04   0.000      0.1994E-06  0.6445E-04
   24.0+    27 8  0.1318E-04   0.000       0.000      0.1318E-04
   24.0-    22 1  0.6991E-03   0.000      0.1876E-05  0.6972E-03
   24.0-    22 2  0.6992E-03   0.000      0.1066E-05  0.6981E-03
   24.0-    24 3  0.1430E-03   0.000      0.1420E-06  0.1429E-03
   24.0-    24 4  0.1430E-03   0.000      0.9381E-07  0.1430E-03
   24.0-    24 5  0.1431E-03   0.000      0.1347E-06  0.1429E-03
   24.0-    26 6  0.2920E-04   0.000      0.1781E-07  0.2918E-04
   24.0-    26 7  0.2920E-04   0.000      0.4007E-07  0.2916E-04
   25.0+    23 1  0.3292E-03   0.000      0.7753E-06  0.3285E-03
   25.0+    23 2  0.3293E-03   0.000      0.4382E-06  0.3288E-03
   25.0+    25 3  0.6728E-04   0.000      0.5902E-07  0.6722E-04
   25.0+    25 4  0.6728E-04   0.000      0.3869E-07  0.6725E-04
   25.0+    25 5  0.6729E-04   0.000      0.5504E-07  0.6723E-04
   25.0+    27 6  0.1372E-04   0.000      0.7327E-08  0.1371E-04
   25.0+    27 7  0.1372E-04   0.000      0.1641E-07  0.1370E-04
   25.0-    22 1  0.7278E-03   0.000       0.000      0.7278E-03
   25.0-    24 2  0.1489E-03   0.000      0.6289E-06  0.1482E-03
   25.0-    24 3  0.1489E-03   0.000      0.1682E-06  0.1487E-03
   25.0-    24 4  0.1489E-03   0.000      0.1093E-06  0.1488E-03
   25.0-    26 5  0.3039E-04   0.000      0.1313E-07  0.3038E-04
   25.0-    26 6  0.3039E-04   0.000      0.1943E-07  0.3037E-04
   25.0-    26 7  0.3039E-04   0.000      0.8175E-07  0.3031E-04
   25.0-    28 8  0.6190E-05   0.000       0.000      0.6190E-05
   26.0+    23 1  0.3422E-03   0.000       0.000      0.3422E-03
   26.0+    25 2  0.6992E-04   0.000      0.2603E-06  0.6966E-04
   26.0+    25 3  0.6992E-04   0.000      0.6942E-07  0.6985E-04
   26.0+    25 4  0.6993E-04   0.000      0.4517E-07  0.6988E-04
   26.0+    27 5  0.1426E-04   0.000      0.5380E-08  0.1425E-04
   26.0+    27 6  0.1426E-04   0.000      0.7964E-08  0.1425E-04
   26.0+    27 7  0.1426E-04   0.000      0.3346E-07  0.1422E-04
   26.0+    29 8  0.2901E-05   0.000       0.000      0.2901E-05
   26.0-    24 1  0.1547E-03   0.000      0.3207E-06  0.1544E-03
   26.0-    24 2  0.1547E-03   0.000      0.1804E-06  0.1546E-03
   26.0-    26 3  0.3158E-04   0.000      0.2452E-07  0.3156E-04
   26.0-    26 4  0.3158E-04   0.000      0.1595E-07  0.3157E-04
   26.0-    26 5  0.3158E-04   0.000      0.2248E-07  0.3156E-04
   26.0-    28 6  0.6432E-05   0.000      0.3018E-08  0.6429E-05
   26.0-    28 7  0.6432E-05   0.000      0.6732E-08  0.6426E-05
   27.0+    25 1  0.7256E-04   0.000      0.1326E-06  0.7243E-04
   27.0+    25 2  0.7256E-04   0.000      0.7428E-07  0.7249E-04
   27.0+    27 3  0.1479E-04   0.000      0.1019E-07  0.1478E-04
   27.0+    27 4  0.1479E-04   0.000      0.6575E-08  0.1479E-04
   27.0+    27 5  0.1479E-04   0.000      0.9169E-08  0.1479E-04
   27.0+    29 6  0.3010E-05   0.000      0.1245E-08  0.3009E-05
   27.0+    29 7  0.3010E-05   0.000      0.2767E-08  0.3007E-05
   27.0-    24 1  0.1606E-03   0.000       0.000      0.1606E-03
   27.0-    26 2  0.3277E-04   0.000      0.1077E-06  0.3266E-04
   27.0-    26 3  0.3277E-04   0.000      0.2865E-07  0.3274E-04
   27.0-    26 4  0.3277E-04   0.000      0.1867E-07  0.3276E-04
   27.0-    28 5  0.6675E-05   0.000      0.2208E-08  0.6673E-05
   27.0-    28 6  0.6675E-05   0.000      0.3269E-08  0.6672E-05
   27.0-    28 7  0.6675E-05   0.000      0.1371E-07  0.6661E-05
   27.0-    30 8  0.1357E-05   0.000       0.000      0.1357E-05
   28.0+    25 1  0.7520E-04   0.000       0.000      0.7520E-04
   28.0+    27 2  0.1533E-04   0.000      0.4463E-07  0.1529E-04
   28.0+    27 3  0.1533E-04   0.000      0.1184E-07  0.1532E-04
   28.0+    27 4  0.1533E-04   0.000      0.7721E-08  0.1532E-04
   28.0+    29 5  0.3120E-05   0.000      0.9081E-09  0.3119E-05
   28.0+    29 6  0.3120E-05   0.000      0.1345E-08  0.3118E-05
   28.0+    29 7  0.3120E-05   0.000      0.5634E-08  0.3114E-05
   28.0+    31 8  0.6336E-06   0.000       0.000      0.6336E-06
   28.0-    26 1  0.3396E-04   0.000      0.5486E-07  0.3391E-04
   28.0-    26 2  0.3397E-04   0.000      0.3060E-07  0.3394E-04
   28.0-    28 3  0.6918E-05   0.000      0.4239E-08  0.6913E-05
   28.0-    28 4  0.6918E-05   0.000      0.2713E-08  0.6915E-05
   28.0-    28 5  0.6918E-05   0.000      0.3746E-08  0.6914E-05
   28.0-    30 6  0.1406E-05   0.000      0.5134E-09  0.1406E-05
   28.0-    30 7  0.1406E-05   0.000      0.1137E-08  0.1405E-05
   29.0+    27 1  0.1587E-04   0.000      0.2271E-07  0.1585E-04
   29.0+    27 2  0.1587E-04   0.000      0.1262E-07  0.1586E-04
   29.0+    29 3  0.3229E-05   0.000      0.1761E-08  0.3227E-05
   29.0+    29 4  0.3229E-05   0.000      0.1120E-08  0.3228E-05
   29.0+    29 5  0.3229E-05   0.000      0.1534E-08  0.3228E-05
   29.0+    31 6  0.6559E-06   0.000      0.2118E-09  0.6556E-06
   29.0+    31 7  0.6559E-06   0.000      0.4675E-09  0.6554E-06
   29.0-    26 1  0.3516E-04   0.000       0.000      0.3516E-04
   29.0-    28 2  0.7160E-05   0.000      0.1851E-07  0.7142E-05
   29.0-    28 3  0.7161E-05   0.000      0.4898E-08  0.7156E-05
   29.0-    28 4  0.7161E-05   0.000      0.3197E-08  0.7157E-05
   29.0-    30 5  0.1456E-05   0.000      0.3732E-09  0.1455E-05
   29.0-    30 6  0.1456E-05   0.000      0.5529E-09  0.1455E-05
   29.0-    30 7  0.1456E-05   0.000      0.2313E-08  0.1453E-05
   29.0-    32 8  0.2954E-06   0.000       0.000      0.2954E-06
   30.0+    27 1  0.1641E-04   0.000       0.000      0.1641E-04
   30.0+    29 2  0.3339E-05   0.000      0.7665E-08  0.3331E-05
   30.0+    29 3  0.3339E-05   0.000      0.2025E-08  0.3337E-05
   30.0+    29 4  0.3339E-05   0.000      0.1322E-08  0.3337E-05
   30.0+    31 5  0.6781E-06   0.000      0.1535E-09  0.6779E-06
   30.0+    31 6  0.6781E-06   0.000      0.2275E-09  0.6779E-06
   30.0+    31 7  0.6781E-06   0.000      0.9506E-09  0.6771E-06
   30.0+    33 8  0.1375E-06   0.000       0.000      0.1375E-06
   30.0-    28 1  0.7403E-05   0.000      0.9410E-08  0.7394E-05
   30.0-    28 2  0.7403E-05   0.000      0.5209E-08  0.7398E-05
   30.0-    30 3  0.1505E-05   0.000      0.7316E-09  0.1504E-05
   30.0-    30 4  0.1505E-05   0.000      0.4623E-09  0.1504E-05
   30.0-    30 5  0.1505E-05   0.000      0.6281E-09  0.1504E-05
   30.0-    32 6  0.3054E-06   0.000      0.8827E-10  0.3053E-06
   30.0-    32 7  0.3054E-06   0.000      0.1942E-09  0.3052E-06
   31.0+    29 1  0.3448E-05   0.000      0.3895E-08  0.3444E-05
   31.0+    29 2  0.3448E-05   0.000      0.2149E-08  0.3446E-05
   31.0+    31 3  0.7003E-06   0.000      0.3055E-09  0.7000E-06
   31.0+    31 4  0.7003E-06   0.000      0.1915E-09  0.7001E-06
   31.0+    31 5  0.7003E-06   0.000      0.2575E-09  0.7001E-06
   31.0+    33 6  0.1420E-06   0.000      0.3710E-10  0.1420E-06
   31.0+    33 7  0.1420E-06   0.000      0.8139E-10  0.1419E-06
   31.0-    28 1  0.7646E-05   0.000       0.000      0.7646E-05
   31.0-    30 2  0.1554E-05   0.000      0.3176E-08  0.1551E-05
   31.0-    30 3  0.1554E-05   0.000      0.8373E-09  0.1553E-05
   31.0-    30 4  0.1554E-05   0.000      0.5473E-09  0.1554E-05
   31.0-    32 5  0.3154E-06   0.000      0.6381E-10  0.3154E-06
   31.0-    32 6  0.3154E-06   0.000      0.9458E-10  0.3153E-06
   31.0-    32 7  0.3154E-06   0.000      0.3947E-09  0.3150E-06
   31.0-    34 8  0.6390E-07   0.000       0.000      0.6390E-07
   32.0+    29 1  0.3558E-05   0.000       0.000      0.3558E-05
   32.0+    31 2  0.7226E-06   0.000      0.1323E-08  0.7212E-06
   32.0+    31 3  0.7226E-06   0.000      0.3481E-09  0.7222E-06
   32.0+    31 4  0.7226E-06   0.000      0.2277E-09  0.7223E-06
   32.0+    33 5  0.1465E-06   0.000      0.2675E-10  0.1465E-06
   32.0+    33 6  0.1465E-06   0.000      0.3966E-10  0.1465E-06
   32.0+    33 7  0.1465E-06   0.000      0.1653E-09  0.1463E-06
   32.0+    35 8  0.2966E-07   0.000       0.000      0.2966E-07
   32.0-    30 1  0.1604E-05   0.000      0.1613E-08  0.1602E-05
   32.0-    30 2  0.1604E-05   0.000      0.8873E-09  0.1603E-05
   32.0-    32 3  0.3254E-06   0.000      0.1280E-09  0.3253E-06
   32.0-    32 4  0.3254E-06   0.000      0.7984E-10  0.3254E-06
   32.0-    32 5  0.3254E-06   0.000      0.1066E-09  0.3253E-06
   32.0-    34 6  0.6593E-07   0.000      0.1544E-10  0.6592E-07
   32.0-    34 7  0.6593E-07   0.000      0.3378E-10  0.6590E-07
   33.0+    31 1  0.7448E-06   0.000      0.6716E-09  0.7441E-06
   33.0+    31 2  0.7448E-06   0.000      0.3683E-09  0.7444E-06
   33.0+    33 3  0.1510E-06   0.000      0.5323E-10  0.1510E-06
   33.0+    33 4  0.1510E-06   0.000      0.3323E-10  0.1510E-06
   33.0+    33 5  0.1510E-06   0.000      0.4456E-10  0.1510E-06
   33.0+    35 6  0.3057E-07   0.000      0.6302E-11  0.3056E-07
   33.0+    35 7  0.3057E-07   0.000      0.1375E-10  0.3056E-07
   33.0-    30 1  0.1653E-05   0.000       0.000      0.1653E-05
   33.0-    32 2  0.3354E-06   0.000      0.5530E-09  0.3349E-06
   33.0-    32 3  0.3354E-06   0.000      0.1453E-09  0.3353E-06
   33.0-    32 4  0.3354E-06   0.000      0.9509E-10  0.3354E-06
   33.0-    34 5  0.6796E-07   0.000      0.1111E-10  0.6795E-07
   33.0-    34 6  0.6796E-07   0.000      0.1647E-10  0.6794E-07
   33.0-    34 7  0.6796E-07   0.000      0.6858E-10  0.6789E-07
   33.0-    36 8  0.1375E-07   0.000       0.000      0.1375E-07
   34.0+    31 1  0.7670E-06   0.000       0.000      0.7670E-06
   34.0+    33 2  0.1555E-06   0.000      0.2294E-09  0.1553E-06
   34.0+    33 3  0.1555E-06   0.000      0.6017E-10  0.1555E-06
   34.0+    33 4  0.1555E-06   0.000      0.3941E-10  0.1555E-06
   34.0+    35 5  0.3148E-07   0.000      0.4523E-11  0.3148E-07
   34.0+    35 6  0.3148E-07   0.000      0.6709E-11  0.3148E-07
   34.0+    35 7  0.3148E-07   0.000      0.2790E-10  0.3146E-07
   34.0+    37 8  0.6365E-08   0.000       0.000      0.6365E-08
   34.0-    32 1  0.3455E-06   0.000      0.2806E-09  0.3452E-06
   34.0-    32 2  0.3455E-06   0.000      0.1535E-09  0.3453E-06
   34.0-    34 3  0.6999E-07   0.000      0.2188E-10  0.6997E-07
   34.0-    34 4  0.6999E-07   0.000      0.1369E-10  0.6997E-07
   34.0-    34 5  0.6999E-07   0.000      0.1844E-10  0.6997E-07
   34.0-    36 6  0.1416E-07   0.000      0.2599E-11  0.1416E-07
   34.0-    36 7  0.1416E-07   0.000      0.5656E-11  0.1415E-07
   35.0+    33 1  0.1600E-06   0.000      0.1164E-09  0.1599E-06
   35.0+    33 2  0.1600E-06   0.000      0.6347E-10  0.1600E-06
   35.0+    35 3  0.3240E-07   0.000      0.9054E-11  0.3239E-07
   35.0+    35 4  0.3240E-07   0.000      0.5619E-11  0.3239E-07
   35.0+    35 5  0.3240E-07   0.000      0.7489E-11  0.3239E-07
   35.0+    37 6  0.6550E-08   0.000      0.1141E-11  0.6549E-08
   35.0+    37 7  0.6550E-08   0.000      0.2478E-11  0.6548E-08
   35.0-    32 1  0.3555E-06   0.000       0.000      0.3555E-06
   35.0-    34 2  0.7202E-07   0.000      0.9407E-10  0.7192E-07
   35.0-    34 3  0.7202E-07   0.000      0.2464E-10  0.7199E-07
   35.0-    34 4  0.7202E-07   0.000      0.1615E-10  0.7200E-07
   35.0-    36 5  0.1457E-07   0.000      0.1861E-11  0.1457E-07
   35.0-    36 6  0.1457E-07   0.000      0.2762E-11  0.1457E-07
   35.0-    36 7  0.1457E-07   0.000      0.1147E-10  0.1456E-07
   35.0-    38 8  0.2939E-08   0.000       0.000      0.2939E-08
   36.0+    33 1  0.1645E-06   0.000       0.000      0.1645E-06
   36.0+    35 2  0.3331E-07   0.000      0.3886E-10  0.3327E-07
   36.0+    35 3  0.3331E-07   0.000      0.1016E-10  0.3330E-07
   36.0+    35 4  0.3331E-07   0.000      0.6664E-11  0.3330E-07
   36.0+    37 5  0.6734E-08   0.000      0.8157E-12  0.6733E-08
   36.0+    37 6  0.6735E-08   0.000      0.1210E-11  0.6733E-08
   36.0+    37 7  0.6734E-08   0.000      0.5025E-11  0.6729E-08
   36.0+    39 8  0.1347E-08   0.000       0.000      0.1347E-08
   36.0-    34 1  0.7405E-07   0.000      0.4770E-10  0.7400E-07
   36.0-    34 2  0.7405E-07   0.000      0.2595E-10  0.7402E-07
   36.0-    36 3  0.1498E-07   0.000      0.3874E-11  0.1498E-07
   36.0-    36 4  0.1498E-07   0.000      0.2365E-11  0.1498E-07
   36.0-    36 5  0.1498E-07   0.000      0.3074E-11  0.1498E-07
   36.0-    38 6  0.3022E-08   0.000      0.5393E-12  0.3021E-08
   36.0-    38 7  0.3022E-08   0.000      0.1168E-11  0.3021E-08
   37.0+    35 1  0.3422E-07   0.000      0.1969E-10  0.3420E-07
   37.0+    35 2  0.3422E-07   0.000      0.1069E-10  0.3421E-07
   37.0+    37 3  0.6919E-08   0.000      0.1709E-11  0.6917E-08
   37.0+    37 4  0.6919E-08   0.000      0.1039E-11  0.6918E-08
   37.0+    37 5  0.6919E-08   0.000      0.1344E-11  0.6917E-08
   37.0+    39 6  0.1384E-08   0.000      0.2579E-12  0.1384E-08
   37.0+    39 7  0.1385E-08   0.000      0.5577E-12  0.1384E-08
   37.0-    34 1  0.7607E-07   0.000       0.000      0.7607E-07
   37.0-    36 2  0.1539E-07   0.000      0.1659E-10  0.1537E-07
   37.0-    36 3  0.1539E-07   0.000      0.4335E-11  0.1539E-07
   37.0-    36 4  0.1539E-07   0.000      0.2844E-11  0.1539E-07
   37.0-    38 5  0.3105E-08   0.000      0.3847E-12  0.3104E-08
   37.0-    38 6  0.3105E-08   0.000      0.5710E-12  0.3104E-08
   37.0-    38 7  0.3105E-08   0.000      0.2368E-11  0.3102E-08
   37.0-    40 8  0.6092E-09   0.000       0.000      0.6092E-09
   38.0+    35 1  0.3513E-07   0.000       0.000      0.3513E-07
   38.0+    37 2  0.7103E-08   0.000      0.7306E-11  0.7096E-08
   38.0+    37 3  0.7104E-08   0.000      0.1906E-11  0.7102E-08
   38.0+    37 4  0.7103E-08   0.000      0.1251E-11  0.7102E-08
   38.0+    39 5  0.1421E-08   0.000      0.1837E-12  0.1421E-08
   38.0+    39 6  0.1422E-08   0.000      0.2727E-12  0.1421E-08
   38.0+    39 7  0.1422E-08   0.000      0.1130E-11  0.1421E-08
   38.0+    41 8  0.2690E-09   0.000       0.000      0.2690E-09
   38.0-    36 1  0.1580E-07   0.000      0.8408E-11  0.1579E-07
   38.0-    36 2  0.1580E-07   0.000      0.4554E-11  0.1580E-07
   38.0-    38 3  0.3188E-08   0.000      0.7418E-12  0.3187E-08
   38.0-    38 4  0.3188E-08   0.000      0.4649E-12  0.3187E-08
   38.0-    38 5  0.3187E-08   0.000      0.6321E-12  0.3187E-08
   38.0-    40 6  0.6255E-09   0.000      0.1143E-12  0.6253E-09
   38.0-    40 7  0.6256E-09   0.000      0.2467E-12  0.6254E-09
   39.0+    37 1  0.7288E-08   0.000      0.3700E-11  0.7285E-08
   39.0+    37 2  0.7288E-08   0.000      0.2000E-11  0.7286E-08
   39.0+    39 3  0.1458E-08   0.000      0.2975E-12  0.1458E-08
   39.0+    39 4  0.1458E-08   0.000      0.2003E-12  0.1458E-08
   39.0+    39 5  0.1459E-08   0.000      0.3011E-12  0.1458E-08
   39.0+    41 6  0.2760E-09   0.000      0.4396E-13  0.2759E-09
   39.0+    41 7  0.2762E-09   0.000      0.9469E-13  0.2761E-09
   39.0-    36 1  0.1621E-07   0.000       0.000      0.1621E-07
   39.0-    38 2  0.3270E-08   0.000      0.3166E-11  0.3267E-08
   39.0-    38 3  0.3270E-08   0.000      0.8250E-12  0.3270E-08
   39.0-    38 4  0.3270E-08   0.000      0.5417E-12  0.3270E-08
   39.0-    40 5  0.6418E-09   0.000      0.8127E-13  0.6417E-09
   39.0-    40 6  0.6419E-09   0.000      0.1207E-12  0.6418E-09
   39.0-    40 7  0.6417E-09   0.000      0.4997E-12  0.6412E-09
   39.0-    42 8  0.1148E-09   0.000       0.000      0.1148E-09
   40.0+    37 1  0.7472E-08   0.000       0.000      0.7472E-08
   40.0+    39 2  0.1495E-08   0.000      0.1268E-11  0.1494E-08
   40.0+    39 3  0.1495E-08   0.000      0.3300E-12  0.1495E-08
   40.0+    39 4  0.1496E-08   0.000      0.2168E-12  0.1495E-08
   40.0+    41 5  0.2829E-09   0.000      0.3120E-13  0.2829E-09
   40.0+    41 6  0.2831E-09   0.000      0.4634E-13  0.2831E-09
   40.0+    41 7  0.2831E-09   0.000      0.1917E-12  0.2829E-09
   40.0+    43 8  0.4700E-10   0.000       0.000      0.4700E-10
   40.0-    38 1  0.3353E-08   0.000      0.1603E-11  0.3352E-08
   40.0-    38 2  0.3353E-08   0.000      0.8648E-12  0.3352E-08
   40.0-    40 3  0.6580E-09   0.000      0.1048E-12  0.6579E-09
   40.0-    40 4  0.6581E-09   0.000      0.7841E-13  0.6581E-09
   40.0-    40 5  0.6580E-09   0.000      0.1329E-12  0.6578E-09
   40.0-    42 6  0.1177E-09   0.000      0.1419E-13  0.1177E-09
   40.0-    42 7  0.1177E-09   0.000      0.3052E-13  0.1177E-09
