# Fusion cross sections for ELAB=  40.000, ECM=  35.529
     0.0   1.943       1.954      0.1127E-01
     1.0   17.54       17.61      0.6730E-01
     2.0   42.40       42.52      0.1175    
     3.0   68.85       69.02      0.1669    
     4.0   89.20       89.40      0.2019    
     5.0   108.4       108.6      0.2192    
     6.0   123.1       123.3      0.2301    
     7.0   128.9       129.2      0.2476    
     8.0   122.6       123.0      0.3183    
     9.0   104.3       104.8      0.5555    
    10.0   78.43       79.09      0.6566    
    11.0   51.25       51.72      0.4631    
    12.0   28.90       29.13      0.2358    
    13.0   14.82       14.92      0.1043    
    14.0   7.306       7.350      0.4372E-01
    15.0   3.553       3.571      0.1797E-01
    16.0   1.718       1.725      0.7334E-02
    17.0  0.8274      0.8304      0.2986E-02
    18.0  0.3974      0.3986      0.1217E-02
    19.0  0.1902      0.1907      0.4969E-03
    20.0  0.9080E-01  0.9100E-01  0.2036E-03
    21.0  0.4321E-01  0.4329E-01  0.8359E-04
    22.0  0.2050E-01  0.2054E-01  0.3439E-04
    23.0  0.9703E-02  0.9717E-02  0.1417E-04
    24.0  0.4580E-02  0.4586E-02  0.5841E-05
    25.0  0.2157E-02  0.2160E-02  0.2411E-05
    26.0  0.1014E-02  0.1015E-02  0.9955E-06
    27.0  0.4754E-03  0.4758E-03  0.4111E-06
    28.0  0.2225E-03  0.2227E-03  0.1699E-06
    29.0  0.1040E-03  0.1040E-03  0.7026E-07
    30.0  0.4850E-04  0.4853E-04  0.2907E-07
    31.0  0.2259E-04  0.2260E-04  0.1203E-07
    32.0  0.1050E-04  0.1051E-04  0.4995E-08
    33.0  0.4879E-05  0.4881E-05  0.2081E-08
    34.0  0.2263E-05  0.2264E-05  0.8644E-09
    35.0  0.1048E-05  0.1049E-05  0.3566E-09
    36.0  0.4849E-06  0.4851E-06  0.1474E-09
    37.0  0.2241E-06  0.2241E-06  0.6239E-10
    38.0  0.1034E-06  0.1034E-06  0.2721E-10
    39.0  0.4755E-07  0.4757E-07  0.1187E-10
    40.0  0.2176E-07  0.2177E-07  0.4912E-11
 &
