#  91 angles,  1 tensor ranks for 0=projectile
@subtitle   "16N(d,3He)15C @ 20AMeV Haixia (d) + HT1p (3He)"                                
@legend ON
@legend x1 0.2
@legend y1 0.8
@g0 type LOGY
@yaxis ticklabel format power
@legend string   0 "Lab energy =   40.0000"
#legend string   0 "Partition=  2 Excit=  1 near/far= 1"
#  Theta       sigma       iT11        T20         T21         T22         Kyy for projectile
   0.000      0.8830    
   2.000       1.702    
   4.000       3.735    
   6.000       5.964    
   8.000       7.353    
   10.00       7.371    
   12.00       6.161    
   14.00       4.332    
   16.00       2.581    
   18.00       1.378    
   20.00      0.8457    
   22.00      0.8254    
   24.00       1.035    
   26.00       1.221    
   28.00       1.241    
   30.00       1.080    
   32.00      0.8027    
   34.00      0.5062    
   36.00      0.2682    
   38.00      0.1268    
   40.00      0.7982E-01
   42.00      0.9893E-01
   44.00      0.1473    
   46.00      0.1941    
   48.00      0.2218    
   50.00      0.2270    
   52.00      0.2161    
   54.00      0.1995    
   56.00      0.1871    
   58.00      0.1845    
   60.00      0.1928    
   62.00      0.2092    
   64.00      0.2290    
   66.00      0.2472    
   68.00      0.2600    
   70.00      0.2656    
   72.00      0.2639    
   74.00      0.2563    
   76.00      0.2448    
   78.00      0.2315    
   80.00      0.2182    
   82.00      0.2060    
   84.00      0.1951    
   86.00      0.1854    
   88.00      0.1764    
   90.00      0.1676    
   92.00      0.1584    
   94.00      0.1486    
   96.00      0.1382    
   98.00      0.1274    
   100.0      0.1164    
   102.0      0.1058    
   104.0      0.9581E-01
   106.0      0.8670E-01
   108.0      0.7860E-01
   110.0      0.7149E-01
   112.0      0.6527E-01
   114.0      0.5976E-01
   116.0      0.5479E-01
   118.0      0.5024E-01
   120.0      0.4602E-01
   122.0      0.4211E-01
   124.0      0.3855E-01
   126.0      0.3538E-01
   128.0      0.3263E-01
   130.0      0.3029E-01
   132.0      0.2830E-01
   134.0      0.2654E-01
   136.0      0.2487E-01
   138.0      0.2314E-01
   140.0      0.2126E-01
   142.0      0.1920E-01
   144.0      0.1703E-01
   146.0      0.1487E-01
   148.0      0.1294E-01
   150.0      0.1143E-01
   152.0      0.1052E-01
   154.0      0.1030E-01
   156.0      0.1076E-01
   158.0      0.1175E-01
   160.0      0.1304E-01
   162.0      0.1436E-01
   164.0      0.1540E-01
   166.0      0.1597E-01
   168.0      0.1593E-01
   170.0      0.1532E-01
   172.0      0.1426E-01
   174.0      0.1301E-01
   176.0      0.1184E-01
   178.0      0.1101E-01
   180.0      0.1071E-01
 END
