# Fusion cross sections for ELAB=  40.000, ECM=  35.529
     0.0   1.295      1
     0.0   1.943     -1
     1.0   7.789      1
     1.0   17.54     -1
     2.0   22.81      1
     2.0   42.40     -1
     3.0   32.13      1
     3.0   68.85     -1
     4.0   47.59      1
     4.0   89.20     -1
     5.0   51.43      1
     5.0   108.4     -1
     6.0   65.46      1
     6.0   123.1     -1
     7.0   60.86      1
     7.0   128.9     -1
     8.0   65.24      1
     8.0   122.6     -1
     9.0   48.87      1
     9.0   104.3     -1
    10.0   41.52      1
    10.0   78.43     -1
    11.0   22.74      1
    11.0   51.25     -1
    12.0   16.76      1
    12.0   28.90     -1
    13.0   6.090      1
    13.0   14.82     -1
    14.0   4.316      1
    14.0   7.306     -1
    15.0   1.455      1
    15.0   3.553     -1
    16.0   1.013      1
    16.0   1.718     -1
    17.0  0.3396      1
    17.0  0.8274     -1
    18.0  0.2341      1
    18.0  0.3974     -1
    19.0  0.7818E-01  1
    19.0  0.1902     -1
    20.0  0.5347E-01  1
    20.0  0.9080E-01 -1
    21.0  0.1776E-01  1
    21.0  0.4321E-01 -1
    22.0  0.1207E-01  1
    22.0  0.2050E-01 -1
    23.0  0.3988E-02  1
    23.0  0.9703E-02 -1
    24.0  0.2698E-02  1
    24.0  0.4580E-02 -1
    25.0  0.8864E-03  1
    25.0  0.2157E-02 -1
    26.0  0.5972E-03  1
    26.0  0.1014E-02 -1
    27.0  0.1953E-03  1
    27.0  0.4754E-03 -1
    28.0  0.1311E-03  1
    28.0  0.2225E-03 -1
    29.0  0.4270E-04  1
    29.0  0.1040E-03 -1
    30.0  0.2858E-04  1
    30.0  0.4850E-04 -1
    31.0  0.9274E-05  1
    31.0  0.2259E-04 -1
    32.0  0.6192E-05  1
    32.0  0.1050E-04 -1
    33.0  0.2003E-05  1
    33.0  0.4879E-05 -1
    34.0  0.1334E-05  1
    34.0  0.2263E-05 -1
    35.0  0.4302E-06  1
    35.0  0.1048E-05 -1
    36.0  0.2860E-06  1
    36.0  0.4849E-06 -1
    37.0  0.9193E-07  1
    37.0  0.2241E-06 -1
    38.0  0.6097E-07  1
    38.0  0.1034E-06 -1
    39.0  0.1950E-07  1
    39.0  0.4755E-07 -1
    40.0  0.1285E-07  1
    40.0  0.2176E-07 -1
 &
