#  91 angles,  1 tensor ranks for 0=projectile
@subtitle   "16N(d,3He)15C @ 20AMeV Haixia (d) + HT1p (3He)"                                
@legend ON
@legend x1 0.2
@legend y1 0.8
@g0 type LOGY
@yaxis ticklabel format power
@legend string   0 "Lab energy =   40.0000"
#legend string   0 "Partition=  1 Excit=  1 near/far= 1"
#  Theta       sigma       iT11        T20         T21         T22         Kyy for projectile
  0.1000E-01   1.000    
   2.000      0.8257    
   4.000      0.6377    
   6.000      0.9022    
   8.000       1.858    
   10.00       3.347    
   12.00       4.832    
   14.00       5.654    
   16.00       5.384    
   18.00       4.067    
   20.00       2.235    
   22.00      0.6614    
   24.00      0.1115E-01
   26.00      0.5449    
   28.00       2.026    
   30.00       3.847    
   32.00       5.311    
   34.00       5.918    
   36.00       5.555    
   38.00       4.515    
   40.00       3.361    
   42.00       2.702    
   44.00       2.981    
   46.00       4.334    
   48.00       6.566    
   50.00       9.235    
   52.00       11.79    
   54.00       13.76    
   56.00       14.81    
   58.00       14.88    
   60.00       14.11    
   62.00       12.80    
   64.00       11.31    
   66.00       9.962    
   68.00       8.985    
   70.00       8.476    
   72.00       8.402    
   74.00       8.635    
   76.00       8.997    
   78.00       9.310    
   80.00       9.432    
   82.00       9.282    
   84.00       8.842    
   86.00       8.155    
   88.00       7.297    
   90.00       6.366    
   92.00       5.454    
   94.00       4.635    
   96.00       3.956    
   98.00       3.435    
   100.0       3.065    
   102.0       2.818    
   104.0       2.659    
   106.0       2.549    
   108.0       2.454    
   110.0       2.348    
   112.0       2.216    
   114.0       2.053    
   116.0       1.861    
   118.0       1.651    
   120.0       1.434    
   122.0       1.223    
   124.0       1.028    
   126.0      0.8571    
   128.0      0.7142    
   130.0      0.5999    
   132.0      0.5121    
   134.0      0.4466    
   136.0      0.3986    
   138.0      0.3632    
   140.0      0.3361    
   142.0      0.3141    
   144.0      0.2951    
   146.0      0.2782    
   148.0      0.2630    
   150.0      0.2493    
   152.0      0.2372    
   154.0      0.2263    
   156.0      0.2161    
   158.0      0.2057    
   160.0      0.1943    
   162.0      0.1811    
   164.0      0.1655    
   166.0      0.1476    
   168.0      0.1278    
   170.0      0.1071    
   172.0      0.8711E-01
   174.0      0.6925E-01
   176.0      0.5514E-01
   178.0      0.4610E-01
   180.0      0.4298E-01
 END
