Ntargets(/cm2): 1.08562e+21
BeamTriggers: 279932
DivFactor: 30000
Nb: 8.39796e+09
