Ntargets(/cm2): 8.58701e+20
BeamTriggers: 279932
DivFactor: 30000
Nb: 8.39796e+09
