   0.00   6.984423E+00     -0.0000
   1.00   6.975790E+00     -1.1909
   2.00   6.949876E+00     -2.3401
   3.00   6.906618E+00     -3.4077
   4.00   6.845872E+00     -4.3583
   5.00   6.767361E+00     -5.1624
   6.00   6.670637E+00     -5.7978
   7.00   6.555060E+00     -6.2504
   8.00   6.419828E+00     -6.5144
   9.00   6.264044E+00     -6.5923
  10.00   6.086831E+00     -6.4935
  11.00   5.887485E+00     -6.2334
  12.00   5.665641E+00     -5.8314
  13.00   5.421436E+00     -5.3097
  14.00   5.155651E+00     -4.6920
  15.00   4.869813E+00     -4.0016
  16.00   4.566234E+00     -3.2612
  17.00   4.248005E+00     -2.4920
  18.00   3.918923E+00     -1.7132
  19.00   3.583365E+00     -0.9423
  20.00   3.246128E+00     -0.1949
  21.00   2.912232E+00      0.5154
  22.00   2.586713E+00      1.1766
  23.00   2.274415E+00      1.7787
  24.00   1.979797E+00      2.3143
  25.00   1.706763E+00      2.7796
  26.00   1.458526E+00      3.1771
  27.00   1.237511E+00      3.5192
  28.00   1.045303E+00      3.8343
  29.00   8.826373E-01      4.1741
  30.00   7.494179E-01      4.6201
  31.00   6.447821E-01      5.2812
  32.00   5.671825E-01      6.2730
  33.00   5.144914E-01      7.6730
  34.00   4.841177E-01      9.4686
  35.00   4.731307E-01     11.5397
  36.00   4.783855E-01     13.7009
  37.00   4.966446E-01     15.7750
  38.00   5.246912E-01     17.6464
  39.00   5.594318E-01     19.2694
  40.00   5.979823E-01     20.6478
  41.00   6.377382E-01     21.8112
  42.00   6.764263E-01     22.7966
  43.00   7.121382E-01     23.6394
  44.00   7.433467E-01     24.3698
  45.00   7.689072E-01     25.0125
  46.00   7.880455E-01     25.5869
  47.00   8.003355E-01     26.1087
  48.00   8.056672E-01     26.5907
  49.00   8.042087E-01     27.0435
  50.00   7.963635E-01     27.4768
  51.00   7.827241E-01     27.8995
  52.00   7.640258E-01     28.3204
  53.00   7.411001E-01     28.7484
  54.00   7.148314E-01     29.1928
  55.00   6.861175E-01     29.6634
  56.00   6.558346E-01     30.1705
  57.00   6.248088E-01     30.7246
  58.00   5.937931E-01     31.3364
  59.00   5.634498E-01     32.0158
  60.00   5.343390E-01     32.7710
  61.00   5.069120E-01     33.6082
  62.00   4.815088E-01     34.5298
  63.00   4.583603E-01     35.5340
  64.00   4.375936E-01     36.6141
  65.00   4.192406E-01     37.7581
  66.00   4.032487E-01     38.9496
  67.00   3.894932E-01     40.1685
  68.00   3.777911E-01     41.3931
  69.00   3.679143E-01     42.6013
  70.00   3.596040E-01     43.7731
  71.00   3.525825E-01     44.8913
  72.00   3.465662E-01     45.9428
  73.00   3.412746E-01     46.9189
  74.00   3.364407E-01     47.8150
  75.00   3.318174E-01     48.6303
  76.00   3.271840E-01     49.3669
  77.00   3.223503E-01     50.0293
  78.00   3.171598E-01     50.6235
  79.00   3.114909E-01     51.1562
  80.00   3.052571E-01     51.6351
  81.00   2.984058E-01     52.0675
  82.00   2.909167E-01     52.4608
  83.00   2.827981E-01     52.8222
  84.00   2.740843E-01     53.1585
  85.00   2.648308E-01     53.4763
  86.00   2.551110E-01     53.7817
  87.00   2.450115E-01     54.0807
  88.00   2.346284E-01     54.3790
  89.00   2.240631E-01     54.6824
  90.00   2.134193E-01     54.9960
  91.00   2.027992E-01     55.3253
  92.00   1.923012E-01     55.6753
  93.00   1.820169E-01     56.0508
  94.00   1.720296E-01     56.4562
  95.00   1.624123E-01     56.8955
  96.00   1.532272E-01     57.3719
  97.00   1.445245E-01     57.8878
  98.00   1.363424E-01     58.4444
  99.00   1.287071E-01     59.0415
 100.00   1.216336E-01     59.6774
 101.00   1.151258E-01     60.3489
 102.00   1.091780E-01     61.0506
 103.00   1.037755E-01     61.7758
 104.00   9.889596E-02     62.5163
 105.00   9.451069E-02     63.2629
 106.00   9.058568E-02     64.0056
 107.00   8.708295E-02     64.7347
 108.00   8.396171E-02     65.4407
 109.00   8.117950E-02     66.1154
 110.00   7.869323E-02     66.7522
 111.00   7.646015E-02     67.3459
 112.00   7.443869E-02     67.8935
 113.00   7.258919E-02     68.3937
 114.00   7.087453E-02     68.8469
 115.00   6.926057E-02     69.2550
 116.00   6.771651E-02     69.6211
 117.00   6.621518E-02     69.9491
 118.00   6.473309E-02     70.2436
 119.00   6.325056E-02     70.5096
 120.00   6.175161E-02     70.7522
 121.00   6.022388E-02     70.9764
 122.00   5.865848E-02     71.1872
 123.00   5.704973E-02     71.3894
 124.00   5.539494E-02     71.5873
 125.00   5.369411E-02     71.7849
 126.00   5.194966E-02     71.9859
 127.00   5.016606E-02     72.1933
 128.00   4.834959E-02     72.4097
 129.00   4.650794E-02     72.6369
 130.00   4.465000E-02     72.8761
 131.00   4.278550E-02     73.1275
 132.00   4.092476E-02     73.3903
 133.00   3.907846E-02     73.6622
 134.00   3.725741E-02     73.9394
 135.00   3.547231E-02     74.2165
 136.00   3.373362E-02     74.4854
 137.00   3.205135E-02     74.7357
 138.00   3.043497E-02     74.9541
 139.00   2.889322E-02     75.1237
 140.00   2.743408E-02     75.2244
 141.00   2.606465E-02     75.2325
 142.00   2.479113E-02     75.1209
 143.00   2.361874E-02     74.8598
 144.00   2.255174E-02     74.4176
 145.00   2.159336E-02     73.7624
 146.00   2.074588E-02     72.8644
 147.00   2.001054E-02     71.6976
 148.00   1.938763E-02     70.2429
 149.00   1.887649E-02     68.4906
 150.00   1.847552E-02     66.4419
 151.00   1.818226E-02     64.1100
 152.00   1.799338E-02     61.5202
 153.00   1.790482E-02     58.7086
 154.00   1.791175E-02     55.7192
 155.00   1.800871E-02     52.6011
 156.00   1.818962E-02     49.4053
 157.00   1.844788E-02     46.1809
 158.00   1.877642E-02     42.9731
 159.00   1.916778E-02     39.8209
 160.00   1.961418E-02     36.7564
 161.00   2.010759E-02     33.8039
 162.00   2.063980E-02     30.9810
 163.00   2.120250E-02     28.2986
 164.00   2.178737E-02     25.7621
 165.00   2.238611E-02     23.3724
 166.00   2.299055E-02     21.1268
 167.00   2.359272E-02     19.0200
 168.00   2.418489E-02     17.0447
 169.00   2.475963E-02     15.1921
 170.00   2.530991E-02     13.4528
 171.00   2.582909E-02     11.8166
 172.00   2.631102E-02     10.2730
 173.00   2.675008E-02      8.8114
 174.00   2.714118E-02      7.4214
 175.00   2.747986E-02      6.0923
 176.00   2.776228E-02      4.8137
 177.00   2.798526E-02      3.5753
 178.00   2.814632E-02      2.3669
 179.00   2.824368E-02      1.1785
 180.00   2.827625E-02     -0.0000
