   0.00   3.483799E+00     -0.0000
   1.00   3.505418E+00      3.7627
   2.00   3.567646E+00      7.1921
   3.00   3.662926E+00     10.0292
   4.00   3.779738E+00     12.1283
   5.00   3.904027E+00     13.4544
   6.00   4.020901E+00     14.0505
   7.00   4.116349E+00     13.9988
   8.00   4.178751E+00     13.3907
   9.00   4.200000E+00     12.3087
  10.00   4.176138E+00     10.8199
  11.00   4.107464E+00      8.9769
  12.00   3.998167E+00      6.8231
  13.00   3.855584E+00      4.4008
  14.00   3.689217E+00      1.7613
  15.00   3.509639E+00     -1.0255
  16.00   3.327445E+00     -3.8620
  17.00   3.152318E+00     -6.6181
  18.00   2.992316E+00     -9.1345
  19.00   2.853392E+00    -11.2365
  20.00   2.739162E+00    -12.7589
  21.00   2.650909E+00    -13.5756
  22.00   2.587770E+00    -13.6258
  23.00   2.547076E+00    -12.9249
  24.00   2.524776E+00    -11.5575
  25.00   2.515916E+00     -9.6549
  26.00   2.515101E+00     -7.3679
  27.00   2.516925E+00     -4.8418
  28.00   2.516339E+00     -2.2009
  29.00   2.508930E+00      0.4580
  30.00   2.491118E+00      3.0660
  31.00   2.460270E+00      5.5783
  32.00   2.414736E+00      7.9686
  33.00   2.353825E+00     10.2241
  34.00   2.277728E+00     12.3409
  35.00   2.187403E+00     14.3210
  36.00   2.084437E+00     16.1693
  37.00   1.970894E+00     17.8919
  38.00   1.849155E+00     19.4948
  39.00   1.721764E+00     20.9833
  40.00   1.591294E+00     22.3611
  41.00   1.460219E+00     23.6303
  42.00   1.330827E+00     24.7908
  43.00   1.205139E+00     25.8404
  44.00   1.084869E+00     26.7746
  45.00   9.713946E-01     27.5868
  46.00   8.657575E-01     28.2684
  47.00   7.686688E-01     28.8091
  48.00   6.805324E-01     29.1980
  49.00   6.014753E-01     29.4247
  50.00   5.313828E-01     29.4808
  51.00   4.699386E-01     29.3628
  52.00   4.166657E-01     29.0737
  53.00   3.709671E-01     28.6265
  54.00   3.321649E-01     28.0450
  55.00   2.995359E-01     27.3642
  56.00   2.723421E-01     26.6283
  57.00   2.498565E-01     25.8867
  58.00   2.313827E-01     25.1880
  59.00   2.162702E-01     24.5743
  60.00   2.039239E-01     24.0761
  61.00   1.938104E-01     23.7101
  62.00   1.854602E-01     23.4789
  63.00   1.784681E-01     23.3731
  64.00   1.724910E-01     23.3750
  65.00   1.672437E-01     23.4620
  66.00   1.624947E-01     23.6097
  67.00   1.580599E-01     23.7943
  68.00   1.537965E-01     23.9947
  69.00   1.495971E-01     24.1928
  70.00   1.453838E-01     24.3740
  71.00   1.411024E-01     24.5273
  72.00   1.367180E-01     24.6447
  73.00   1.322107E-01     24.7212
  74.00   1.275726E-01     24.7539
  75.00   1.228051E-01     24.7422
  76.00   1.179166E-01     24.6867
  77.00   1.129209E-01     24.5894
  78.00   1.078360E-01     24.4531
  79.00   1.026830E-01     24.2814
  80.00   9.748514E-02     24.0783
  81.00   9.226715E-02     23.8482
  82.00   8.705463E-02     23.5958
  83.00   8.187363E-02     23.3260
  84.00   7.675027E-02     23.0441
  85.00   7.171046E-02     22.7558
  86.00   6.677959E-02     22.4671
  87.00   6.198229E-02     22.1851
  88.00   5.734211E-02     21.9178
  89.00   5.288119E-02     21.6746
  90.00   4.861995E-02     21.4671
  91.00   4.457670E-02     21.3089
  92.00   4.076736E-02     21.2167
  93.00   3.720509E-02     21.2103
  94.00   3.390012E-02     21.3133
  95.00   3.085949E-02     21.5527
  96.00   2.808705E-02     21.9585
  97.00   2.558336E-02     22.5627
  98.00   2.334583E-02     23.3971
  99.00   2.136879E-02     24.4897
 100.00   1.964377E-02     25.8609
 101.00   1.815970E-02     27.5183
 102.00   1.690325E-02     29.4519
 103.00   1.585916E-02     31.6311
 104.00   1.501053E-02     34.0042
 105.00   1.433926E-02     36.5018
 106.00   1.382635E-02     39.0432
 107.00   1.345229E-02     41.5459
 108.00   1.319738E-02     43.9345
 109.00   1.304211E-02     46.1481
 110.00   1.296741E-02     48.1446
 111.00   1.295502E-02     49.9009
 112.00   1.298768E-02     51.4111
 113.00   1.304934E-02     52.6827
 114.00   1.312539E-02     53.7323
 115.00   1.320274E-02     54.5820
 116.00   1.326994E-02     55.2560
 117.00   1.331719E-02     55.7786
 118.00   1.333638E-02     56.1727
 119.00   1.332106E-02     56.4587
 120.00   1.326637E-02     56.6549
 121.00   1.316896E-02     56.7765
 122.00   1.302685E-02     56.8366
 123.00   1.283938E-02     56.8459
 124.00   1.260703E-02     56.8129
 125.00   1.233128E-02     56.7445
 126.00   1.201449E-02     56.6459
 127.00   1.165975E-02     56.5212
 128.00   1.127076E-02     56.3729
 129.00   1.085163E-02     56.2026
 130.00   1.040683E-02     56.0109
 131.00   9.940980E-03     55.7974
 132.00   9.458818E-03     55.5605
 133.00   8.965043E-03     55.2981
 134.00   8.464252E-03     55.0065
 135.00   7.960863E-03     54.6813
 136.00   7.459056E-03     54.3164
 137.00   6.962724E-03     53.9046
 138.00   6.475440E-03     53.4366
 139.00   6.000435E-03     52.9017
 140.00   5.540576E-03     52.2867
 141.00   5.098372E-03     51.5760
 142.00   4.675969E-03     50.7510
 143.00   4.275162E-03     49.7900
 144.00   3.897410E-03     48.6679
 145.00   3.543851E-03     47.3557
 146.00   3.215328E-03     45.8209
 147.00   2.912406E-03     44.0282
 148.00   2.635393E-03     41.9407
 149.00   2.384362E-03     39.5228
 150.00   2.159170E-03     36.7441
 151.00   1.959475E-03     33.5852
 152.00   1.784753E-03     30.0454
 153.00   1.634313E-03     26.1518
 154.00   1.507310E-03     21.9673
 155.00   1.402764E-03     17.5956
 156.00   1.319567E-03     13.1798
 157.00   1.256500E-03      8.8913
 158.00   1.212244E-03      4.9096
 159.00   1.185390E-03      1.3964
 160.00   1.174455E-03     -1.5292
 161.00   1.177890E-03     -3.8060
 162.00   1.194102E-03     -5.4335
 163.00   1.221463E-03     -6.4624
 164.00   1.258328E-03     -6.9780
 165.00   1.303047E-03     -7.0822
 166.00   1.353983E-03     -6.8781
 167.00   1.409519E-03     -6.4596
 168.00   1.468079E-03     -5.9060
 169.00   1.528138E-03     -5.2802
 170.00   1.588242E-03     -4.6294
 171.00   1.647024E-03     -3.9870
 172.00   1.703213E-03     -3.3750
 173.00   1.755652E-03     -2.8062
 174.00   1.803301E-03     -2.2863
 175.00   1.845242E-03     -1.8160
 176.00   1.880682E-03     -1.3916
 177.00   1.908958E-03     -1.0068
 178.00   1.929543E-03     -0.6532
 179.00   1.942051E-03     -0.3211
 180.00   1.946247E-03     -0.0000
