   0.00   3.470736E+00     -0.0000
   1.00   3.472607E+00     -4.4032
   2.00   3.477117E+00     -8.6235
   3.00   3.481101E+00    -12.5022
   4.00   3.479767E+00    -15.9224
   5.00   3.467335E+00    -18.8150
   6.00   3.437806E+00    -21.1558
   7.00   3.385737E+00    -22.9549
   8.00   3.306922E+00    -24.2439
   9.00   3.198913E+00    -25.0641
  10.00   3.061304E+00    -25.4574
  11.00   2.895784E+00    -25.4596
  12.00   2.705970E+00    -25.0973
  13.00   2.497053E+00    -24.3860
  14.00   2.275327E+00    -23.3305
  15.00   2.047659E+00    -21.9272
  16.00   1.820964E+00    -20.1672
  17.00   1.601722E+00    -18.0436
  18.00   1.395594E+00    -15.5625
  19.00   1.207139E+00    -12.7596
  20.00   1.039650E+00     -9.7238
  21.00   8.950963E-01     -6.6252
  22.00   7.741725E-01     -3.7367
  23.00   6.764174E-01     -1.4320
  24.00   6.003960E-01     -0.1345
  25.00   5.439151E-01     -0.2102
  26.00   5.042519E-01     -1.8374
  27.00   4.783792E-01     -4.9275
  28.00   4.631719E-01     -9.1513
  29.00   4.555841E-01    -14.0573
  30.00   4.527920E-01    -19.2064
  31.00   4.522995E-01    -24.2594
  32.00   4.520087E-01    -29.0011
  33.00   4.502569E-01    -33.3235
  34.00   4.458247E-01    -37.1924
  35.00   4.379203E-01    -40.6171
  36.00   4.261451E-01    -43.6271
  37.00   4.104439E-01    -46.2572
  38.00   3.910467E-01    -48.5394
  39.00   3.684049E-01    -50.4973
  40.00   3.431273E-01    -52.1440
  41.00   3.159192E-01    -53.4797
  42.00   2.875272E-01    -54.4907
  43.00   2.586928E-01    -55.1470
  44.00   2.301136E-01    -55.3997
  45.00   2.024153E-01    -55.1773
  46.00   1.761314E-01    -54.3820
  47.00   1.516909E-01    -52.8853
  48.00   1.294131E-01    -50.5246
  49.00   1.095079E-01    -47.1054
  50.00   9.208133E-02    -42.4113
  51.00   7.714487E-02    -36.2341
  52.00   6.462790E-02    -28.4309
  53.00   5.439194E-02    -19.0185
  54.00   4.624604E-02     -8.2918
  55.00   3.996203E-02      3.0799
  56.00   3.528911E-02     14.0659
  57.00   3.196694E-02     23.4720
  58.00   2.973694E-02     30.2860
  59.00   2.835168E-02     33.9946
  60.00   2.758216E-02     34.6829
  61.00   2.722336E-02     32.8878
  62.00   2.709782E-02     29.3413
  63.00   2.705774E-02     24.7519
  64.00   2.698557E-02     19.6898
  65.00   2.679326E-02     14.5605
  66.00   2.642051E-02      9.6263
  67.00   2.583212E-02      5.0436
  68.00   2.501468E-02      0.8978
  69.00   2.397303E-02     -2.7687
  70.00   2.272644E-02     -5.9368
  71.00   2.130503E-02     -8.5978
  72.00   1.974629E-02    -10.7442
  73.00   1.809199E-02    -12.3639
  74.00   1.638548E-02    -13.4359
  75.00   1.466940E-02    -13.9265
  76.00   1.298378E-02    -13.7874
  77.00   1.136461E-02    -12.9535
  78.00   9.842710E-03    -11.3436
  79.00   8.443058E-03     -8.8649
  80.00   7.184421E-03     -5.4261
  81.00   6.079312E-03     -0.9656
  82.00   5.134222E-03      4.4968
  83.00   4.350074E-03     10.7791
  84.00   3.722856E-03     17.4406
  85.00   3.244354E-03     23.7197
  86.00   2.902954E-03     28.6051
  87.00   2.684447E-03     31.1124
  88.00   2.572820E-03     30.6868
  89.00   2.550990E-03     27.4609
  90.00   2.601476E-03     22.1595
  91.00   2.706994E-03     15.7447
  92.00   2.850966E-03      9.0741
  93.00   3.017945E-03      2.7386
  94.00   3.193950E-03     -2.9383
  95.00   3.366708E-03     -7.8283
  96.00   3.525813E-03    -11.9207
  97.00   3.662799E-03    -15.2637
  98.00   3.771149E-03    -17.9289
  99.00   3.846228E-03    -19.9912
 100.00   3.885176E-03    -21.5196
 101.00   3.886758E-03    -22.5735
 102.00   3.851182E-03    -23.2018
 103.00   3.779902E-03    -23.4433
 104.00   3.675409E-03    -23.3283
 105.00   3.541020E-03    -22.8788
 106.00   3.380671E-03    -22.1108
 107.00   3.198720E-03    -21.0340
 108.00   2.999764E-03    -19.6539
 109.00   2.788479E-03    -17.9717
 110.00   2.569474E-03    -15.9859
 111.00   2.347171E-03    -13.6928
 112.00   2.125700E-03    -11.0889
 113.00   1.908822E-03     -8.1726
 114.00   1.699866E-03     -4.9484
 115.00   1.501690E-03     -1.4327
 116.00   1.316656E-03      2.3377
 117.00   1.146623E-03      6.2920
 118.00   9.929615E-04     10.3068
 119.00   8.565675E-04     14.1819
 120.00   7.378991E-04     17.6119
 121.00   6.370117E-04     20.1647
 122.00   5.536018E-04     21.2854
 123.00   4.870525E-04     20.3577
 124.00   4.364808E-04     16.8531
 125.00   4.007857E-04     10.5520
 126.00   3.786958E-04      1.7453
 127.00   3.688148E-04     -8.7366
 128.00   3.696648E-04    -19.7406
 129.00   3.797260E-04    -30.1481
 130.00   3.974719E-04    -39.1612
 131.00   4.214008E-04    -46.3954
 132.00   4.500621E-04    -51.8087
 133.00   4.820794E-04    -55.5676
 134.00   5.161693E-04    -57.9274
 135.00   5.511560E-04    -59.1545
 136.00   5.859825E-04    -59.4874
 137.00   6.197169E-04    -59.1232
 138.00   6.515563E-04    -58.2168
 139.00   6.808258E-04    -56.8868
 140.00   7.069760E-04    -55.2221
 141.00   7.295783E-04    -53.2884
 142.00   7.483184E-04    -51.1343
 143.00   7.629897E-04    -48.7955
 144.00   7.734848E-04    -46.2983
 145.00   7.797860E-04    -43.6625
 146.00   7.819551E-04    -40.9035
 147.00   7.801224E-04    -38.0339
 148.00   7.744746E-04    -35.0648
 149.00   7.652444E-04    -32.0071
 150.00   7.526999E-04    -28.8715
 151.00   7.371358E-04    -25.6698
 152.00   7.188655E-04    -22.4150
 153.00   6.982139E-04    -19.1213
 154.00   6.755111E-04    -15.8049
 155.00   6.510858E-04    -12.4838
 156.00   6.252601E-04     -9.1778
 157.00   5.983447E-04     -5.9088
 158.00   5.706353E-04     -2.7001
 159.00   5.424105E-04      0.4233
 160.00   5.139311E-04      3.4355
 161.00   4.854400E-04      6.3100
 162.00   4.571629E-04      9.0199
 163.00   4.293092E-04     11.5379
 164.00   4.020720E-04     13.8366
 165.00   3.756292E-04     15.8885
 166.00   3.501439E-04     17.6656
 167.00   3.257652E-04     19.1394
 168.00   3.026300E-04     20.2806
 169.00   2.808639E-04     21.0590
 170.00   2.605827E-04     21.4434
 171.00   2.418933E-04     21.4020
 172.00   2.248942E-04     20.9035
 173.00   2.096756E-04     19.9189
 174.00   1.963182E-04     18.4261
 175.00   1.848933E-04     16.4152
 176.00   1.754619E-04     13.8958
 177.00   1.680741E-04     10.9057
 178.00   1.627691E-04      7.5166
 179.00   1.595750E-04      3.8356
 180.00   1.585084E-04     -0.0000
