   0.00   1.971131E+01     -0.0000
   1.00   1.944840E+01     -0.2505
   2.00   1.867705E+01     -0.5081
   3.00   1.744771E+01     -0.7807
   4.00   1.583911E+01     -1.0770
   5.00   1.395089E+01     -1.4080
   6.00   1.189472E+01     -1.7878
   7.00   9.784812E+00     -2.2354
   8.00   7.728992E+00     -2.7782
   9.00   5.821183E+00     -3.4574
  10.00   4.135884E+00     -4.3380
  11.00   2.724975E+00     -5.5281
  12.00   1.616853E+00     -7.2160
  13.00   8.176113E-01     -9.7104
  14.00   3.138455E-01    -12.9740
  15.00   7.654823E-02     -3.2557
  16.00   6.555777E-02     51.2558
  17.00   2.340756E-01     28.2455
  18.00   5.328632E-01     17.6189
  19.00   9.138407E-01     12.7003
  20.00   1.332925E+00      9.9120
  21.00   1.752047E+00      8.0966
  22.00   2.140363E+00      6.7914
  23.00   2.474746E+00      5.7777
  24.00   2.739674E+00      4.9383
  25.00   2.926647E+00      4.2039
  26.00   3.033284E+00      3.5297
  27.00   3.062229E+00      2.8841
  28.00   3.019985E+00      2.2432
  29.00   2.915764E+00      1.5876
  30.00   2.760439E+00      0.8998
  31.00   2.565621E+00      0.1635
  32.00   2.342905E+00     -0.6379
  33.00   2.103276E+00     -1.5212
  34.00   1.856681E+00     -2.5046
  35.00   1.611740E+00     -3.6075
  36.00   1.375591E+00     -4.8508
  37.00   1.153844E+00     -6.2558
  38.00   9.506177E-01     -7.8422
  39.00   7.686485E-01     -9.6236
  40.00   6.094424E-01    -11.5966
  41.00   4.734566E-01    -13.7190
  42.00   3.602919E-01    -15.8631
  43.00   2.688815E-01    -17.7229
  44.00   1.976680E-01    -18.6436
  45.00   1.447606E-01    -17.3745
  46.00   1.080702E-01    -11.9773
  47.00   8.542043E-02     -0.7062
  48.00   7.463729E-02     15.4428
  49.00   7.361785E-02     31.4271
  50.00   8.038077E-02     42.2488
  51.00   9.310090E-02     47.0212
  52.00   1.101303E-01     47.5930
  53.00   1.300084E-01     45.9551
  54.00   1.514624E-01     43.3713
  55.00   1.734026E-01     40.4928
  56.00   1.949122E-01     37.6184
  57.00   2.152354E-01     34.8701
  58.00   2.337636E-01     32.2872
  59.00   2.500227E-01     29.8728
  60.00   2.636601E-01     27.6146
  61.00   2.744330E-01     25.4957
  62.00   2.821971E-01     23.4988
  63.00   2.868965E-01     21.6078
  64.00   2.885542E-01     19.8084
  65.00   2.872617E-01     18.0884
  66.00   2.831708E-01     16.4371
  67.00   2.764839E-01     14.8454
  68.00   2.674454E-01     13.3058
  69.00   2.563333E-01     11.8114
  70.00   2.434506E-01     10.3569
  71.00   2.291174E-01      8.9378
  72.00   2.136630E-01      7.5514
  73.00   1.974187E-01      6.1963
  74.00   1.807103E-01      4.8738
  75.00   1.638516E-01      3.5885
  76.00   1.471380E-01      2.3496
  77.00   1.308408E-01      1.1734
  78.00   1.152029E-01      0.0858
  79.00   1.004345E-01     -0.8727
  80.00   8.671089E-02     -1.6410
  81.00   7.417078E-02     -2.1287
  82.00   6.291576E-02     -2.2051
  83.00   5.301098E-02     -1.6878
  84.00   4.448657E-02     -0.3342
  85.00   3.733994E-02      2.1491
  86.00   3.153861E-02      6.0599
  87.00   2.702357E-02     11.5890
  88.00   2.371304E-02     18.6437
  89.00   2.150634E-02     26.6845
  90.00   2.028805E-02     34.7453
  91.00   1.993203E-02     41.7403
  92.00   2.030557E-02     46.8970
  93.00   2.127319E-02     49.9922
  94.00   2.270036E-02     51.2664
  95.00   2.445676E-02     51.1784
  96.00   2.641916E-02     50.1973
  97.00   2.847382E-02     48.7010
  98.00   3.051837E-02     46.9559
  99.00   3.246312E-02     45.1346
 100.00   3.423196E-02     43.3411
 101.00   3.576278E-02     41.6344
 102.00   3.700746E-02     40.0450
 103.00   3.793153E-02     38.5859
 104.00   3.851351E-02     37.2604
 105.00   3.874404E-02     36.0663
 106.00   3.862471E-02     34.9986
 107.00   3.816682E-02     34.0513
 108.00   3.738996E-02     33.2182
 109.00   3.632057E-02     32.4936
 110.00   3.499046E-02     31.8723
 111.00   3.343534E-02     31.3503
 112.00   3.169345E-02     30.9245
 113.00   2.980425E-02     30.5928
 114.00   2.780718E-02     30.3540
 115.00   2.574065E-02     30.2083
 116.00   2.364115E-02     30.1571
 117.00   2.154246E-02     30.2029
 118.00   1.947518E-02     30.3497
 119.00   1.746625E-02     30.6032
 120.00   1.553874E-02     30.9704
 121.00   1.371179E-02     31.4606
 122.00   1.200051E-02     32.0847
 123.00   1.041622E-02     32.8556
 124.00   8.966559E-03     33.7878
 125.00   7.655819E-03     34.8962
 126.00   6.485248E-03     36.1948
 127.00   5.453425E-03     37.6922
 128.00   4.556637E-03     39.3853
 129.00   3.789272E-03     41.2472
 130.00   3.144198E-03     43.2095
 131.00   2.613133E-03     45.1367
 132.00   2.186992E-03     46.8004
 133.00   1.856204E-03     47.8687
 134.00   1.610998E-03     47.9424
 135.00   1.441643E-03     46.6672
 136.00   1.338651E-03     43.9002
 137.00   1.292930E-03     39.8296
 138.00   1.295898E-03     34.9320
 139.00   1.339570E-03     29.7810
 140.00   1.416601E-03     24.8472
 141.00   1.520318E-03     20.4054
 142.00   1.644713E-03     16.5517
 143.00   1.784432E-03     13.2662
 144.00   1.934737E-03     10.4746
 145.00   2.091462E-03      8.0871
 146.00   2.250967E-03      6.0194
 147.00   2.410087E-03      4.2005
 148.00   2.566091E-03      2.5744
 149.00   2.716642E-03      1.0985
 150.00   2.859767E-03     -0.2581
 151.00   2.993820E-03     -1.5175
 152.00   3.117456E-03     -2.6946
 153.00   3.229602E-03     -3.7988
 154.00   3.329436E-03     -4.8354
 155.00   3.416373E-03     -5.8064
 156.00   3.490057E-03     -6.7119
 157.00   3.550359E-03     -7.5498
 158.00   3.597372E-03     -8.3172
 159.00   3.631407E-03     -9.0099
 160.00   3.652974E-03     -9.6231
 161.00   3.662762E-03    -10.1516
 162.00   3.661615E-03    -10.5899
 163.00   3.650506E-03    -10.9324
 164.00   3.630520E-03    -11.1733
 165.00   3.602833E-03    -11.3075
 166.00   3.568701E-03    -11.3300
 167.00   3.529440E-03    -11.2362
 168.00   3.486405E-03    -11.0226
 169.00   3.440960E-03    -10.6866
 170.00   3.394441E-03    -10.2270
 171.00   3.348130E-03     -9.6441
 172.00   3.303224E-03     -8.9403
 173.00   3.260819E-03     -8.1201
 174.00   3.221905E-03     -7.1904
 175.00   3.187360E-03     -6.1604
 176.00   3.157958E-03     -5.0422
 177.00   3.134357E-03     -3.8498
 178.00   3.117094E-03     -2.5996
 179.00   3.106570E-03     -1.3099
 180.00   3.103034E-03     -0.0000
