 loop =           0  is type =           0   0.00000000       20.0000000       0.00000000       1.28419995       0.00000000       0.00000000       0.00000000       0.00000000       0.00000000    
 loop =          -1  is type =           1   0.00000000       46.2406998       1.16709995      0.689999998       3.41910005       1.17530000      0.689999998       0.00000000       0.00000000    
 loop =          -1  is type =           2   0.00000000       0.00000000       0.00000000       0.00000000       7.25559998       1.17530000      0.689999998       0.00000000       0.00000000    
 loop =          -1  is type =           3   0.00000000       5.90000010      0.897899985      0.629999995       0.00000000       0.00000000       0.00000000       0.00000000       0.00000000    
 WOUT,ITER,FALLOC = F           0 F
