0.001  5.03362e-05 0.261831
0.00101  5.03737e-05 0.263137
0.0010201  5.04115e-05 0.264449
0.0010303  5.04494e-05 0.265768
0.0010406  5.04876e-05 0.267094
0.00105101  5.05259e-05 0.268426
0.00106152  5.05644e-05 0.269765
0.00107214  5.06031e-05 0.27111
0.00108286  5.0642e-05 0.272462
0.00109369  5.0681e-05 0.273821
0.00110462  5.07203e-05 0.275187
0.00111567  5.07598e-05 0.27656
0.00112683  5.07994e-05 0.277939
0.00113809  5.08393e-05 0.279325
0.00114947  5.08793e-05 0.280718
0.00116097  5.09195e-05 0.282118
0.00117258  5.096e-05 0.283526
0.0011843  5.10006e-05 0.28494
0.00119615  5.10415e-05 0.286361
0.00120811  5.10825e-05 0.287789
0.00122019  5.11229e-05 0.289224
0.00123239  5.11631e-05 0.290667
0.00124472  5.12035e-05 0.292117
0.00125716  5.12441e-05 0.293574
0.00126973  5.12848e-05 0.295038
0.00128243  5.13258e-05 0.296509
0.00129526  5.1367e-05 0.297988
0.00130821  5.14084e-05 0.299474
0.00132129  5.14442e-05 0.300968
0.0013345  5.14777e-05 0.302469
0.00134785  5.15113e-05 0.303978
0.00136133  5.15449e-05 0.305494
0.00137494  5.15787e-05 0.307018
0.00138869  5.16127e-05 0.308549
0.00140258  5.16467e-05 0.310088
0.0014166  5.16808e-05 0.311634
0.00143077  5.17151e-05 0.313189
0.00144508  5.17495e-05 0.314751
0.00145953  5.1784e-05 0.31632
0.00147412  5.18186e-05 0.317898
0.00148886  5.18533e-05 0.319484
0.00150375  5.18848e-05 0.321077
0.00151879  5.19141e-05 0.322679
0.00153398  5.19434e-05 0.324288
0.00154932  5.19728e-05 0.325905
0.00156481  5.20023e-05 0.327531
0.00158046  5.20318e-05 0.329164
0.00159626  5.20614e-05 0.330806
0.00161223  5.2091e-05 0.332456
0.00162835  5.21199e-05 0.334114
0.00164463  5.21488e-05 0.335781
0.00166108  5.21777e-05 0.337455
0.00167769  5.22066e-05 0.339138
0.00169447  5.22356e-05 0.340811
0.00171141  5.22646e-05 0.342455
0.00172852  5.22937e-05 0.344119
0.00174581  5.23228e-05 0.345804
0.00176327  5.23493e-05 0.347509
0.0017809  5.23751e-05 0.349234
0.00179871  5.24009e-05 0.350979
0.0018167  5.24267e-05 0.352744
0.00183486  5.24525e-05 0.354528
0.00185321  5.24783e-05 0.356331
0.00187174  5.25041e-05 0.358153
0.00189046  5.25299e-05 0.359993
0.00190937  5.25557e-05 0.361784
0.00192846  5.25815e-05 0.363566
0.00194774  5.26072e-05 0.365363
0.00196722  5.2633e-05 0.367176
0.00198689  5.26588e-05 0.369004
0.00200676  5.26818e-05 0.370847
0.00202683  5.27035e-05 0.372703
0.0020471  5.27251e-05 0.374572
0.00206757  5.27466e-05 0.376453
0.00208825  5.27681e-05 0.378346
0.00210913  5.27895e-05 0.380249
0.00213022  5.28109e-05 0.38216
0.00215152  5.28322e-05 0.384068
0.00217304  5.28534e-05 0.385984
0.00219477  5.28743e-05 0.38791
0.00221672  5.28947e-05 0.389845
0.00223888  5.29149e-05 0.391789
0.00226127  5.29351e-05 0.393742
0.00228388  5.29552e-05 0.395705
0.00230672  5.29752e-05 0.397678
0.00232979  5.29951e-05 0.399661
0.00235309  5.30149e-05 0.401653
0.00237662  5.30347e-05 0.403656
0.00240038  5.30543e-05 0.405668
0.00242439  5.30738e-05 0.40769
0.00244863  5.30925e-05 0.409723
0.00247312  5.31111e-05 0.411766
0.00249785  5.31296e-05 0.41382
0.00252283  5.3148e-05 0.415884
0.00254806  5.31663e-05 0.417958
0.00257354  5.31844e-05 0.420043
0.00259927  5.32024e-05 0.422139
0.00262527  5.32204e-05 0.424245
0.00265152  5.32388e-05 0.426361
0.00267803  5.32572e-05 0.428488
0.00270481  5.32754e-05 0.430626
0.00273186  5.32934e-05 0.432774
0.00275918  5.33114e-05 0.434933
0.00278677  5.33292e-05 0.437102
0.00281464  5.33468e-05 0.439282
0.00284279  5.33644e-05 0.441473
0.00287121  5.33817e-05 0.443675
0.00289993  5.3399e-05 0.445887
0.00292893  5.34161e-05 0.448111
0.00295822  5.3433e-05 0.450345
0.0029878  5.34497e-05 0.452591
0.00301768  5.34633e-05 0.454848
0.00304785  5.34765e-05 0.457117
0.00307833  5.34894e-05 0.459397
0.00310911  5.35021e-05 0.461688
0.0031402  5.35147e-05 0.463991
0.00317161  5.3527e-05 0.466305
0.00320332  5.35391e-05 0.46863
0.00323536  5.35509e-05 0.470968
0.00326771  5.35623e-05 0.473317
0.00330039  5.35734e-05 0.475677
0.00333339  5.35843e-05 0.47805
0.00336672  5.3595e-05 0.480434
0.00340039  5.36054e-05 0.48283
0.0034344  5.36156e-05 0.485238
0.00346874  5.36255e-05 0.487659
0.00350343  5.36357e-05 0.490091
0.00353846  5.36494e-05 0.492535
0.00357385  5.36629e-05 0.494992
0.00360958  5.36761e-05 0.49746
0.00364568  5.36891e-05 0.499941
0.00368214  5.37019e-05 0.502435
0.00371896  5.37145e-05 0.504941
0.00375615  5.37268e-05 0.507459
0.00379371  5.37389e-05 0.50999
0.00383165  5.37507e-05 0.512533
0.00386996  5.37623e-05 0.51509
0.00390866  5.37736e-05 0.517659
0.00394775  5.37846e-05 0.520241
0.00398723  5.37954e-05 0.522835
0.0040271  5.38045e-05 0.525443
0.00406737  5.38134e-05 0.528064
0.00410804  5.38219e-05 0.530697
0.00414912  5.38301e-05 0.533344
0.00419062  5.3838e-05 0.536004
0.00423252  5.38457e-05 0.538677
0.00427485  5.38529e-05 0.541364
0.0043176  5.38599e-05 0.544064
0.00436077  5.38666e-05 0.546778
0.00440438  5.38792e-05 0.549505
0.00444842  5.38943e-05 0.552245
0.00449291  5.39092e-05 0.555
0.00453784  5.39238e-05 0.557768
0.00458321  5.39382e-05 0.56055
0.00462905  5.39523e-05 0.563345
0.00467534  5.39662e-05 0.566155
0.00472209  5.39797e-05 0.568978
0.00476931  5.3993e-05 0.571816
0.004817  5.40061e-05 0.574668
0.00486517  5.40188e-05 0.577534
0.00491383  5.40313e-05 0.580415
0.00496296  5.40435e-05 0.58331
0.00501259  5.40552e-05 0.586219
0.00506272  5.40665e-05 0.589143
0.00511335  5.40775e-05 0.592081
0.00516448  5.40881e-05 0.595034
0.00521613  5.40985e-05 0.598002
0.00526829  5.41085e-05 0.600984
0.00532097  5.41181e-05 0.603981
0.00537418  5.41274e-05 0.606994
0.00542792  5.41364e-05 0.610021
0.0054822  5.4145e-05 0.613064
0.00553702  5.41533e-05 0.616121
0.00559239  5.41612e-05 0.619194
0.00564832  5.41687e-05 0.622283
0.0057048  5.41759e-05 0.625386
0.00576185  5.41826e-05 0.628505
0.00581947  5.4189e-05 0.63164
0.00587766  5.4195e-05 0.63479
0.00593644  5.42006e-05 0.637956
0.0059958  5.42058e-05 0.641138
0.00605576  5.42108e-05 0.644336
0.00611632  5.42155e-05 0.647549
0.00617748  5.42197e-05 0.650779
0.00623926  5.42234e-05 0.654025
0.00630165  5.42267e-05 0.657287
0.00636466  5.42296e-05 0.660565
0.00642831  5.42321e-05 0.663859
0.00649259  5.42342e-05 0.66717
0.00655752  5.42361e-05 0.670498
0.0066231  5.42526e-05 0.673842
0.00668933  5.42698e-05 0.677203
0.00675622  5.42866e-05 0.68058
0.00682378  5.43031e-05 0.683975
0.00689202  5.43192e-05 0.687386
0.00696094  5.43351e-05 0.690814
0.00703055  5.43505e-05 0.69426
0.00710085  5.43657e-05 0.697723
0.00717186  5.43805e-05 0.701202
0.00724358  5.43949e-05 0.7047
0.00731602  5.44089e-05 0.708214
0.00738918  5.44226e-05 0.711746
0.00746307  5.44359e-05 0.715296
0.0075377  5.44488e-05 0.718864
0.00761308  5.44613e-05 0.722449
0.00768921  5.44734e-05 0.726052
0.0077661  5.44851e-05 0.729673
0.00784376  5.44964e-05 0.733313
0.0079222  5.45073e-05 0.73697
0.00800142  5.45184e-05 0.740646
0.00808144  5.45301e-05 0.74434
0.00816225  5.45422e-05 0.748052
0.00824387  5.45539e-05 0.751783
0.00832631  5.45651e-05 0.755532
0.00840957  5.45759e-05 0.759301
0.00849367  5.45862e-05 0.763088
0.00857861  5.45962e-05 0.766894
0.00866439  5.46056e-05 0.770718
0.00875104  5.46152e-05 0.774563
0.00883855  5.46448e-05 0.778426
0.00892693  5.46742e-05 0.782308
0.0090162  5.47032e-05 0.78621
0.00910636  5.4732e-05 0.790131
0.00919743  5.47605e-05 0.794072
0.0092894  5.47887e-05 0.798032
0.0093823  5.48166e-05 0.802012
0.00947612  5.48442e-05 0.806012
0.00957088  5.48715e-05 0.810032
0.00966659  5.48985e-05 0.814072
0.00976325  5.49252e-05 0.818133
0.00986089  5.49515e-05 0.822213
0.0099595  5.49775e-05 0.826314
0.0100591  5.50065e-05 0.830435
0.0101597  5.50355e-05 0.834577
0.0102613  5.50641e-05 0.838739
0.0103639  5.50924e-05 0.842923
0.0104675  5.51204e-05 0.847127
0.0105722  5.51481e-05 0.851352
0.0106779  5.51754e-05 0.855598
0.0107847  5.52024e-05 0.859865
0.0108926  5.5229e-05 0.864154
0.0110015  5.52552e-05 0.868464
0.0111115  5.52811e-05 0.872795
0.0112226  5.53066e-05 0.877148
0.0113348  5.53318e-05 0.881523
0.0114482  5.53565e-05 0.88592
0.0115627  5.53808e-05 0.890338
0.0116783  5.54048e-05 0.894779
0.0117951  5.54283e-05 0.899241
0.011913  5.54514e-05 0.903726
0.0120322  5.54741e-05 0.908234
0.0121525  5.54968e-05 0.912763
0.012274  5.552e-05 0.917316
0.0123967  5.55428e-05 0.921891
0.0125207  5.55651e-05 0.926489
0.0126459  5.5587e-05 0.93111
0.0127724  5.56084e-05 0.935754
0.0129001  5.56293e-05 0.940421
0.0130291  5.56498e-05 0.945111
0.0131594  5.5677e-05 0.949825
0.013291  5.5722e-05 0.954562
0.0134239  5.57668e-05 0.959323
0.0135581  5.58114e-05 0.964108
0.0136937  5.58556e-05 0.968916
0.0138307  5.58997e-05 0.973749
0.013969  5.59434e-05 0.978605
0.0141086  5.59869e-05 0.983486
0.0142497  5.60301e-05 0.988392
0.0143922  5.6073e-05 0.993321
0.0145362  5.61157e-05 0.998275
0.0146815  5.6158e-05 1.00325
0.0148283  5.62e-05 1.00826
0.0149766  5.62429e-05 1.01329
0.0151264  5.62907e-05 1.01834
0.0152776  5.63382e-05 1.02342
0.0154304  5.63854e-05 1.02852
0.0155847  5.64324e-05 1.03365
0.0157406  5.64791e-05 1.03881
0.015898  5.65255e-05 1.04399
0.016057  5.65716e-05 1.0492
0.0162175  5.66182e-05 1.05443
0.0163797  5.66655e-05 1.05969
0.0165435  5.67125e-05 1.06497
0.0167089  5.67592e-05 1.07029
0.016876  5.68057e-05 1.07562
0.0170448  5.68518e-05 1.08099
0.0172152  5.68975e-05 1.08638
0.0173874  5.6943e-05 1.0918
0.0175613  5.69957e-05 1.09724
0.0177369  5.7061e-05 1.10272
0.0179142  5.71262e-05 1.10822
0.0180934  5.71912e-05 1.11374
0.0182743  5.72561e-05 1.1193
0.0184571  5.73208e-05 1.12488
0.0186416  5.73853e-05 1.13049
0.018828  5.74497e-05 1.13613
0.0190163  5.75138e-05 1.1418
0.0192065  5.75778e-05 1.14749
0.0193986  5.76416e-05 1.15321
0.0195925  5.77052e-05 1.15896
0.0197885  5.77686e-05 1.16475
0.0199864  5.7834e-05 1.17055
0.0201862  5.79054e-05 1.17639
0.0203881  5.79766e-05 1.18226
0.020592  5.80476e-05 1.18816
0.0207979  5.81186e-05 1.19408
0.0210059  5.81893e-05 1.20004
0.0212159  5.82599e-05 1.20602
0.0214281  5.83303e-05 1.21204
0.0216424  5.84006e-05 1.21808
0.0218588  5.84707e-05 1.22416
0.0220774  5.85561e-05 1.23026
0.0222981  5.86423e-05 1.2364
0.0225211  5.87286e-05 1.24257
0.0227463  5.88148e-05 1.24876
0.0229738  5.89009e-05 1.25499
0.0232035  5.8987e-05 1.26125
0.0234356  5.90731e-05 1.26754
0.0236699  5.91591e-05 1.27386
0.0239066  5.9245e-05 1.28022
0.0241457  5.93309e-05 1.2866
0.0243871  5.94181e-05 1.29302
0.024631  5.9506e-05 1.29947
0.0248773  5.95938e-05 1.30595
0.0251261  5.96816e-05 1.31246
0.0253774  5.97693e-05 1.31901
0.0256311  5.98569e-05 1.32559
0.0258874  5.99444e-05 1.3322
0.0261463  6.00319e-05 1.33884
0.0264078  6.01306e-05 1.34552
0.0266719  6.02363e-05 1.35223
0.0269386  6.03421e-05 1.35898
0.027208  6.04479e-05 1.36575
0.02748  6.05538e-05 1.37257
0.0277548  6.06598e-05 1.37941
0.0280324  6.07658e-05 1.38629
0.0283127  6.08719e-05 1.39321
0.0285958  6.0978e-05 1.40015
0.0288818  6.10842e-05 1.40714
0.0291706  6.11904e-05 1.41416
0.0294623  6.12967e-05 1.42121
0.029757  6.1403e-05 1.4283
0.0300545  6.15145e-05 1.43542
0.0303551  6.1631e-05 1.44258
0.0306586  6.17476e-05 1.44977
0.0309652  6.18643e-05 1.45701
0.0312749  6.19811e-05 1.46427
0.0315876  6.20981e-05 1.47158
0.0319035  6.22151e-05 1.47892
0.0322225  6.23322e-05 1.48629
0.0325447  6.24507e-05 1.4937
0.0328702  6.25698e-05 1.50115
0.0331989  6.2689e-05 1.50864
0.0335309  6.28083e-05 1.51616
0.0338662  6.29277e-05 1.52373
0.0342049  6.30471e-05 1.53133
0.0345469  6.31667e-05 1.53896
0.0348924  6.32863e-05 1.54664
0.0352413  6.34205e-05 1.55435
0.0355937  6.35609e-05 1.56211
0.0359496  6.37016e-05 1.5699
0.0363091  6.38425e-05 1.57773
0.0366722  6.39837e-05 1.5856
0.037039  6.41252e-05 1.5935
0.0374093  6.42669e-05 1.60145
0.0377834  6.44089e-05 1.60944
0.0381613  6.45511e-05 1.61747
0.0385429  6.46936e-05 1.62553
0.0389283  6.48363e-05 1.63364
0.0393176  6.49792e-05 1.64179
0.0397108  6.51224e-05 1.64998
0.0401079  6.52708e-05 1.65821
0.040509  6.5423e-05 1.66648
0.040914  6.55766e-05 1.67479
0.0413232  6.57305e-05 1.68314
0.0417364  6.58847e-05 1.69154
0.0421538  6.60392e-05 1.69997
0.0425753  6.6194e-05 1.70845
0.0430011  6.63492e-05 1.71697
0.0434311  6.65046e-05 1.72554
0.0438654  6.66668e-05 1.73414
0.044304  6.68459e-05 1.74279
0.0447471  6.70255e-05 1.75148
0.0451946  6.72056e-05 1.76022
0.0456465  6.73862e-05 1.769
0.046103  6.75673e-05 1.77782
0.046564  6.7749e-05 1.78669
0.0470296  6.79312e-05 1.7956
0.0474999  6.81139e-05 1.80455
0.0479749  6.82971e-05 1.81355
0.0484547  6.84808e-05 1.8226
0.0489392  6.86666e-05 1.83169
0.0494286  6.8853e-05 1.84083
0.0499229  6.9041e-05 1.85001
0.0504221  6.9235e-05 1.85923
0.0509264  6.94295e-05 1.86851
0.0514356  6.96246e-05 1.87783
0.05195  6.98204e-05 1.88719
0.0524695  7.00166e-05 1.8966
0.0529942  7.02135e-05 1.90606
0.0535241  7.0411e-05 1.91557
0.0540594  7.06091e-05 1.92512
0.0546  7.08077e-05 1.93473
0.055146  7.10069e-05 1.94438
0.0556974  7.12067e-05 1.95407
0.0562544  7.14071e-05 1.96382
0.0568169  7.16081e-05 1.97361
0.0573851  7.18096e-05 1.98346
0.0579589  7.20117e-05 1.99335
0.0585385  7.22144e-05 2.00329
0.0591239  7.24176e-05 2.01328
0.0597152  7.26215e-05 2.02332
0.0603123  7.28321e-05 2.03342
0.0609154  7.30444e-05 2.04356
0.0615246  7.32574e-05 2.05375
0.0621398  7.3471e-05 2.06399
0.0627612  7.36852e-05 2.07429
0.0633888  7.39e-05 2.08463
0.0640227  7.41155e-05 2.09503
0.064663  7.43318e-05 2.10548
0.0653096  7.45503e-05 2.11598
0.0659627  7.47879e-05 2.12653
0.0666223  7.50423e-05 2.13714
0.0672885  7.52977e-05 2.1478
0.0679614  7.55541e-05 2.15851
0.068641  7.58115e-05 2.16928
0.0693275  7.60698e-05 2.1801
0.0700207  7.63292e-05 2.19097
0.0707209  7.65896e-05 2.2019
0.0714281  7.6851e-05 2.21288
0.0721424  7.71134e-05 2.22392
0.0728638  7.73768e-05 2.23501
0.0735925  7.76413e-05 2.24616
0.0743284  7.79067e-05 2.25736
0.0750717  7.81732e-05 2.26862
0.0758224  7.84406e-05 2.27993
0.0765806  7.87091e-05 2.2913
0.0773464  7.89787e-05 2.30273
0.0781199  7.92492e-05 2.31422
0.0789011  7.95208e-05 2.32576
0.0796901  7.97934e-05 2.33736
0.080487  8.00747e-05 2.34902
0.0812919  8.03588e-05 2.36073
0.0821048  8.06448e-05 2.37251
0.0829259  8.09319e-05 2.38434
0.0837551  8.12201e-05 2.39623
0.0845927  8.15095e-05 2.40818
0.0854386  8.18e-05 2.42019
0.086293  8.20917e-05 2.43226
0.0871559  8.23845e-05 2.44439
0.0880275  8.26785e-05 2.45659
0.0889077  8.29737e-05 2.46884
0.0897968  8.327e-05 2.48115
0.0906948  8.35674e-05 2.49353
0.0916017  8.38661e-05 2.50596
0.0925178  8.41659e-05 2.51846
0.0934429  8.44668e-05 2.53102
0.0943774  8.4769e-05 2.54365
0.0953211  8.50723e-05 2.55633
0.0962743  8.53768e-05 2.56908
0.0972371  8.56824e-05 2.5819
0.0982095  8.59893e-05 2.59477
0.0991916  8.62973e-05 2.60772
0.100183  8.66113e-05 2.62072
0.101185  8.69309e-05 2.63379
0.102197  8.72517e-05 2.64693
0.103219  8.75739e-05 2.66013
0.104251  8.78973e-05 2.6734
0.105294  8.8222e-05 2.68673
0.106347  8.8548e-05 2.70013
0.10741  8.88754e-05 2.7136
0.108484  8.9204e-05 2.72713
0.109569  8.95339e-05 2.74074
0.110665  8.98652e-05 2.75441
0.111772  9.01977e-05 2.76814
0.112889  9.05316e-05 2.78195
0.114018  9.08668e-05 2.79583
0.115158  9.12033e-05 2.80977
0.11631  9.15412e-05 2.82378
0.117473  9.18803e-05 2.83787
0.118648  9.22208e-05 2.85202
0.119834  9.25627e-05 2.86624
0.121033  9.29059e-05 2.88054
0.122243  9.32531e-05 2.8949
0.123465  9.36019e-05 2.90934
0.1247  9.39522e-05 2.92385
0.125947  9.43038e-05 2.93843
0.127206  9.46568e-05 2.95309
0.128478  9.50111e-05 2.96782
0.129763  9.53669e-05 2.98262
0.131061  9.57241e-05 2.99749
0.132372  9.61076e-05 3.01244
0.133695  9.64964e-05 3.02747
0.135032  9.68868e-05 3.04257
0.136383  9.7279e-05 3.05775
0.137746  9.76729e-05 3.073
0.139124  9.80684e-05 3.08834
0.140515  9.84657e-05 3.10374
0.14192  9.88647e-05 3.11923
0.143339  9.92655e-05 3.13479
0.144773  9.96679e-05 3.15042
0.146221  0.000100072 3.16614
0.147683  0.000100478 3.18193
0.14916  0.000100886 3.19779
0.150651  0.000101306 3.21374
0.152158  0.000101731 3.22976
0.153679  0.000102158 3.24586
0.155216  0.000102586 3.26204
0.156768  0.000103017 3.2783
0.158336  0.00010345 3.29464
0.159919  0.000103884 3.31106
0.161518  0.000104321 3.32756
0.163134  0.000104759 3.34415
0.164765  0.0001052 3.36082
0.166413  0.000105642 3.37759
0.168077  0.000106086 3.39444
0.169757  0.000106533 3.41138
0.171455  0.000106922 3.42841
0.17317  0.000107292 3.44553
0.174901  0.000107662 3.46275
0.17665  0.000108045 3.48006
0.178417  0.000108428 3.49747
0.180201  0.000108813 3.51498
0.182003  0.000109198 3.53259
0.183823  0.000109584 3.55029
0.185661  0.000109971 3.56811
0.187518  0.000110358 3.58602
0.189393  0.000110747 3.60404
0.191287  0.000111136 3.62218
0.1932  0.000111526 3.64042
0.195132  0.000111916 3.65877
0.197083  0.000112308 3.67723
0.199054  0.0001127 3.6958
0.201045  0.000113093 3.71448
0.203055  0.000113486 3.73327
0.205086  0.000113881 3.75217
0.207136  0.000114275 3.77118
0.209208  0.000114671 3.79031
0.2113  0.000115067 3.80955
0.213413  0.000115464 3.8289
0.215547  0.000115861 3.84836
0.217702  0.000116259 3.86794
0.219879  0.000116661 3.88764
0.222078  0.000117068 3.90745
0.224299  0.000117476 3.92737
0.226542  0.000118042 3.94185
0.228807  0.000118662 3.95459
0.231095  0.000119287 3.96731
0.233406  0.000119917 3.98001
0.235741  0.000120552 3.99269
0.238098  0.000121191 4.00536
0.240479  0.000121836 4.018
0.242884  0.000122486 4.03062
0.245313  0.000123143 4.04322
0.247766  0.000123805 4.05579
0.250243  0.000124473 4.06834
0.252746  0.000125145 4.08086
0.255273  0.000125824 4.09335
0.257826  0.000126507 4.10581
0.260404  0.000127196 4.11824
0.263008  0.000127892 4.13064
0.265638  0.0001286 4.143
0.268295  0.000129314 4.15533
0.270978  0.000130033 4.16762
0.273687  0.000130758 4.17988
0.276424  0.000131489 4.19209
0.279189  0.000132226 4.20427
0.28198  0.000132969 4.2164
0.2848  0.000133718 4.22849
0.287648  0.000134474 4.24054
0.290525  0.000135235 4.25254
0.29343  0.000136003 4.26449
0.296364  0.000136777 4.2764
0.299328  0.000137559 4.28825
0.302321  0.000138357 4.30005
0.305344  0.000139163 4.3118
0.308398  0.000139974 4.3235
0.311482  0.000140793 4.33514
0.314597  0.000141619 4.34672
0.317743  0.000142451 4.35824
0.32092  0.000143291 4.36971
0.324129  0.000144138 4.38111
0.32737  0.000144993 4.39245
0.330644  0.000145855 4.40372
0.333951  0.000146725 4.41492
0.33729  0.000147602 4.42606
0.340663  0.000148487 4.43713
0.34407  0.000149379 4.44813
0.34751  0.000150279 4.45905
0.350985  0.000151189 4.4699
0.354495  0.000152112 4.48068
0.35804  0.000153044 4.49137
0.361621  0.000153983 4.50199
0.365237  0.000154931 4.51252
0.368889  0.000155887 4.52298
0.372578  0.000156851 4.53334
0.376304  0.000157824 4.54363
0.380067  0.000158805 4.55382
0.383868  0.000159796 4.56393
0.387706  0.000160795 4.57394
0.391583  0.000161802 4.58386
0.395499  0.000162819 4.59369
0.399454  0.000163846 4.60342
0.403449  0.000164886 4.61306
0.407483  0.000165935 4.62259
0.411558  0.000166994 4.63203
0.415674  0.000168063 4.64136
0.41983  0.000169141 4.65058
0.424029  0.000170229 4.6597
0.428269  0.000171219 4.6717
0.432552  0.000172159 4.68526
0.436877  0.000173103 4.69882
0.441246  0.000174058 4.71239
0.445658  0.000175019 4.72595
0.450115  0.000175985 4.73951
0.454616  0.000176955 4.75308
0.459162  0.00017793 4.76665
0.463754  0.000178909 4.78022
0.468391  0.000179893 4.79379
0.473075  0.000180882 4.80736
0.477806  0.000181875 4.82094
0.482584  0.000182873 4.83452
0.48741  0.000183875 4.8481
0.492284  0.000184883 4.86169
0.497207  0.000185894 4.87528
0.502179  0.000186912 4.88888
0.507201  0.000187936 4.90248
0.512273  0.000188963 4.91608
0.517396  0.000189995 4.9297
0.52257  0.000191031 4.94331
0.527795  0.00019207 4.95694
0.533073  0.000193114 4.97057
0.538404  0.000194162 4.98421
0.543788  0.000195214 4.99786
0.549226  0.00019627 5.01152
0.554718  0.000197329 5.02519
0.560265  0.000198392 5.03887
0.565868  0.000199459 5.05256
0.571527  0.00020053 5.06625
0.577242  0.000201604 5.07996
0.583014  0.000202681 5.09369
0.588844  0.000203762 5.10742
0.594733  0.000204845 5.12117
0.60068  0.000205934 5.13493
0.606687  0.000207028 5.14869
0.612754  0.000208125 5.16248
0.618881  0.000209224 5.17628
0.62507  0.000210327 5.1901
0.631321  0.000211432 5.20394
0.637634  0.00021254 5.2178
0.644011  0.000213651 5.23167
0.650451  0.000214764 5.24557
0.656955  0.000215881 5.25949
0.663525  0.000217006 5.27343
0.67016  0.000218134 5.2874
0.676862  0.000219264 5.30139
0.68363  0.000220388 5.31541
0.690466  0.000221503 5.32945
0.697371  0.00022262 5.34353
0.704345  0.000223738 5.35763
0.711388  0.000224858 5.37176
0.718502  0.000225978 5.38593
0.725687  0.000227099 5.40013
0.732944  0.000228221 5.41436
0.740273  0.000229343 5.42863
0.747676  0.000230466 5.44294
0.755153  0.000231589 5.45729
0.762705  0.000232712 5.47168
0.770332  0.000233835 5.48611
0.778035  0.000234958 5.50058
0.785815  0.000236081 5.5151
0.793673  0.000237203 5.52967
0.80161  0.000238326 5.54428
0.809626  0.00023945 5.55894
0.817722  0.000240574 5.57365
0.8259  0.000241696 5.58841
0.834159  0.000242818 5.60322
0.8425  0.000243937 5.61809
0.850925  0.000245056 5.63302
0.859435  0.000246172 5.648
0.868029  0.000247287 5.66305
0.876709  0.000248401 5.67815
0.885476  0.000249516 5.69332
0.894331  0.000250629 5.70855
0.903274  0.00025174 5.72385
0.912307  0.000252848 5.73921
0.92143  0.000253953 5.75465
0.930644  0.000255054 5.77016
0.939951  0.000256153 5.78574
0.94935  0.000257248 5.8014
0.958844  0.000258339 5.81714
0.968432  0.000259427 5.83296
0.978117  0.00026051 5.84886
0.987898  0.000261589 5.86485
0.997777  0.000262665 5.88092
1.00775  0.000263738 5.89708
1.01783  0.000264806 5.91334
1.02801  0.000265869 5.92968
1.03829  0.000266927 5.94612
1.04867  0.00026798 5.96267
1.05916  0.000269027 5.97931
1.06975  0.000270068 5.99605
1.08045  0.000271104 6.0129
1.09125  0.000272133 6.02986
1.10217  0.000273156 6.04693
1.11319  0.000274172 6.06412
1.12432  0.000275182 6.08142
1.13556  0.000276184 6.09884
1.14692  0.000277179 6.11638
1.15839  0.000278167 6.13404
1.16997  0.000279148 6.15184
1.18167  0.00028012 6.16976
1.19349  0.000281085 6.18782
1.20542  0.000282041 6.20601
1.21748  0.00028299 6.22434
1.22965  0.00028393 6.24282
1.24195  0.000284861 6.26144
1.25437  0.000285784 6.28021
1.26691  0.000286697 6.29914
1.27958  0.000287601 6.31821
1.29238  0.000288495 6.33745
1.3053  0.00028938 6.35685
1.31835  0.000290257 6.37642
1.33154  0.000291125 6.39615
1.34485  0.000291984 6.41606
1.3583  0.000292833 6.43614
1.37188  0.00029367 6.4564
1.3856  0.000294497 6.47685
1.39946  0.000295313 6.49749
1.41345  0.000296118 6.51832
1.42759  0.000296912 6.53934
1.44186  0.000297694 6.56057
1.45628  0.000298465 6.582
1.47085  0.000299223 6.60363
1.48555  0.00029997 6.62548
1.50041  0.000300706 6.64755
1.51541  0.000301431 6.66983
1.53057  0.000302144 6.69235
1.54587  0.000302844 6.71509
1.56133  0.000303531 6.73807
1.57695  0.000304206 6.76129
1.59271  0.000304868 6.78475
1.60864  0.000305516 6.80846
1.62473  0.000306152 6.83242
1.64098  0.000306775 6.85664
1.65739  0.000307384 6.88112
1.67396  0.000307979 6.90587
1.6907  0.000308561 6.9309
1.70761  0.000309129 6.95621
1.72468  0.000309683 6.98179
1.74193  0.000310223 7.00767
1.75935  0.00031075 7.03385
1.77694  0.000311264 7.06032
1.79471  0.000311764 7.0871
1.81266  0.000312249 7.11419
1.83078  0.00031272 7.1416
1.84909  0.000313177 7.16933
1.86758  0.000313619 7.19739
1.88626  0.000314046 7.22579
1.90512  0.000314458 7.25453
1.92417  0.000314856 7.28361
1.94341  0.000315238 7.31305
1.96285  0.000315606 7.34285
1.98248  0.000315959 7.37302
2.0023  0.000316298 7.40356
2.02232  0.000316623 7.43448
2.04255  0.000316932 7.46579
2.06297  0.000317227 7.49749
2.0836  0.000317507 7.5296
2.10444  0.000317771 7.56211
2.12548  0.000318021 7.59503
2.14674  0.000318255 7.62838
2.16821  0.000318474 7.66216
2.18989  0.000318678 7.69638
2.21179  0.000318869 7.73104
2.2339  0.000319044 7.76615
2.25624  0.000319205 7.80172
2.27881  0.00031935 7.83776
2.30159  0.00031948 7.87428
2.32461  0.000319595 7.91129
2.34786  0.000319696 7.94878
2.37134  0.000319781 7.98678
2.39505  0.000319851 8.02529
2.419  0.000319907 8.06432
2.44319  0.000319948 8.10387
2.46762  0.000319974 8.14397
2.4923  0.000319986 8.1846
2.51722  0.000319983 8.2258
2.54239  0.000319966 8.26755
2.56782  0.000319934 8.30988
2.59349  0.000319888 8.3528
2.61943  0.000319827 8.3963
2.64562  0.000319754 8.44041
2.67208  0.000319667 8.48513
2.6988  0.000319565 8.53048
2.72579  0.00031945 8.57645
2.75305  0.000319321 8.62308
2.78058  0.000319178 8.67035
2.80838  0.000319022 8.71829
2.83647  0.000318852 8.76691
2.86483  0.000318668 8.81621
2.89348  0.000318472 8.86621
2.92241  0.000318262 8.91692
2.95164  0.00031804 8.96835
2.98115  0.000317804 9.02052
3.01097  0.000317557 9.07342
3.04108  0.000317298 9.12709
3.07149  0.000317026 9.18152
3.1022  0.000316742 9.23673
3.13322  0.000316446 9.29274
3.16456  0.000316138 9.34955
3.1962  0.000315818 9.40718
3.22816  0.000315486 9.46565
3.26045  0.000315143 9.52495
3.29305  0.000314788 9.58512
3.32598  0.000314423 9.64616
3.35924  0.000314046 9.70808
3.39283  0.000313658 9.7709
3.42676  0.000313259 9.83464
3.46103  0.00031285 9.8993
3.49564  0.00031243 9.96491
3.53059  0.000312001 10.0315
3.5659  0.000311562 10.099
3.60156  0.000311113 10.1675
3.63758  0.000310655 10.2371
3.67395  0.000310187 10.3076
3.71069  0.000309709 10.3792
3.7478  0.000309222 10.4518
3.78528  0.000308727 10.5255
3.82313  0.000308222 10.6003
3.86136  0.000307708 10.6762
3.89997  0.000307186 10.7532
3.93897  0.000306655 10.8313
3.97836  0.000306117 10.9106
4.01815  0.00030557 10.991
4.05833  0.000305017 11.0727
4.09891  0.000304456 11.1555
4.1399  0.000303887 11.2395
4.1813  0.00030331 11.3248
4.22311  0.000302727 11.4114
4.26534  0.000302137 11.4992
4.308  0.00030154 11.5884
4.35108  0.000300936 11.6788
4.39459  0.000300326 11.7706
4.43853  0.00029971 11.8637
4.48292  0.000299089 11.9583
4.52775  0.000298461 12.0542
4.57303  0.000297828 12.1515
4.61876  0.000297189 12.2503
4.66494  0.000296544 12.3505
4.71159  0.000295894 12.4522
4.75871  0.000295239 12.5555
4.8063  0.000294579 12.6602
4.85436  0.000293914 12.7665
4.9029  0.000293244 12.8744
4.95193  0.00029257 12.9839
5.00145  0.000291892 13.0949
5.05146  0.00029121 13.2077
5.10198  0.000290523 13.3221
5.153  0.000289833 13.4382
5.20453  0.000289138 13.556
5.25657  0.000288441 13.6755
5.30914  0.000287739 13.7968
5.36223  0.000287034 13.9199
5.41585  0.000286326 14.0449
5.47001  0.000285614 14.1716
5.52471  0.0002849 14.3003
5.57996  0.000284182 14.4308
5.63576  0.000283462 14.5633
5.69212  0.000282739 14.6977
5.74904  0.000282013 14.8341
5.80653  0.000281285 14.9726
5.86459  0.000280554 15.113
5.92324  0.000279821 15.2556
5.98247  0.000279086 15.4002
6.0423  0.00027835 15.547
6.10272  0.000277612 15.6959
6.16375  0.000276871 15.847
6.22538  0.000276129 16.0004
6.28764  0.000275385 16.156
6.35051  0.00027464 16.3139
6.41402  0.000273893 16.4741
6.47816  0.000273145 16.6367
6.54294  0.000272395 16.8016
6.60837  0.000271645 16.969
6.67445  0.000270895 17.1389
6.7412  0.000270143 17.3112
6.80861  0.000269389 17.4861
6.8767  0.000268635 17.6636
6.94546  0.00026788 17.8436
7.01492  0.000267124 18.0263
7.08507  0.000266368 18.2117
7.15592  0.00026561 18.3998
7.22748  0.000264852 18.5906
7.29975  0.000264093 18.7843
7.37275  0.000263334 18.9808
7.44648  0.000262574 19.1801
7.52094  0.000261813 19.3824
7.59615  0.000261052 19.5877
7.67211  0.000260291 19.7959
7.74883  0.000259529 20.0072
7.82632  0.000258767 20.2216
7.90459  0.000258004 20.4391
7.98363  0.000257242 20.6599
8.06347  0.000256479 20.8838
8.1441  0.000255716 21.111
8.22554  0.000254953 21.3416
8.3078  0.00025419 21.5755
8.39088  0.000253427 21.8129
8.47479  0.000252663 22.0537
8.55953  0.000251899 22.298
8.64513  0.000251136 22.5459
8.73158  0.000250372 22.7975
8.8189  0.000249608 23.0527
8.90709  0.000248845 23.3117
8.99616  0.000248081 23.5744
9.08612  0.000247318 23.841
9.17698  0.000246554 24.1115
9.26875  0.000245791 24.3859
9.36144  0.000245027 24.6644
9.45505  0.000244263 24.9469
9.5496  0.000243499 25.2336
9.6451  0.000242735 25.5244
9.74155  0.000241971 25.8196
9.83896  0.000241207 26.119
9.93735  0.000240443 26.4228
10.0367  0.000239679 26.7311
10.1371  0.000238916 27.0439
10.2385  0.000238152 27.3613
10.3409  0.000237388 27.6834
10.4443  0.000236624 28.0101
10.5487  0.00023586 28.3417
10.6542  0.000235096 28.6781
10.7607  0.000234331 29.0195
10.8683  0.000233567 29.3659
10.977  0.000116539 29.7174
11.0868  0.000116286 30.074
11.1977  0.00011603 30.4359
11.3096  0.000115771 30.8031
11.4227  0.00011551 31.1758
11.537  0.000115247 31.5539
11.6523  0.000114981 31.9376
11.7689  0.000114712 32.327
11.8865  0.00011444 32.7221
12.0054  0.000114166 33.123
12.1255  0.000113889 33.5299
12.2467  0.000113609 33.9428
12.3692  0.000113327 34.3618
12.4929  0.000113041 34.787
12.6178  0.000112753 35.2185
12.744  0.000112462 35.6564
12.8714  0.000112168 36.1008
13.0001  0.000111871 36.5518
13.1301  0.000111571 37.0095
13.2614  0.000111269 37.4741
13.3941  0.00011097 37.9455
13.528  0.000110684 38.424
13.6633  0.000110395 38.9096
13.7999  0.000110104 39.4025
13.9379  0.000109809 39.9027
14.0773  0.000109512 40.4104
14.2181  0.000109211 40.9257
14.3602  0.000108908 41.4488
14.5038  0.000108602 41.9796
14.6489  0.000108292 42.5185
14.7954  0.000107979 43.0655
14.9433  0.000107664 43.6207
15.0928  0.000107345 44.1842
15.2437  0.000107024 44.7563
15.3961  0.000106699 45.3369
15.5501  0.000106371 45.9264
15.7056  0.000106039 46.5248
15.8626  0.000105705 47.1322
16.0213  0.000105367 47.7489
16.1815  0.000105025 48.3749
16.3433  0.00010468 49.0105
16.5067  0.000104332 49.6557
16.6718  0.000103981 50.3107
16.8385  0.000103633 50.9757
17.0069  0.000103334 51.6509
17.177  0.000103031 52.3364
17.3487  0.000102726 53.0324
17.5222  0.000102418 53.7391
17.6974  0.000102106 54.4566
17.8744  0.000101792 55.1851
18.0532  0.000101475 55.9249
18.2337  0.000101154 56.6761
18.416  0.00010083 57.4388
18.6002  0.000100503 58.2133
18.7862  0.000100173 58.9998
18.9741  9.9839e-05 59.7985
19.1638  9.9502e-05 60.6096
19.3554  9.91616e-05 61.4332
19.549  9.88179e-05 62.2697
19.7445  9.84707e-05 63.1192
19.9419  9.812e-05 63.9819
20.1413  9.77661e-05 64.8581
20.3427  9.74087e-05 65.748
20.5462  9.70478e-05 66.6518
20.7516  9.66832e-05 67.5698
20.9592  9.63149e-05 68.5022
21.1687  9.5943e-05 69.4492
21.3804  9.5595e-05 70.4112
21.5942  9.52437e-05 71.3883
21.8102  9.48889e-05 72.3809
22.0283  9.45307e-05 73.3891
22.2486  9.4169e-05 74.4133
22.4711  9.38037e-05 75.4537
22.6958  9.34347e-05 76.5106
22.9227  9.3062e-05 77.5843
23.1519  9.26856e-05 78.6752
23.3835  9.23055e-05 79.7834
23.6173  9.19215e-05 80.9092
23.8535  9.15337e-05 82.0531
24.092  9.1142e-05 83.2153
24.3329  9.07465e-05 84.3961
24.5763  9.0347e-05 85.5958
24.822  8.99435e-05 86.8148
25.0702  8.9536e-05 88.0535
25.3209  8.91244e-05 89.312
25.5742  8.87087e-05 90.5909
25.8299  8.82888e-05 91.8905
26.0882  8.78647e-05 93.2111
26.3491  8.74365e-05 94.5531
26.6126  8.70041e-05 95.9168
26.8787  8.6636e-05 97.3027
27.1475  8.62762e-05 98.7112
27.419  8.59129e-05 100.143
27.6931  8.55459e-05 101.597
27.9701  8.51752e-05 103.076
28.2498  8.48009e-05 104.578
28.5323  8.44227e-05 106.106
28.8176  8.40409e-05 107.658
29.1058  8.36552e-05 109.236
29.3968  8.32656e-05 110.839
29.6908  8.28721e-05 112.47
29.9877  8.24748e-05 114.127
30.2876  8.20737e-05 115.811
30.5905  8.16686e-05 117.523
30.8964  8.12594e-05 119.263
31.2053  8.08461e-05 121.033
31.5174  8.04287e-05 122.831
31.8326  8.00072e-05 124.66
32.1509  7.95814e-05 126.519
32.4724  7.91513e-05 128.409
32.7971  7.8717e-05 130.33
33.1251  7.82784e-05 132.283
33.4563  7.78353e-05 134.269
33.7909  7.74542e-05 136.288
34.1288  0.000137439 138.341
34.4701  0.000136699 140.429
34.8148  0.000135965 142.551
35.1629  0.000135232 144.71
35.5146  0.0001345 146.904
35.8697  0.000133769 149.136
36.2284  0.000133038 151.405
36.5907  0.000132309 153.713
36.9566  0.00013158 156.06
37.3262  0.000130853 158.447
37.6994  0.000130126 160.874
38.0764  0.000129401 163.343
38.4572  0.000128677 165.854
38.8418  0.000127955 168.408
39.2302  0.000127233 171.005
39.6225  0.000126513 173.647
40.0187  0.000125795 176.335
40.4189  0.000125077 179.068
40.8231  0.000124362 181.848
41.2313  0.000123647 184.677
41.6436  0.000122934 187.554
42.0601  0.000122222 190.48
42.4807  0.000121512 193.458
42.9055  0.000120804 196.486
43.3345  0.000120097 199.567
43.7679  0.000119391 202.702
44.2056  0.000118688 205.891
44.6476  0.000117986 209.135
45.0941  0.000117286 212.435
45.545  0.000116587 215.793
46.0005  0.000115891 219.209
46.4605  0.000115196 222.684
46.9251  0.000114503 226.22
47.3943  0.000113812 229.817
47.8683  0.000113123 233.477
48.347  0.000112436 237.201
48.8304  0.000111751 240.99
49.3187  0.000111068 244.844
49.8119  0.000110389 248.766
50.31  0.000109712 252.757
50.8131  0.000109038 256.818
51.3213  0.000108365 260.949
51.8345  0.000107694 265.153
52.3528  0.000107025 269.431
52.8764  0.000106359 273.784
53.4051  0.000105694 278.213
53.9392  0.000105031 282.72
54.4786  0.000104371 287.306
55.0234  0.000103713 291.974
55.5736  0.000103057 296.723
56.1293  0.000102403 301.556
56.6906  0.000101749 306.474
57.2575  0.000101095 311.48
57.8301  0.000100443 316.574
58.4084  9.9793e-05 321.757
58.9925  9.91456e-05 327.033
59.5824  9.85006e-05 332.402
60.1782  9.78581e-05 337.866
60.78  9.7218e-05 343.427
61.3878  9.65804e-05 349.087
62.0017  9.59453e-05 354.848
62.6217  9.53126e-05 360.71
63.2479  9.46825e-05 366.677
63.8804  9.40548e-05 372.751
64.5192  9.34297e-05 378.932
65.1644  9.28073e-05 385.224
65.816  9.21874e-05 391.627
66.4742  9.15703e-05 398.145
67.1389  9.09557e-05 404.78
67.8103  9.03438e-05 411.533
68.4884  8.97345e-05 418.406
69.1733  8.91277e-05 425.403
69.8651  8.85235e-05 432.524
70.5637  8.7922e-05 439.773
71.2693  8.73231e-05 447.152
71.982  8.67269e-05 454.663
72.7019  8.61335e-05 462.308
73.4289  8.55427e-05 470.09
74.1632  8.49547e-05 478.012
74.9048  8.43694e-05 486.076
75.6538  8.37868e-05 494.284
76.4104  8.32069e-05 502.639
77.1745  8.26299e-05 511.145
77.9462  8.20551e-05 519.802
78.7257  8.14829e-05 528.616
79.513  8.09158e-05 537.587
80.3081  8.03566e-05 546.719
81.1112  7.98e-05 556.015
81.9223  7.92462e-05 565.478
82.7415  7.8695e-05 575.111
83.5689  7.81465e-05 584.917
84.4046  7.76007e-05 594.899
85.2486  7.70576e-05 605.06
86.1011  7.65172e-05 615.403
86.9621  7.59795e-05 625.932
87.8318  7.54446e-05 636.651
88.7101  7.49125e-05 647.562
89.5972  7.43831e-05 658.669
90.4932  7.38564e-05 669.976
91.3981  7.33325e-05 681.486
92.3121  7.28114e-05 693.204
93.2352  7.22931e-05 705.133
94.1675  7.17775e-05 717.277
95.1092  7.12647e-05 729.639
96.0603  7.07546e-05 742.225
97.0209  7.02472e-05 755.037
97.9911  6.97422e-05 768.08
98.971  6.924e-05 781.359
99.9607  6.87405e-05 794.878
100.96  6.82439e-05 808.641
101.97  6.775e-05 822.652
102.99  6.72588e-05 836.917
104.02  6.67704e-05 851.44
105.06  6.62848e-05 866.226
106.11  6.58019e-05 881.279
107.171  6.53217e-05 896.605
108.243  6.48443e-05 912.208
109.326  6.43697e-05 928.094
110.419  6.38978e-05 944.268
111.523  6.34286e-05 960.735
112.638  6.29622e-05 977.501
113.765  6.24985e-05 994.57
114.902  6.20375e-05 1011.95
116.051  6.15793e-05 1029.64
117.212  6.11237e-05 1047.66
118.384  6.06709e-05 1066
119.568  6.02209e-05 1084.68
120.763  5.97735e-05 1103.7
121.971  5.93288e-05 1123.06
123.191  5.88869e-05 1142.77
124.423  5.84477e-05 1162.84
125.667  5.80111e-05 1183.28
126.924  5.75772e-05 1204.08
128.193  5.7146e-05 1225.27
129.475  5.67175e-05 1246.84
130.77  5.62917e-05 1268.81
132.077  5.58685e-05 1291.17
133.398  5.54481e-05 1313.94
134.732  5.50303e-05 1337.13
136.079  5.46151e-05 1360.74
137.44  5.42026e-05 1384.78
138.814  5.37929e-05 1409.26
140.203  5.33864e-05 1434.18
141.605  5.29824e-05 1459.56
143.021  5.25811e-05 1485.4
144.451  5.21822e-05 1511.71
145.895  5.1786e-05 1538.5
147.354  5.13923e-05 1565.79
148.828  5.10011e-05 1593.57
150.316  5.06125e-05 1621.85
151.819  5.02264e-05 1650.66
153.338  4.98429e-05 1679.98
154.871  4.94618e-05 1709.85
156.42  4.90833e-05 1740.26
157.984  4.87072e-05 1771.23
159.564  4.83337e-05 1802.76
161.159  4.79626e-05 1834.87
162.771  4.75939e-05 1867.56
164.399  4.72276e-05 1900.86
166.043  4.68637e-05 1934.76
167.703  4.65022e-05 1969.28
169.38  4.61432e-05 2004.44
171.074  4.57866e-05 2040.23
172.785  4.54324e-05 2076.69
174.512  4.50805e-05 2113.81
176.258  4.4731e-05 2151.61
178.02  4.4384e-05 2190.1
179.8  4.40393e-05 2229.29
181.598  4.36971e-05 2269.21
183.414  4.33572e-05 2309.86
185.248  4.30196e-05 2351.25
187.101  4.26844e-05 2393.39
188.972  4.23516e-05 2436.32
190.862  4.20211e-05 2480.02
192.77  4.16929e-05 2524.53
194.698  4.1367e-05 2569.86
196.645  4.10434e-05 2616.01
198.611  4.07221e-05 2663.01
200.598  4.04031e-05 2710.88
202.604  4.00864e-05 2759.62
204.63  3.97719e-05 2809.25
206.676  3.94597e-05 2859.8
208.743  3.91498e-05 2911.27
210.83  3.8842e-05 2963.69
212.938  3.85365e-05 3017.06
215.068  3.82332e-05 3071.42
217.218  3.79321e-05 3126.78
219.391  3.76331e-05 3183.14
221.584  3.73364e-05 3240.55
223.8  3.70418e-05 3299.01
226.038  3.67494e-05 3358.54
228.299  3.64591e-05 3419.16
230.582  3.61708e-05 3480.89
232.888  3.58846e-05 3543.76
235.216  3.56005e-05 3607.79
237.569  3.53186e-05 3672.98
239.944  3.50387e-05 3739.38
242.344  3.47609e-05 3806.99
244.767  3.44851e-05 3875.85
247.215  3.42114e-05 3945.96
249.687  3.39397e-05 4017.37
252.184  3.36701e-05 4090.09
254.706  3.34025e-05 4164.14
257.253  3.31368e-05 4239.55
259.825  3.28732e-05 4316.35
262.423  3.26116e-05 4394.56
265.048  3.23519e-05 4474.2
267.698  3.20942e-05 4555.3
270.375  3.18385e-05 4637.9
273.079  3.15846e-05 4722.01
275.81  3.13328e-05 4807.67
278.568  3.10828e-05 4894.9
281.354  3.08347e-05 4983.73
284.167  3.05885e-05 5074.19
287.009  3.03442e-05 5166.31
289.879  3.01018e-05 5260.12
292.778  2.98613e-05 5355.66
295.705  2.96226e-05 5452.95
298.662  2.93857e-05 5552.03
301.649  2.91507e-05 5652.93
304.666  2.89175e-05 5755.67
307.712  2.86861e-05 5860.31
310.789  2.84565e-05 5966.86
313.897  2.82286e-05 6075.38
317.036  2.80026e-05 6185.88
320.207  2.77783e-05 6298.41
323.409  2.75557e-05 6413.01
326.643  2.73349e-05 6529.71
329.909  2.71158e-05 6648.56
333.208  2.68984e-05 6769.58
336.54  2.66826e-05 6892.83
339.906  2.64686e-05 7018.34
343.305  2.62562e-05 7146.15
346.738  2.60454e-05 7276.31
350.205  2.58363e-05 7408.85
353.707  2.56289e-05 7543.83
357.244  2.54231e-05 7681.29
360.817  2.52189e-05 7821.26
364.425  2.50164e-05 7963.81
368.069  2.48154e-05 8108.97
371.75  2.4616e-05 8256.79
375.467  2.44182e-05 8407.32
379.222  2.4222e-05 8560.62
383.014  2.40273e-05 8716.72
386.844  2.38341e-05 8875.69
390.713  2.36425e-05 9037.58
394.62  2.34524e-05 9202.43
398.566  2.32639e-05 9370.3
402.552  2.30768e-05 9541.26
406.577  2.28911e-05 9715.34
410.643  2.2707e-05 9892.62
414.75  2.25242e-05 10073.1
418.897  2.2343e-05 10257
423.086  2.21632e-05 10444.2
427.317  2.19849e-05 10634.8
431.59  2.18079e-05 10829
435.906  2.16325e-05 11026.6
440.265  2.14584e-05 11228
444.668  2.12858e-05 11432.9
449.114  2.11145e-05 11641.7
453.605  2.09447e-05 11854.3
458.142  2.07762e-05 12070.7
462.723  2.0609e-05 12291.1
467.35  2.04433e-05 12515.6
472.024  2.02789e-05 12744.2
476.744  2.01158e-05 12976.9
481.511  1.9954e-05 13213.9
486.326  1.97936e-05 13455.3
491.19  1.96345e-05 13701
496.102  1.94767e-05 13951.2
501.063  1.93201e-05 14206.1
506.073  1.91649e-05 14465.6
511.134  1.90109e-05 14729.8
516.245  1.88582e-05 14998.9
521.408  1.87067e-05 15272.9
526.622  1.85565e-05 15551.9
531.888  1.84075e-05 15836
537.207  1.82598e-05 16125.3
542.579  1.81132e-05 16419.9
548.005  1.79678e-05 16719.9
553.485  1.78237e-05 17025.3
559.02  1.76807e-05 17336.4
564.61  1.75389e-05 17653.1
570.256  1.73983e-05 17975.6
575.959  1.72588e-05 18304
581.718  1.71205e-05 18638.3
587.535  1.69833e-05 18978.8
593.411  1.68473e-05 19325.4
599.345  1.67124e-05 19678.3
605.338  1.65786e-05 20037.6
611.392  1.64395e-05 20403.5
617.506  1.6308e-05 20776
623.681  1.61776e-05 21155.3
629.917  1.60482e-05 21541.6
636.217  1.59199e-05 21934.8
642.579  1.57926e-05 22335.3
649.005  1.56664e-05 22743
655.495  1.55413e-05 23158.3
662.05  1.54171e-05 23581.1
668.67  1.5294e-05 24011.7
675.357  1.5172e-05 24450.2
682.11  1.50509e-05 24896.7
688.931  1.49308e-05 25351.4
695.821  1.48118e-05 25814.6
702.779  1.46937e-05 26286.3
709.807  1.45766e-05 26766.7
716.905  1.44605e-05 27256.1
724.074  1.43454e-05 27754.6
731.315  1.42312e-05 28262.3
738.628  1.4118e-05 28779.6
746.014  1.40057e-05 29306.5
753.474  1.38944e-05 29843.3
761.009  1.3784e-05 30390.3
768.619  1.36745e-05 30947.4
776.305  1.3566e-05 31515.1
784.068  1.34583e-05 32093.4
791.909  1.33516e-05 32682.6
799.828  1.32458e-05 33282.8
807.826  1.31409e-05 33894.3
815.905  1.30368e-05 34517.3
824.064  1.29337e-05 35151.9
832.304  1.28314e-05 35798.4
840.627  1.27299e-05 36457
849.034  1.26294e-05 37127.9
857.524  1.25297e-05 37811.4
866.099  1.24308e-05 38507.6
874.76  1.23328e-05 39216.8
883.508  1.22356e-05 39939.3
892.343  1.21392e-05 40675.3
901.266  1.20437e-05 41425
910.279  1.19489e-05 42188.7
919.382  1.1855e-05 42966.6
928.575  1.17619e-05 43759.1
937.861  1.16695e-05 44566.3
947.24  1.1578e-05 45388.5
956.712  1.14872e-05 46226.1
966.279  1.13972e-05 47079.3
975.942  1.13079e-05 47948.3
985.702  1.12195e-05 48833.5
995.559  1.11317e-05 49735.1
