0.001  0.0272305 8.17491e-05
0.00101  0.0273306 8.21571e-05
0.0010201  0.0274319 8.25672e-05
0.0010303  0.0275344 8.29796e-05
0.0010406  0.0276382 8.33941e-05
0.00105101  0.0277433 8.38109e-05
0.00106152  0.0278496 8.42299e-05
0.00107214  0.0279573 8.46511e-05
0.00108286  0.028067 8.50746e-05
0.00109369  0.0281783 8.55004e-05
0.00110462  0.0282909 8.59285e-05
0.00111567  0.0284049 8.63589e-05
0.00112683  0.0285202 8.67917e-05
0.00113809  0.0286369 8.72268e-05
0.00114947  0.028755 8.76643e-05
0.00116097  0.0288745 8.81041e-05
0.00117258  0.0289954 8.85463e-05
0.0011843  0.0291177 8.89907e-05
0.00119615  0.0292415 8.94375e-05
0.00120811  0.0293667 8.98865e-05
0.00122019  0.0294933 9.03378e-05
0.00123239  0.0296214 9.07913e-05
0.00124472  0.029751 9.1247e-05
0.00125716  0.029882 9.17049e-05
0.00126973  0.0300145 9.2165e-05
0.00128243  0.0301486 9.26273e-05
0.00129526  0.0302841 9.30917e-05
0.00130821  0.0304212 9.35584e-05
0.00132129  0.0305597 9.40272e-05
0.0013345  0.0306999 9.44983e-05
0.00134785  0.0308415 9.49715e-05
0.00136133  0.0309847 9.54469e-05
0.00137494  0.0311294 9.59246e-05
0.00138869  0.0312757 9.64045e-05
0.00140258  0.0314236 9.68867e-05
0.0014166  0.031573 9.73711e-05
0.00143077  0.0317241 9.78578e-05
0.00144508  0.0318766 9.83468e-05
0.00145953  0.0320308 9.88381e-05
0.00147412  0.0321865 9.93318e-05
0.00148886  0.0323439 9.98277e-05
0.00150375  0.0324963 0.000100326
0.00151879  0.0326309 0.000100827
0.00153398  0.0327668 0.00010133
0.00154932  0.032904 0.000101836
0.00156481  0.0330425 0.000102344
0.00158046  0.0331824 0.000102854
0.00159626  0.0333235 0.000103368
0.00161223  0.0334661 0.000103883
0.00162835  0.0336116 0.000104402
0.00164463  0.0337584 0.000104923
0.00166108  0.0339065 0.000105446
0.00167769  0.0340559 0.000105972
0.00169447  0.0342065 0.000106501
0.00171141  0.0343584 0.000107032
0.00172852  0.0345115 0.000107566
0.00174581  0.0346658 0.000108103
0.00176327  0.0348214 0.000108642
0.0017809  0.0349781 0.000109184
0.00179871  0.0351359 0.000109729
0.0018167  0.0352949 0.000110276
0.00183486  0.035455 0.000110827
0.00185321  0.0356161 0.000111379
0.00187174  0.0357783 0.000111935
0.00189046  0.0359415 0.000112493
0.00190937  0.0361057 0.000113054
0.00192846  0.0362709 0.000113618
0.00194774  0.0364369 0.000114184
0.00196722  0.0366039 0.000114754
0.00198689  0.0367716 0.000115326
0.00200676  0.0369387 0.0001159
0.00202683  0.0371037 0.000116478
0.0020471  0.0372693 0.000117059
0.00206757  0.0374357 0.000117642
0.00208825  0.0376028 0.000118228
0.00210913  0.0377707 0.000118817
0.00213022  0.0379392 0.000119409
0.00215152  0.0381088 0.000120004
0.00217304  0.0382812 0.000120602
0.00219477  0.0384544 0.000121203
0.00221672  0.0386283 0.000121807
0.00223888  0.038803 0.000122414
0.00226127  0.0389784 0.000123024
0.00228388  0.0391547 0.000123637
0.00230672  0.0393318 0.000124253
0.00232979  0.0395097 0.000124872
0.00235309  0.0396884 0.000125495
0.00237662  0.0398679 0.00012612
0.00240038  0.0400483 0.000126749
0.00242439  0.0402296 0.000127381
0.00244863  0.0404117 0.000128015
0.00247312  0.0405947 0.000128654
0.00249785  0.0407786 0.000129295
0.00252283  0.0409631 0.000129939
0.00254806  0.0411485 0.000130587
0.00257354  0.0413348 0.000131238
0.00259927  0.0415221 0.000131892
0.00262527  0.0417102 0.00013255
0.00265152  0.0418994 0.000133211
0.00267803  0.0420894 0.000133875
0.00270481  0.0422804 0.000134542
0.00273186  0.0424724 0.000135213
0.00275918  0.0426653 0.000135887
0.00278677  0.0428591 0.000136564
0.00281464  0.043054 0.000137245
0.00284279  0.0432498 0.000137929
0.00287121  0.0434466 0.000138617
0.00289993  0.0436444 0.000139308
0.00292893  0.0438432 0.000140003
0.00295822  0.044043 0.000140701
0.0029878  0.0442438 0.000141402
0.00301768  0.0444457 0.000142107
0.00304785  0.0446487 0.000142816
0.00307833  0.0448527 0.000143528
0.00310911  0.0450578 0.000144244
0.0031402  0.0452639 0.000144963
0.00317161  0.045471 0.000145686
0.00320332  0.0456791 0.000146412
0.00323536  0.0458894 0.000147142
0.00326771  0.0461025 0.000147876
0.00330039  0.0463167 0.000148613
0.00333339  0.0465319 0.000149354
0.00336672  0.0467481 0.000150098
0.00340039  0.0469655 0.000150847
0.0034344  0.0471839 0.000151599
0.00346874  0.0474034 0.000152355
0.00350343  0.0476239 0.000153114
0.00353846  0.0478456 0.000153877
0.00357385  0.0480683 0.000154644
0.00360958  0.0482921 0.000155415
0.00364568  0.048517 0.00015619
0.00368214  0.0487429 0.000156969
0.00371896  0.04897 0.000157751
0.00375615  0.0491981 0.000158538
0.00379371  0.0494274 0.000159328
0.00383165  0.0496578 0.000160122
0.00386996  0.0498892 0.00016092
0.00390866  0.0501218 0.000161722
0.00394775  0.0503555 0.000162529
0.00398723  0.0505904 0.000163339
0.0040271  0.050826 0.000164153
0.00406737  0.0510627 0.000164971
0.00410804  0.0513006 0.000165793
0.00414912  0.0515395 0.00016662
0.00419062  0.0517796 0.00016745
0.00423252  0.0520209 0.000168285
0.00427485  0.0522632 0.000169124
0.0043176  0.0525079 0.000169967
0.00436077  0.0527548 0.000170814
0.00440438  0.0530029 0.000171665
0.00444842  0.0532523 0.000172521
0.00449291  0.0535027 0.000173381
0.00453784  0.0537544 0.000174245
0.00458321  0.0540073 0.000175113
0.00462905  0.0542613 0.000175986
0.00467534  0.0545165 0.000176863
0.00472209  0.054773 0.000177745
0.00476931  0.0550306 0.000178631
0.004817  0.0552895 0.000179521
0.00486517  0.0555496 0.000180416
0.00491383  0.0558109 0.000181315
0.00496296  0.0560734 0.000182219
0.00501259  0.0563373 0.000183127
0.00506272  0.0566025 0.00018404
0.00511335  0.056869 0.000184958
0.00516448  0.0571368 0.00018588
0.00521613  0.0574058 0.000186806
0.00526829  0.0576761 0.000187737
0.00532097  0.0579477 0.000188673
0.00537418  0.0582207 0.000189614
0.00542792  0.0584968 0.000190559
0.0054822  0.0587741 0.000191509
0.00553702  0.0590528 0.000192463
0.00559239  0.0593329 0.000193423
0.00564832  0.0596143 0.000194387
0.0057048  0.0598971 0.000195356
0.00576185  0.0601813 0.00019633
0.00581947  0.0604669 0.000197308
0.00587766  0.0607539 0.000198292
0.00593644  0.0610424 0.00019928
0.0059958  0.0613323 0.000200274
0.00605576  0.0616237 0.000201272
0.00611632  0.0619165 0.000202276
0.00617748  0.0622108 0.000203284
0.00623926  0.0625065 0.000204297
0.00630165  0.0628037 0.000205316
0.00636466  0.0631024 0.000206339
0.00642831  0.0634024 0.000207368
0.00649259  0.0637053 0.000208401
0.00655752  0.0640103 0.00020944
0.0066231  0.0643166 0.000210485
0.00668933  0.0646243 0.000211534
0.00675622  0.0649334 0.000212588
0.00682378  0.0652439 0.000213648
0.00689202  0.0655558 0.000214713
0.00696094  0.0658691 0.000215784
0.00703055  0.0661837 0.000216859
0.00710085  0.0664996 0.00021794
0.00717186  0.0668169 0.000219027
0.00724358  0.0671357 0.000220119
0.00731602  0.0674559 0.000221216
0.00738918  0.0677776 0.000222319
0.00746307  0.0681008 0.000223428
0.0075377  0.0684255 0.000224542
0.00761308  0.0687519 0.000225662
0.00768921  0.0690799 0.000226787
0.0077661  0.0694096 0.000227918
0.00784376  0.0697411 0.000229054
0.0079222  0.0700744 0.000230196
0.00800142  0.0704095 0.000231344
0.00808144  0.0707466 0.000232498
0.00816225  0.0710856 0.000233658
0.00824387  0.0714267 0.000234823
0.00832631  0.0717698 0.000235994
0.00840957  0.072115 0.000237171
0.00849367  0.0724623 0.000238354
0.00857861  0.0728118 0.000239542
0.00866439  0.0731653 0.000240737
0.00875104  0.0735216 0.000241937
0.00883855  0.0738803 0.000243143
0.00892693  0.0742413 0.000244355
0.0090162  0.0746049 0.000245573
0.00910636  0.0749708 0.000246797
0.00919743  0.0753387 0.000248027
0.0092894  0.0757081 0.000249263
0.0093823  0.0760784 0.000250506
0.00947612  0.0764492 0.000251754
0.00957088  0.0768197 0.000253009
0.00966659  0.0771894 0.00025427
0.00976325  0.0775576 0.000255537
0.00986089  0.0779237 0.000256811
0.0099595  0.0782868 0.000258092
0.0100591  0.0786464 0.000259379
0.0101597  0.079002 0.000260673
0.0102613  0.0793539 0.000261974
0.0103639  0.0797021 0.000263282
0.0104675  0.0800467 0.000264597
0.0105722  0.0803879 0.000265919
0.0106779  0.0807259 0.000267248
0.0107847  0.0810619 0.000268585
0.0108926  0.0813967 0.00026993
0.0110015  0.0817289 0.000271282
0.0111115  0.0820589 0.000272642
0.0112226  0.0823868 0.00027401
0.0113348  0.082713 0.000275386
0.0114482  0.0830378 0.000276771
0.0115627  0.0833615 0.000278163
0.0116783  0.0836845 0.000279565
0.0117951  0.0840072 0.000280974
0.011913  0.08433 0.000282392
0.0120322  0.0846532 0.000283818
0.0121525  0.0849775 0.000285253
0.012274  0.0853033 0.000286697
0.0123967  0.085631 0.000288149
0.0125207  0.085961 0.00028961
0.0126459  0.0862919 0.00029108
0.0127724  0.0866257 0.000292559
0.0129001  0.0869623 0.000294046
0.0130291  0.0873017 0.000295543
0.0131594  0.0876435 0.000297048
0.013291  0.0879878 0.000298563
0.0134239  0.0883344 0.000300086
0.0135581  0.0886831 0.000301619
0.0136937  0.0890338 0.00030316
0.0138307  0.0893862 0.000304711
0.013969  0.0897402 0.000306271
0.0141086  0.0900956 0.00030784
0.0142497  0.0904522 0.000309418
0.0143922  0.0908098 0.000311006
0.0145362  0.0911681 0.000312603
0.0146815  0.0915269 0.00031421
0.0148283  0.0918859 0.000315826
0.0149766  0.0922448 0.000317452
0.0151264  0.0926036 0.000319087
0.0152776  0.092962 0.000320732
0.0154304  0.09332 0.000322387
0.0155847  0.0936777 0.000324053
0.0157406  0.0940351 0.000325728
0.015898  0.0943923 0.000327413
0.016057  0.0947492 0.000329109
0.0162175  0.0951084 0.000330815
0.0163797  0.0954688 0.000332531
0.0165435  0.0958292 0.000334258
0.0167089  0.0961896 0.000335995
0.016876  0.09655 0.000337743
0.0170448  0.0969106 0.000339502
0.0172152  0.0972713 0.000341272
0.0173874  0.0976324 0.000343052
0.0175613  0.0979938 0.000344844
0.0177369  0.0983556 0.000346647
0.0179142  0.0987178 0.000348461
0.0180934  0.0990803 0.000350287
0.0182743  0.0994431 0.000352124
0.0184571  0.0998061 0.000353972
0.0186416  0.100169 0.000355832
0.018828  0.100533 0.000357704
0.0190163  0.100896 0.000359587
0.0192065  0.101259 0.000361483
0.0193986  0.101623 0.00036339
0.0195925  0.101986 0.000365309
0.0197885  0.102349 0.000367241
0.0199864  0.102712 0.000369185
0.0201862  0.103074 0.000371141
0.0203881  0.103437 0.00037311
0.020592  0.103798 0.000375091
0.0207979  0.10416 0.000377086
0.0210059  0.104521 0.000379093
0.0212159  0.104882 0.000381113
0.0214281  0.105242 0.000383146
0.0216424  0.105601 0.000385192
0.0218588  0.105961 0.000387251
0.0220774  0.106319 0.000389324
0.0222981  0.106677 0.00039141
0.0225211  0.107034 0.000393511
0.0227463  0.107391 0.000395625
0.0229738  0.107747 0.000397753
0.0232035  0.108102 0.000399895
0.0234356  0.108456 0.000402051
0.0236699  0.108809 0.000404222
0.0239066  0.109162 0.000406407
0.0241457  0.109513 0.000408606
0.0243871  0.109862 0.000410821
0.024631  0.110211 0.00041305
0.0248773  0.110558 0.000415294
0.0251261  0.110903 0.000417554
0.0253774  0.111247 0.000419829
0.0256311  0.11159 0.00042212
0.0258874  0.111931 0.000424426
0.0261463  0.11227 0.000426748
0.0264078  0.112608 0.000429086
0.0266719  0.112944 0.000431441
0.0269386  0.113279 0.000433811
0.027208  0.113612 0.000436198
0.02748  0.113944 0.000438602
0.0277548  0.114274 0.000441022
0.0280324  0.114602 0.00044346
0.0283127  0.114929 0.000445915
0.0285958  0.115254 0.000448387
0.0288818  0.115577 0.000450877
0.0291706  0.115898 0.000453385
0.0294623  0.116216 0.00045591
0.029757  0.116531 0.000458454
0.0300545  0.116844 0.000461016
0.0303551  0.117154 0.000463597
0.0306586  0.117461 0.000466197
0.0309652  0.117765 0.000468815
0.0312749  0.118065 0.000471453
0.0315876  0.118363 0.00047411
0.0319035  0.118657 0.000476787
0.0322225  0.118948 0.000479484
0.0325447  0.119239 0.000482201
0.0328702  0.119527 0.000484939
0.0331989  0.119811 0.000487697
0.0335309  0.120092 0.000490476
0.0338662  0.12037 0.000493276
0.0342049  0.120644 0.000496098
0.0345469  0.120915 0.000498941
0.0348924  0.121183 0.000501806
0.0352413  0.121446 0.000504694
0.0355937  0.121706 0.000507604
0.0359496  0.121962 0.000510537
0.0363091  0.122215 0.000513492
0.0366722  0.122463 0.000516472
0.037039  0.122708 0.000519475
0.0374093  0.122949 0.000522501
0.0377834  0.123186 0.000525552
0.0381613  0.123419 0.000528628
0.0385429  0.123647 0.000531728
0.0389283  0.123872 0.000534854
0.0393176  0.124091 0.000538005
0.0397108  0.124306 0.000541182
0.0401079  0.124517 0.000544385
0.040509  0.124723 0.000547615
0.040914  0.124924 0.000550871
0.0413232  0.12512 0.000554155
0.0417364  0.125311 0.000557466
0.0421538  0.125497 0.000560805
0.0425753  0.125678 0.000564173
0.0430011  0.125853 0.000567569
0.0434311  0.126024 0.000570995
0.0438654  0.12619 0.00057445
0.044304  0.12635 0.000577935
0.0447471  0.126504 0.00058145
0.0451946  0.126653 0.000584996
0.0456465  0.126796 0.000588574
0.046103  0.126933 0.000592183
0.046564  0.127064 0.000595824
0.0470296  0.127189 0.000599498
0.0474999  0.127308 0.000603205
0.0479749  0.12742 0.000606946
0.0484547  0.127527 0.000610721
0.0489392  0.127626 0.00061453
0.0494286  0.127719 0.000618374
0.0499229  0.127806 0.000622254
0.0504221  0.127886 0.000626171
0.0509264  0.127959 0.000630124
0.0514356  0.128025 0.000634114
0.05195  0.128085 0.000638142
0.0524695  0.128138 0.000642208
0.0529942  0.128185 0.000646313
0.0535241  0.128225 0.000650458
0.0540594  0.128259 0.000654643
0.0546  0.128288 0.000658868
0.055146  0.12831 0.000663135
0.0556974  0.128326 0.000667444
0.0562544  0.128335 0.000671795
0.0568169  0.128339 0.00067619
0.0573851  0.128335 0.000680629
0.0579589  0.128325 0.000685112
0.0585385  0.128309 0.00068964
0.0591239  0.128285 0.000694215
0.0597152  0.128254 0.000698836
0.0603123  0.128217 0.000703504
0.0609154  0.128172 0.000708221
0.0615246  0.12812 0.000712986
0.0621398  0.128061 0.000717801
0.0627612  0.127995 0.000722667
0.0633888  0.127921 0.000727583
0.0640227  0.127841 0.000732552
0.064663  0.127753 0.000737574
0.0653096  0.127659 0.00074265
0.0659627  0.127558 0.00074778
0.0666223  0.12745 0.000752965
0.0672885  0.127334 0.000758207
0.0679614  0.127212 0.000763506
0.068641  0.127082 0.000768864
0.0693275  0.126945 0.00077428
0.0700207  0.126801 0.000779757
0.0707209  0.12665 0.000785294
0.0714281  0.126493 0.000790894
0.0721424  0.126328 0.000796557
0.0728638  0.126157 0.000802284
0.0735925  0.12598 0.000808076
0.0743284  0.125797 0.000813934
0.0750717  0.125608 0.00081986
0.0758224  0.125414 0.000825854
0.0765806  0.125214 0.000831917
0.0773464  0.125007 0.000838051
0.0781199  0.124795 0.000844257
0.0789011  0.124576 0.000850535
0.0796901  0.124351 0.000856888
0.080487  0.124119 0.000863316
0.0812919  0.12388 0.000869821
0.0821048  0.123635 0.000876403
0.0829259  0.123383 0.000883065
0.0837551  0.123125 0.000889806
0.0845927  0.122862 0.00089663
0.0854386  0.122593 0.000903536
0.086293  0.12232 0.000910527
0.0871559  0.122042 0.000917603
0.0880275  0.12176 0.000924766
0.0889077  0.121473 0.000932018
0.0897968  0.121182 0.000939361
0.0906948  0.120887 0.000946794
0.0916017  0.120588 0.000954321
0.0925178  0.120284 0.000961941
0.0934429  0.119975 0.000969658
0.0943774  0.119662 0.000977472
0.0953211  0.119343 0.000985385
0.0962743  0.11902 0.000993399
0.0972371  0.118691 0.00100151
0.0982095  0.118358 0.00100973
0.0991916  0.11802 0.00101806
0.100183  0.117679 0.00102649
0.101185  0.117335 0.00103503
0.102197  0.116988 0.00104369
0.103219  0.116637 0.00105245
0.104251  0.116283 0.00106133
0.105294  0.115927 0.00107032
0.106347  0.115567 0.00107944
0.10741  0.115204 0.00108867
0.108484  0.11484 0.00109802
0.109569  0.114472 0.0011075
0.110665  0.114102 0.00111711
0.111772  0.113729 0.00112684
0.112889  0.113354 0.0011367
0.114018  0.112976 0.00114669
0.115158  0.112596 0.00115682
0.11631  0.112214 0.00116708
0.117473  0.11183 0.00117748
0.118648  0.111444 0.00118802
0.119834  0.111056 0.00119871
0.121033  0.110666 0.00120954
0.122243  0.110274 0.00122051
0.123465  0.109882 0.00123164
0.1247  0.109488 0.00124291
0.125947  0.109093 0.00125434
0.127206  0.108698 0.00126593
0.128478  0.108301 0.00127767
0.129763  0.107904 0.00128957
0.131061  0.107506 0.00130164
0.132372  0.107107 0.00131388
0.133695  0.106707 0.00132628
0.135032  0.106307 0.00133885
0.136383  0.105906 0.0013516
0.137746  0.105504 0.00136452
0.139124  0.105102 0.00137763
0.140515  0.104699 0.00139091
0.14192  0.104297 0.00140438
0.143339  0.103893 0.00141803
0.144773  0.10349 0.00143188
0.146221  0.103086 0.00144592
0.147683  0.102682 0.00146015
0.14916  0.102278 0.00147459
0.150651  0.101874 0.00148922
0.152158  0.10147 0.00150406
0.153679  0.101065 0.00151911
0.155216  0.100661 0.00153437
0.156768  0.100257 0.00154985
0.158336  0.0998535 0.00156554
0.159919  0.0994503 0.00158145
0.161518  0.0990477 0.00159759
0.163134  0.0986461 0.00161395
0.164765  0.0982451 0.00163055
0.166413  0.0978448 0.00164738
0.168077  0.0974452 0.00166445
0.169757  0.0970463 0.00168176
0.171455  0.0966484 0.00169931
0.17317  0.0962513 0.00171711
0.174901  0.0958552 0.00173517
0.17665  0.0954602 0.00175348
0.178417  0.0950662 0.00177205
0.180201  0.0946733 0.00179088
0.182003  0.0942815 0.00180998
0.183823  0.0938908 0.00182935
0.185661  0.0935013 0.001849
0.187518  0.0931128 0.00186893
0.189393  0.0927254 0.00188914
0.191287  0.0923391 0.00190963
0.1932  0.0919539 0.00193042
0.195132  0.0915697 0.00195151
0.197083  0.0911865 0.00197289
0.199054  0.0908044 0.00199458
0.201045  0.0904231 0.00201658
0.203055  0.0900429 0.00203889
0.205086  0.0896636 0.00206152
0.207136  0.0892853 0.00208447
0.209208  0.088908 0.00210775
0.2113  0.0885318 0.00213137
0.213413  0.0881566 0.00215532
0.215547  0.0877827 0.00217961
0.217702  0.0874102 0.00220425
0.219879  0.0870389 0.00222924
0.222078  0.0866686 0.00225459
0.224299  0.0862995 0.0022803
0.226542  0.0859315 0.00230638
0.228807  0.0855646 0.00233284
0.231095  0.0851989 0.00235967
0.233406  0.0848345 0.00238689
0.235741  0.0844713 0.0024145
0.238098  0.0841093 0.0024425
0.240479  0.0837488 0.00247091
0.242884  0.0833896 0.00249972
0.245313  0.0830317 0.00252895
0.247766  0.0826754 0.0025586
0.250243  0.0823204 0.00258867
0.252746  0.081967 0.00261917
0.255273  0.0816149 0.00265011
0.257826  0.0812642 0.00268149
0.260404  0.0809147 0.00271333
0.263008  0.0805663 0.00274562
0.265638  0.0802189 0.00277838
0.268295  0.0798723 0.00281161
0.270978  0.0795265 0.00284532
0.273687  0.0791813 0.00287951
0.276424  0.0788365 0.0029142
0.279189  0.0784921 0.00294938
0.28198  0.0781483 0.00298508
0.2848  0.077805 0.00302128
0.287648  0.0774624 0.00305801
0.290525  0.0771207 0.00309528
0.29343  0.0767799 0.00313308
0.296364  0.0764401 0.00317142
0.299328  0.0761015 0.00321033
0.302321  0.0757641 0.00324979
0.305344  0.0754279 0.00328983
0.308398  0.075093 0.00333045
0.311482  0.0747594 0.00337165
0.314597  0.074427 0.00341346
0.317743  0.0740959 0.00345587
0.32092  0.0737659 0.00349889
0.324129  0.0734373 0.00354254
0.32737  0.07311 0.00358683
0.330644  0.0727837 0.00363176
0.333951  0.0724584 0.00367734
0.33729  0.072134 0.00372358
0.340663  0.0718104 0.0037705
0.34407  0.0714875 0.00381811
0.34751  0.0711653 0.0038664
0.350985  0.0708439 0.0039154
0.354495  0.0705235 0.00396512
0.35804  0.0702037 0.00401556
0.361621  0.0698844 0.00406673
0.365237  0.0695657 0.00411865
0.368889  0.0692477 0.00417134
0.372578  0.0689302 0.00422479
0.376304  0.0686134 0.00427903
0.380067  0.0682973 0.00433406
0.383868  0.067982 0.00438989
0.387706  0.0676674 0.00444655
0.391583  0.0673536 0.00450404
0.395499  0.0670405 0.00456237
0.399454  0.0667284 0.00462157
0.403449  0.0664168 0.00468163
0.407483  0.066106 0.00474258
0.411558  0.065796 0.00480442
0.415674  0.0654868 0.00486718
0.41983  0.0651783 0.00493087
0.424029  0.0648705 0.0049955
0.428269  0.0645633 0.00506109
0.432552  0.0642569 0.00512765
0.436877  0.063951 0.0051952
0.441246  0.0636456 0.00526375
0.445658  0.0633406 0.00533333
0.450115  0.0630359 0.00540394
0.454616  0.0627314 0.0054756
0.459162  0.0624273 0.00554832
0.463754  0.0621238 0.00562214
0.468391  0.061821 0.00569705
0.473075  0.0615193 0.00577308
0.477806  0.0612188 0.00585024
0.482584  0.0609197 0.00592856
0.48741  0.0606223 0.00600804
0.492284  0.0603269 0.00608871
0.497207  0.0600337 0.00617058
0.502179  0.0597429 0.00625368
0.507201  0.0594548 0.00633801
0.512273  0.0591691 0.0064236
0.517396  0.0588857 0.00651046
0.52257  0.0586044 0.00659862
0.527795  0.0583251 0.00668809
0.533073  0.0580476 0.00677889
0.538404  0.0577717 0.00687104
0.543788  0.0574973 0.00696456
0.549226  0.0572239 0.00705946
0.554718  0.0569515 0.00715577
0.560265  0.0566799 0.00725351
0.565868  0.056409 0.00735269
0.571527  0.0561389 0.00745334
0.577242  0.0558694 0.00755548
0.583014  0.0556007 0.00765914
0.588844  0.0553326 0.00776433
0.594733  0.055065 0.0078711
0.60068  0.054798 0.00797946
0.606687  0.0545315 0.00808944
0.612754  0.0542652 0.00820106
0.618881  0.053999 0.00831435
0.62507  0.0537327 0.00842935
0.631321  0.0534662 0.00854608
0.637634  0.0531991 0.00866456
0.644011  0.0529312 0.00878483
0.650451  0.0526625 0.00890693
0.656955  0.0523927 0.00903087
0.663525  0.0521217 0.00915671
0.67016  0.0518497 0.00928446
0.676862  0.051577 0.00941417
0.68363  0.0513036 0.00954587
0.690466  0.0510297 0.00967959
0.697371  0.0507555 0.00981538
0.704345  0.0504813 0.00995327
0.711388  0.0502069 0.0100933
0.718502  0.0499321 0.0102355
0.725687  0.0496569 0.0103799
0.732944  0.0493809 0.0105266
0.740273  0.049104 0.0106756
0.747676  0.0488259 0.0108269
0.755153  0.0485463 0.0109807
0.762705  0.0482653 0.0111369
0.770332  0.0479827 0.0112955
0.778035  0.0476986 0.0114567
0.785815  0.047413 0.0116205
0.793673  0.0471259 0.0117869
0.80161  0.0468374 0.011956
0.809626  0.0465476 0.0121278
0.817722  0.0462575 0.0123024
0.8259  0.0459681 0.0124798
0.834159  0.0456805 0.0126601
0.8425  0.0453959 0.0128433
0.850925  0.0451155 0.0130295
0.859435  0.0448401 0.0132187
0.868029  0.0445692 0.013411
0.876709  0.0443018 0.0136064
0.885476  0.0440369 0.013805
0.894331  0.0437735 0.0140068
0.903274  0.0435104 0.0142118
0.912307  0.0432472 0.0144202
0.92143  0.0429842 0.014632
0.930644  0.0427219 0.0148473
0.939951  0.0424608 0.015066
0.94935  0.0422014 0.0152882
0.958844  0.0419442 0.0155141
0.968432  0.0416891 0.0157436
0.978117  0.0414357 0.0159769
0.987898  0.0411839 0.0162139
0.997777  0.0409333 0.0164547
1.00775  0.0406512 0.0166995
1.01783  0.0404024 0.0169482
1.02801  0.0401545 0.0172009
1.03829  0.0399074 0.0174577
1.04867  0.0396613 0.0177187
1.05916  0.0394161 0.0179839
1.06975  0.0391718 0.0182534
1.08045  0.0389286 0.0185273
1.09125  0.0386863 0.0188057
1.10217  0.0384451 0.0190887
1.11319  0.0382048 0.0193762
1.12432  0.0379657 0.0196685
1.13556  0.0377276 0.0199656
1.14692  0.0374905 0.0202675
1.15839  0.0372546 0.0205744
1.16997  0.0370197 0.0208864
1.18167  0.0367859 0.0212034
1.19349  0.0365533 0.0215257
1.20542  0.0363217 0.0218533
1.21748  0.0360912 0.0221862
1.22965  0.0358619 0.0225246
1.24195  0.0356336 0.0228686
1.25437  0.0354071 0.0232183
1.26691  0.0351831 0.0235736
1.27958  0.0349601 0.0239349
1.29238  0.0347383 0.0243021
1.3053  0.0345176 0.0246753
1.31835  0.034298 0.0250547
1.33154  0.0340796 0.0254403
1.34485  0.0338622 0.0258323
1.3583  0.033646 0.0262307
1.37188  0.0334309 0.0266357
1.3856  0.0332169 0.0270474
1.39946  0.0330041 0.0274659
1.41345  0.0327922 0.0278914
1.42759  0.0325815 0.0283238
1.44186  0.0323717 0.0287634
1.45628  0.032163 0.0292102
1.47085  0.0319553 0.0296645
1.48555  0.0317485 0.0301263
1.50041  0.0315425 0.0305958
1.51541  0.0313369 0.031073
1.53057  0.0311321 0.0315582
1.54587  0.0309283 0.0320515
1.56133  0.0307254 0.032553
1.57695  0.0305234 0.0330628
1.59271  0.0303224 0.0335812
1.60864  0.0301224 0.0341082
1.62473  0.0299235 0.034644
1.64098  0.0297256 0.0351887
1.65739  0.0295287 0.0357426
1.67396  0.029333 0.0363057
1.6907  0.0291383 0.0368783
1.70761  0.0289447 0.0374605
1.72468  0.0287523 0.0380524
1.74193  0.0285611 0.0386542
1.75935  0.028371 0.0392661
1.77694  0.028182 0.0398884
1.79471  0.0279942 0.040521
1.81266  0.0278076 0.0411643
1.83078  0.0276222 0.0418184
1.84909  0.027438 0.0424834
1.86758  0.0272549 0.0431596
1.88626  0.027073 0.0438472
1.90512  0.0268923 0.0445463
1.92417  0.0267128 0.0452572
1.94341  0.0265344 0.0459799
1.96285  0.0263571 0.0467148
1.98248  0.026181 0.047462
2.0023  0.0260062 0.0482218
2.02232  0.0258348 0.0489943
2.04255  0.0256643 0.0497797
2.06297  0.0254945 0.0505783
2.0836  0.0253255 0.0513903
2.10444  0.0251574 0.0522159
2.12548  0.0249901 0.0530553
2.14674  0.0248237 0.0539088
2.16821  0.024658 0.0547767
2.18989  0.0244933 0.055659
2.21179  0.0243293 0.0565562
2.2339  0.0241663 0.0574684
2.25624  0.024004 0.0583959
2.27881  0.0238427 0.059339
2.30159  0.0236822 0.0602979
2.32461  0.0235225 0.061273
2.34786  0.0233637 0.0622645
2.37134  0.0232073 0.0632727
2.39505  0.0230523 0.064298
2.419  0.022898 0.0653406
2.44319  0.0227424 0.0664009
2.46762  0.0225844 0.0674792
2.4923  0.0224273 0.0685758
2.51722  0.0222711 0.0696911
2.54239  0.0221158 0.0708254
2.56782  0.0219614 0.0719791
2.59349  0.0218079 0.0731524
2.61943  0.0216553 0.0743458
2.64562  0.0215036 0.0755596
2.67208  0.0213528 0.0767941
2.6988  0.0212029 0.0780498
2.72579  0.0210539 0.0793269
2.75305  0.0209058 0.0806259
2.78058  0.0207598 0.0819472
2.80838  0.0206146 0.0832911
2.83647  0.0204707 0.0846581
2.86483  0.0203285 0.0860485
2.89348  0.020187 0.0874627
2.92241  0.0200464 0.0889013
2.95164  0.0199062 0.0903644
2.98115  0.0197669 0.0918527
3.01097  0.0196284 0.0933665
3.04108  0.0194907 0.0949062
3.07149  0.0193539 0.0964723
3.1022  0.0192178 0.0980652
3.13322  0.0190826 0.0996854
3.16456  0.0189482 0.101333
3.1962  0.0188146 0.103009
3.22816  0.0186818 0.104714
3.26045  0.0185498 0.106448
3.29305  0.0184187 0.108212
3.32598  0.018289 0.110006
3.35924  0.0181604 0.111831
3.39283  0.0180325 0.113687
3.42676  0.017905 0.115576
3.46103  0.0177777 0.117496
3.49564  0.0176513 0.11945
3.53059  0.0175256 0.121437
3.5659  0.0174008 0.123459
3.60156  0.0172767 0.125516
3.63758  0.0171534 0.127608
3.67395  0.0170306 0.129736
3.71069  0.0169082 0.131901
3.7478  0.0167866 0.134103
3.78528  0.016666 0.136344
3.82313  0.0165467 0.138623
3.86136  0.0164282 0.140942
3.89997  0.0163105 0.143301
3.93897  0.0161935 0.1457
3.97836  0.0160773 0.148142
4.01815  0.0159619 0.150625
4.05833  0.0158472 0.153152
4.09891  0.0157333 0.155722
4.1399  0.0156201 0.158337
4.1813  0.015507 0.160998
4.22311  0.0153944 0.163704
4.26534  0.0152825 0.166458
4.308  0.0151715 0.169259
4.35108  0.0150608 0.172109
4.39459  0.014951 0.175009
4.43853  0.0148418 0.177959
4.48292  0.0147334 0.180961
4.52775  0.0146258 0.184015
4.57303  0.0145189 0.187122
4.61876  0.0144127 0.190283
4.66494  0.0143073 0.193499
4.71159  0.0142026 0.196771
4.75871  0.014099 0.200101
4.8063  0.0139964 0.203488
4.85436  0.0138944 0.206935
4.9029  0.0137927 0.210442
4.95193  0.0136908 0.21401
5.00145  0.0135897 0.217641
5.05146  0.0134893 0.221335
5.10198  0.0133895 0.225094
5.153  0.0132905 0.228918
5.20453  0.0131921 0.23281
5.25657  0.0130945 0.23677
5.30914  0.0129975 0.240799
5.36223  0.0129012 0.244899
5.41585  0.0128056 0.24907
5.47001  0.0127107 0.253315
5.52471  0.0126164 0.257635
5.57996  0.0125228 0.26203
5.63576  0.0124298 0.266502
5.69212  0.0123376 0.271053
5.74904  0.0122463 0.275684
5.80653  0.0121556 0.280396
5.86459  0.0120656 0.285191
5.92324  0.0119762 0.29007
5.98247  0.0118874 0.295035
6.0423  0.0117993 0.300086
6.10272  0.0117117 0.305227
6.16375  0.0116248 0.310457
6.22538  0.0115386 0.315779
6.28764  0.0114529 0.321195
6.35051  0.0113679 0.326705
6.41402  0.0112834 0.332313
6.47816  0.0111996 0.338018
6.54294  0.0111163 0.343824
6.60837  0.0110337 0.349731
6.67445  0.0109517 0.355742
6.7412  0.0108704 0.361859
6.80861  0.0107896 0.368083
6.8767  0.0107095 0.374417
6.94546  0.0106299 0.380862
7.01492  0.0105508 0.38742
7.08507  0.0104724 0.394094
7.15592  0.0103945 0.400885
7.22748  0.0103173 0.407796
7.29975  0.0102405 0.414828
7.37275  0.0101641 0.421985
7.44648  0.0100872 0.429267
7.52094  0.0100109 0.436679
7.59615  0.00993519 0.444221
7.67211  0.00985999 0.451896
7.74883  0.00978541 0.459707
7.82632  0.00971143 0.467656
7.90459  0.00963799 0.475745
7.98363  0.00956508 0.483978
8.06347  0.0094927 0.492356
8.1441  0.00942082 0.500883
8.22554  0.00934947 0.509561
8.3078  0.00927863 0.518392
8.39088  0.00920831 0.52738
8.47479  0.0091385 0.536527
8.55953  0.0090692 0.545836
8.64513  0.0090004 0.55531
8.73158  0.00893211 0.564952
8.8189  0.00886431 0.574765
8.90709  0.00879701 0.584752
8.99616  0.0087302 0.594916
9.08612  0.00866388 0.60526
9.17698  0.00859805 0.615787
9.26875  0.0085327 0.626501
9.36144  0.00846783 0.637405
9.45505  0.00840344 0.648503
9.5496  0.00833954 0.659797
9.6451  0.00827615 0.671292
9.74155  0.00821322 0.682991
9.83896  0.00815076 0.694897
9.93735  0.00808876 0.707015
10.0367  0.00802722 0.719348
10.1371  0.00796613 0.7319
10.2385  0.00790549 0.744675
10.3409  0.00784531 0.757676
10.4443  0.00778557 0.770909
10.5487  0.00772627 0.784376
10.6542  0.00766742 0.798081
10.7607  0.007609 0.812031
10.8683  0.00755102 0.826227
10.977  0.00749347 0.840675
11.0868  0.00743635 0.855379
11.1977  0.00737965 0.870344
11.3096  0.00732338 0.885574
11.4227  0.00726753 0.901074
11.537  0.00721209 0.91685
11.6523  0.00715707 0.932906
11.7689  0.00710247 0.949248
11.8865  0.00704827 0.965881
12.0054  0.00699448 0.982812
12.1255  0.00694109 1.00005
12.2467  0.0068881 1.01759
12.3692  0.0068353 1.03544
12.4929  0.00678053 1.05362
12.6178  0.00672617 1.07213
12.744  0.00667223 1.09096
12.8714  0.00661871 1.11014
13.0001  0.00656559 1.12966
13.1301  0.00651288 1.14954
13.2614  0.00646058 1.16977
13.3941  0.00640867 1.19038
13.528  0.00635717 1.21135
13.6633  0.00630606 1.23271
13.7999  0.00625534 1.25446
13.9379  0.00620502 1.2766
14.0773  0.00615508 1.29915
14.2181  0.00610553 1.32211
14.3602  0.00605635 1.34549
14.5038  0.00600741 1.36929
14.6489  0.00595881 1.39353
14.7954  0.00591059 1.41822
14.9433  0.00586274 1.44335
15.0928  0.00581526 1.46895
15.2437  0.00576814 1.49501
15.3961  0.00572139 1.52155
15.5501  0.00567501 1.54858
15.7056  0.00562898 1.5761
15.8626  0.00558331 1.60412
16.0213  0.005538 1.63266
16.1815  0.00549304 1.66171
16.3433  0.00544842 1.6913
16.5067  0.00540416 1.72143
16.6718  0.00536024 1.7521
16.8385  0.00531666 1.78332
17.0069  0.00527342 1.81512
17.177  0.00523052 1.84748
17.3487  0.00518795 1.88043
17.5222  0.0051474 1.91397
17.6974  0.00510906 1.94812
17.8744  0.00507096 1.98287
18.0532  0.00503311 2.01825
18.2337  0.0049955 2.05425
18.416  0.00495814 2.0909
18.6002  0.00492102 2.1282
18.7862  0.00488415 2.16617
18.9741  0.00484752 2.2048
19.1638  0.00481113 2.24412
19.3554  0.00477499 2.28413
19.549  0.00473909 2.32485
19.7445  0.00470343 2.36628
19.9419  0.00466801 2.40843
20.1413  0.00463283 2.45133
20.3427  0.00459789 2.49498
20.5462  0.00456318 2.53939
20.7516  0.00452872 2.58458
20.9592  0.00449449 2.63057
21.1687  0.0044605 2.67737
21.3804  0.00442675 2.725
21.5942  0.00439323 2.77346
21.8102  0.00435995 2.82279
22.0283  0.0043269 2.87299
22.2486  0.00429408 2.92408
22.4711  0.00426149 2.97608
22.6958  0.00422913 3.02901
22.9227  0.00419701 3.08287
23.1519  0.00416511 3.1377
23.3835  0.00413344 3.1935
23.6173  0.00410199 3.25029
23.8535  0.00407077 3.3081
24.092  0.00403978 3.36693
24.3329  0.00400901 3.42681
24.5763  0.00397835 3.48775
24.822  0.0039479 3.54977
25.0702  0.00391767 3.61289
25.3209  0.00388766 3.67714
25.5742  0.00385787 3.74252
25.8299  0.0038283 3.80907
26.0882  0.00379895 3.8768
26.3491  0.00376981 3.94574
26.6126  0.00374089 4.0159
26.8787  0.00371218 4.08731
27.1475  0.00368369 4.15999
27.419  0.0036554 4.23397
27.6931  0.00362733 4.30926
27.9701  0.00359947 4.3859
28.2498  0.00357182 4.4639
28.5323  0.00354437 4.5433
28.8176  0.00351713 4.62411
29.1058  0.0034901 4.70636
29.3968  0.00346327 4.79008
29.6908  0.00343664 4.87529
29.9877  0.00341021 4.96203
30.2876  0.00338399 5.0503
30.5905  0.00335796 5.14016
30.8964  0.00333213 5.23161
31.2053  0.0033065 5.3247
31.5174  0.00328107 5.41944
31.8326  0.00325582 5.51587
32.1509  0.00323078 5.61402
32.4724  0.00320592 5.71392
32.7971  0.00318126 5.8156
33.1251  0.00315678 5.9191
33.4563  0.00313249 6.02444
33.7909  0.0031084 6.13166
34.1288  0.00308448 6.24079
34.4701  0.00306076 6.35187
34.8148  0.00303718 6.46493
35.1629  0.00301376 6.58
35.5146  0.00299051 6.69713
35.8697  0.00296745 6.81635
36.2284  0.00294457 6.9377
36.5907  0.00292187 7.06121
36.9566  0.00289934 7.18693
37.3262  0.002877 7.31488
37.6994  0.00285482 7.44513
38.0764  0.00283282 7.57769
38.4572  0.002811 7.71263
38.8418  0.00278934 7.84997
39.2302  0.00276786 7.98976
39.6225  0.00274654 8.13204
40.0187  0.0027254 8.27686
40.4189  0.00270442 8.42427
40.8231  0.0026836 8.57431
41.2313  0.00266296 8.72702
41.6436  0.00264247 8.88245
42.0601  0.00262215 9.04066
42.4807  0.00260199 9.20168
42.9055  0.00258199 9.36558
43.3345  0.00256215 9.5324
43.7679  0.00254247 9.70219
44.2056  0.00252295 9.875
44.6476  0.00250358 10.0509
45.0941  0.00248437 10.2299
45.545  0.00246531 10.4121
46.0005  0.0024464 10.5976
46.4605  0.00242765 10.7863
46.9251  0.00240904 10.9785
47.3943  0.00239059 11.174
47.8683  0.00237228 11.373
48.347  0.00235412 11.5756
48.8304  0.00233611 11.7817
49.3187  0.00231825 11.9916
49.8119  0.00230052 12.2051
50.31  0.00228294 12.4225
50.8131  0.0022655 12.6437
51.3213  0.00224818 12.8689
51.8345  0.002231 13.098
52.3528  0.00221396 13.3313
52.8764  0.00219705 13.5687
53.4051  0.00218028 13.8102
53.9392  0.00216365 14.0561
54.4786  0.00214715 14.3064
55.0234  0.00213079 14.5611
55.5736  0.00211456 14.8203
56.1293  0.00209846 15.0841
56.6906  0.00208249 15.3526
57.2575  0.00206665 15.6259
57.8301  0.00205094 15.904
58.4084  0.00203536 16.1871
58.9925  0.00201991 16.4751
59.5824  0.00200458 16.7683
60.1782  0.00198938 17.0667
60.78  0.00197431 17.3703
61.3878  0.00195935 17.6794
62.0017  0.00194452 17.9939
62.6217  0.00192981 18.3139
63.2479  0.00191522 18.6397
63.8804  0.00190076 18.9712
64.5192  0.00188641 19.3085
65.1644  0.00187218 19.6519
65.816  0.00185806 20.0012
66.4742  0.00184407 20.3568
67.1389  0.00183018 20.7187
67.8103  0.00181642 21.0869
68.4884  0.00180276 21.4616
69.1733  0.00178922 21.843
69.8651  0.0017758 22.231
70.5637  0.00176248 22.626
71.2693  0.00174927 23.0278
71.982  0.00173618 23.4368
72.7019  0.00172319 23.853
73.4289  0.00171031 24.2765
74.1632  0.00169754 24.7074
74.9048  0.00168487 25.1459
75.6538  0.00167231 25.5922
76.4104  0.00165986 26.0463
77.1745  0.0016475 26.5083
77.9462  0.00163526 26.9785
78.7257  0.00162311 27.457
79.513  0.00161107 27.9438
80.3081  0.00159913 28.4392
81.1112  0.00158728 28.9433
81.9223  0.00157554 29.4562
82.7415  0.00156389 29.9781
83.5689  0.00155235 30.5092
84.4046  0.0015409 31.0495
85.2486  0.00152954 31.5993
86.1011  0.00151829 32.1587
86.9621  0.00150712 32.7279
87.8318  0.00149605 33.3071
88.7101  0.00148508 33.8963
89.5972  0.0014742 34.4959
90.4932  0.00146341 35.1059
91.3981  0.00145271 35.7265
92.3121  0.0014421 36.358
93.2352  0.00143158 37.0005
94.1675  0.00142115 37.6542
95.1092  0.00141081 38.3192
96.0603  0.00140056 38.9958
97.0209  0.00139039 39.6842
97.9911  0.00138031 40.3846
98.971  0.00137032 41.0971
99.9607  0.00136041 41.822
100.96  0.00135058 42.5594
101.97  0.00134084 43.3097
102.99  0.00133119 44.0729
104.02  0.00132161 44.8494
105.06  0.00131212 45.6393
106.11  0.00130271 46.4429
107.171  0.00129338 47.2604
108.243  0.00128413 48.092
109.326  0.00127496 48.9379
110.419  0.00126587 49.7985
111.523  0.00125685 50.6739
112.638  0.00124792 51.5644
113.765  0.00123906 52.4703
114.902  0.00123028 53.3917
116.051  0.00122157 54.329
117.212  0.00121294 55.2824
118.384  0.00120438 56.2522
119.568  0.0011959 57.2386
120.763  0.00118749 58.242
121.971  0.00117915 59.2625
123.191  0.00117089 60.3006
124.423  0.0011627 61.3564
125.667  0.00115458 62.4303
126.924  0.00114653 63.5226
128.193  0.00113855 64.6335
129.475  0.00113064 65.7633
130.77  0.0011228 66.9125
132.077  0.00111502 68.0812
133.398  0.00110732 69.2699
134.732  0.00109968 70.4788
136.079  0.00109211 71.7082
137.44  0.00108461 72.9586
138.814  0.00107717 74.2301
140.203  0.00106979 75.5233
141.605  0.00106249 76.8384
143.021  0.00105524 78.1757
144.451  0.00104806 79.5357
145.895  0.00104095 80.9187
147.354  0.00103389 82.325
148.828  0.0010269 83.7551
150.316  0.00101997 85.2094
151.819  0.0010131 86.6881
153.338  0.00100629 88.1917
154.871  0.000999547 89.7207
156.42  0.000992859 91.2753
157.984  0.000986231 92.8561
159.564  0.000979663 94.4634
161.159  0.000973152 96.0976
162.771  0.0009667 97.7592
164.399  0.000960305 99.4485
166.043  0.000953967 101.166
167.703  0.000947687 102.913
169.38  0.000941462 104.688
171.074  0.000935293 106.493
172.785  0.000929179 108.328
174.512  0.000923121 110.194
176.258  0.000917117 112.091
178.02  0.000911167 114.019
179.8  0.00090527 115.979
181.598  0.000899427 117.971
183.414  0.000893637 119.997
185.248  0.000887899 122.056
187.101  0.000882213 124.149
188.972  0.000876578 126.277
190.862  0.000870995 128.44
192.77  0.000865462 130.638
194.698  0.00085998 132.872
196.645  0.000854548 135.144
198.611  0.000849165 137.452
200.598  0.000843831 139.798
202.604  0.000838546 142.183
204.63  0.00083331 144.607
206.676  0.000828122 147.07
208.743  0.000822981 149.574
210.83  0.000817887 152.118
212.938  0.00081284 154.704
215.068  0.00080784 157.332
217.218  0.000802886 160.002
219.391  0.000797978 162.716
221.584  0.000793115 165.474
223.8  0.000788297 168.276
226.038  0.000783524 171.124
228.299  0.000778795 174.017
230.582  0.00077411 176.958
232.888  0.000769469 179.945
235.216  0.000764871 182.981
237.569  0.000760317 186.066
239.944  0.000755804 189.2
242.344  0.000751334 192.384
244.767  0.000746906 195.619
247.215  0.00074252 198.906
249.687  0.000738175 202.245
252.184  0.000733871 205.637
254.706  0.000729607 209.084
257.253  0.000725384 212.585
259.825  0.000721201 216.142
262.423  0.000717057 219.755
265.048  0.000712953 223.425
267.698  0.000708888 227.153
270.375  0.000704862 230.94
273.079  0.000700874 234.787
275.81  0.000696925 238.695
278.568  0.000693013 242.663
281.354  0.000689138 246.694
284.167  0.000685301 250.788
287.009  0.000681501 254.947
289.879  0.000677738 259.17
292.778  0.000674011 263.459
295.705  0.00067032 267.814
298.662  0.000666665 272.238
301.649  0.000663045 276.73
304.666  0.000659461 281.292
307.712  0.000655912 285.925
310.789  0.000652397 290.629
313.897  0.000648917 295.405
317.036  0.000645471 300.255
320.207  0.000642059 305.18
323.409  0.00063868 310.181
326.643  0.000635335 315.258
329.909  0.000632023 320.412
333.208  0.000628744 325.646
336.54  0.000625497 330.959
339.906  0.000622283 336.354
343.305  0.000619101 341.83
346.738  0.00061595 347.389
350.205  0.000612831 353.033
353.707  0.000609744 358.762
357.244  0.000606687 364.578
360.817  0.000603661 370.481
364.425  0.000600666 376.473
368.069  0.000597702 382.555
371.75  0.000594767 388.728
375.467  0.000591862 394.994
379.222  0.000588987 401.353
383.014  0.000586141 407.808
386.844  0.000583325 414.358
390.713  0.000580537 421.006
394.62  0.000577778 427.752
398.566  0.000575048 434.598
402.552  0.000572346 441.546
406.577  0.000569672 448.596
410.643  0.000567026 455.749
414.75  0.000564407 463.008
418.897  0.000561816 470.373
423.086  0.000559252 477.847
427.317  0.000556715 485.429
431.59  0.000554205 493.122
435.906  0.000551721 500.928
440.265  0.000549264 508.846
444.668  0.000546832 516.88
449.114  0.000544427 525.029
453.605  0.000542048 533.297
458.142  0.000539694 541.683
462.723  0.000537365 550.191
467.35  0.000535061 558.82
472.024  0.000532783 567.574
476.744  0.000530529 576.452
481.511  0.000528299 585.457
486.326  0.000526094 594.591
491.19  0.000523913 603.854
496.102  0.000521757 613.249
501.063  0.000519624 622.777
506.073  0.000517514 632.44
511.134  0.000515428 642.238
516.245  0.000513365 652.175
521.408  0.000511325 662.251
526.622  0.000509308 672.468
531.888  0.000507314 682.829
537.207  0.000505343 693.334
542.579  0.000503393 703.985
548.005  0.000501466 714.784
553.485  0.000499561 725.733
559.02  0.000497677 736.834
564.61  0.000495816 748.088
570.256  0.000493975 759.496
575.959  0.000492156 771.062
581.718  0.000490359 782.786
587.535  0.000488582 794.671
593.411  0.000486826 806.718
599.345  0.00048509 818.929
605.338  0.000483375 831.307
611.392  0.000481681 843.852
617.506  0.000480006 856.567
623.681  0.000478352 869.454
629.917  0.000476717 882.515
636.217  0.000475102 895.751
642.579  0.000473507 909.164
649.005  0.000471931 922.757
655.495  0.000470374 936.532
662.05  0.000468836 950.49
668.67  0.000467317 964.634
675.357  0.000465817 978.966
682.11  0.000464336 993.488
688.931  0.000462873 1008.2
695.821  0.000461428 1023.11
702.779  0.000460001 1038.21
709.807  0.000458593 1053.51
716.905  0.000457202 1069.02
724.074  0.00045583 1084.72
731.315  0.000454474 1100.63
738.628  0.000453136 1116.74
746.014  0.000451816 1133.07
753.474  0.000450513 1149.61
761.009  0.000449226 1166.36
768.619  0.000447957 1183.32
776.305  0.000446704 1200.5
784.068  0.000445468 1217.91
791.909  0.000444249 1235.53
799.828  0.000443046 1253.38
807.826  0.000441859 1271.46
815.905  0.000440688 1289.76
824.064  0.000439533 1308.3
832.304  0.000438435 1327.07
840.627  0.000437345 1346.07
849.034  0.000436271 1365.32
857.524  0.000435211 1384.8
866.099  0.000434167 1404.53
874.76  0.000433137 1424.5
883.508  0.000432122 1444.72
892.343  0.000431122 1465.19
901.266  0.000430137 1485.92
910.279  0.000429166 1506.89
919.382  0.000428209 1528.13
928.575  0.000427266 1549.62
937.861  0.000426338 1571.38
947.24  0.000425423 1593.4
956.712  0.000424523 1615.69
966.279  0.000423636 1638.25
975.942  0.000422763 1661.08
985.702  0.000421904 1684.19
995.559  0.000421058 1707.58
