0.001  0.16843 6.78092e-05
0.00101  0.168717 6.81474e-05
0.0010201  0.169005 6.84872e-05
0.0010303  0.169296 6.88288e-05
0.0010406  0.16959 6.91721e-05
0.00105101  0.169885 6.95171e-05
0.00106152  0.170183 6.98638e-05
0.00107214  0.170484 7.02123e-05
0.00108286  0.170786 7.05625e-05
0.00109369  0.171092 7.09144e-05
0.00110462  0.171399 7.12681e-05
0.00111567  0.171667 7.16236e-05
0.00112683  0.171904 7.19808e-05
0.00113809  0.172142 7.23398e-05
0.00114947  0.172382 7.27006e-05
0.00116097  0.172624 7.30632e-05
0.00117258  0.172868 7.34276e-05
0.0011843  0.173113 7.37938e-05
0.00119615  0.17336 7.41619e-05
0.00120811  0.173609 7.45318e-05
0.00122019  0.17386 7.49035e-05
0.00123239  0.174113 7.52771e-05
0.00124472  0.174368 7.56525e-05
0.00125716  0.174624 7.60299e-05
0.00126973  0.174882 7.64091e-05
0.00128243  0.175142 7.67902e-05
0.00129526  0.175405 7.71731e-05
0.00130821  0.175669 7.75581e-05
0.00132129  0.175935 7.79449e-05
0.0013345  0.176202 7.83336e-05
0.00134785  0.176472 7.87243e-05
0.00136133  0.176744 7.9117e-05
0.00137494  0.177018 7.95116e-05
0.00138869  0.177285 7.99081e-05
0.00140258  0.17749 8.03067e-05
0.0014166  0.177697 8.07072e-05
0.00143077  0.177905 8.11098e-05
0.00144508  0.178114 8.15143e-05
0.00145953  0.178325 8.19209e-05
0.00147412  0.178537 8.23294e-05
0.00148886  0.178751 8.27401e-05
0.00150375  0.178966 8.31527e-05
0.00151879  0.179182 8.35675e-05
0.00153398  0.1794 8.39843e-05
0.00154932  0.179619 8.44031e-05
0.00156481  0.179839 8.48241e-05
0.00158046  0.180061 8.52472e-05
0.00159626  0.180285 8.56723e-05
0.00161223  0.18051 8.60996e-05
0.00162835  0.180736 8.65291e-05
0.00164463  0.180964 8.69606e-05
0.00166108  0.181194 8.73944e-05
0.00167769  0.181425 8.78302e-05
0.00169447  0.181657 8.82635e-05
0.00171141  0.181891 8.86892e-05
0.00172852  0.182127 8.91202e-05
0.00174581  0.182364 8.95565e-05
0.00176327  0.182602 8.99981e-05
0.0017809  0.182843 9.04449e-05
0.00179871  0.183084 9.08968e-05
0.0018167  0.183328 9.13539e-05
0.00183486  0.183573 9.18159e-05
0.00185321  0.18382 9.22828e-05
0.00187174  0.184068 9.27546e-05
0.00189046  0.184318 9.32311e-05
0.00190937  0.18457 9.3695e-05
0.00192846  0.184823 9.41564e-05
0.00194774  0.185078 9.4622e-05
0.00196722  0.185335 9.50915e-05
0.00198689  0.185593 9.5565e-05
0.00200676  0.185853 9.60421e-05
0.00202683  0.186115 9.65228e-05
0.0020471  0.186379 9.70068e-05
0.00206757  0.186644 9.7494e-05
0.00208825  0.186883 9.79841e-05
0.00210913  0.187077 9.8477e-05
0.00213022  0.187272 9.89719e-05
0.00215152  0.187469 9.9466e-05
0.00217304  0.187666 9.99624e-05
0.00219477  0.187865 0.000100461
0.00221672  0.188064 0.000100962
0.00223888  0.188265 0.000101466
0.00226127  0.188466 0.000101972
0.00228388  0.188669 0.00010248
0.00230672  0.188873 0.000102991
0.00232979  0.189078 0.000103504
0.00235309  0.189285 0.00010402
0.00237662  0.189492 0.000104539
0.00240038  0.1897 0.00010506
0.00242439  0.18991 0.000105584
0.00244863  0.190121 0.00010611
0.00247312  0.190333 0.000106639
0.00249785  0.190546 0.000107171
0.00252283  0.19076 0.000107706
0.00254806  0.190975 0.000108243
0.00257354  0.191192 0.000108783
0.00259927  0.19141 0.000109326
0.00262527  0.191629 0.000109871
0.00265152  0.191849 0.000110419
0.00267803  0.19207 0.00011097
0.00270481  0.192293 0.000111524
0.00273186  0.192517 0.00011208
0.00275918  0.192742 0.000112639
0.00278677  0.192943 0.000113201
0.00281464  0.193117 0.000113766
0.00284279  0.193291 0.000114333
0.00287121  0.193466 0.000114903
0.00289993  0.193642 0.000115476
0.00292893  0.193818 0.000116052
0.00295822  0.193995 0.000116631
0.0029878  0.194173 0.000117212
0.00301768  0.194352 0.000117797
0.00304785  0.194532 0.000118384
0.00307833  0.194712 0.000118975
0.00310911  0.194893 0.000119568
0.0031402  0.195074 0.000120165
0.00317161  0.195257 0.000120764
0.00320332  0.19544 0.000121366
0.00323536  0.195624 0.000121971
0.00326771  0.195808 0.00012258
0.00330039  0.195994 0.000123191
0.00333339  0.19618 0.000123806
0.00336672  0.196367 0.000124423
0.00340039  0.196554 0.000125044
0.0034344  0.196743 0.000125667
0.00346874  0.196932 0.000126294
0.00350343  0.197122 0.000126924
0.00353846  0.197312 0.000127557
0.00357385  0.197504 0.000128193
0.00360958  0.197696 0.000128833
0.00364568  0.197889 0.000129475
0.00368214  0.198082 0.000130121
0.00371896  0.198277 0.00013077
0.00375615  0.198472 0.000131422
0.00379371  0.198668 0.000132077
0.00383165  0.198865 0.000132736
0.00386996  0.199063 0.000133398
0.00390866  0.199261 0.000134064
0.00394775  0.19946 0.000134732
0.00398723  0.19966 0.000135404
0.0040271  0.199861 0.00013608
0.00406737  0.200062 0.000136758
0.00410804  0.200264 0.00013744
0.00414912  0.200468 0.000138126
0.00419062  0.20064 0.000138815
0.00423252  0.200801 0.000139507
0.00427485  0.200963 0.000140203
0.0043176  0.201125 0.000140902
0.00436077  0.201287 0.000141605
0.00440438  0.201449 0.000142311
0.00444842  0.201612 0.000143021
0.00449291  0.201775 0.000143734
0.00453784  0.201939 0.000144451
0.00458321  0.202103 0.000145171
0.00462905  0.202267 0.000145895
0.00467534  0.202432 0.000146623
0.00472209  0.202596 0.000147354
0.00476931  0.202762 0.000148089
0.004817  0.202927 0.000148828
0.00486517  0.203093 0.00014957
0.00491383  0.203259 0.000150316
0.00496296  0.203426 0.000151066
0.00501259  0.203593 0.000151819
0.00506272  0.20376 0.000152577
0.00511335  0.203927 0.000153337
0.00516448  0.204095 0.000154102
0.00521613  0.204263 0.000154871
0.00526829  0.204431 0.000155643
0.00532097  0.2046 0.000156419
0.00537418  0.204769 0.0001572
0.00542792  0.204938 0.000157984
0.0054822  0.205107 0.000158772
0.00553702  0.205277 0.000159563
0.00559239  0.205433 0.000160359
0.00564832  0.205585 0.000161159
0.0057048  0.205738 0.000161963
0.00576185  0.20589 0.000162771
0.00581947  0.206043 0.000163582
0.00587766  0.206196 0.000164398
0.00593644  0.206349 0.000165218
0.0059958  0.206502 0.000166042
0.00605576  0.206654 0.00016687
0.00611632  0.206807 0.000167703
0.00617748  0.20696 0.000168539
0.00623926  0.207113 0.00016938
0.00630165  0.207266 0.000170224
0.00636466  0.207419 0.000171073
0.00642831  0.207572 0.000171927
0.00649259  0.207725 0.000172784
0.00655752  0.207878 0.000173646
0.0066231  0.208031 0.000174512
0.00668933  0.208184 0.000175382
0.00675622  0.208337 0.000176257
0.00682378  0.20849 0.000177136
0.00689202  0.208642 0.00017802
0.00696094  0.208794 0.000178907
0.00703055  0.208942 0.0001798
0.00710085  0.209091 0.000180697
0.00717186  0.209239 0.000181598
0.00724358  0.209387 0.000182503
0.00731602  0.209535 0.000183414
0.00738918  0.209683 0.000184328
0.00746307  0.209831 0.000185248
0.0075377  0.209978 0.000186172
0.00761308  0.210125 0.0001871
0.00768921  0.210273 0.000188033
0.0077661  0.210419 0.000188971
0.00784376  0.210566 0.000189914
0.0079222  0.210713 0.000190861
0.00800142  0.210859 0.000191813
0.00808144  0.211005 0.00019277
0.00816225  0.21115 0.000193731
0.00824387  0.211296 0.000194697
0.00832631  0.211441 0.000195668
0.00840957  0.211589 0.000196644
0.00849367  0.211737 0.000197625
0.00857861  0.211885 0.000198611
0.00866439  0.212033 0.000199601
0.00875104  0.21218 0.000200597
0.00883855  0.212327 0.000201597
0.00892693  0.212473 0.000202603
0.0090162  0.21262 0.000203613
0.00910636  0.212765 0.000204629
0.00919743  0.212911 0.000205649
0.0092894  0.213056 0.000206675
0.0093823  0.213201 0.000207706
0.00947612  0.213345 0.000208741
0.00957088  0.213489 0.000209783
0.00966659  0.213632 0.000210829
0.00976325  0.213775 0.00021188
0.00986089  0.213917 0.000212937
0.0099595  0.214059 0.000213999
0.0100591  0.214201 0.000215067
0.0101597  0.214342 0.000216139
0.0102613  0.214482 0.000217217
0.0103639  0.214622 0.000218301
0.0104675  0.214761 0.000219389
0.0105722  0.2149 0.000220483
0.0106779  0.215038 0.000221583
0.0107847  0.215176 0.000222688
0.0108926  0.215313 0.000223799
0.0110015  0.215449 0.000224915
0.0111115  0.215588 0.000226037
0.0112226  0.215746 0.000227164
0.0113348  0.215903 0.000228297
0.0114482  0.216059 0.000229436
0.0115627  0.216215 0.00023058
0.0116783  0.216371 0.00023173
0.0117951  0.216526 0.000232886
0.011913  0.21668 0.000234048
0.0120322  0.216834 0.000235215
0.0121525  0.216987 0.000236388
0.012274  0.21714 0.000237567
0.0123967  0.217292 0.000238752
0.0125207  0.217444 0.000239942
0.0126459  0.217595 0.000241139
0.0127724  0.217745 0.000242342
0.0129001  0.217894 0.00024355
0.0130291  0.218043 0.000244765
0.0131594  0.218191 0.000245986
0.013291  0.218339 0.000247213
0.0134239  0.218486 0.000248446
0.0135581  0.218632 0.000249685
0.0136937  0.218777 0.000250931
0.0138307  0.218921 0.000252182
0.013969  0.219099 0.00025344
0.0141086  0.21929 0.000254705
0.0142497  0.21948 0.000255975
0.0143922  0.21967 0.000257252
0.0145362  0.21986 0.000258535
0.0146815  0.220049 0.000259825
0.0148283  0.220238 0.00026112
0.0149766  0.220426 0.000262422
0.0151264  0.220614 0.000263731
0.0152776  0.220801 0.000265046
0.0154304  0.220988 0.000266367
0.0155847  0.221174 0.000267695
0.0157406  0.22136 0.000269029
0.015898  0.221545 0.00027037
0.016057  0.22173 0.000271718
0.0162175  0.221914 0.000273073
0.0163797  0.222097 0.000274435
0.0165435  0.22228 0.000275803
0.0167089  0.222462 0.000277179
0.016876  0.222643 0.000278562
0.0170448  0.222824 0.000279952
0.0172152  0.223005 0.00028135
0.0173874  0.223184 0.000282755
0.0175613  0.223363 0.000284167
0.0177369  0.223541 0.000285587
0.0179142  0.223718 0.000287015
0.0180934  0.223894 0.00028845
0.0182743  0.22407 0.000289893
0.0184571  0.224245 0.000291344
0.0186416  0.224418 0.000292802
0.018828  0.224591 0.000294269
0.0190163  0.224763 0.000295744
0.0192065  0.224935 0.000297226
0.0193986  0.225105 0.000298717
0.0195925  0.225274 0.000300216
0.0197885  0.225442 0.000301722
0.0199864  0.225609 0.000303237
0.0201862  0.225775 0.000304759
0.0203881  0.22594 0.000306289
0.020592  0.226104 0.000307827
0.0207979  0.226267 0.000309372
0.0210059  0.22651 0.000310925
0.0212159  0.226756 0.000312485
0.0214281  0.227001 0.000314053
0.0216424  0.227245 0.000315628
0.0218588  0.22749 0.000317211
0.0220774  0.227734 0.000318801
0.0222981  0.227977 0.000320399
0.0225211  0.22822 0.000322004
0.0227463  0.228463 0.000323617
0.0229738  0.228705 0.000325237
0.0232035  0.228946 0.000326865
0.0234356  0.229187 0.0003285
0.0236699  0.229428 0.000330143
0.0239066  0.229668 0.000331794
0.0241457  0.229907 0.000333452
0.0243871  0.230146 0.000335119
0.024631  0.230384 0.000336793
0.0248773  0.230622 0.000338475
0.0251261  0.230859 0.000340165
0.0253774  0.231095 0.000341863
0.0256311  0.231331 0.00034357
0.0258874  0.231565 0.000345284
0.0261463  0.2318 0.000347007
0.0264078  0.232033 0.000348739
0.0266719  0.232266 0.000350479
0.0269386  0.232497 0.000352228
0.027208  0.232728 0.000353985
0.02748  0.232959 0.000355751
0.0277548  0.233195 0.000357526
0.0280324  0.233534 0.00035931
0.0283127  0.233873 0.000361103
0.0285958  0.234212 0.000362905
0.0288818  0.234551 0.000364715
0.0291706  0.234891 0.000366535
0.0294623  0.235231 0.000368364
0.029757  0.23557 0.000370201
0.0300545  0.23591 0.000372048
0.0303551  0.23625 0.000373904
0.0306586  0.23659 0.000375769
0.0309652  0.23693 0.000377644
0.0312749  0.23727 0.000379528
0.0315876  0.23761 0.000381421
0.0319035  0.23795 0.000383323
0.0322225  0.23829 0.000385234
0.0325447  0.238629 0.000387155
0.0328702  0.238969 0.000389086
0.0331989  0.239309 0.000391026
0.0335309  0.239649 0.000392975
0.0338662  0.239988 0.000394934
0.0342049  0.240327 0.000396902
0.0345469  0.240667 0.00039888
0.0348924  0.241006 0.000400868
0.0352413  0.241344 0.000402865
0.0355937  0.241683 0.000404873
0.0359496  0.242021 0.00040689
0.0363091  0.242359 0.000408917
0.0366722  0.242697 0.000410954
0.037039  0.243035 0.000413002
0.0374093  0.243372 0.00041506
0.0377834  0.243709 0.000417128
0.0381613  0.244045 0.000419206
0.0385429  0.244381 0.000421295
0.0389283  0.244717 0.000423395
0.0393176  0.245052 0.000425505
0.0397108  0.245387 0.000427626
0.0401079  0.245721 0.000429757
0.040509  0.246055 0.000431899
0.040914  0.246388 0.000434052
0.0413232  0.246721 0.000436216
0.0417364  0.247095 0.00043839
0.0421538  0.24756 0.000440575
0.0425753  0.248026 0.000442772
0.0430011  0.248493 0.000444979
0.0434311  0.248961 0.000447197
0.0438654  0.249429 0.000449426
0.044304  0.249898 0.000451667
0.0447471  0.250367 0.000453918
0.0451946  0.250837 0.000456181
0.0456465  0.251308 0.000458455
0.046103  0.251779 0.000460741
0.046564  0.252251 0.000463038
0.0470296  0.252723 0.000465346
0.0474999  0.253196 0.000467666
0.0479749  0.253669 0.000469998
0.0484547  0.254144 0.000472341
0.0489392  0.254618 0.000474696
0.0494286  0.255093 0.000477063
0.0499229  0.255569 0.000479441
0.0504221  0.256045 0.000481832
0.0509264  0.256521 0.000484234
0.0514356  0.256998 0.000486649
0.05195  0.257475 0.000489075
0.0524695  0.257953 0.000491513
0.0529942  0.258431 0.000493964
0.0535241  0.258909 0.000496427
0.0540594  0.259388 0.000498902
0.0546  0.259867 0.00050139
0.055146  0.260346 0.000503889
0.0556974  0.260869 0.000506402
0.0562544  0.261456 0.000508927
0.0568169  0.262045 0.000511464
0.0573851  0.262636 0.000514014
0.0579589  0.263227 0.000516576
0.0585385  0.26382 0.000519152
0.0591239  0.264414 0.00052174
0.0597152  0.26501 0.000524341
0.0603123  0.265606 0.000526955
0.0609154  0.266204 0.000529582
0.0615246  0.266803 0.000532222
0.0621398  0.267404 0.000534875
0.0627612  0.268005 0.000537541
0.0633888  0.268608 0.000540221
0.0640227  0.269212 0.000542914
0.064663  0.269817 0.00054562
0.0653096  0.270423 0.00054834
0.0659627  0.271031 0.000551073
0.0666223  0.271639 0.00055382
0.0672885  0.272249 0.00055658
0.0679614  0.27286 0.000559354
0.068641  0.273472 0.000562143
0.0693275  0.274085 0.000564945
0.0700207  0.274783 0.000567761
0.0707209  0.275485 0.000570591
0.0714281  0.276189 0.000573435
0.0721424  0.276895 0.000576293
0.0728638  0.277603 0.000579165
0.0735925  0.278313 0.000582052
0.0743284  0.279025 0.000584953
0.0750717  0.279738 0.000587868
0.0758224  0.280453 0.000590799
0.0765806  0.281171 0.000593743
0.0773464  0.28189 0.000596703
0.0781199  0.282611 0.000599677
0.0789011  0.283333 0.000602666
0.0796901  0.284058 0.00060567
0.080487  0.284784 0.000608689
0.0812919  0.285512 0.000611723
0.0821048  0.286242 0.000614772
0.0829259  0.286974 0.000617836
0.0837551  0.287771 0.000620916
0.0845927  0.288603 0.000624011
0.0854386  0.289438 0.000627121
0.086293  0.290275 0.000630247
0.0871559  0.291116 0.000633389
0.0880275  0.291959 0.000636546
0.0889077  0.292804 0.000639719
0.0897968  0.293653 0.000642908
0.0906948  0.294504 0.000646113
0.0916017  0.295358 0.000649333
0.0925178  0.296215 0.00065257
0.0934429  0.297074 0.000655823
0.0943774  0.297936 0.000659092
0.0953211  0.298801 0.000662378
0.0962743  0.299669 0.000665679
0.0972371  0.300539 0.000668998
0.0982095  0.301412 0.000672333
0.0991916  0.302288 0.000675684
0.100183  0.303166 0.000679053
0.101185  0.304047 0.000682438
0.102197  0.304931 0.00068584
0.103219  0.305818 0.000689259
0.104251  0.306707 0.000692694
0.105294  0.307599 0.000696147
0.106347  0.308493 0.000699618
0.10741  0.30939 0.000703105
0.108484  0.31029 0.00070661
0.109569  0.311193 0.000710133
0.110665  0.312098 0.000713673
0.111772  0.313085 0.000717231
0.112889  0.314104 0.000720806
0.114018  0.315127 0.0007244
0.115158  0.316153 0.000728011
0.11631  0.317183 0.00073164
0.117473  0.318216 0.000735287
0.118648  0.319254 0.000738953
0.119834  0.320295 0.000742637
0.121033  0.32134 0.000746339
0.122243  0.322388 0.00075006
0.123465  0.323441 0.0007538
0.1247  0.324497 0.000757559
0.125947  0.325557 0.000761336
0.127206  0.326621 0.000765132
0.128478  0.327688 0.000768947
0.129763  0.32876 0.000772781
0.131061  0.329835 0.000776634
0.132372  0.330914 0.000780507
0.133695  0.331996 0.000784399
0.135032  0.333083 0.000788311
0.136383  0.334173 0.000792242
0.137746  0.335267 0.000796193
0.139124  0.336403 0.000800164
0.140515  0.337626 0.000804155
0.14192  0.338853 0.000808165
0.143339  0.340085 0.000812196
0.144773  0.341323 0.000816246
0.146221  0.342565 0.000820316
0.147683  0.343813 0.000824406
0.14916  0.345066 0.000828516
0.150651  0.346324 0.000832646
0.152158  0.347587 0.000836797
0.153679  0.348855 0.000840968
0.155216  0.350128 0.000845159
0.156768  0.351406 0.000849371
0.158336  0.35269 0.000853604
0.159919  0.353978 0.000857858
0.161518  0.355272 0.000862133
0.163134  0.356571 0.00086643
0.164765  0.357876 0.000870749
0.166413  0.359186 0.00087509
0.168077  0.3605 0.000879454
0.169757  0.361821 0.00088384
0.171455  0.363146 0.000888249
0.17317  0.364477 0.000892682
0.174901  0.365813 0.000897138
0.17665  0.367154 0.000901618
0.178417  0.368501 0.000906123
0.180201  0.369853 0.000910653
0.182003  0.371211 0.000915208
0.183823  0.372574 0.000919789
0.185661  0.373942 0.000924396
0.187518  0.375316 0.00092903
0.189393  0.376695 0.000933691
0.191287  0.37808 0.00093838
0.1932  0.37947 0.000943097
0.195132  0.380865 0.000947843
0.197083  0.382266 0.000952616
0.199054  0.383672 0.000957419
0.201045  0.385084 0.00096225
0.203055  0.386502 0.00096711
0.205086  0.387925 0.000971999
0.207136  0.389353 0.000976917
0.209208  0.390889 0.000981865
0.2113  0.39251 0.000986843
0.213413  0.394138 0.000991851
0.215547  0.395774 0.000996889
0.217702  0.397417 0.00100196
0.219879  0.399067 0.00100706
0.222078  0.400725 0.00101218
0.224299  0.402391 0.00101734
0.226542  0.404064 0.00102254
0.228807  0.405744 0.00102776
0.231095  0.407433 0.00103301
0.233406  0.409128 0.00103829
0.235741  0.410832 0.00104234
0.238098  0.412543 0.00104562
0.240479  0.414261 0.0010489
0.242884  0.415988 0.00105216
0.245313  0.417722 0.00105542
0.247766  0.419464 0.00105868
0.250243  0.421214 0.00106192
0.252746  0.422971 0.00106516
0.255273  0.424737 0.00106839
0.257826  0.426511 0.00107161
0.260404  0.428292 0.00107482
0.263008  0.430082 0.00107802
0.265638  0.431879 0.00108121
0.268295  0.433685 0.00108439
0.270978  0.435499 0.00108756
0.273687  0.437321 0.00109072
0.276424  0.439151 0.00109386
0.279189  0.440989 0.001097
0.28198  0.442836 0.00110012
0.2848  0.44469 0.00110324
0.287648  0.446554 0.00110634
0.290525  0.448425 0.00110942
0.29343  0.450305 0.0011125
0.296364  0.452193 0.00111556
0.299328  0.454089 0.0011186
0.302321  0.455994 0.00112163
0.305344  0.457908 0.00112465
0.308398  0.45983 0.00112765
0.311482  0.46176 0.00113064
0.314597  0.463699 0.00113361
0.317743  0.465647 0.00113656
0.32092  0.467604 0.0011395
0.324129  0.469569 0.00114241
0.32737  0.471542 0.00114531
0.330644  0.473525 0.0011482
0.333951  0.475516 0.00115106
0.33729  0.477516 0.00115391
0.340663  0.479525 0.00115673
0.34407  0.481543 0.00115954
0.34751  0.48357 0.00116233
0.350985  0.485605 0.00116509
0.354495  0.48765 0.00116783
0.35804  0.489703 0.00117056
0.361621  0.491766 0.00117326
0.365237  0.493838 0.00117593
0.368889  0.495919 0.00117859
0.372578  0.498009 0.00118122
0.376304  0.500108 0.00118383
0.380067  0.502216 0.00118641
0.383868  0.504333 0.00118897
0.387706  0.50646 0.0011915
0.391583  0.508596 0.00119401
0.395499  0.510742 0.0011965
0.399454  0.512897 0.00119895
0.403449  0.515061 0.00120212
0.407483  0.517235 0.00120568
0.411558  0.519418 0.00120923
0.415674  0.521611 0.00121279
0.41983  0.523949 0.00121634
0.424029  0.526524 0.0012199
0.428269  0.529598 0.00122346
0.432552  0.532702 0.00122702
0.436877  0.535837 0.00123058
0.441246  0.539004 0.00123414
0.445658  0.542202 0.0012377
0.450115  0.545432 0.00124126
0.454616  0.548695 0.00124483
0.459162  0.55199 0.00124839
0.463754  0.555318 0.00125196
0.468391  0.558679 0.00125553
0.473075  0.562074 0.0012591
0.477806  0.565503 0.00126267
0.482584  0.568967 0.00126624
0.48741  0.572465 0.00126982
0.492284  0.575998 0.0012734
0.497207  0.579566 0.00127698
0.502179  0.58317 0.00128056
0.507201  0.58681 0.00128415
0.512273  0.590486 0.00128774
0.517396  0.5942 0.00129133
0.52257  0.59795 0.00129492
0.527795  0.601738 0.00129852
0.533073  0.605511 0.00130212
0.538404  0.609073 0.00130573
0.543788  0.612672 0.00130934
0.549226  0.616306 0.00131295
0.554718  0.619976 0.00131657
0.560265  0.623743 0.00132019
0.565868  0.627547 0.00132381
0.571527  0.63139 0.00132745
0.577242  0.635271 0.00133108
0.583014  0.639191 0.00133472
0.588844  0.64315 0.00133837
0.594733  0.647149 0.00134202
0.60068  0.651188 0.00134568
0.606687  0.655267 0.00134935
0.612754  0.659387 0.00135302
0.618881  0.663548 0.0013567
0.62507  0.667751 0.00136038
0.631321  0.671995 0.00136407
0.637634  0.676283 0.00136778
0.644011  0.680613 0.00137148
0.650451  0.684986 0.0013752
0.656955  0.689404 0.00137893
0.663525  0.693865 0.00138266
0.67016  0.698336 0.0013864
0.676862  0.702047 0.00139016
0.68363  0.705794 0.00139392
0.690466  0.709579 0.00139769
0.697371  0.713426 0.00140147
0.704345  0.717329 0.00140527
0.711388  0.721271 0.00140907
0.718502  0.725253 0.00141289
0.725687  0.729274 0.00141672
0.732944  0.733336 0.00142056
0.740273  0.737438 0.00142442
0.747676  0.741581 0.00142828
0.755153  0.745766 0.00143217
0.762705  0.749992 0.00143606
0.770332  0.754261 0.00143997
0.778035  0.758573 0.0014439
0.785815  0.762928 0.00144784
0.793673  0.767326 0.0014518
0.80161  0.771768 0.00145577
0.809626  0.776255 0.00145976
0.817722  0.780786 0.00146377
0.8259  0.785363 0.00146779
0.834159  0.789996 0.00147184
0.8425  0.794706 0.0014759
0.850925  0.798291 0.00147999
0.859435  0.801792 0.00148409
0.868029  0.805329 0.00148822
0.876709  0.8089 0.00149236
0.885476  0.812508 0.00149653
0.894331  0.816152 0.00150072
0.903274  0.819832 0.00150494
0.912307  0.823549 0.00150918
0.92143  0.827303 0.00151344
0.930644  0.831095 0.00151773
0.939951  0.834924 0.00152204
0.94935  0.838792 0.00152638
0.958844  0.842699 0.00153075
0.968432  0.846644 0.00153514
0.978117  0.85063 0.00153957
0.987898  0.854655 0.00154402
0.997777  0.85872 0.0015485
1.00775  0.862826 0.00155301
1.01783  0.866973 0.00155756
1.02801  0.871161 0.00156213
1.03829  0.875392 0.00156674
1.04867  0.879664 0.00157138
1.05916  0.88398 0.00157606
1.06975  0.887371 0.00158077
1.08045  0.890513 0.00158552
1.09125  0.893686 0.0015903
1.10217  0.896891 0.00159512
1.11319  0.900141 0.00159998
1.12432  0.903451 0.00160488
1.13556  0.906793 0.00160982
1.14692  0.910169 0.0016148
1.15839  0.913578 0.00161982
1.16997  0.917022 0.00162488
1.18167  0.9205 0.00162999
1.19349  0.924013 0.00163514
1.20542  0.927561 0.00164034
1.21748  0.931145 0.00164558
1.22965  0.934764 0.00165087
1.24195  0.93842 0.00165621
1.25437  0.942112 0.0016616
1.26691  0.945841 0.00166704
1.27958  0.949607 0.00167254
1.29238  0.953411 0.00167808
1.3053  0.957254 0.00168368
1.31835  0.961134 0.00168933
1.33154  0.965053 0.00169503
1.34485  0.968182 0.0017008
1.3583  0.970874 0.00170662
1.37188  0.973594 0.0017125
1.3856  0.976341 0.00171844
1.39946  0.97915 0.00172444
1.41345  0.98199 0.0017305
1.42759  0.984859 0.00173662
1.44186  0.987757 0.00174281
1.45628  0.990684 0.00174907
1.47085  0.99364 0.00175539
1.48555  0.996626 0.00176178
1.50041  0.999641 0.00176824
1.51541  1.00269 0.00177477
1.53057  1.00576 0.00178137
1.54587  1.00887 0.00178804
1.56133  1.01201 0.00179479
1.57695  1.01518 0.00180161
1.59271  1.01838 0.0018085
1.60864  1.02161 0.00181548
1.62473  1.02488 0.00182253
1.64098  1.02817 0.00182966
1.65739  1.03151 0.00183688
1.67396  1.03487 0.00184417
1.6907  1.03751 0.00185155
1.70761  1.03945 0.00185902
1.72468  1.04141 0.00186657
1.74193  1.04338 0.00187421
1.75935  1.04538 0.00188193
1.77694  1.0474 0.00188975
1.79471  1.04943 0.00189766
1.81266  1.05149 0.00190566
1.83078  1.05357 0.00191376
1.84909  1.05566 0.00192195
1.86758  1.05778 0.00193024
1.88626  1.05992 0.00193863
1.90512  1.06208 0.00194712
1.92417  1.06427 0.0019557
1.94341  1.06647 0.0019644
1.96285  1.0687 0.00197319
1.98248  1.07095 0.0019821
2.0023  1.07322 0.0019911
2.02232  1.07551 0.00200022
2.04255  1.07783 0.00200945
2.06297  1.08017 0.00201879
2.0836  1.08254 0.00202824
2.10444  1.08496 0.0020378
2.12548  1.08729 0.00204749
2.14674  1.08945 0.00205728
2.16821  1.09163 0.0020672
2.18989  1.09383 0.00207724
2.21179  1.09605 0.0020874
2.2339  1.09829 0.00209768
2.25624  1.10056 0.00210809
2.27881  1.10284 0.00211862
2.30159  1.10516 0.00212928
2.32461  1.10749 0.00214007
2.34786  1.10985 0.00215099
2.37134  1.11223 0.00216205
2.39505  1.11463 0.00217323
2.419  1.11706 0.00218456
2.44319  1.11952 0.00219602
2.46762  1.122 0.00220762
2.4923  1.1245 0.00221936
2.51722  1.12703 0.00223124
2.54239  1.12958 0.00224327
2.56782  1.13216 0.00225545
2.59349  1.13476 0.00226777
2.61943  1.13739 0.00228024
2.64562  1.14005 0.00229286
2.67208  1.14246 0.00230563
2.6988  1.14401 0.00231856
2.72579  1.14557 0.00233165
2.75305  1.14714 0.0023449
2.78058  1.14874 0.0023583
2.80838  1.15038 0.00237187
2.83647  1.15203 0.0023856
2.86483  1.1537 0.00239949
2.89348  1.15539 0.00241355
2.92241  1.15709 0.00242779
2.95164  1.15881 0.00244219
2.98115  1.16054 0.00245676
3.01097  1.1623 0.00247151
3.04108  1.16407 0.00248644
3.07149  1.16586 0.00250154
3.1022  1.16766 0.00251683
3.13322  1.16949 0.0025323
3.16456  1.17133 0.00254795
3.1962  1.17319 0.00256379
3.22816  1.17507 0.00257982
3.26045  1.17697 0.00259603
3.29305  1.17889 0.00261244
3.32598  1.18083 0.00262905
3.35924  1.1827 0.00264585
3.39283  1.18381 0.00266285
3.42676  1.18492 0.00268005
3.46103  1.18605 0.00269745
3.49564  1.1872 0.00271506
3.53059  1.18835 0.00273288
3.5659  1.18951 0.00275091
3.60156  1.19069 0.00276915
3.63758  1.19187 0.0027876
3.67395  1.19307 0.00280628
3.71069  1.19428 0.00282517
3.7478  1.19551 0.00284429
3.78528  1.19674 0.00286363
3.82313  1.19799 0.00288319
3.86136  1.19925 0.00290299
3.89997  1.20052 0.00292302
3.93897  1.20181 0.00294328
3.97836  1.20311 0.00296379
4.01815  1.20442 0.00298453
4.05833  1.20574 0.00300551
4.09891  1.20708 0.00302674
4.1399  1.20843 0.00304822
4.1813  1.20981 0.00306995
4.22311  1.21121 0.00309193
4.26534  1.21184 0.00311417
4.308  1.21245 0.00313667
4.35108  1.21307 0.00315943
4.39459  1.21369 0.00318245
4.43853  1.21431 0.00320575
4.48292  1.21495 0.00322931
4.52775  1.21559 0.00325315
4.57303  1.21623 0.00327727
4.61876  1.21688 0.00330167
4.66494  1.21754 0.00332636
4.71159  1.21821 0.00335133
4.75871  1.21888 0.00337659
4.8063  1.21956 0.00340215
4.85436  1.22025 0.00342801
4.9029  1.22094 0.00345417
4.95193  1.22164 0.00348064
5.00145  1.22235 0.00350741
5.05146  1.22306 0.0035345
5.10198  1.22378 0.00356191
5.153  1.22451 0.00358963
5.20453  1.22524 0.00361769
5.25657  1.22599 0.00364607
5.30914  1.22674 0.00367478
5.36223  1.22702 0.00370383
5.41585  1.22721 0.00373323
5.47001  1.22739 0.00376296
5.52471  1.22758 0.00379305
5.57996  1.22778 0.00382349
5.63576  1.22799 0.00385429
5.69212  1.2282 0.00388546
5.74904  1.22841 0.00391699
5.80653  1.22862 0.00394889
5.86459  1.22884 0.00398116
5.92324  1.22906 0.00401382
5.98247  1.22927 0.00404687
6.0423  1.2295 0.0040803
6.10272  1.22972 0.00411413
6.16375  1.22995 0.00414836
6.22538  1.23017 0.004183
6.28764  1.2304 0.00421805
6.35051  1.23064 0.00425351
6.41402  1.23087 0.0042894
6.47816  1.23111 0.00432571
6.54294  1.23135 0.00436246
6.60837  1.23159 0.00439965
6.67445  1.23184 0.00443728
6.7412  1.23159 0.00447536
6.80861  1.23112 0.0045139
6.8767  1.23065 0.0045529
6.94546  1.23017 0.00459237
7.01492  1.22969 0.00463232
7.08507  1.22921 0.00467276
7.15592  1.22873 0.00471368
7.22748  1.22823 0.0047551
7.29975  1.22774 0.00479702
7.37275  1.22724 0.00483945
7.44648  1.22673 0.00488241
7.52094  1.22622 0.00492588
7.59615  1.22571 0.00496989
7.67211  1.22518 0.00501444
7.74883  1.22466 0.00505954
7.82632  1.22413 0.00510519
7.90459  1.22359 0.00515141
7.98363  1.22305 0.00519819
8.06347  1.2225 0.00524554
8.1441  1.22195 0.00529348
8.22554  1.22139 0.00534201
8.3078  1.22082 0.00539114
8.39088  1.22026 0.00544087
8.47479  1.21937 0.00549121
8.55953  1.21821 0.00554218
8.64513  1.21703 0.00559377
8.73158  1.21585 0.005646
8.8189  1.21465 0.00569886
8.90709  1.21344 0.00575238
8.99616  1.21222 0.00580656
9.08612  1.21098 0.0058614
9.17698  1.20973 0.00591691
9.26875  1.20847 0.00597311
9.36144  1.2072 0.00602998
9.45505  1.20592 0.00608756
9.5496  1.20462 0.00614584
9.6451  1.20331 0.00620483
9.74155  1.20199 0.00626454
9.83896  1.20065 0.00632499
9.93735  1.1993 0.00638618
10.0367  1.19793 0.00644813
10.1371  1.19656 0.00651085
10.2385  1.19516 0.00657436
10.3409  1.19376 0.00663865
10.4443  1.19234 0.00670376
10.5487  1.19091 0.00676968
10.6542  1.18932 0.00683644
10.7607  1.18751 0.00690404
10.8683  1.18569 0.0069725
10.977  1.18385 0.00704184
11.0868  1.18199 0.00711207
11.1977  1.18011 0.00718321
11.3096  1.17822 0.00725527
11.4227  1.17631 0.00732827
11.537  1.17439 0.00740223
11.6523  1.17244 0.00747716
11.7689  1.17047 0.00755308
11.8865  1.16848 0.00763002
12.0054  1.16648 0.00770798
12.1255  1.16445 0.00778699
12.2467  1.1624 0.00786707
12.3692  1.16033 0.00794824
12.4929  1.15824 0.00803051
12.6178  1.15613 0.00811392
12.744  1.154 0.00819847
12.8714  1.15185 0.0082842
13.0001  1.14968 0.00837113
13.1301  1.14748 0.00845928
13.2614  1.14527 0.00854867
13.3941  1.14299 0.00863934
13.528  1.1406 0.00873129
13.6633  1.13818 0.00882456
13.7999  1.13574 0.00891916
13.9379  1.13328 0.00901512
14.0773  1.13079 0.00911246
14.2181  1.12829 0.0092112
14.3602  1.12575 0.00931136
14.5038  1.12319 0.00941296
14.6489  1.12061 0.00951603
14.7954  1.118 0.00962059
14.9433  1.11536 0.00972667
15.0928  1.1127 0.00983427
15.2437  1.11001 0.00994344
15.3961  1.10729 0.0100542
15.5501  1.10455 0.0101666
15.7056  1.10178 0.0102805
15.8626  1.09898 0.0103962
16.0213  1.09615 0.0105135
16.1815  1.0933 0.0106325
16.3433  1.09041 0.0107532
16.5067  1.0875 0.0108757
16.6718  1.08456 0.011
16.8385  1.08162 0.011126
17.0069  1.07889 0.0112539
17.177  1.07613 0.0113836
17.3487  1.07335 0.0115152
17.5222  1.07053 0.0116488
17.6974  1.06769 0.0117842
17.8744  1.06482 0.0119217
18.0532  1.06192 0.0120611
18.2337  1.05899 0.0122027
18.416  1.05603 0.0123463
18.6002  1.05305 0.012492
18.7862  1.05003 0.0126399
18.9741  1.04698 0.01279
19.1638  1.0439 0.0129423
19.3554  1.0408 0.0130969
19.549  1.03766 0.0132538
19.7445  1.03448 0.0134131
19.9419  1.03128 0.0135747
20.1413  1.02805 0.0137388
20.3427  1.02478 0.0139053
20.5462  1.02148 0.0140743
20.7516  1.01815 0.0142459
20.9592  1.01478 0.0144201
21.1687  1.01139 0.0145969
21.3804  1.00812 0.0147763
21.5942  1.00482 0.0149585
21.8102  1.00149 0.0151434
22.0283  0.998129 0.0153311
22.2486  0.994731 0.0155217
22.4711  0.991299 0.0157152
22.6958  0.987833 0.0159116
22.9227  0.984332 0.0161109
23.1519  0.980796 0.0163134
23.3835  0.977225 0.0165189
23.6173  0.973618 0.0167275
23.8535  0.969974 0.0169393
24.092  0.966295 0.0171544
24.3329  0.962579 0.0173728
24.5763  0.958825 0.0175945
24.822  0.955034 0.0178196
25.0702  0.951205 0.0180482
25.3209  0.947338 0.0182804
25.5742  0.943432 0.0185161
25.8299  0.939487 0.0187556
26.0882  0.935502 0.0189988
26.3491  0.931478 0.0192458
26.6126  0.927414 0.0194968
26.8787  0.923841 0.0197516
27.1475  0.920329 0.0200106
27.419  0.916781 0.0202736
27.6931  0.913197 0.0205408
27.9701  0.909582 0.0208121
28.2498  0.90593 0.0210878
28.5323  0.902243 0.0213677
28.8176  0.898518 0.0216521
29.1058  0.894756 0.0219408
29.3968  0.890957 0.0222341
29.6908  0.88712 0.0225319
29.9877  0.883244 0.0228343
30.2876  0.879329 0.0231415
30.5905  0.875376 0.0234534
30.8964  0.871383 0.0237702
31.2053  0.867349 0.024092
31.5174  0.863276 0.024419
31.8326  0.859162 0.0247512
32.1509  0.855006 0.0250889
32.4724  0.85081 0.0254321
32.7971  0.846571 0.0257811
33.1251  0.842289 0.0261358
33.4563  0.837965 0.0264966
33.7909  0.834187 0.0268635
34.1288  0.880007 0.0272367
34.4701  0.875164 0.0276163
34.8148  0.87031 0.0280025
35.1629  0.865446 0.0283953
35.5146  0.860575 0.0287949
35.8697  0.855697 0.0292014
36.2284  0.850814 0.0296149
36.5907  0.845928 0.0300356
36.9566  0.841038 0.0304635
37.3262  0.836148 0.0308989
37.6994  0.831257 0.0313419
38.0764  0.826367 0.0317926
38.4572  0.821479 0.032251
38.8418  0.816594 0.0327174
39.2302  0.811713 0.0331917
39.6225  0.806837 0.0336739
40.0187  0.802007 0.0341642
40.4189  0.797205 0.0346627
40.8231  0.792411 0.0351693
41.2313  0.787575 0.0356841
41.6436  0.782627 0.0362072
42.0601  0.777692 0.0367386
42.4807  0.772769 0.0372784
42.9055  0.767858 0.0378266
43.3345  0.76296 0.0383835
43.7679  0.758075 0.0389492
44.2056  0.753204 0.0395239
44.6476  0.748348 0.0401079
45.0941  0.743507 0.0407013
45.545  0.738681 0.0413044
46.0005  0.733872 0.0419175
46.4605  0.729079 0.0425406
46.9251  0.724626 0.0431741
47.3943  0.720234 0.0438183
47.8683  0.715852 0.0444733
48.347  0.711502 0.0451394
48.8304  0.707153 0.0458168
49.3187  0.702807 0.0465056
49.8119  0.698454 0.047206
50.31  0.694104 0.0479181
50.8131  0.689759 0.0486422
51.3213  0.68542 0.0493784
51.8345  0.681089 0.0501268
52.3528  0.676764 0.0508878
52.8764  0.672448 0.0516613
53.4051  0.668142 0.0524477
53.9392  0.663845 0.0532471
54.4786  0.659558 0.0540598
55.0234  0.655282 0.0548859
55.5736  0.651018 0.0557259
56.1293  0.646787 0.0565798
56.6906  0.642578 0.057448
57.2575  0.638381 0.0583307
57.8301  0.634188 0.0592282
58.4084  0.629987 0.0601409
58.9925  0.625802 0.0610689
59.5824  0.621631 0.0620126
60.1782  0.617476 0.0629723
60.78  0.613336 0.0639482
61.3878  0.609213 0.0649407
62.0017  0.605098 0.06595
62.6217  0.600984 0.0669765
63.2479  0.596888 0.0680203
63.8804  0.592814 0.069082
64.5192  0.58878 0.0701616
65.1644  0.584764 0.0712596
65.816  0.580766 0.0723763
66.4742  0.576786 0.073512
67.1389  0.572826 0.074667
67.8103  0.568885 0.0758417
68.4884  0.564962 0.0770364
69.1733  0.56106 0.0782515
69.8651  0.557178 0.0794873
70.5637  0.553294 0.0807442
71.2693  0.549421 0.0820226
71.982  0.545568 0.0833229
72.7019  0.541736 0.0846455
73.4289  0.537843 0.0859907
74.1632  0.533947 0.087359
74.9048  0.530078 0.0887508
75.6538  0.526234 0.0901665
76.4104  0.522416 0.0916065
77.1745  0.518624 0.0930713
77.9462  0.514858 0.0945613
78.7257  0.511117 0.0960769
79.513  0.507402 0.0976187
80.3081  0.503725 0.0991871
81.1112  0.50008 0.100783
81.9223  0.496461 0.102406
82.7415  0.492856 0.104057
83.5689  0.489242 0.105736
84.4046  0.485653 0.107445
85.2486  0.482089 0.109183
86.1011  0.47855 0.110952
86.9621  0.475036 0.112751
87.8318  0.471546 0.114581
88.7101  0.46808 0.116443
89.5972  0.464638 0.118337
90.4932  0.46122 0.120265
91.3981  0.457827 0.122225
92.3121  0.454456 0.12422
93.2352  0.45111 0.12625
94.1675  0.447787 0.128315
95.1092  0.444487 0.130416
96.0603  0.441212 0.132553
97.0209  0.437969 0.134728
97.9911  0.434749 0.136941
98.971  0.431551 0.139192
99.9607  0.428376 0.141482
100.96  0.425224 0.143813
101.97  0.422093 0.146184
102.99  0.418985 0.148596
104.02  0.415899 0.151051
105.06  0.412834 0.153548
106.11  0.409792 0.156089
107.171  0.406771 0.158674
108.243  0.403771 0.161304
109.326  0.400792 0.163979
110.419  0.397835 0.166702
111.523  0.3949 0.169472
112.638  0.391988 0.172291
113.765  0.389098 0.175159
114.902  0.38623 0.178076
116.051  0.383382 0.181045
117.212  0.380554 0.184066
118.384  0.377747 0.18714
119.568  0.374959 0.190268
120.763  0.372193 0.193451
121.971  0.369447 0.196689
123.191  0.366722 0.199984
124.423  0.364011 0.203337
125.667  0.36128 0.206749
126.924  0.358569 0.210221
128.193  0.355877 0.213754
129.475  0.353205 0.217349
130.77  0.350571 0.221008
132.077  0.347987 0.224731
133.398  0.34542 0.22852
134.732  0.342869 0.232376
136.079  0.340335 0.2363
137.44  0.337816 0.240293
138.814  0.335313 0.244357
140.203  0.332828 0.248492
141.605  0.330359 0.252701
143.021  0.327906 0.256984
144.451  0.325469 0.261342
145.895  0.323048 0.265778
147.354  0.320643 0.270293
148.828  0.318255 0.274887
150.316  0.315882 0.279563
151.819  0.313525 0.284321
153.338  0.311184 0.289164
154.871  0.308859 0.294092
156.42  0.306549 0.299108
157.984  0.304256 0.304212
159.564  0.301977 0.309407
161.159  0.299715 0.314694
162.771  0.29747 0.320075
164.399  0.29524 0.325552
166.043  0.293026 0.331125
167.703  0.290827 0.336798
169.38  0.288643 0.342571
171.074  0.286474 0.348446
172.785  0.284321 0.354426
174.512  0.282182 0.360512
176.258  0.280058 0.366706
178.02  0.27795 0.373009
179.8  0.275856 0.379425
181.598  0.273777 0.385955
183.414  0.271712 0.3926
185.248  0.269663 0.399363
187.101  0.267627 0.406246
188.972  0.265606 0.413251
190.862  0.2636 0.42038
192.77  0.261608 0.427636
194.698  0.25963 0.43502
196.645  0.257667 0.442536
198.611  0.255717 0.450186
200.598  0.253782 0.457973
202.604  0.25186 0.465898
204.63  0.249952 0.473966
206.676  0.248059 0.482178
208.743  0.246179 0.490537
210.83  0.244225 0.499046
212.938  0.242281 0.507709
215.068  0.240352 0.516528
217.218  0.238437 0.525506
219.391  0.236537 0.534646
221.584  0.234651 0.543951
223.8  0.232778 0.553425
226.038  0.23092 0.563071
228.299  0.229076 0.572892
230.582  0.227245 0.582892
232.888  0.225428 0.593074
235.216  0.223625 0.603441
237.569  0.221835 0.613998
239.944  0.220058 0.624749
242.344  0.218296 0.635695
244.767  0.216541 0.646842
247.215  0.214798 0.658194
249.687  0.213068 0.669753
252.184  0.211352 0.681523
254.706  0.209648 0.693509
257.253  0.207957 0.705715
259.825  0.206279 0.718144
262.423  0.204614 0.7308
265.048  0.202961 0.743688
267.698  0.201321 0.756813
270.375  0.199694 0.770177
273.079  0.198079 0.783786
275.81  0.196476 0.797643
278.568  0.194886 0.811753
281.354  0.193309 0.826119
284.167  0.191743 0.840745
287.009  0.19019 0.855637
289.879  0.188649 0.870798
292.778  0.187119 0.886232
295.705  0.185646 0.901944
298.662  0.184269 0.917939
301.649  0.182902 0.93422
304.666  0.181543 0.950792
307.712  0.180193 0.967661
310.789  0.178852 0.984831
313.897  0.17752 1.00231
317.036  0.176195 1.02009
320.207  0.17488 1.03819
323.409  0.173573 1.05661
326.643  0.172275 1.07536
329.909  0.170986 1.09444
333.208  0.169704 1.11385
336.54  0.168432 1.1336
339.906  0.167167 1.1537
343.305  0.165912 1.17415
346.738  0.164664 1.19496
350.205  0.163425 1.21614
353.707  0.162195 1.23769
357.244  0.160972 1.25962
360.817  0.159759 1.28194
364.425  0.158553 1.30465
368.069  0.157356 1.32776
371.75  0.156167 1.35129
375.467  0.154986 1.37523
379.222  0.153814 1.3996
383.014  0.15265 1.4244
386.844  0.151494 1.44964
390.713  0.150346 1.47533
394.62  0.149206 1.50148
398.566  0.148074 1.5281
402.552  0.146951 1.55519
406.577  0.145835 1.58276
410.643  0.144726 1.61082
414.75  0.143622 1.63938
418.897  0.142525 1.66845
423.086  0.141437 1.69803
427.317  0.140356 1.72814
431.59  0.139283 1.75879
435.906  0.138218 1.78998
440.265  0.137161 1.82172
444.668  0.136111 1.85403
449.114  0.13507 1.88691
453.605  0.134036 1.92038
458.142  0.133009 1.95445
462.723  0.13199 1.98912
467.35  0.130979 2.02441
472.024  0.129976 2.06033
476.744  0.12898 2.09689
481.511  0.127991 2.1341
486.326  0.12701 2.17198
491.19  0.126036 2.21053
496.102  0.125069 2.24977
501.063  0.12411 2.28971
506.073  0.123158 2.33036
511.134  0.122214 2.37174
516.245  0.121276 2.41385
521.408  0.120346 2.45672
526.622  0.119422 2.50035
531.888  0.118506 2.54475
537.207  0.117597 2.58995
542.579  0.116694 2.63596
548.005  0.115799 2.68278
553.485  0.11491 2.73044
559.02  0.114029 2.77895
564.61  0.113154 2.82833
570.256  0.112286 2.87858
575.959  0.111424 2.92973
581.718  0.11057 2.9818
587.535  0.109721 3.03479
593.411  0.108877 3.08873
599.345  0.10804 3.14363
605.338  0.107209 3.19951
611.392  0.106335 3.25638
617.506  0.105518 3.31427
623.681  0.104707 3.3732
629.917  0.103902 3.43317
636.217  0.103103 3.49422
642.579  0.102311 3.55636
649.005  0.101524 3.6196
655.495  0.100744 3.68397
662.05  0.09997 3.74949
668.67  0.099202 3.81618
675.357  0.0984401 3.88406
682.11  0.0976841 3.95315
688.931  0.096934 4.02347
695.821  0.0961899 4.09505
702.779  0.0954516 4.1679
709.807  0.0947191 4.24205
716.905  0.0939925 4.31752
724.074  0.0932716 4.39434
731.315  0.0925565 4.47253
738.628  0.091847 4.5521
746.014  0.0911433 4.6331
753.474  0.0904451 4.71554
761.009  0.0897525 4.79945
768.619  0.0890655 4.88485
776.305  0.0883839 4.97177
784.068  0.0877079 5.06023
791.909  0.0870373 5.15027
799.828  0.086372 5.24192
807.826  0.0857122 5.33519
815.905  0.0850577 5.43013
824.064  0.0844085 5.52675
832.304  0.0837645 5.62509
840.627  0.0831258 5.72518
849.034  0.0824923 5.82705
857.524  0.0818638 5.93073
866.099  0.0812396 6.03625
874.76  0.0806204 6.14365
883.508  0.0800062 6.25295
892.343  0.079397 6.3642
901.266  0.0787927 6.47743
910.279  0.0781934 6.59266
919.382  0.0775989 6.70994
928.575  0.0770092 6.8293
937.861  0.0764244 6.95079
947.24  0.0758443 7.07442
956.712  0.0752689 7.20026
966.279  0.0746982 7.32832
975.942  0.0741321 7.45865
985.702  0.0735707 7.5913
995.559  0.0730139 7.7263
