0.001  8.94646e-05 0.14006
0.00101  8.95481e-05 0.140759
0.0010201  8.96321e-05 0.141461
0.0010303  8.97166e-05 0.142167
0.0010406  8.98015e-05 0.142876
0.00105101  8.9887e-05 0.143588
0.00106152  8.99729e-05 0.144304
0.00107214  9.00593e-05 0.145024
0.00108286  9.01462e-05 0.145748
0.00109369  9.02336e-05 0.146474
0.00110462  9.03215e-05 0.147205
0.00111567  9.04099e-05 0.147939
0.00112683  9.04989e-05 0.148677
0.00113809  9.05883e-05 0.149419
0.00114947  9.06782e-05 0.150164
0.00116097  9.07687e-05 0.150913
0.00117258  9.08597e-05 0.151665
0.0011843  9.09512e-05 0.152422
0.00119615  9.10433e-05 0.153182
0.00120811  9.11359e-05 0.153946
0.00122019  9.1229e-05 0.154714
0.00123239  9.13226e-05 0.155486
0.00124472  9.14168e-05 0.156261
0.00125716  9.15116e-05 0.15704
0.00126973  9.16069e-05 0.157824
0.00128243  9.17027e-05 0.158611
0.00129526  9.17991e-05 0.159402
0.00130821  9.18961e-05 0.160197
0.00132129  9.19936e-05 0.160996
0.0013345  9.20917e-05 0.161799
0.00134785  9.21903e-05 0.162606
0.00136133  9.22896e-05 0.163417
0.00137494  9.23894e-05 0.164232
0.00138869  9.24896e-05 0.165051
0.00140258  9.2575e-05 0.165874
0.0014166  9.26553e-05 0.166702
0.00143077  9.27361e-05 0.167533
0.00144508  9.28172e-05 0.168369
0.00145953  9.28987e-05 0.169208
0.00147412  9.29806e-05 0.170052
0.00148886  9.30576e-05 0.1709
0.00150375  9.31308e-05 0.171753
0.00151879  9.32043e-05 0.172609
0.00153398  9.32782e-05 0.17347
0.00154932  9.33523e-05 0.174336
0.00156481  9.34267e-05 0.175205
0.00158046  9.35014e-05 0.176079
0.00159626  9.35764e-05 0.176941
0.00161223  9.36517e-05 0.177796
0.00162835  9.37274e-05 0.178661
0.00164463  9.38033e-05 0.179537
0.00166108  9.38795e-05 0.180424
0.00167769  9.3956e-05 0.181321
0.00169447  9.40329e-05 0.182228
0.00171141  9.411e-05 0.183145
0.00172852  9.41875e-05 0.184072
0.00174581  9.42652e-05 0.185009
0.00176327  9.43433e-05 0.185956
0.0017809  9.44216e-05 0.186912
0.00179871  9.45003e-05 0.187834
0.0018167  9.45793e-05 0.188759
0.00183486  9.46586e-05 0.189694
0.00185321  9.47374e-05 0.190635
0.00187174  9.48055e-05 0.191585
0.00189046  9.48704e-05 0.192542
0.00190937  9.49355e-05 0.193506
0.00192846  9.50008e-05 0.194477
0.00194774  9.50662e-05 0.195454
0.00196722  9.51318e-05 0.196437
0.00198689  9.51951e-05 0.197425
0.00200676  9.52571e-05 0.198416
0.00202683  9.53193e-05 0.199406
0.0020471  9.53815e-05 0.200401
0.00206757  9.54439e-05 0.201401
0.00208825  9.55064e-05 0.202405
0.00210913  9.55691e-05 0.203415
0.00213022  9.56318e-05 0.204429
0.00215152  9.56946e-05 0.205448
0.00217304  9.57576e-05 0.206472
0.00219477  9.58206e-05 0.207502
0.00221672  9.58838e-05 0.208536
0.00223888  9.5947e-05 0.209576
0.00226127  9.60104e-05 0.210621
0.00228388  9.60739e-05 0.211671
0.00230672  9.61374e-05 0.212726
0.00232979  9.62011e-05 0.213787
0.00235309  9.62648e-05 0.214853
0.00237662  9.63287e-05 0.215925
0.00240038  9.63926e-05 0.217002
0.00242439  9.64566e-05 0.218084
0.00244863  9.65207e-05 0.219172
0.00247312  9.65847e-05 0.220266
0.00249785  9.66481e-05 0.221365
0.00252283  9.67116e-05 0.222469
0.00254806  9.67751e-05 0.223579
0.00257354  9.68388e-05 0.224694
0.00259927  9.69024e-05 0.225815
0.00262527  9.69662e-05 0.226941
0.00265152  9.703e-05 0.228073
0.00267803  9.70939e-05 0.22921
0.00270481  9.71578e-05 0.230353
0.00273186  9.72218e-05 0.231502
0.00275918  9.72858e-05 0.232657
0.00278677  9.73475e-05 0.233817
0.00281464  9.74007e-05 0.234983
0.00284279  9.74525e-05 0.236155
0.00287121  9.75043e-05 0.237333
0.00289993  9.75559e-05 0.238516
0.00292893  9.76075e-05 0.239706
0.00295822  9.76589e-05 0.240901
0.0029878  9.7711e-05 0.242103
0.00301768  9.77631e-05 0.24331
0.00304785  9.7815e-05 0.244524
0.00307833  9.78669e-05 0.245744
0.00310911  9.79186e-05 0.246969
0.0031402  9.79703e-05 0.248201
0.00317161  9.80218e-05 0.249439
0.00320332  9.80732e-05 0.250683
0.00323536  9.81245e-05 0.251933
0.00326771  9.81757e-05 0.25319
0.00330039  9.82268e-05 0.254453
0.00333339  9.82777e-05 0.255722
0.00336672  9.83284e-05 0.256997
0.00340039  9.8379e-05 0.258279
0.0034344  9.84295e-05 0.259567
0.00346874  9.84798e-05 0.260862
0.00350343  9.853e-05 0.262163
0.00353846  9.858e-05 0.26347
0.00357385  9.86298e-05 0.264784
0.00360958  9.86795e-05 0.266105
0.00364568  9.8729e-05 0.267432
0.00368214  9.87783e-05 0.268766
0.00371896  9.88262e-05 0.270106
0.00375615  9.88704e-05 0.271453
0.00379371  9.89141e-05 0.272807
0.00383165  9.89575e-05 0.274168
0.00386996  9.90007e-05 0.275535
0.00390866  9.90436e-05 0.276909
0.00394775  9.90862e-05 0.27829
0.00398723  9.91333e-05 0.279678
0.0040271  9.91803e-05 0.281073
0.00406737  9.9227e-05 0.282475
0.00410804  9.92734e-05 0.283884
0.00414912  9.93197e-05 0.2853
0.00419062  9.93656e-05 0.286723
0.00423252  9.94113e-05 0.288153
0.00427485  9.94567e-05 0.28959
0.0043176  9.95018e-05 0.291034
0.00436077  9.95467e-05 0.292486
0.00440438  9.95912e-05 0.293945
0.00444842  9.96355e-05 0.295411
0.00449291  9.96794e-05 0.296884
0.00453784  9.97231e-05 0.298365
0.00458321  9.97664e-05 0.299853
0.00462905  9.98093e-05 0.301348
0.00467534  9.98511e-05 0.302851
0.00472209  9.98923e-05 0.304362
0.00476931  9.99331e-05 0.30588
0.004817  9.99736e-05 0.307405
0.00486517  0.000100014 0.308939
0.00491383  0.000100053 0.310479
0.00496296  0.000100098 0.312028
0.00501259  0.000100148 0.313584
0.00506272  0.000100197 0.315148
0.00511335  0.000100245 0.31672
0.00516448  0.000100294 0.318299
0.00521613  0.000100342 0.319887
0.00526829  0.000100389 0.321482
0.00532097  0.000100437 0.323086
0.00537418  0.000100484 0.324697
0.00542792  0.00010053 0.326317
0.0054822  0.000100577 0.327944
0.00553702  0.000100623 0.32958
0.00559239  0.000100669 0.331223
0.00564832  0.000100715 0.332875
0.0057048  0.000100761 0.334536
0.00576185  0.000100806 0.336204
0.00581947  0.000100851 0.337881
0.00587766  0.000100896 0.339566
0.00593644  0.00010094 0.34126
0.0059958  0.000100984 0.342962
0.00605576  0.000101027 0.344672
0.00611632  0.00010107 0.346391
0.00617748  0.000101112 0.348119
0.00623926  0.000101154 0.349855
0.00630165  0.000101196 0.3516
0.00636466  0.000101237 0.353354
0.00642831  0.000101278 0.355116
0.00649259  0.000101318 0.356887
0.00655752  0.000101357 0.358667
0.0066231  0.000101396 0.360456
0.00668933  0.000101435 0.362254
0.00675622  0.000101473 0.364061
0.00682378  0.00010151 0.365876
0.00689202  0.000101547 0.367701
0.00696094  0.000101584 0.369535
0.00703055  0.000101619 0.371378
0.00710085  0.000101655 0.37323
0.00717186  0.000101689 0.375092
0.00724358  0.000101723 0.376963
0.00731602  0.000101756 0.378843
0.00738918  0.000101789 0.380732
0.00746307  0.000101839 0.382631
0.0075377  0.000101896 0.384539
0.00761308  0.000101951 0.386457
0.00768921  0.000102007 0.388385
0.0077661  0.000102062 0.390322
0.00784376  0.000102116 0.392268
0.0079222  0.00010217 0.394225
0.00800142  0.000102224 0.396191
0.00808144  0.000102277 0.398167
0.00816225  0.00010233 0.400153
0.00824387  0.000102382 0.402149
0.00832631  0.000102433 0.404155
0.00840957  0.000102485 0.40617
0.00849367  0.000102535 0.408196
0.00857861  0.000102585 0.410232
0.00866439  0.000102635 0.412278
0.00875104  0.000102684 0.414334
0.00883855  0.000102732 0.416401
0.00892693  0.00010278 0.418477
0.0090162  0.000102828 0.420565
0.00910636  0.000102874 0.422662
0.00919743  0.00010292 0.42477
0.0092894  0.000102969 0.426889
0.0093823  0.000103025 0.429018
0.00947612  0.000103083 0.431158
0.00957088  0.000103141 0.433308
0.00966659  0.000103197 0.435469
0.00976325  0.000103254 0.437641
0.00986089  0.000103309 0.439824
0.0099595  0.000103386 0.442017
0.0100591  0.000103465 0.444222
0.0101597  0.000103543 0.446437
0.0102613  0.000103622 0.448664
0.0103639  0.000103699 0.450902
0.0104675  0.000103777 0.453151
0.0105722  0.000103854 0.455411
0.0106779  0.00010393 0.457682
0.0107847  0.000104006 0.459965
0.0108926  0.000104082 0.462259
0.0110015  0.000104158 0.464564
0.0111115  0.000104233 0.466881
0.0112226  0.000104307 0.46921
0.0113348  0.000104381 0.47155
0.0114482  0.000104455 0.473902
0.0115627  0.000104528 0.476266
0.0116783  0.000104601 0.478641
0.0117951  0.000104673 0.481028
0.011913  0.000104745 0.483428
0.0120322  0.000104816 0.485839
0.0121525  0.000104887 0.488262
0.012274  0.000104957 0.490697
0.0123967  0.000105026 0.493144
0.0125207  0.000105096 0.495604
0.0126459  0.000105164 0.498075
0.0127724  0.000105232 0.50056
0.0129001  0.000105299 0.503056
0.0130291  0.000105366 0.505565
0.0131594  0.000105432 0.508087
0.013291  0.000105498 0.510621
0.0134239  0.000105562 0.513168
0.0135581  0.000105627 0.515727
0.0136937  0.00010569 0.518299
0.0138307  0.000105753 0.520884
0.013969  0.000105823 0.523482
0.0141086  0.000105908 0.526093
0.0142497  0.000105993 0.528717
0.0143922  0.000106078 0.531354
0.0145362  0.000106161 0.534004
0.0146815  0.000106245 0.536667
0.0148283  0.000106332 0.539344
0.0149766  0.000106443 0.542034
0.0151264  0.000106554 0.544738
0.0152776  0.000106665 0.547454
0.0154304  0.000106775 0.550185
0.0155847  0.000106885 0.552929
0.0157406  0.000106995 0.555686
0.015898  0.000107105 0.558458
0.016057  0.000107214 0.561243
0.0162175  0.000107323 0.564043
0.0163797  0.000107431 0.566856
0.0165435  0.000107539 0.569683
0.0167089  0.000107647 0.572524
0.016876  0.000107754 0.57538
0.0170448  0.000107861 0.57825
0.0172152  0.000107968 0.581134
0.0173874  0.000108074 0.584032
0.0175613  0.00010818 0.586945
0.0177369  0.000108285 0.589872
0.0179142  0.00010839 0.592814
0.0180934  0.000108495 0.595771
0.0182743  0.000108599 0.598742
0.0184571  0.000108702 0.601729
0.0186416  0.000108819 0.60473
0.018828  0.000108953 0.607746
0.0190163  0.000109086 0.610777
0.0192065  0.00010922 0.613823
0.0193986  0.000109353 0.616885
0.0195925  0.000109486 0.619961
0.0197885  0.000109625 0.623053
0.0199864  0.00010978 0.626161
0.0201862  0.000109936 0.629284
0.0203881  0.000110092 0.632422
0.020592  0.000110248 0.635577
0.0207979  0.000110404 0.638747
0.0210059  0.000110559 0.641932
0.0212159  0.000110715 0.645134
0.0214281  0.00011087 0.648352
0.0216424  0.000111026 0.651585
0.0218588  0.000111181 0.654835
0.0220774  0.000111336 0.658101
0.0222981  0.000111492 0.661383
0.0225211  0.000111646 0.664682
0.0227463  0.000111801 0.667997
0.0229738  0.000111956 0.671329
0.0232035  0.000112111 0.674677
0.0234356  0.000112265 0.678042
0.0236699  0.000112419 0.681424
0.0239066  0.000112573 0.684823
0.0241457  0.000112727 0.688238
0.0243871  0.000112881 0.691671
0.024631  0.000113034 0.69512
0.0248773  0.000113202 0.698587
0.0251261  0.000113374 0.702071
0.0253774  0.000113546 0.705573
0.0256311  0.000113717 0.709092
0.0258874  0.000113889 0.712629
0.0261463  0.00011406 0.716183
0.0264078  0.000114232 0.719755
0.0266719  0.000114403 0.723345
0.0269386  0.000114574 0.726953
0.027208  0.000114745 0.730578
0.02748  0.000114916 0.734222
0.0277548  0.000115086 0.737884
0.0280324  0.000115282 0.741564
0.0283127  0.000115491 0.745263
0.0285958  0.000115699 0.74898
0.0288818  0.000115908 0.752715
0.0291706  0.000116117 0.75647
0.0294623  0.000116326 0.760243
0.029757  0.000116545 0.764034
0.0300545  0.000116775 0.767845
0.0303551  0.000117006 0.771675
0.0306586  0.000117237 0.775523
0.0309652  0.000117468 0.779391
0.0312749  0.0001177 0.783278
0.0315876  0.000117932 0.787185
0.0319035  0.000118164 0.791111
0.0322225  0.000118397 0.795057
0.0325447  0.00011863 0.799022
0.0328702  0.000118863 0.803007
0.0331989  0.000119097 0.807012
0.0335309  0.000119331 0.811037
0.0338662  0.000119565 0.815083
0.0342049  0.000119799 0.819148
0.0345469  0.000120034 0.823233
0.0348924  0.000120269 0.827339
0.0352413  0.000120504 0.831465
0.0355937  0.000120739 0.835612
0.0359496  0.000120975 0.83978
0.0363091  0.000121211 0.843968
0.0366722  0.000121447 0.848178
0.037039  0.000121684 0.852408
0.0374093  0.000121943 0.85666
0.0377834  0.00012221 0.860932
0.0381613  0.000122478 0.865226
0.0385429  0.000122746 0.869542
0.0389283  0.000123015 0.873878
0.0393176  0.000123284 0.878237
0.0397108  0.000123567 0.882617
0.0401079  0.000123861 0.887019
0.040509  0.000124155 0.891443
0.040914  0.00012445 0.895889
0.0413232  0.000124746 0.900358
0.0417364  0.000125042 0.904848
0.0421538  0.000125339 0.909361
0.0425753  0.000125636 0.913897
0.0430011  0.000125935 0.918455
0.0434311  0.000126234 0.923035
0.0438654  0.000126533 0.927639
0.044304  0.000126833 0.932266
0.0447471  0.000127134 0.936915
0.0451946  0.000127436 0.941588
0.0456465  0.000127738 0.946284
0.046103  0.00012804 0.951004
0.046564  0.000128352 0.955747
0.0470296  0.00012868 0.960514
0.0474999  0.00012901 0.965305
0.0479749  0.00012934 0.970119
0.0484547  0.000129671 0.974958
0.0489392  0.000130002 0.97982
0.0494286  0.000130339 0.984707
0.0499229  0.000130698 0.989618
0.0504221  0.000131059 0.994554
0.0509264  0.000131421 0.999515
0.0514356  0.000131783 1.0045
0.05195  0.000132147 1.00951
0.0524695  0.000132512 1.01454
0.0529942  0.000132878 1.01961
0.0535241  0.000133245 1.02469
0.0540594  0.000133613 1.0298
0.0546  0.000133982 1.03494
0.055146  0.000134353 1.0401
0.0556974  0.000134728 1.04529
0.0562544  0.000135124 1.0505
0.0568169  0.000135525 1.05574
0.0573851  0.000135927 1.061
0.0579589  0.000136331 1.0663
0.0585385  0.000136736 1.07161
0.0591239  0.000137142 1.07696
0.0597152  0.00013755 1.08233
0.0603123  0.000137959 1.08773
0.0609154  0.000138369 1.09315
0.0615246  0.00013878 1.09861
0.0621398  0.000139193 1.10409
0.0627612  0.000139607 1.10959
0.0633888  0.000140023 1.11513
0.0640227  0.00014044 1.12069
0.064663  0.000140858 1.12628
0.0653096  0.000141278 1.13189
0.0659627  0.000141698 1.13754
0.0666223  0.000142121 1.14321
0.0672885  0.000142544 1.14892
0.0679614  0.000142969 1.15465
0.068641  0.000143395 1.1604
0.0693275  0.000143823 1.16619
0.0700207  0.000144251 1.17201
0.0707209  0.000144681 1.17785
0.0714281  0.000145113 1.18373
0.0721424  0.000145546 1.18963
0.0728638  0.00014598 1.19557
0.0735925  0.000146415 1.20153
0.0743284  0.000146874 1.20752
0.0750717  0.000147378 1.21354
0.0758224  0.000147888 1.2196
0.0765806  0.000148399 1.22568
0.0773464  0.000148913 1.23179
0.0781199  0.000149428 1.23794
0.0789011  0.000149946 1.24411
0.0796901  0.000150466 1.25032
0.080487  0.000150987 1.25655
0.0812919  0.000151511 1.26282
0.0821048  0.000152037 1.26912
0.0829259  0.000152564 1.27545
0.0837551  0.000153094 1.28181
0.0845927  0.000153626 1.2882
0.0854386  0.00015416 1.29463
0.086293  0.000154696 1.30108
0.0871559  0.000155234 1.30757
0.0880275  0.000155774 1.31409
0.0889077  0.000156316 1.32065
0.0897968  0.00015686 1.32723
0.0906948  0.000157407 1.33385
0.0916017  0.000157955 1.34051
0.0925178  0.000158506 1.34719
0.0934429  0.000159081 1.35391
0.0943774  0.00015967 1.36066
0.0953211  0.000160261 1.36745
0.0962743  0.000160855 1.37427
0.0972371  0.000161451 1.38113
0.0982095  0.00016205 1.38801
0.0991916  0.000162651 1.39494
0.100183  0.000163255 1.40189
0.101185  0.000163861 1.40889
0.102197  0.000164469 1.41591
0.103219  0.00016508 1.42298
0.104251  0.000165694 1.43007
0.105294  0.00016631 1.43721
0.106347  0.000166929 1.44437
0.10741  0.00016755 1.45158
0.108484  0.000168173 1.45882
0.109569  0.0001688 1.46609
0.110665  0.000169428 1.47341
0.111772  0.00017006 1.48075
0.112889  0.000170693 1.48814
0.114018  0.00017133 1.49556
0.115158  0.000171969 1.50302
0.11631  0.00017261 1.51052
0.117473  0.000173254 1.51805
0.118648  0.000173901 1.52562
0.119834  0.000174551 1.53323
0.121033  0.000175202 1.54088
0.122243  0.000175857 1.54856
0.123465  0.000176514 1.55628
0.1247  0.000177174 1.56405
0.125947  0.000177836 1.57185
0.127206  0.000178501 1.57969
0.128478  0.000179169 1.58757
0.129763  0.000179839 1.59549
0.131061  0.000180512 1.60345
0.132372  0.000181188 1.61145
0.133695  0.000181866 1.61949
0.135032  0.000182547 1.62756
0.136383  0.000183231 1.63568
0.137746  0.000183917 1.64384
0.139124  0.000184612 1.65204
0.140515  0.000185346 1.66028
0.14192  0.000186092 1.66855
0.143339  0.000186841 1.67687
0.144773  0.000187593 1.68523
0.146221  0.000188349 1.69363
0.147683  0.000189108 1.70207
0.14916  0.000189894 1.71056
0.150651  0.000190692 1.71909
0.152158  0.000191494 1.72765
0.153679  0.000192299 1.73627
0.155216  0.000193108 1.74493
0.156768  0.000193921 1.75363
0.158336  0.000194737 1.76238
0.159919  0.000195558 1.77117
0.161518  0.000196262 1.78002
0.163134  0.000196959 1.78891
0.164765  0.000197659 1.79784
0.166413  0.000198359 1.80683
0.168077  0.000199062 1.81587
0.169757  0.000199766 1.82495
0.171455  0.000200472 1.83409
0.17317  0.000201179 1.84328
0.174901  0.000201888 1.85253
0.17665  0.000202599 1.86182
0.178417  0.000203311 1.87117
0.180201  0.000204025 1.88058
0.182003  0.00020474 1.89004
0.183823  0.000205456 1.89956
0.185661  0.000206174 1.90913
0.187518  0.000206894 1.91876
0.189393  0.000207614 1.92845
0.191287  0.000208336 1.93819
0.1932  0.00020906 1.94799
0.195132  0.000209785 1.95784
0.197083  0.000210511 1.96775
0.199054  0.000211249 1.97772
0.201045  0.00021199 1.98775
0.203055  0.000212733 1.99784
0.205086  0.000213477 2.00798
0.207136  0.000214223 2.01818
0.209208  0.00021497 2.02844
0.2113  0.000215718 2.03876
0.213413  0.000216706 2.04675
0.215547  0.00021786 2.05314
0.217702  0.000219024 2.05951
0.219879  0.000220197 2.06588
0.222078  0.00022138 2.07223
0.224299  0.000222572 2.07857
0.226542  0.000223773 2.08489
0.228807  0.000224985 2.0912
0.231095  0.000226206 2.0975
0.233406  0.000227438 2.10377
0.235741  0.00022868 2.11003
0.238098  0.000229931 2.11627
0.240479  0.000231193 2.1225
0.242884  0.000232466 2.1287
0.245313  0.000233749 2.13489
0.247766  0.000235047 2.14105
0.250243  0.00023636 2.14719
0.252746  0.000237685 2.15331
0.255273  0.000239021 2.15941
0.257826  0.000240368 2.16549
0.260404  0.000241727 2.17154
0.263008  0.000243097 2.17757
0.265638  0.000244479 2.18357
0.268295  0.000245872 2.18954
0.270978  0.000247278 2.19549
0.273687  0.000248695 2.20141
0.276424  0.000250125 2.2073
0.279189  0.00025158 2.21317
0.28198  0.000253076 2.219
0.2848  0.000254586 2.22481
0.287648  0.000256109 2.23058
0.290525  0.000257646 2.23632
0.29343  0.000259196 2.24203
0.296364  0.00026076 2.2477
0.299328  0.000262347 2.25334
0.302321  0.000263947 2.25895
0.305344  0.000265562 2.26452
0.308398  0.000267191 2.27005
0.311482  0.000268835 2.27554
0.314597  0.000270493 2.281
0.317743  0.000272167 2.28642
0.32092  0.000273855 2.29179
0.324129  0.000275559 2.29713
0.32737  0.000277278 2.30243
0.330644  0.000279012 2.30768
0.333951  0.000280763 2.31289
0.33729  0.000282529 2.31806
0.340663  0.000284312 2.32318
0.34407  0.000286111 2.32825
0.34751  0.000287926 2.33328
0.350985  0.000289758 2.33826
0.354495  0.000291607 2.3432
0.35804  0.000293474 2.34808
0.361621  0.000295357 2.35292
0.365237  0.000297258 2.3577
0.368889  0.000299177 2.36243
0.372578  0.00030112 2.36711
0.376304  0.000303092 2.37174
0.380067  0.000305082 2.37631
0.383868  0.000307091 2.38083
0.387706  0.00030912 2.38529
0.391583  0.000311167 2.38969
0.395499  0.000313235 2.39404
0.399454  0.00031533 2.39833
0.403449  0.000317445 2.40256
0.407483  0.000319581 2.40673
0.411558  0.000321736 2.41084
0.415674  0.000323913 2.41488
0.41983  0.000326038 2.41941
0.424029  0.000327915 2.42591
0.428269  0.000329803 2.43241
0.432552  0.000331701 2.43889
0.436877  0.000333609 2.44538
0.441246  0.000335528 2.45186
0.445658  0.000337457 2.45833
0.450115  0.000339397 2.4648
0.454616  0.000341347 2.47126
0.459162  0.000343307 2.47772
0.463754  0.000345279 2.48418
0.468391  0.00034727 2.49063
0.473075  0.000349272 2.49708
0.477806  0.000351285 2.50352
0.482584  0.000353308 2.50996
0.48741  0.000355342 2.5164
0.492284  0.000357385 2.52284
0.497207  0.000359445 2.52927
0.502179  0.000361516 2.5357
0.507201  0.000363598 2.54213
0.512273  0.000365689 2.54855
0.517396  0.00036779 2.55498
0.52257  0.000369901 2.5614
0.527795  0.000372022 2.56782
0.533073  0.000374152 2.57424
0.538404  0.000376292 2.58065
0.543788  0.000378441 2.58707
0.549226  0.000380599 2.59348
0.554718  0.000382767 2.5999
0.560265  0.00038495 2.60631
0.565868  0.000387148 2.61272
0.571527  0.000389354 2.61913
0.577242  0.000391569 2.62554
0.583014  0.000393794 2.63195
0.588844  0.000396026 2.63836
0.594733  0.000398268 2.64477
0.60068  0.000400518 2.65119
0.606687  0.000402776 2.65761
0.612754  0.000405043 2.66403
0.618881  0.000407318 2.67046
0.62507  0.0004096 2.67689
0.631321  0.000411891 2.68333
0.637634  0.000414189 2.68978
0.644011  0.000416386 2.69623
0.650451  0.000418517 2.7027
0.656955  0.000420651 2.70917
0.663525  0.000422787 2.71566
0.67016  0.000424925 2.72215
0.676862  0.000427065 2.72866
0.68363  0.000429206 2.73518
0.690466  0.000431348 2.74172
0.697371  0.000433491 2.74827
0.704345  0.000435635 2.75484
0.711388  0.000437779 2.76143
0.718502  0.000439923 2.76804
0.725687  0.000442066 2.77466
0.732944  0.00044421 2.7813
0.740273  0.000446352 2.78797
0.747676  0.000448509 2.79466
0.755153  0.000450667 2.80137
0.762705  0.000452824 2.8081
0.770332  0.000454978 2.81486
0.778035  0.00045713 2.82164
0.785815  0.00045928 2.82844
0.793673  0.000461426 2.83528
0.80161  0.000463569 2.84213
0.809626  0.000465708 2.84902
0.817722  0.000467843 2.85593
0.8259  0.000469973 2.86287
0.834159  0.000472099 2.86984
0.8425  0.000474219 2.87684
0.850925  0.000476334 2.88387
0.859435  0.000478443 2.89094
0.868029  0.000480545 2.89804
0.876709  0.000482641 2.90517
0.885476  0.000484729 2.91234
0.894331  0.00048681 2.91955
0.903274  0.000488883 2.92679
0.912307  0.000490948 2.93408
0.92143  0.000493004 2.9414
0.930644  0.000495054 2.94877
0.939951  0.000497102 2.95618
0.94935  0.00049914 2.96363
0.958844  0.000501168 2.97113
0.968432  0.000503186 2.97867
0.978117  0.000505193 2.98626
0.987898  0.000507188 2.9939
0.997777  0.000509177 3.00159
1.00775  0.000511154 3.00933
1.01783  0.000513118 3.01712
1.02801  0.000515069 3.02497
1.03829  0.000517006 3.03287
1.04867  0.00051893 3.04082
1.05916  0.000520839 3.04884
1.06975  0.000522734 3.05691
1.08045  0.000524614 3.06504
1.09125  0.000526477 3.07324
1.10217  0.000528325 3.0815
1.11319  0.000530157 3.08982
1.12432  0.000531971 3.09822
1.13556  0.000533769 3.10668
1.14692  0.000535549 3.11521
1.15839  0.00053731 3.12381
1.16997  0.000539054 3.13248
1.18167  0.000540778 3.14123
1.19349  0.000542483 3.15006
1.20542  0.000544168 3.15896
1.21748  0.000545834 3.16795
1.22965  0.000547479 3.17701
1.24195  0.000549102 3.18616
1.25437  0.000550705 3.1954
1.26691  0.000552286 3.20472
1.27958  0.000553845 3.21413
1.29238  0.000555382 3.22364
1.3053  0.000556896 3.23323
1.31835  0.000558386 3.24292
1.33154  0.000559854 3.25271
1.34485  0.000561297 3.2626
1.3583  0.000562716 3.27259
1.37188  0.000564111 3.28269
1.3856  0.000565481 3.29289
1.39946  0.000566831 3.30319
1.41345  0.00056816 3.31361
1.42759  0.000569463 3.32414
1.44186  0.000570741 3.33479
1.45628  0.000571992 3.34555
1.47085  0.000573216 3.35643
1.48555  0.000574415 3.36744
1.50041  0.00057559 3.37857
1.51541  0.000576738 3.38982
1.53057  0.000577857 3.40121
1.54587  0.000578949 3.41272
1.56133  0.000580013 3.42438
1.57695  0.000581048 3.43616
1.59271  0.000582056 3.44809
1.60864  0.000583034 3.46016
1.62473  0.000583983 3.47238
1.64098  0.000584903 3.48474
1.65739  0.000585793 3.49726
1.67396  0.000586654 3.50993
1.6907  0.000587486 3.52276
1.70761  0.000588287 3.53575
1.72468  0.000589058 3.5489
1.74193  0.000589799 3.56221
1.75935  0.00059051 3.5757
1.77694  0.00059119 3.58936
1.79471  0.00059184 3.60319
1.81266  0.00059246 3.61721
1.83078  0.000593049 3.6314
1.84909  0.000593607 3.64579
1.86758  0.000594139 3.66036
1.88626  0.000594643 3.67512
1.90512  0.000595116 3.69008
1.92417  0.000595559 3.70524
1.94341  0.000595971 3.72061
1.96285  0.000596352 3.73618
1.98248  0.000596704 3.75196
2.0023  0.000597027 3.76795
2.02232  0.000597319 3.78416
2.04255  0.00059758 3.8006
2.06297  0.000597811 3.81726
2.0836  0.000598012 3.83416
2.10444  0.000598183 3.85128
2.12548  0.000598323 3.86865
2.14674  0.000598433 3.88626
2.16821  0.000598513 3.90411
2.18989  0.000598563 3.92222
2.21179  0.000598584 3.94058
2.2339  0.000598575 3.9592
2.25624  0.000598537 3.97808
2.27881  0.00059847 3.99724
2.30159  0.000598373 4.01666
2.32461  0.000598248 4.03637
2.34786  0.000598095 4.05636
2.37134  0.000597913 4.07664
2.39505  0.000597702 4.0972
2.419  0.000597464 4.11807
2.44319  0.000597199 4.13924
2.46762  0.000596906 4.16072
2.4923  0.000596588 4.18251
2.51722  0.000596242 4.20461
2.54239  0.000595871 4.22704
2.56782  0.000595473 4.2498
2.59349  0.00059505 4.27289
2.61943  0.0005946 4.29633
2.64562  0.000594126 4.3201
2.67208  0.000593626 4.34423
2.6988  0.000593102 4.36871
2.72579  0.000592553 4.39356
2.75305  0.000591981 4.41877
2.78058  0.000591385 4.44436
2.80838  0.00059077 4.47033
2.83647  0.000590134 4.49668
2.86483  0.000589475 4.52343
2.89348  0.000588795 4.55057
2.92241  0.000588092 4.57812
2.95164  0.000587368 4.60608
2.98115  0.000586624 4.63446
3.01097  0.00058586 4.66326
3.04108  0.000585076 4.69249
3.07149  0.000584272 4.72216
3.1022  0.000583448 4.75228
3.13322  0.000582606 4.78284
3.16456  0.000581745 4.81386
3.1962  0.000580865 4.84535
3.22816  0.000579968 4.87732
3.26045  0.000579053 4.90976
3.29305  0.000578122 4.94269
3.32598  0.000577173 4.97611
3.35924  0.000576209 5.01004
3.39283  0.000575228 5.04447
3.42676  0.000574232 5.07943
3.46103  0.000573221 5.11491
3.49564  0.000572195 5.15092
3.53059  0.000571155 5.18747
3.5659  0.000570101 5.22457
3.60156  0.000569034 5.26223
3.63758  0.000567953 5.30046
3.67395  0.00056686 5.33926
3.71069  0.000565755 5.37864
3.7478  0.00056464 5.41862
3.78528  0.000563515 5.45919
3.82313  0.000562378 5.50038
3.86136  0.00056123 5.54218
3.89997  0.000560072 5.58461
3.93897  0.000558904 5.62767
3.97836  0.000557728 5.67138
4.01815  0.000556542 5.71575
4.05833  0.000555347 5.76078
4.09891  0.000554144 5.80648
4.1399  0.000552932 5.85287
4.1813  0.000551713 5.89995
4.22311  0.000550485 5.94773
4.26534  0.00054925 5.99623
4.308  0.000548009 6.04545
4.35108  0.00054676 6.09541
4.39459  0.000545505 6.14611
4.43853  0.000544244 6.19756
4.48292  0.000542977 6.24978
4.52775  0.000541704 6.30278
4.57303  0.000540427 6.35657
4.61876  0.000539144 6.41115
4.66494  0.000537857 6.46655
4.71159  0.000536567 6.52276
4.75871  0.000535273 6.57981
4.8063  0.000533975 6.63771
4.85436  0.000532674 6.69646
4.9029  0.000531368 6.75607
4.95193  0.00053006 6.81657
5.00145  0.00052875 6.87797
5.05146  0.000527437 6.94026
5.10198  0.000526121 7.00348
5.153  0.000524803 7.06763
5.20453  0.000523483 7.13272
5.25657  0.00052216 7.19877
5.30914  0.000520836 7.26578
5.36223  0.000519509 7.33378
5.41585  0.000518182 7.40278
5.47001  0.000516852 7.47279
5.52471  0.000515522 7.54383
5.57996  0.000514191 7.6159
5.63576  0.00051286 7.68902
5.69212  0.000511529 7.76322
5.74904  0.000510197 7.8385
5.80653  0.000508865 7.91487
5.86459  0.000507532 7.99236
5.92324  0.000506198 8.07098
5.98247  0.000504865 8.15074
6.0423  0.000503531 8.23165
6.10272  0.000502197 8.31375
6.16375  0.000500863 8.39704
6.22538  0.000499529 8.48153
6.28764  0.000498195 8.56725
6.35051  0.000496862 8.65421
6.41402  0.000495529 8.74243
6.47816  0.000494196 8.83192
6.54294  0.000492863 8.92271
6.60837  0.000491531 9.01481
6.67445  0.000490199 9.10825
6.7412  0.000488868 9.20302
6.80861  0.000487537 9.29917
6.8767  0.000486207 9.3967
6.94546  0.000484878 9.49564
7.01492  0.000483549 9.596
7.08507  0.000482221 9.69781
7.15592  0.000480893 9.80108
7.22748  0.000479566 9.90583
7.29975  0.00047824 10.0121
7.37275  0.000476914 10.1199
7.44648  0.00047559 10.2292
7.52094  0.000474269 10.3401
7.59615  0.000472949 10.4526
7.67211  0.000471629 10.5667
7.74883  0.00047031 10.6825
7.82632  0.000468992 10.7999
7.90459  0.000467674 10.919
7.98363  0.000466357 11.0398
8.06347  0.00046504 11.1623
8.1441  0.000463724 11.2866
8.22554  0.000462408 11.4126
8.3078  0.000461093 11.5405
8.39088  0.000459779 11.6702
8.47479  0.000458464 11.8018
8.55953  0.000457151 11.9352
8.64513  0.000455837 12.0705
8.73158  0.000454524 12.2078
8.8189  0.000453211 12.3471
8.90709  0.000451898 12.4883
8.99616  0.000450586 12.6316
9.08612  0.000449274 12.7769
9.17698  0.000447962 12.9243
9.26875  0.00044665 13.0738
9.36144  0.000445339 13.2255
9.45505  0.000444029 13.3793
9.5496  0.000442719 13.5354
9.6451  0.000441409 13.6936
9.74155  0.000440098 13.8542
9.83896  0.000438788 14.017
9.93735  0.000437477 14.1822
10.0367  0.000436167 14.3498
10.1371  0.000434857 14.5197
10.2385  0.000433546 14.6922
10.3409  0.000432235 14.867
10.4443  0.000430923 15.0444
10.5487  0.000429611 15.2244
10.6542  0.000428298 15.4069
10.7607  0.000426985 15.5921
10.8683  0.000425671 15.78
10.977  0.000424356 15.9705
11.0868  0.000423041 16.1638
11.1977  0.000421725 16.3599
11.3096  0.000420408 16.5588
11.4227  0.00041909 16.7606
11.537  0.000417771 16.9654
11.6523  0.000416452 17.173
11.7689  0.000415131 17.3837
11.8865  0.00041381 17.5975
12.0054  0.000412487 17.8143
12.1255  0.000411163 18.0343
12.2467  0.000409838 18.2575
12.3692  0.000408512 18.484
12.4929  0.000407185 18.7138
12.6178  0.000405857 18.9469
12.744  0.000404527 19.1833
12.8714  0.000403196 19.4233
13.0001  0.000401864 19.6668
13.1301  0.00040053 19.9138
13.2614  0.000399195 20.1644
13.3941  0.000397859 20.4187
13.528  0.000396521 20.6768
13.6633  0.000395181 20.9386
13.7999  0.000393841 21.2043
13.9379  0.000392499 21.4739
14.0773  0.000391156 21.7475
14.2181  0.000389812 22.0251
14.3602  0.000388467 22.3068
14.5038  0.00038712 22.5927
14.6489  0.000385772 22.8828
14.7954  0.000384422 23.1772
14.9433  0.000383071 23.476
15.0928  0.000381719 23.7792
15.2437  0.000380364 24.0869
15.3961  0.000379009 24.3992
15.5501  0.000377651 24.7162
15.7056  0.000376292 25.0379
15.8626  0.000374931 25.3644
16.0213  0.000373569 25.6958
16.1815  0.000372205 26.0322
16.3433  0.000370839 26.3736
16.5067  0.000369472 26.7201
16.6718  0.000368103 27.0719
16.8385  0.000366732 27.4289
17.0069  0.00036536 27.7914
17.177  0.000363986 28.1593
17.3487  0.00036261 28.5328
17.5222  0.000361233 28.9119
17.6974  0.000359854 29.2968
17.8744  0.000358473 29.6875
18.0532  0.000357091 30.0842
18.2337  0.000355707 30.4869
18.416  0.000354322 30.8957
18.6002  0.000352935 31.3108
18.7862  0.000351548 31.7322
18.9741  0.000350159 32.1601
19.1638  0.000348769 32.5946
19.3554  0.000347377 33.0357
19.549  0.000345984 33.4837
19.7445  0.000344589 33.9385
19.9419  0.000343194 34.4004
20.1413  0.000341797 34.8694
20.3427  0.000340398 35.3456
20.5462  0.000338998 35.8293
20.7516  0.000337597 36.3204
20.9592  0.000336195 36.8192
21.1687  0.000334791 37.3257
21.3804  0.000333387 37.8401
21.5942  0.000331981 38.3625
21.8102  0.000330574 38.893
22.0283  0.000329166 39.4318
22.2486  0.000327756 39.979
22.4711  0.000326346 40.5348
22.6958  0.000324935 41.0993
22.9227  0.000323522 41.6726
23.1519  0.000322109 42.2549
23.3835  0.000320695 42.8464
23.6173  0.00031928 43.4473
23.8535  0.000317865 44.0578
24.092  0.000316448 44.6779
24.3329  0.000315031 45.308
24.5763  0.000313614 45.9481
24.822  0.000312195 46.5986
25.0702  0.000310777 47.2595
25.3209  0.000309358 47.9311
25.5742  0.000307938 48.6136
25.8299  0.000306518 49.3071
26.0882  0.000305098 50.0116
26.3491  0.000303677 50.7275
26.6126  0.000302256 51.4548
26.8787  0.000300835 52.1936
27.1475  0.000299414 52.9442
27.419  0.000297992 53.7066
27.6931  0.000296571 54.481
27.9701  0.00029515 55.2676
28.2498  0.000293729 56.0664
28.5323  0.000292309 56.8778
28.8176  0.000290889 57.7019
29.1058  0.000289469 58.5392
29.3968  0.00028805 59.3901
29.6908  0.000286631 60.2549
29.9877  0.000285212 61.1341
30.2876  0.000283794 62.028
30.5905  0.000282377 62.9371
30.8964  0.00028096 63.8618
31.2053  0.000279544 64.8026
31.5174  0.000278128 65.76
31.8326  0.000255824 66.7344
32.1509  0.000254528 67.7263
32.4724  0.000253237 68.7361
32.7971  0.000251948 69.7641
33.1251  0.000250661 70.8107
33.4563  0.000249375 71.8764
33.7909  0.000248089 72.9615
34.1288  0.000246805 74.0665
34.4701  0.000245522 75.1918
34.8148  0.00024424 76.3379
35.1629  0.000242959 77.5052
35.5146  0.00024168 78.6942
35.8697  0.000240402 79.9053
36.2284  0.000239125 81.1387
36.5907  0.00023785 82.3946
36.9566  0.000236577 83.6732
37.3262  0.000235306 84.9744
37.6994  0.000234036 86.2986
38.0764  0.000232769 87.6456
38.4572  0.000231503 89.0157
38.8418  0.00023024 90.409
39.2302  0.000228976 91.8254
39.6225  0.000227714 93.2652
40.0187  0.000226454 94.7282
40.4189  0.000225197 96.2149
40.8231  0.000223942 97.7257
41.2313  0.000222689 99.2611
41.6436  0.000221439 100.822
42.0601  0.000220191 102.409
42.4807  0.000218946 104.022
42.9055  0.000217703 105.663
43.3345  0.000216463 107.331
43.7679  0.000215225 109.028
44.2056  0.000213991 110.755
44.6476  0.000212759 112.511
45.0941  0.000211529 114.299
45.545  0.000210303 116.118
46.0005  0.00020908 117.969
46.4605  0.00020786 119.852
46.9251  0.000206643 121.768
47.3943  0.000205429 123.717
47.8683  0.000204218 125.701
48.347  0.00020301 127.719
48.8304  0.000201803 129.772
49.3187  0.000200598 131.86
49.8119  0.000199398 133.985
50.31  0.0001982 136.146
50.8131  0.000197006 138.344
51.3213  0.000195816 140.581
51.8345  0.00019463 142.856
52.3528  0.000193447 145.17
52.8764  0.000192267 147.524
53.4051  0.000191092 149.92
53.9392  0.00018992 152.357
54.4786  0.000188752 154.837
55.0234  0.000187588 157.359
55.5736  0.000186427 159.927
56.1293  0.000185271 162.539
56.6906  0.000184119 165.197
57.2575  0.00018297 167.901
57.8301  0.000181826 170.654
58.4084  0.000180686 173.454
58.9925  0.000179549 176.304
59.5824  0.000178417 179.205
60.1782  0.000177289 182.156
60.78  0.000176165 185.159
61.3878  0.000175045 188.215
62.0017  0.000173929 191.325
62.6217  0.000172817 194.49
63.2479  0.00017171 197.711
63.8804  0.000170606 200.988
64.5192  0.000169507 204.324
65.1644  0.000168412 207.718
65.816  0.00016732 211.172
66.4742  0.000166232 214.688
67.1389  0.000165149 218.265
67.8103  0.000164069 221.906
68.4884  0.000162995 225.612
69.1733  0.000161924 229.384
69.8651  0.000160858 233.222
70.5637  0.000159797 237.129
71.2693  0.00015874 241.105
71.982  0.000157688 245.152
72.7019  0.00015664 249.271
73.4289  0.000155596 253.464
74.1632  0.000154557 257.731
74.9048  0.000153523 262.074
75.6538  0.000152494 266.495
76.4104  0.000151469 270.995
77.1745  0.000150449 275.575
77.9462  0.000149433 280.237
78.7257  0.000148422 284.983
79.513  0.000147416 289.813
80.3081  0.000146414 294.73
81.1112  0.000145417 299.735
81.9223  0.000144425 304.829
82.7415  0.000143437 310.015
83.5689  0.000142454 315.293
84.4046  0.000141475 320.667
85.2486  0.000140502 326.137
86.1011  0.000139533 331.705
86.9621  0.000138569 337.373
87.8318  0.000137612 343.143
88.7101  0.000136658 349.017
89.5972  0.00013571 354.996
90.4932  0.000134766 361.083
91.3981  0.000133826 367.28
92.3121  0.000132891 373.588
93.2352  0.00013196 380.011
94.1675  0.000131034 386.548
95.1092  0.000130113 393.204
96.0603  0.000129196 399.98
97.0209  0.000128284 406.879
97.9911  0.000127377 413.902
98.971  0.000126475 421.052
99.9607  0.000125577 428.331
100.96  0.000124684 435.742
101.97  0.000123796 443.287
102.99  0.000122913 450.969
104.02  0.000122034 458.789
105.06  0.00012116 466.752
106.11  0.000120291 474.858
107.171  0.000119426 483.112
108.243  0.000118566 491.515
109.326  0.000117711 500.071
110.419  0.000116861 508.782
111.523  0.000116015 517.651
112.638  0.000115174 526.682
113.765  0.000114338 535.876
114.902  0.000113507 545.237
116.051  0.00011268 554.769
117.212  0.000111858 564.474
118.384  0.00011104 574.355
119.568  0.000110228 584.416
120.763  0.000109419 594.66
121.971  0.000108616 605.091
123.191  0.000107817 615.712
124.423  0.000107023 626.526
125.667  0.000106234 637.538
126.924  0.000105449 648.75
128.193  0.000104669 660.167
129.475  0.000103894 671.791
130.77  0.000103123 683.628
132.077  0.000102358 695.681
133.398  0.000101597 707.954
134.732  0.00010084 720.452
136.079  0.000100088 733.177
137.44  9.9341e-05 746.135
138.814  9.85982e-05 759.33
140.203  9.786e-05 772.766
141.605  9.71264e-05 786.447
143.021  9.63973e-05 800.379
144.451  9.56727e-05 814.566
145.895  9.49526e-05 829.012
147.354  9.42369e-05 843.723
148.828  9.35258e-05 858.703
150.316  9.28192e-05 873.958
151.819  9.2117e-05 889.492
153.338  9.14193e-05 905.31
154.871  9.07259e-05 921.418
156.42  9.0037e-05 937.822
157.984  8.93525e-05 954.526
159.564  8.86724e-05 971.537
161.159  8.79967e-05 988.859
162.771  8.7325e-05 1006.5
164.399  8.66576e-05 1024.46
166.043  8.59946e-05 1042.76
167.703  8.5336e-05 1061.39
169.38  8.46817e-05 1080.36
171.074  8.40317e-05 1099.68
172.785  8.3386e-05 1119.35
174.512  8.27445e-05 1139.39
176.258  8.21074e-05 1159.79
178.02  8.14745e-05 1180.57
179.8  8.08458e-05 1201.73
181.598  8.02214e-05 1223.28
183.414  7.96011e-05 1245.22
185.248  7.89851e-05 1267.57
187.101  7.83734e-05 1290.33
188.972  7.77658e-05 1313.5
190.862  7.71624e-05 1337.11
192.77  7.65632e-05 1361.15
194.698  7.5968e-05 1385.63
196.645  7.5377e-05 1410.56
198.611  7.47901e-05 1435.94
200.598  7.42074e-05 1461.8
202.604  7.36286e-05 1488.13
204.63  7.30539e-05 1514.95
206.676  7.24833e-05 1542.26
208.743  7.19166e-05 1570.07
210.83  7.13539e-05 1598.39
212.938  7.07951e-05 1627.24
215.068  7.02403e-05 1656.61
217.218  6.96894e-05 1686.53
219.391  6.91424e-05 1717
221.584  6.85993e-05 1748.03
223.8  6.80601e-05 1779.63
226.038  6.75247e-05 1811.81
228.299  6.69932e-05 1844.59
230.582  6.64654e-05 1877.96
232.888  6.59415e-05 1911.96
235.216  6.54213e-05 1946.58
237.569  6.4905e-05 1981.84
239.944  6.43923e-05 2017.74
242.344  6.38834e-05 2054.31
244.767  6.33782e-05 2091.55
247.215  6.28766e-05 2129.48
249.687  6.23788e-05 2168.11
252.184  6.18846e-05 2207.45
254.706  6.13941e-05 2247.51
257.253  6.09072e-05 2288.31
259.825  6.04238e-05 2329.86
262.423  5.9944e-05 2372.18
265.048  5.94678e-05 2415.28
267.698  5.89952e-05 2459.17
270.375  5.8526e-05 2503.87
273.079  5.80605e-05 2549.4
275.81  5.75984e-05 2595.76
278.568  5.71398e-05 2642.98
281.354  5.66848e-05 2691.07
284.167  5.62331e-05 2740.04
287.009  5.57849e-05 2789.92
289.879  5.53401e-05 2840.71
292.778  5.48986e-05 2892.44
295.705  5.44604e-05 2945.13
298.662  5.40256e-05 2998.78
301.649  5.35942e-05 3053.43
304.666  5.31661e-05 3109.07
307.712  5.27412e-05 3165.75
310.789  5.23195e-05 3223.47
313.897  5.19011e-05 3282.25
317.036  5.14858e-05 3342.11
320.207  5.10738e-05 3403.08
323.409  5.06649e-05 3465.17
326.643  5.02591e-05 3528.4
329.909  4.98565e-05 3592.8
333.208  4.9457e-05 3658.38
336.54  4.90605e-05 3725.17
339.906  4.86672e-05 3793.19
343.305  4.82769e-05 3862.46
346.738  4.78896e-05 3933.01
350.205  4.75053e-05 4004.86
353.707  4.7124e-05 4078.02
357.244  4.67458e-05 4152.54
360.817  4.63704e-05 4228.42
364.425  4.5998e-05 4305.71
368.069  4.56286e-05 4384.41
371.75  4.5262e-05 4464.56
375.467  4.48983e-05 4546.19
379.222  4.45375e-05 4629.32
383.014  4.41794e-05 4713.97
386.844  4.38241e-05 4800.19
390.713  4.34717e-05 4887.99
394.62  4.3122e-05 4977.4
398.566  4.27751e-05 5068.46
402.552  4.2431e-05 5161.19
406.577  4.20897e-05 5255.63
410.643  4.1751e-05 5351.8
414.75  4.14151e-05 5449.74
418.897  4.10819e-05 5549.48
423.086  4.07513e-05 5651.05
427.317  4.04234e-05 5754.49
431.59  4.00981e-05 5859.83
435.906  3.97755e-05 5967.1
440.265  3.94554e-05 6076.34
444.668  3.9138e-05 6187.59
449.114  3.88231e-05 6300.88
453.605  3.85107e-05 6416.25
458.142  3.82009e-05 6533.74
462.723  3.78935e-05 6653.38
467.35  3.75887e-05 6775.22
472.024  3.72864e-05 6899.29
476.744  3.69866e-05 7025.64
481.511  3.66892e-05 7154.31
486.326  3.63942e-05 7285.34
491.19  3.61016e-05 7418.77
496.102  3.58114e-05 7554.65
501.063  3.55236e-05 7693.01
506.073  3.52381e-05 7833.92
511.134  3.4955e-05 7977.41
516.245  3.46742e-05 8123.52
521.408  3.43957e-05 8272.31
526.622  3.41195e-05 8423.83
531.888  3.38455e-05 8578.12
537.207  3.35737e-05 8735.24
542.579  3.33042e-05 8895.23
548.005  3.3037e-05 9058.15
553.485  3.27719e-05 9224.05
559.02  3.25091e-05 9392.98
564.61  3.22484e-05 9565
570.256  3.19898e-05 9740.16
575.959  3.17334e-05 9918.52
581.718  3.1479e-05 10100.1
587.535  3.12268e-05 10285.1
593.411  3.09766e-05 10473.4
599.345  3.07285e-05 10665.2
605.338  3.04824e-05 10860.5
611.392  3.02384e-05 11059.3
617.506  2.99963e-05 11261.8
623.681  2.97562e-05 11468
629.917  2.95181e-05 11677.9
636.217  2.9282e-05 11891.7
642.579  2.90478e-05 12109.4
649.005  2.88156e-05 12331.1
655.495  2.85853e-05 12556.8
662.05  2.83569e-05 12786.6
668.67  2.81304e-05 13020.6
675.357  2.79058e-05 13258.9
682.11  2.7683e-05 13501.5
688.931  2.74621e-05 13748.5
695.821  2.72431e-05 14000
702.779  2.70258e-05 14256.1
709.807  2.68105e-05 14516.7
716.905  2.65969e-05 14782.1
724.074  2.63851e-05 15052.3
731.315  2.6175e-05 15327.4
738.628  2.59668e-05 15607.5
746.014  2.57603e-05 15892.7
753.474  2.55556e-05 16183.1
761.009  2.53527e-05 16478.8
768.619  2.51514e-05 16779.8
776.305  2.49519e-05 17086.4
784.068  2.47435e-05 17398.6
791.909  2.45474e-05 17716.6
799.828  2.4353e-05 18040.3
807.826  2.41602e-05 18370
815.905  2.39691e-05 18705.9
824.064  2.37796e-05 19047.9
832.304  2.35917e-05 19396.2
840.627  2.34054e-05 19751
849.034  2.32207e-05 20112.4
857.524  2.30376e-05 20480.5
866.099  2.28561e-05 20855.5
874.76  2.2676e-05 21237.5
883.508  2.24975e-05 21626.7
892.343  2.23206e-05 22023.1
901.266  2.21451e-05 22427.1
910.279  2.19712e-05 22838.6
919.382  2.17987e-05 23257.8
928.575  2.16277e-05 23684.9
937.861  2.14581e-05 24119.9
947.24  2.129e-05 24563.1
956.712  2.11233e-05 25014.6
966.279  2.09581e-05 25474.5
975.942  2.07943e-05 25942.9
985.702  2.06318e-05 26420
995.559  2.04708e-05 26905.9
