0.001  5.82911e-06 0.343111
0.00101  5.85818e-06 0.344822
0.0010201  5.8874e-06 0.346542
0.0010303  5.91676e-06 0.348271
0.0010406  5.94627e-06 0.350008
0.00105101  5.97593e-06 0.351753
0.00106152  6.00574e-06 0.353507
0.00107214  6.03569e-06 0.355271
0.00108286  6.06579e-06 0.357043
0.00109369  6.09605e-06 0.358823
0.00110462  6.12645e-06 0.360613
0.00111567  6.15701e-06 0.362412
0.00112683  6.18772e-06 0.364219
0.00113809  6.21858e-06 0.366036
0.00114947  6.24959e-06 0.367861
0.00116097  6.28076e-06 0.369696
0.00117258  6.31209e-06 0.37154
0.0011843  6.34357e-06 0.373393
0.00119615  6.37521e-06 0.375255
0.00120811  6.40701e-06 0.377127
0.00122019  6.43896e-06 0.379008
0.00123239  6.47108e-06 0.380898
0.00124472  6.50335e-06 0.382798
0.00125716  6.53579e-06 0.384707
0.00126973  6.56838e-06 0.386626
0.00128243  6.60114e-06 0.388554
0.00129526  6.63407e-06 0.390492
0.00130821  6.66716e-06 0.392439
0.00132129  6.70041e-06 0.394397
0.0013345  6.73383e-06 0.396364
0.00134785  6.76741e-06 0.39834
0.00136133  6.80117e-06 0.400327
0.00137494  6.83509e-06 0.402324
0.00138869  6.86918e-06 0.40433
0.00140258  6.90344e-06 0.406347
0.0014166  6.93787e-06 0.408374
0.00143077  6.97247e-06 0.410411
0.00144508  7.00725e-06 0.412457
0.00145953  7.0422e-06 0.414514
0.00147412  7.07732e-06 0.416582
0.00148886  7.11262e-06 0.418659
0.00150375  7.14809e-06 0.420748
0.00151879  7.18375e-06 0.422846
0.00153398  7.21957e-06 0.424955
0.00154932  7.25558e-06 0.427075
0.00156481  7.29177e-06 0.429205
0.00158046  7.32814e-06 0.431345
0.00159626  7.36469e-06 0.433497
0.00161223  7.40142e-06 0.435659
0.00162835  7.43833e-06 0.437831
0.00164463  7.47543e-06 0.440015
0.00166108  7.51272e-06 0.44221
0.00167769  7.55019e-06 0.444415
0.00169447  7.58785e-06 0.446632
0.00171141  7.62569e-06 0.448859
0.00172852  7.66372e-06 0.451098
0.00174581  7.70195e-06 0.453348
0.00176327  7.74036e-06 0.455609
0.0017809  7.77897e-06 0.457881
0.00179871  7.81776e-06 0.460165
0.0018167  7.85676e-06 0.46246
0.00183486  7.89594e-06 0.464767
0.00185321  7.93532e-06 0.467085
0.00187174  7.9749e-06 0.469414
0.00189046  8.01468e-06 0.471755
0.00190937  8.05465e-06 0.474108
0.00192846  8.09482e-06 0.476473
0.00194774  8.1352e-06 0.478849
0.00196722  8.17577e-06 0.481238
0.00198689  8.21655e-06 0.483638
0.00200676  8.25753e-06 0.48605
0.00202683  8.29871e-06 0.488474
0.0020471  8.34011e-06 0.49091
0.00206757  8.3817e-06 0.493359
0.00208825  8.42351e-06 0.495819
0.00210913  8.46552e-06 0.498292
0.00213022  8.50774e-06 0.500777
0.00215152  8.55017e-06 0.503275
0.00217304  8.59282e-06 0.505785
0.00219477  8.63568e-06 0.508308
0.00221672  8.67875e-06 0.510843
0.00223888  8.72203e-06 0.513391
0.00226127  8.76553e-06 0.515952
0.00228388  8.80925e-06 0.518525
0.00230672  8.85319e-06 0.521111
0.00232979  8.89735e-06 0.52371
0.00235309  8.94172e-06 0.526322
0.00237662  8.98632e-06 0.528947
0.00240038  9.03114e-06 0.531585
0.00242439  9.07618e-06 0.534236
0.00244863  9.12145e-06 0.536901
0.00247312  9.16694e-06 0.539579
0.00249785  9.21266e-06 0.54227
0.00252283  9.25861e-06 0.544975
0.00254806  9.30479e-06 0.547693
0.00257354  9.3512e-06 0.550424
0.00259927  9.39784e-06 0.553169
0.00262527  9.44471e-06 0.555928
0.00265152  9.49182e-06 0.558701
0.00267803  9.53916e-06 0.561487
0.00270481  9.58674e-06 0.564288
0.00273186  9.63455e-06 0.567102
0.00275918  9.6826e-06 0.569931
0.00278677  9.7309e-06 0.572773
0.00281464  9.77943e-06 0.57563
0.00284279  9.8282e-06 0.578501
0.00287121  9.87722e-06 0.581386
0.00289993  9.92649e-06 0.584286
0.00292893  9.976e-06 0.5872
0.00295822  1.00258e-05 0.590129
0.0029878  1.00758e-05 0.593072
0.00301768  1.0126e-05 0.59603
0.00304785  1.01765e-05 0.599003
0.00307833  1.02273e-05 0.60199
0.00310911  1.02783e-05 0.604993
0.0031402  1.03295e-05 0.60801
0.00317161  1.03811e-05 0.611043
0.00320332  1.04328e-05 0.61409
0.00323536  1.04849e-05 0.617153
0.00326771  1.05372e-05 0.620231
0.00330039  1.05897e-05 0.623324
0.00333339  1.06425e-05 0.626433
0.00336672  1.06956e-05 0.629557
0.00340039  1.0749e-05 0.632697
0.0034344  1.08026e-05 0.635853
0.00346874  1.08565e-05 0.639024
0.00350343  1.09106e-05 0.642212
0.00353846  1.0965e-05 0.645415
0.00357385  1.10197e-05 0.648634
0.00360958  1.10747e-05 0.651869
0.00364568  1.11299e-05 0.65512
0.00368214  1.11854e-05 0.658387
0.00371896  1.12412e-05 0.661671
0.00375615  1.12973e-05 0.664971
0.00379371  1.13536e-05 0.668288
0.00383165  1.14102e-05 0.671621
0.00386996  1.14671e-05 0.674971
0.00390866  1.15243e-05 0.678337
0.00394775  1.15818e-05 0.68172
0.00398723  1.16396e-05 0.68512
0.0040271  1.16976e-05 0.688537
0.00406737  1.1756e-05 0.691972
0.00410804  1.18146e-05 0.695423
0.00414912  1.18735e-05 0.698891
0.00419062  1.19328e-05 0.702377
0.00423252  1.19923e-05 0.70588
0.00427485  1.20521e-05 0.7094
0.0043176  1.21122e-05 0.712939
0.00436077  1.21726e-05 0.716495
0.00440438  1.22333e-05 0.720068
0.00444842  1.22943e-05 0.72366
0.00449291  1.23557e-05 0.727269
0.00453784  1.24173e-05 0.730896
0.00458321  1.24792e-05 0.734541
0.00462905  1.25415e-05 0.738205
0.00467534  1.2604e-05 0.741887
0.00472209  1.26669e-05 0.745587
0.00476931  1.273e-05 0.749305
0.004817  1.27935e-05 0.753043
0.00486517  1.28573e-05 0.756798
0.00491383  1.29215e-05 0.760573
0.00496296  1.29859e-05 0.764367
0.00501259  1.30507e-05 0.768179
0.00506272  1.31158e-05 0.77201
0.00511335  1.31812e-05 0.775861
0.00516448  1.32469e-05 0.77973
0.00521613  1.3313e-05 0.783619
0.00526829  1.33794e-05 0.787527
0.00532097  1.34461e-05 0.791455
0.00537418  1.35132e-05 0.795402
0.00542792  1.35806e-05 0.79937
0.0054822  1.36483e-05 0.803356
0.00553702  1.37164e-05 0.807363
0.00559239  1.37848e-05 0.81139
0.00564832  1.38536e-05 0.815437
0.0057048  1.39227e-05 0.819504
0.00576185  1.39921e-05 0.823591
0.00581947  1.40619e-05 0.827699
0.00587766  1.4132e-05 0.831827
0.00593644  1.42025e-05 0.835976
0.0059958  1.42733e-05 0.840145
0.00605576  1.43445e-05 0.844335
0.00611632  1.44161e-05 0.848547
0.00617748  1.4488e-05 0.852779
0.00623926  1.45602e-05 0.857032
0.00630165  1.46329e-05 0.861307
0.00636466  1.47058e-05 0.865602
0.00642831  1.47792e-05 0.86992
0.00649259  1.48529e-05 0.874258
0.00655752  1.4927e-05 0.878619
0.0066231  1.50014e-05 0.883001
0.00668933  1.50762e-05 0.887405
0.00675622  1.51514e-05 0.891831
0.00682378  1.5227e-05 0.896279
0.00689202  1.5303e-05 0.900749
0.00696094  1.53793e-05 0.905242
0.00703055  1.5456e-05 0.909757
0.00710085  1.55331e-05 0.914294
0.00717186  1.56105e-05 0.918854
0.00724358  1.56884e-05 0.923437
0.00731602  1.57667e-05 0.928042
0.00738918  1.58453e-05 0.932671
0.00746307  1.59243e-05 0.937323
0.0075377  1.60037e-05 0.941998
0.00761308  1.60836e-05 0.946696
0.00768921  1.61638e-05 0.951418
0.0077661  1.62444e-05 0.956163
0.00784376  1.63254e-05 0.960932
0.0079222  1.64068e-05 0.965725
0.00800142  1.64887e-05 0.970541
0.00808144  1.65709e-05 0.975382
0.00816225  1.66536e-05 0.980246
0.00824387  1.67366e-05 0.985135
0.00832631  1.68201e-05 0.990049
0.00840957  1.6904e-05 0.994986
0.00849367  1.69883e-05 0.999949
0.00857861  1.7073e-05 1.00494
0.00866439  1.71582e-05 1.00995
0.00875104  1.72438e-05 1.01499
0.00883855  1.73298e-05 1.02005
0.00892693  1.74162e-05 1.02514
0.0090162  1.75031e-05 1.03025
0.00910636  1.75904e-05 1.03539
0.00919743  1.76781e-05 1.04055
0.0092894  1.77663e-05 1.04574
0.0093823  1.78549e-05 1.05096
0.00947612  1.79439e-05 1.0562
0.00957088  1.80334e-05 1.06147
0.00966659  1.81234e-05 1.06676
0.00976325  1.82137e-05 1.07208
0.00986089  1.83046e-05 1.07743
0.0099595  1.83959e-05 1.0828
0.0100591  1.84876e-05 1.0882
0.0101597  1.85798e-05 1.09363
0.0102613  1.86725e-05 1.09908
0.0103639  1.87656e-05 1.10457
0.0104675  1.88592e-05 1.11007
0.0105722  1.89533e-05 1.11561
0.0106779  1.90478e-05 1.12117
0.0107847  1.91428e-05 1.12677
0.0108926  1.92383e-05 1.13239
0.0110015  1.93343e-05 1.13803
0.0111115  1.94307e-05 1.14371
0.0112226  1.95276e-05 1.14942
0.0113348  1.9625e-05 1.15515
0.0114482  1.97229e-05 1.16091
0.0115627  1.98213e-05 1.1667
0.0116783  1.99201e-05 1.17252
0.0117951  2.00195e-05 1.17837
0.011913  2.01193e-05 1.18424
0.0120322  2.02197e-05 1.19015
0.0121525  2.03205e-05 1.19609
0.012274  2.04219e-05 1.20205
0.0123967  2.05237e-05 1.20805
0.0125207  2.06261e-05 1.21407
0.0126459  2.07289e-05 1.22013
0.0127724  2.08323e-05 1.22621
0.0129001  2.09362e-05 1.23233
0.0130291  2.10407e-05 1.23847
0.0131594  2.11456e-05 1.24465
0.013291  2.12511e-05 1.25086
0.0134239  2.13571e-05 1.2571
0.0135581  2.14636e-05 1.26337
0.0136937  2.15706e-05 1.26967
0.0138307  2.16782e-05 1.276
0.013969  2.17863e-05 1.28237
0.0141086  2.1895e-05 1.28876
0.0142497  2.20042e-05 1.29519
0.0143922  2.21139e-05 1.30165
0.0145362  2.22242e-05 1.30814
0.0146815  2.23351e-05 1.31467
0.0148283  2.24465e-05 1.32122
0.0149766  2.25584e-05 1.32781
0.0151264  2.26709e-05 1.33443
0.0152776  2.2784e-05 1.34109
0.0154304  2.28977e-05 1.34778
0.0155847  2.30119e-05 1.3545
0.0157406  2.31266e-05 1.36126
0.015898  2.3242e-05 1.36805
0.016057  2.33579e-05 1.37487
0.0162175  2.34744e-05 1.38173
0.0163797  2.35915e-05 1.38862
0.0165435  2.37091e-05 1.39554
0.0167089  2.38274e-05 1.4025
0.016876  2.39462e-05 1.4095
0.0170448  2.40657e-05 1.41653
0.0172152  2.41857e-05 1.42359
0.0173874  2.43063e-05 1.43069
0.0175613  2.44275e-05 1.43783
0.0177369  2.45494e-05 1.445
0.0179142  2.46718e-05 1.45221
0.0180934  2.47949e-05 1.45945
0.0182743  2.49185e-05 1.46673
0.0184571  2.50428e-05 1.47404
0.0186416  2.51677e-05 1.4814
0.018828  2.52933e-05 1.48879
0.0190163  2.54194e-05 1.49621
0.0192065  2.55462e-05 1.50367
0.0193986  2.56736e-05 1.51117
0.0195925  2.58016e-05 1.51871
0.0197885  2.59303e-05 1.52629
0.0199864  2.60597e-05 1.5339
0.0201862  2.61896e-05 1.54155
0.0203881  2.63203e-05 1.54924
0.020592  2.64515e-05 1.55696
0.0207979  2.65835e-05 1.56473
0.0210059  2.67161e-05 1.57253
0.0212159  2.68493e-05 1.58038
0.0214281  2.69832e-05 1.58826
0.0216424  2.71178e-05 1.59618
0.0218588  2.7253e-05 1.60414
0.0220774  2.7389e-05 1.61214
0.0222981  2.75256e-05 1.62018
0.0225211  2.76629e-05 1.62826
0.0227463  2.78008e-05 1.63638
0.0229738  2.79395e-05 1.64454
0.0232035  2.80788e-05 1.65274
0.0234356  2.82189e-05 1.66099
0.0236699  2.83596e-05 1.66927
0.0239066  2.85011e-05 1.6776
0.0241457  2.86432e-05 1.68597
0.0243871  2.87861e-05 1.69438
0.024631  2.89297e-05 1.70283
0.0248773  2.90739e-05 1.71133
0.0251261  2.9219e-05 1.71986
0.0253774  2.93647e-05 1.72844
0.0256311  2.95111e-05 1.73706
0.0258874  2.96583e-05 1.74573
0.0261463  2.98063e-05 1.75443
0.0264078  2.99549e-05 1.76318
0.0266719  3.01043e-05 1.77197
0.0269386  3.02545e-05 1.78081
0.027208  3.04054e-05 1.78969
0.02748  3.0557e-05 1.79861
0.0277548  3.07094e-05 1.80757
0.0280324  3.08626e-05 1.81658
0.0283127  3.10165e-05 1.82564
0.0285958  3.11712e-05 1.83474
0.0288818  3.13267e-05 1.84389
0.0291706  3.14829e-05 1.85308
0.0294623  3.16399e-05 1.86232
0.029757  3.17977e-05 1.87161
0.0300545  3.19563e-05 1.88095
0.0303551  3.21007e-05 1.89034
0.0306586  3.22379e-05 1.89978
0.0309652  3.23756e-05 1.90927
0.0312749  3.25137e-05 1.91881
0.0315876  3.26523e-05 1.92841
0.0319035  3.27913e-05 1.93806
0.0322225  3.29307e-05 1.94776
0.0325447  3.30705e-05 1.95752
0.0328702  3.32108e-05 1.96733
0.0331989  3.33515e-05 1.9772
0.0335309  3.34926e-05 1.98713
0.0338662  3.36341e-05 1.99712
0.0342049  3.3776e-05 2.00716
0.0345469  3.39184e-05 2.01727
0.0348924  3.40612e-05 2.02743
0.0352413  3.42043e-05 2.03766
0.0355937  3.43479e-05 2.04794
0.0359496  3.44919e-05 2.05828
0.0363091  3.46363e-05 2.06869
0.0366722  3.4781e-05 2.07915
0.037039  3.49262e-05 2.08967
0.0374093  3.50718e-05 2.10026
0.0377834  3.52177e-05 2.11091
0.0381613  3.5364e-05 2.12161
0.0385429  3.55107e-05 2.13238
0.0389283  3.56578e-05 2.14322
0.0393176  3.58052e-05 2.15411
0.0397108  3.59531e-05 2.16507
0.0401079  3.61012e-05 2.17609
0.040509  3.62498e-05 2.18718
0.040914  3.63987e-05 2.19833
0.0413232  3.65479e-05 2.20954
0.0417364  3.66975e-05 2.22083
0.0421538  3.68474e-05 2.23217
0.0425753  3.69977e-05 2.24359
0.0430011  3.71483e-05 2.25507
0.0434311  3.72992e-05 2.26663
0.0438654  3.74504e-05 2.27825
0.044304  3.7602e-05 2.28994
0.0447471  3.77538e-05 2.30169
0.0451946  3.7906e-05 2.31352
0.0456465  3.80584e-05 2.32542
0.046103  3.82112e-05 2.33739
0.046564  3.83642e-05 2.34943
0.0470296  3.85176e-05 2.36155
0.0474999  3.86711e-05 2.37373
0.0479749  3.8825e-05 2.38599
0.0484547  3.89791e-05 2.39833
0.0489392  3.91335e-05 2.41073
0.0494286  3.92881e-05 2.42321
0.0499229  3.9443e-05 2.43577
0.0504221  3.9598e-05 2.4484
0.0509264  3.97534e-05 2.46111
0.0514356  3.99089e-05 2.4739
0.05195  4.00646e-05 2.48676
0.0524695  4.02205e-05 2.4997
0.0529942  4.03767e-05 2.51272
0.0535241  4.0533e-05 2.52582
0.0540594  4.06895e-05 2.539
0.0546  4.08461e-05 2.55226
0.055146  4.10029e-05 2.5656
0.0556974  4.11599e-05 2.57902
0.0562544  4.1317e-05 2.59253
0.0568169  4.14742e-05 2.60612
0.0573851  4.16315e-05 2.61979
0.0579589  4.1789e-05 2.63355
0.0585385  4.19466e-05 2.64739
0.0591239  4.21042e-05 2.66132
0.0597152  4.22619e-05 2.67534
0.0603123  4.24197e-05 2.68944
0.0609154  4.25776e-05 2.70363
0.0615246  4.27355e-05 2.71792
0.0621398  4.28934e-05 2.73229
0.0627612  4.30514e-05 2.74675
0.0633888  4.32094e-05 2.7613
0.0640227  4.33673e-05 2.77594
0.064663  4.35253e-05 2.79068
0.0653096  4.36833e-05 2.80551
0.0659627  4.38412e-05 2.82043
0.0666223  4.3999e-05 2.83545
0.0672885  4.41568e-05 2.85056
0.0679614  4.43145e-05 2.86577
0.068641  4.44722e-05 2.88108
0.0693275  4.46297e-05 2.89649
0.0700207  4.47871e-05 2.912
0.0707209  4.49444e-05 2.9276
0.0714281  4.51016e-05 2.94331
0.0721424  4.52586e-05 2.95912
0.0728638  4.54154e-05 2.97503
0.0735925  4.5572e-05 2.99105
0.0743284  4.57285e-05 3.00717
0.0750717  4.58847e-05 3.0234
0.0758224  4.60407e-05 3.03973
0.0765806  4.61964e-05 3.05617
0.0773464  4.63519e-05 3.07272
0.0781199  4.65071e-05 3.08938
0.0789011  4.6662e-05 3.10615
0.0796901  4.68166e-05 3.12303
0.080487  4.69708e-05 3.14002
0.0812919  4.71248e-05 3.15713
0.0821048  4.72783e-05 3.17435
0.0829259  4.74315e-05 3.19169
0.0837551  4.75842e-05 3.20915
0.0845927  4.77366e-05 3.22672
0.0854386  4.78885e-05 3.24441
0.086293  4.804e-05 3.26222
0.0871559  4.8191e-05 3.28016
0.0880275  4.83415e-05 3.29821
0.0889077  4.84915e-05 3.3164
0.0897968  4.8641e-05 3.3347
0.0906948  4.87899e-05 3.35313
0.0916017  4.89383e-05 3.37169
0.0925178  4.9086e-05 3.39038
0.0934429  4.92332e-05 3.4092
0.0943774  4.93798e-05 3.42816
0.0953211  4.95257e-05 3.44724
0.0962743  4.96709e-05 3.46646
0.0972371  4.98155e-05 3.48582
0.0982095  4.99593e-05 3.50531
0.0991916  5.01024e-05 3.52495
0.100183  5.02448e-05 3.54472
0.101185  5.03864e-05 3.56463
0.102197  5.05272e-05 3.58469
0.103219  5.06672e-05 3.60488
0.104251  5.08064e-05 3.62523
0.105294  5.09447e-05 3.64572
0.106347  5.10822e-05 3.66635
0.10741  5.12187e-05 3.68714
0.108484  5.13543e-05 3.70808
0.109569  5.1489e-05 3.72917
0.110665  5.16227e-05 3.75041
0.111772  5.17555e-05 3.77181
0.112889  5.18872e-05 3.79337
0.114018  5.20179e-05 3.8151
0.115158  5.21475e-05 3.83698
0.11631  5.22761e-05 3.85904
0.117473  5.24036e-05 3.88126
0.118648  5.25299e-05 3.90365
0.119834  5.26551e-05 3.92622
0.121033  5.27713e-05 3.94896
0.122243  5.28711e-05 3.97188
0.123465  5.29691e-05 3.99499
0.1247  5.30655e-05 4.01827
0.125947  5.31601e-05 4.04175
0.127206  5.3253e-05 4.06542
0.128478  5.33441e-05 4.08928
0.129763  5.34334e-05 4.11333
0.131061  5.35208e-05 4.13759
0.132372  5.36063e-05 4.16205
0.133695  5.369e-05 4.18672
0.135032  5.37717e-05 4.2116
0.136383  5.38514e-05 4.23669
0.137746  5.39291e-05 4.26199
0.139124  5.40048e-05 4.28752
0.140515  5.40784e-05 4.31326
0.14192  5.41499e-05 4.33923
0.143339  5.42193e-05 4.36543
0.144773  5.42866e-05 4.39185
0.146221  5.43517e-05 4.41851
0.147683  5.44146e-05 4.4454
0.14916  5.44752e-05 4.47252
0.150651  5.45336e-05 4.49989
0.152158  5.45896e-05 4.52751
0.153679  5.46434e-05 4.55537
0.155216  5.46948e-05 4.58348
0.156768  5.47438e-05 4.61185
0.158336  5.47904e-05 4.64047
0.159919  5.48346e-05 4.66935
0.161518  5.48763e-05 4.69851
0.163134  5.49155e-05 4.72793
0.164765  5.49523e-05 4.75762
0.166413  5.49864e-05 4.78759
0.168077  5.5018e-05 4.81785
0.169757  5.50471e-05 4.84839
0.171455  5.50735e-05 4.87922
0.17317  5.50972e-05 4.91034
0.174901  5.51183e-05 4.94177
0.17665  5.51367e-05 4.97349
0.178417  5.51524e-05 5.00553
0.180201  5.51654e-05 5.03787
0.182003  5.51756e-05 5.07054
0.183823  5.51831e-05 5.10352
0.185661  5.51877e-05 5.13683
0.187518  5.51896e-05 5.17047
0.189393  5.51886e-05 5.20445
0.191287  5.51847e-05 5.23877
0.1932  5.5178e-05 5.27343
0.195132  5.51684e-05 5.30845
0.197083  5.51559e-05 5.34383
0.199054  5.51404e-05 5.37956
0.201045  5.51221e-05 5.41567
0.203055  5.51007e-05 5.45215
0.205086  5.50764e-05 5.48901
0.207136  5.50492e-05 5.52625
0.209208  5.50189e-05 5.56389
0.2113  5.49857e-05 5.60192
0.213413  5.49494e-05 5.64036
0.215547  5.49101e-05 5.67922
0.217702  5.48678e-05 5.71849
0.219879  5.48225e-05 5.75818
0.222078  5.47741e-05 5.79831
0.224299  5.47226e-05 5.83887
0.226542  5.46681e-05 5.87988
0.228807  5.46106e-05 5.92134
0.231095  5.45499e-05 5.96326
0.233406  5.44862e-05 6.00565
0.235741  5.44195e-05 6.04851
0.238098  5.43497e-05 6.09186
0.240479  5.42768e-05 6.1357
0.242884  5.42008e-05 6.18003
0.245313  5.41218e-05 6.22488
0.247766  5.40397e-05 6.27024
0.250243  5.39546e-05 6.31612
0.252746  5.38664e-05 6.36254
0.255273  5.37752e-05 6.4095
0.257826  5.36809e-05 6.45701
0.260404  5.35836e-05 6.50509
0.263008  5.34833e-05 6.55373
0.265638  5.338e-05 6.60295
0.268295  5.32737e-05 6.65276
0.270978  5.31644e-05 6.70318
0.273687  5.30522e-05 6.7542
0.276424  5.29369e-05 6.80585
0.279189  5.28188e-05 6.85812
0.28198  5.26977e-05 6.91104
0.2848  5.25738e-05 6.96461
0.287648  5.24469e-05 7.01885
0.290525  5.23172e-05 7.07376
0.29343  5.21847e-05 7.12936
0.296364  5.20493e-05 7.18566
0.299328  5.19111e-05 7.24268
0.302321  5.17702e-05 7.30042
0.305344  5.16265e-05 7.3589
0.308398  5.14801e-05 7.41813
0.311482  5.1331e-05 7.47812
0.314597  5.11792e-05 7.53889
0.317743  5.10248e-05 7.60045
0.32092  5.08678e-05 7.66282
0.324129  5.07082e-05 7.72601
0.32737  5.05461e-05 7.79003
0.330644  5.03814e-05 7.8549
0.333951  5.02143e-05 7.92064
0.33729  5.00448e-05 7.98726
0.340663  4.98728e-05 8.05477
0.34407  4.96984e-05 8.1232
0.34751  4.95218e-05 8.19255
0.350985  4.93428e-05 8.26285
0.354495  4.91616e-05 8.33412
0.35804  4.89781e-05 8.40636
0.361621  4.87925e-05 8.4796
0.365237  4.86047e-05 8.55386
0.368889  4.84148e-05 8.62915
0.372578  4.82229e-05 8.70549
0.376304  4.80289e-05 8.78291
0.380067  4.7833e-05 8.86142
0.383868  4.76351e-05 8.94104
0.387706  4.74354e-05 9.0218
0.391583  4.72338e-05 9.1037
0.395499  4.70305e-05 9.18679
0.399454  4.68254e-05 9.27107
0.403449  4.66185e-05 9.35656
0.407483  4.64101e-05 9.4433
0.411558  4.62e-05 9.5313
0.415674  4.59883e-05 9.62058
0.41983  4.57752e-05 9.71118
0.424029  4.55606e-05 9.80311
0.428269  4.53445e-05 9.8964
0.432552  4.51271e-05 9.99108
0.436877  4.49084e-05 10.0872
0.441246  4.46884e-05 10.1847
0.445658  4.44671e-05 10.2837
0.450115  4.42447e-05 10.3841
0.454616  4.40212e-05 10.4861
0.459162  4.37966e-05 10.5897
0.463754  4.35709e-05 10.6948
0.468391  4.33443e-05 10.8015
0.473075  4.31167e-05 10.9098
0.477806  4.28883e-05 11.0198
0.482584  4.2659e-05 11.1316
0.48741  4.2429e-05 11.245
0.492284  4.21982e-05 11.3602
0.497207  4.19667e-05 11.4772
0.502179  4.17346e-05 11.596
0.507201  4.15019e-05 11.7166
0.512273  4.12686e-05 11.8392
0.517396  4.10349e-05 11.9637
0.52257  4.08007e-05 12.0901
0.527795  4.05661e-05 12.2186
0.533073  4.03311e-05 12.3491
0.538404  4.00959e-05 12.4816
0.543788  3.98603e-05 12.6163
0.549226  3.96246e-05 12.7531
0.554718  3.93887e-05 12.8921
0.560265  3.91526e-05 13.0334
0.565868  3.89165e-05 13.1769
0.571527  3.86803e-05 13.3228
0.577242  3.84441e-05 13.471
0.583014  3.82079e-05 13.6216
0.588844  3.79718e-05 13.7747
0.594733  3.77359e-05 13.9302
0.60068  3.75001e-05 14.0883
0.606687  3.72645e-05 14.249
0.612754  3.70292e-05 14.4123
0.618881  3.67941e-05 14.5783
0.62507  3.65594e-05 14.7471
0.631321  3.6325e-05 14.9186
0.637634  3.60909e-05 15.093
0.644011  3.58574e-05 15.2702
0.650451  3.56242e-05 15.4504
0.656955  3.53916e-05 15.6336
0.663525  3.51595e-05 15.8198
0.67016  3.4928e-05 16.0092
0.676862  3.4697e-05 16.2017
0.68363  3.44667e-05 16.3974
0.690466  3.4237e-05 16.5964
0.697371  3.4008e-05 16.7988
0.704345  3.37797e-05 17.0045
0.711388  3.35522e-05 17.2138
0.718502  3.33254e-05 17.4265
0.725687  3.30994e-05 17.6428
0.732944  3.28742e-05 17.8628
0.740273  3.26499e-05 18.0865
0.747676  3.24264e-05 18.3141
0.755153  3.22038e-05 18.5454
0.762705  3.19821e-05 18.7807
0.770332  3.17614e-05 19.02
0.778035  3.15416e-05 19.2634
0.785815  3.13228e-05 19.511
0.793673  3.11049e-05 19.7627
0.80161  3.08881e-05 20.0188
0.809626  3.06723e-05 20.2792
0.817722  3.04576e-05 20.5441
0.8259  3.02439e-05 20.8135
0.834159  3.00313e-05 21.0876
0.8425  2.98198e-05 21.3663
0.850925  2.96094e-05 21.6499
0.859435  2.94001e-05 21.9383
0.868029  2.91919e-05 22.2316
0.876709  2.89849e-05 22.53
0.885476  2.8779e-05 22.8336
0.894331  2.85743e-05 23.1424
0.903274  2.83708e-05 23.4565
0.912307  2.81684e-05 23.776
0.92143  2.79672e-05 24.1011
0.930644  2.77673e-05 24.4317
0.939951  2.75685e-05 24.7681
0.94935  2.73709e-05 25.1103
0.958844  2.71746e-05 25.4584
0.968432  2.69795e-05 25.8125
0.978117  2.67856e-05 26.1727
0.987898  2.6593e-05 26.5392
0.997777  2.64015e-05 26.9121
1.00775  2.62113e-05 27.2914
1.01783  2.60224e-05 27.6772
1.02801  2.58347e-05 28.0698
1.03829  2.56483e-05 28.4692
1.04867  2.5463e-05 28.8754
1.05916  2.52791e-05 29.2888
1.06975  2.50964e-05 29.7093
1.08045  2.49149e-05 30.1371
1.09125  2.47347e-05 30.5723
1.10217  2.45557e-05 31.0151
1.11319  2.43779e-05 31.4656
1.12432  2.42014e-05 31.9239
1.13556  2.40262e-05 32.3902
1.14692  2.38522e-05 32.8646
1.15839  2.36794e-05 33.3472
1.16997  2.35078e-05 33.8381
1.18167  2.33375e-05 34.3376
1.19349  2.31683e-05 34.8458
1.20542  2.30004e-05 35.3629
1.21748  2.28338e-05 35.8889
1.22965  2.26683e-05 36.424
1.24195  2.2504e-05 36.9684
1.25437  2.23409e-05 37.5223
1.26691  2.2179e-05 38.0858
1.27958  2.20183e-05 38.6592
1.29238  2.18588e-05 39.2424
1.3053  2.17005e-05 39.8358
1.31835  2.15433e-05 40.4395
1.33154  2.13873e-05 41.0537
1.34485  2.12324e-05 41.6786
1.3583  2.10787e-05 42.3143
1.37188  2.09261e-05 42.961
1.3856  2.07747e-05 43.619
1.39946  2.06244e-05 44.2884
1.41345  2.04752e-05 44.9694
1.42759  2.03271e-05 45.6623
1.44186  2.01801e-05 46.3671
1.45628  2.00342e-05 47.0842
1.47085  1.98894e-05 47.8138
1.48555  1.97457e-05 48.556
1.50041  1.96031e-05 49.3111
1.51541  1.94615e-05 50.0793
1.53057  1.9321e-05 50.8608
1.54587  1.91815e-05 51.6558
1.56133  1.90431e-05 52.4647
1.57695  1.89057e-05 53.2875
1.59271  1.87693e-05 54.1247
1.60864  1.86339e-05 54.9764
1.62473  1.84996e-05 55.8428
1.64098  1.83662e-05 56.7242
1.65739  1.82338e-05 57.621
1.67396  1.81025e-05 58.5332
1.6907  1.7972e-05 59.4613
1.70761  1.78426e-05 60.4055
1.72468  1.77141e-05 61.366
1.74193  1.75866e-05 62.3431
1.75935  1.746e-05 63.3372
1.77694  1.73343e-05 64.3485
1.79471  1.72096e-05 65.3773
1.81266  1.70858e-05 66.424
1.83078  1.69629e-05 67.4887
1.84909  1.68408e-05 68.5719
1.86758  1.67197e-05 69.6739
1.88626  1.65995e-05 70.7949
1.90512  1.64802e-05 71.9354
1.92417  1.63617e-05 73.0956
1.94341  1.62441e-05 74.2759
1.96285  1.61273e-05 75.4766
1.98248  1.60114e-05 76.6981
2.0023  1.58963e-05 77.9408
2.02232  1.57821e-05 79.2049
2.04255  1.56686e-05 80.491
2.06297  1.5556e-05 81.7993
2.0836  1.54442e-05 83.1303
2.10444  1.53332e-05 84.4843
2.12548  1.5223e-05 85.8617
2.14674  1.51136e-05 87.263
2.16821  1.5005e-05 88.6886
2.18989  1.48972e-05 90.1388
2.21179  1.47901e-05 91.6141
2.2339  1.46838e-05 93.115
2.25624  1.45782e-05 94.6418
2.27881  1.44734e-05 96.1951
2.30159  1.43693e-05 97.7753
2.32461  1.4266e-05 99.3829
2.34786  1.41633e-05 101.018
2.37134  1.40615e-05 102.682
2.39505  1.39603e-05 104.375
2.419  1.38598e-05 106.096
2.44319  1.376e-05 107.848
2.46762  1.3661e-05 109.63
2.4923  1.35626e-05 111.443
2.51722  1.34649e-05 113.287
2.54239  1.33679e-05 115.163
2.56782  1.32716e-05 117.072
2.59349  1.31759e-05 119.014
2.61943  1.30809e-05 120.99
2.64562  1.29866e-05 122.999
2.67208  1.28929e-05 125.044
2.6988  1.27998e-05 127.124
2.72579  1.27074e-05 129.24
2.75305  1.26157e-05 131.393
2.78058  1.25245e-05 133.583
2.80838  1.2434e-05 135.811
2.83647  1.23441e-05 138.078
2.86483  1.22549e-05 140.384
2.89348  1.21662e-05 142.731
2.92241  1.20782e-05 145.118
2.95164  1.19907e-05 147.546
2.98115  1.19038e-05 150.017
3.01097  1.18176e-05 152.53
3.04108  1.17319e-05 155.087
3.07149  1.16468e-05 157.689
3.1022  1.15623e-05 160.336
3.13322  1.14784e-05 163.029
3.16456  1.1395e-05 165.768
3.1962  1.13122e-05 168.556
3.22816  1.12299e-05 171.392
3.26045  1.11483e-05 174.277
3.29305  1.10671e-05 177.212
3.32598  1.09866e-05 180.199
3.35924  1.09065e-05 183.237
3.39283  1.0827e-05 186.328
3.42676  1.07481e-05 189.473
3.46103  1.06696e-05 192.673
3.49564  1.05917e-05 195.929
3.53059  1.05144e-05 199.242
3.5659  1.04375e-05 202.612
3.60156  1.03612e-05 206.041
3.63758  1.02854e-05 209.53
3.67395  1.02101e-05 213.079
3.71069  1.01353e-05 216.691
3.7478  1.0061e-05 220.366
3.78528  9.9872e-06 224.105
3.82313  9.91391e-06 227.909
3.86136  9.84111e-06 231.78
3.89997  9.7688e-06 235.718
3.93897  9.69698e-06 239.725
3.97836  9.62564e-06 243.802
4.01815  9.55478e-06 247.951
4.05833  9.4844e-06 252.172
4.09891  9.4145e-06 256.466
4.1399  9.34506e-06 260.836
4.1813  9.27609e-06 265.283
4.22311  9.20759e-06 269.807
4.26534  9.13955e-06 274.411
4.308  9.07197e-06 279.095
4.35108  9.00484e-06 283.861
4.39459  8.93817e-06 288.711
4.43853  8.87195e-06 293.646
4.48292  8.80617e-06 298.667
4.52775  8.74084e-06 303.777
4.57303  8.67595e-06 308.976
4.61876  8.6115e-06 314.267
4.66494  8.54749e-06 319.651
4.71159  8.4839e-06 325.129
4.75871  8.42075e-06 330.704
4.8063  8.35803e-06 336.377
4.85436  8.29573e-06 342.149
4.9029  8.23385e-06 348.024
4.95193  8.1724e-06 354.001
5.00145  8.11136e-06 360.084
5.05146  8.05073e-06 366.274
5.10198  7.99052e-06 372.572
5.153  7.93071e-06 378.982
5.20453  7.87131e-06 385.504
5.25657  7.81232e-06 392.14
5.30914  7.75373e-06 398.893
5.36223  7.69554e-06 405.765
5.41585  7.63774e-06 412.758
5.47001  7.58034e-06 419.873
5.52471  7.52333e-06 427.115
5.57996  7.46672e-06 434.484
5.63576  7.41048e-06 441.983
5.69212  7.35464e-06 449.615
5.74904  7.29917e-06 457.382
5.80653  7.24409e-06 465.288
5.86459  7.18939e-06 473.334
5.92324  7.13506e-06 481.523
5.98247  7.0811e-06 489.858
6.0423  7.02751e-06 498.342
6.10272  6.9743e-06 506.978
6.16375  6.92145e-06 515.768
6.22538  6.86896e-06 524.716
6.28764  6.81684e-06 533.825
6.35051  6.76508e-06 543.098
6.41402  6.71367e-06 552.539
6.47816  6.66262e-06 562.149
6.54294  6.61193e-06 571.934
6.60837  6.56159e-06 581.896
6.67445  6.51159e-06 592.039
6.7412  6.46194e-06 602.366
6.80861  6.41264e-06 612.881
6.8767  6.36368e-06 623.587
6.94546  6.31507e-06 634.488
7.01492  6.26679e-06 645.587
7.08507  6.21884e-06 656.887
7.15592  6.17124e-06 668.393
7.22748  6.12396e-06 680.107
7.29975  6.07702e-06 692.034
7.37275  6.03041e-06 704.176
7.44648  5.98412e-06 716.539
7.52094  5.93815e-06 729.125
7.59615  5.89251e-06 741.939
7.67211  5.8472e-06 754.984
7.74883  5.8022e-06 768.266
7.82632  5.75751e-06 781.789
7.90459  5.71314e-06 795.556
7.98363  5.66909e-06 809.573
8.06347  5.62535e-06 823.845
8.1441  5.58191e-06 838.375
8.22554  5.53879e-06 853.17
8.3078  5.49597e-06 868.233
8.39088  5.45345e-06 883.57
8.47479  5.41123e-06 899.186
8.55953  5.36932e-06 915.085
8.64513  5.3277e-06 931.274
8.73158  5.28638e-06 947.758
8.8189  5.24536e-06 964.541
8.90709  5.20462e-06 981.63
8.99616  5.16418e-06 999.029
9.08612  5.12403e-06 1016.75
9.17698  5.08417e-06 1034.78
9.26875  5.04459e-06 1053.15
9.36144  5.00529e-06 1071.85
9.45505  4.96628e-06 1090.89
9.5496  4.92754e-06 1110.28
9.6451  4.88909e-06 1130.02
9.74155  4.85091e-06 1150.12
9.83896  4.81301e-06 1170.58
9.93735  4.77538e-06 1191.42
10.0367  4.73802e-06 1212.63
10.1371  4.70093e-06 1234.24
10.2385  4.66411e-06 1256.23
10.3409  4.62756e-06 1278.63
10.4443  4.59127e-06 1301.44
10.5487  4.55525e-06 1324.66
10.6542  4.51949e-06 1348.3
10.7607  4.48399e-06 1372.37
10.8683  4.44874e-06 1396.89
10.977  4.41375e-06 1421.85
11.0868  4.37902e-06 1447.26
11.1977  4.34454e-06 1473.14
11.3096  4.31031e-06 1499.49
11.4227  4.27634e-06 1526.32
11.537  4.24261e-06 1553.64
11.6523  4.20913e-06 1581.46
11.7689  4.17589e-06 1609.79
11.8865  4.1429e-06 1638.63
12.0054  4.11015e-06 1668
12.1255  4.07764e-06 1697.91
12.2467  4.04537e-06 1728.36
12.3692  4.01334e-06 1759.37
12.4929  3.98155e-06 1790.94
12.6178  3.94999e-06 1823.09
12.744  3.91866e-06 1855.83
12.8714  3.88756e-06 1889.17
13.0001  3.8567e-06 1923.11
13.1301  3.82606e-06 1957.68
13.2614  3.79565e-06 1992.87
13.3941  3.76546e-06 2028.71
13.528  3.7355e-06 2065.21
13.6633  3.70577e-06 2102.37
13.7999  3.67625e-06 2140.21
13.9379  3.64695e-06 2178.75
14.0773  3.61787e-06 2217.99
14.2181  3.58901e-06 2257.94
14.3602  3.56037e-06 2298.63
14.5038  3.53194e-06 2340.06
14.6489  3.50372e-06 2382.25
14.7954  3.47571e-06 2425.21
14.9433  3.44791e-06 2468.96
15.0928  3.42032e-06 2513.51
15.2437  3.39294e-06 2558.87
15.3961  3.36576e-06 2605.07
15.5501  3.33879e-06 2652.11
15.7056  3.31202e-06 2700.01
15.8626  3.28545e-06 2748.78
16.0213  3.25908e-06 2798.45
16.1815  3.23291e-06 2849.03
16.3433  3.20694e-06 2900.54
16.5067  3.18116e-06 2952.99
16.6718  3.15558e-06 3006.4
16.8385  3.13019e-06 3060.78
17.0069  3.105e-06 3116.17
17.177  3.07999e-06 3172.57
17.3487  3.05518e-06 3230
17.5222  3.03055e-06 3288.48
17.6974  3.00611e-06 3348.04
17.8744  2.98186e-06 3408.69
18.0532  2.95702e-06 3470.45
18.2337  2.93208e-06 3533.34
18.416  2.90736e-06 3597.39
18.6002  2.88285e-06 3662.61
18.7862  2.85855e-06 3729.03
18.9741  2.83446e-06 3796.66
19.1638  2.81057e-06 3865.54
19.3554  2.78689e-06 3935.68
19.549  2.76341e-06 4007.1
19.7445  2.74012e-06 4079.84
19.9419  2.71704e-06 4153.91
20.1413  2.69416e-06 4229.34
20.3427  2.67146e-06 4306.15
20.5462  2.64897e-06 4384.38
20.7516  2.62666e-06 4464.03
20.9592  2.60454e-06 4545.16
21.1687  2.58262e-06 4627.77
21.3804  2.56088e-06 4711.89
21.5942  2.53932e-06 4797.56
21.8102  2.51795e-06 4884.81
22.0283  2.49676e-06 4973.65
22.2486  2.47575e-06 5064.13
22.4711  2.45492e-06 5156.27
22.6958  2.43426e-06 5250.1
22.9227  2.41379e-06 5345.65
23.1519  2.39348e-06 5442.96
23.3835  2.37335e-06 5542.06
23.6173  2.35339e-06 5642.98
23.8535  2.3336e-06 5745.75
24.092  2.31398e-06 5850.4
24.3329  2.29453e-06 5956.99
24.5763  2.27524e-06 6065.52
24.822  2.25611e-06 6176.06
25.0702  2.23714e-06 6288.62
25.3209  2.21833e-06 6403.26
25.5742  2.19968e-06 6520
25.8299  2.18118e-06 6638.89
26.0882  2.16285e-06 6759.96
26.3491  2.14467e-06 6883.26
26.6126  2.12665e-06 7008.82
26.8787  2.10877e-06 7136.69
27.1475  2.09105e-06 7266.92
27.419  2.07348e-06 7399.53
27.6931  2.05606e-06 7534.59
27.9701  2.03879e-06 7672.13
28.2498  2.02166e-06 7812.2
28.5323  2.00468e-06 7954.85
28.8176  1.98784e-06 8100.12
29.1058  1.97115e-06 8248.06
29.3968  1.9546e-06 8398.72
29.6908  1.93818e-06 8552.16
29.9877  1.92191e-06 8708.42
30.2876  1.90577e-06 8867.55
30.5905  1.88977e-06 9029.61
30.8964  1.87391e-06 9194.65
31.2053  1.85818e-06 9362.72
31.5174  1.84258e-06 9533.89
31.8326  1.82712e-06 9708.21
32.1509  1.81179e-06 9885.74
32.4724  1.79658e-06 10066.5
32.7971  1.78151e-06 10250.7
33.1251  1.76656e-06 10438.2
33.4563  1.75174e-06 10629.1
33.7909  1.73705e-06 10823.6
34.1288  1.72248e-06 11021.7
34.4701  1.70804e-06 11223.4
34.8148  1.69371e-06 11428.8
35.1629  1.67951e-06 11638
35.5146  1.66543e-06 11851
35.8697  1.65147e-06 12068
36.2284  1.63763e-06 12288.9
36.5907  1.6239e-06 12514
36.9566  1.61029e-06 12743.1
37.3262  1.5968e-06 12976.5
37.6994  1.58342e-06 13214.2
38.0764  1.57015e-06 13456.3
38.4572  1.557e-06 13702.8
38.8418  1.54395e-06 13953.8
39.2302  1.53102e-06 14209.5
39.6225  1.5182e-06 14469.9
40.0187  1.50549e-06 14735.1
40.4189  1.49288e-06 15005.1
40.8231  1.48038e-06 15280.2
41.2313  1.46799e-06 15560.2
41.6436  1.45571e-06 15845.5
42.0601  1.44352e-06 16136
42.4807  1.43144e-06 16431.9
42.9055  1.41947e-06 16733.2
43.3345  1.40759e-06 17040
43.7679  1.39582e-06 17352.5
44.2056  1.38414e-06 17670.8
44.6476  1.37257e-06 17994.9
45.0941  1.36109e-06 18324.9
45.545  1.34971e-06 18661.1
46.0005  1.33843e-06 19003.4
46.4605  1.32724e-06 19352.1
46.9251  1.31615e-06 19707.2
47.3943  1.30515e-06 20068.8
47.8683  1.29425e-06 20437
48.347  1.28344e-06 20812.1
48.8304  1.27272e-06 21194
49.3187  1.26209e-06 21583
49.8119  1.25155e-06 21979.1
50.31  1.2411e-06 22382.6
50.8131  1.23074e-06 22793.4
51.3213  1.22047e-06 23211.8
51.8345  1.21028e-06 23638
52.3528  1.20019e-06 24071.9
52.8764  1.19017e-06 24513.9
53.4051  1.18025e-06 24964
53.9392  1.1704e-06 25422.4
54.4786  1.16065e-06 25889.2
55.0234  1.15097e-06 26364.6
55.5736  1.14138e-06 26848.7
56.1293  1.13186e-06 27341.8
56.6906  1.12243e-06 27843.9
57.2575  1.11308e-06 28355.3
57.8301  1.10381e-06 28876.1
58.4084  1.09462e-06 29406.5
58.9925  1.08551e-06 29946.6
59.5824  1.07647e-06 30496.7
60.1782  1.06751e-06 31056.9
60.78  1.05863e-06 31627.3
61.3878  1.04982e-06 32208.3
62.0017  1.04109e-06 32800
62.6217  1.03243e-06 33402.6
63.2479  1.02385e-06 34016.2
63.8804  1.01534e-06 34641.1
64.5192  1.0069e-06 35277.6
65.1644  9.98532e-07 35925.7
65.816  9.90237e-07 36585.7
66.4742  9.82013e-07 37257.9
67.1389  9.73859e-07 37942.5
67.8103  9.65775e-07 38639.6
68.4884  9.5776e-07 39349.5
69.1733  9.49813e-07 40072.5
69.8651  9.41934e-07 40808.8
70.5637  9.34122e-07 41558.6
71.2693  9.26377e-07 42322.2
71.982  9.18698e-07 43099.8
72.7019  9.11084e-07 43891.7
73.4289  9.03536e-07 44698.2
74.1632  8.96052e-07 45519.5
74.9048  8.88632e-07 46355.9
75.6538  8.81276e-07 47207.6
76.4104  8.73982e-07 48075
77.1745  8.66751e-07 48958.3
77.9462  8.59582e-07 49857.8
78.7257  8.52474e-07 50773.9
79.513  8.45427e-07 51706.7
80.3081  8.3844e-07 52656.7
81.1112  8.31513e-07 53624.1
81.9223  8.24645e-07 54609.3
82.7415  8.17836e-07 55612.6
83.5689  8.11085e-07 56634.3
84.4046  8.04393e-07 57674.7
85.2486  7.97757e-07 58734.2
86.1011  7.91179e-07 59813.1
86.9621  7.84656e-07 60911.9
87.8318  7.7819e-07 62030.7
88.7101  7.71779e-07 63170.1
89.5972  7.65423e-07 64330.4
90.4932  7.59122e-07 65512
91.3981  7.52875e-07 66715.2
92.3121  7.46681e-07 67940.5
93.2352  7.40541e-07 69188.2
94.1675  7.34453e-07 70458.8
95.1092  7.28417e-07 71752.7
96.0603  7.22434e-07 73070.3
97.0209  7.16501e-07 74412
97.9911  7.1062e-07 75778.3
98.971  7.04789e-07 77169.6
99.9607  6.99009e-07 78586.4
100.96  6.93278e-07 80029.1
101.97  6.87596e-07 81498.1
102.99  6.81964e-07 82994.1
104.02  6.76379e-07 84517.4
105.06  6.70843e-07 86068.6
106.11  6.65355e-07 87648.1
107.171  6.59913e-07 89256.5
108.243  6.54519e-07 90894.2
109.326  6.49171e-07 92561.9
110.419  6.43869e-07 94260.1
111.523  6.38613e-07 95989.3
112.638  6.33402e-07 97750.1
113.765  6.28236e-07 99543.1
114.902  6.23115e-07 101369
116.051  6.18038e-07 103228
117.212  6.13004e-07 105121
118.384  6.08014e-07 107049
119.568  6.03067e-07 109012
120.763  5.98163e-07 111011
121.971  5.93301e-07 113046
123.191  5.88481e-07 115119
124.423  5.83703e-07 117229
125.667  5.78966e-07 119378
126.924  5.7427e-07 121566
128.193  5.69615e-07 123793
129.475  5.65e-07 126061
130.77  5.60424e-07 128370
132.077  5.55889e-07 130722
133.398  5.51392e-07 133115
134.732  5.46935e-07 135552
136.079  5.42516e-07 138033
137.44  5.38136e-07 140559
138.814  5.33793e-07 143131
140.203  5.29488e-07 145750
141.605  5.25221e-07 148416
143.021  5.2099e-07 151131
144.451  5.16796e-07 153895
145.895  5.12639e-07 156710
147.354  5.08517e-07 159577
148.828  5.04432e-07 162496
150.316  5.00381e-07 165469
151.819  4.96366e-07 168496
153.338  4.92386e-07 171580
154.871  4.88441e-07 174720
156.42  4.8453e-07 177918
157.984  4.80653e-07 181176
159.564  4.76809e-07 184494
161.159  4.72999e-07 187874
162.771  4.69222e-07 191317
164.399  4.65478e-07 194824
166.043  4.61767e-07 198397
167.703  4.58088e-07 202037
169.38  4.54441e-07 205745
171.074  4.50826e-07 209523
172.785  4.47243e-07 213372
174.512  4.4369e-07 217294
176.258  4.40169e-07 221288
178.02  4.36678e-07 225357
179.8  4.33218e-07 229503
181.598  4.29788e-07 233725
183.414  4.26389e-07 238026
185.248  4.23018e-07 242407
187.101  4.19678e-07 246869
188.972  4.16366e-07 251414
190.862  4.13084e-07 256043
192.77  4.0983e-07 260757
194.698  4.06605e-07 265559
196.645  4.03407e-07 270449
198.611  4.00238e-07 275430
200.598  3.97097e-07 280503
202.604  3.93983e-07 285670
204.63  3.90897e-07 290932
206.676  3.87838e-07 296292
208.743  3.84805e-07 301751
210.83  3.81799e-07 307311
212.938  3.7882e-07 312973
215.068  3.75867e-07 318741
217.218  3.72939e-07 324615
219.391  3.70038e-07 330597
221.584  3.67162e-07 336690
223.8  3.64311e-07 342895
226.038  3.61485e-07 349214
228.299  3.58685e-07 355649
230.582  3.55909e-07 362204
232.888  3.53157e-07 368878
235.216  3.5043e-07 375675
237.569  3.47726e-07 382597
239.944  3.45047e-07 389646
242.344  3.42391e-07 396825
244.767  3.39759e-07 404134
247.215  3.3715e-07 411578
249.687  3.34564e-07 419158
252.184  3.32001e-07 426877
254.706  3.2946e-07 434736
257.253  3.26942e-07 442740
259.825  3.24447e-07 450890
262.423  3.21973e-07 459189
265.048  3.19521e-07 467639
267.698  3.17092e-07 476243
270.375  3.14683e-07 485004
273.079  3.12296e-07 493925
275.81  3.0993e-07 503008
278.568  3.07586e-07 512257
281.354  3.05262e-07 521674
284.167  3.02958e-07 531262
287.009  3.00676e-07 541024
289.879  2.98413e-07 550963
292.778  2.96171e-07 561083
295.705  2.93948e-07 571386
298.662  2.91746e-07 581875
301.649  2.89563e-07 592555
304.666  2.87399e-07 603427
307.712  2.85255e-07 614497
310.789  2.8313e-07 625766
313.897  2.81024e-07 637238
317.036  2.78937e-07 648918
320.207  2.76869e-07 660808
323.409  2.74819e-07 672912
326.643  2.72787e-07 685235
329.909  2.70773e-07 697779
333.208  2.68778e-07 710548
336.54  2.668e-07 723547
339.906  2.64841e-07 736779
343.305  2.62898e-07 750249
346.738  2.60974e-07 763960
350.205  2.59066e-07 777916
353.707  2.57176e-07 792122
357.244  2.55303e-07 806583
360.817  2.53446e-07 821301
364.425  2.51606e-07 836283
368.069  2.49783e-07 851532
371.75  2.47977e-07 867052
375.467  2.46186e-07 882850
379.222  2.44412e-07 898928
383.014  2.42654e-07 915292
386.844  2.40912e-07 931947
390.713  2.39185e-07 948897
394.62  2.37474e-07 966148
398.566  2.35779e-07 983705
402.552  2.34099e-07 1.00157e+06
406.577  2.32434e-07 1.01976e+06
410.643  2.30784e-07 1.03826e+06
414.75  2.29149e-07 1.0571e+06
418.897  2.27529e-07 1.07626e+06
423.086  2.25924e-07 1.09576e+06
427.317  2.24334e-07 1.11561e+06
431.59  2.22758e-07 1.1358e+06
435.906  2.21196e-07 1.15635e+06
440.265  2.19649e-07 1.17727e+06
444.668  2.18115e-07 1.19854e+06
449.114  2.16596e-07 1.2202e+06
453.605  2.15091e-07 1.24223e+06
458.142  2.13599e-07 1.26464e+06
462.723  2.12121e-07 1.28745e+06
467.35  2.10656e-07 1.31066e+06
472.024  2.09205e-07 1.33427e+06
476.744  2.07768e-07 1.35829e+06
481.511  2.06343e-07 1.38274e+06
486.326  2.04932e-07 1.4076e+06
491.19  2.03533e-07 1.4329e+06
496.102  2.02148e-07 1.45864e+06
501.063  2.00775e-07 1.48483e+06
506.073  1.99415e-07 1.51147e+06
511.134  1.98067e-07 1.53857e+06
516.245  1.96732e-07 1.56613e+06
521.408  1.95409e-07 1.59418e+06
526.622  1.94098e-07 1.62271e+06
531.888  1.928e-07 1.65173e+06
537.207  1.91513e-07 1.68125e+06
542.579  1.90239e-07 1.71128e+06
548.005  1.88976e-07 1.74182e+06
553.485  1.87725e-07 1.77289e+06
559.02  1.86486e-07 1.80449e+06
564.61  1.85258e-07 1.83663e+06
570.256  1.84042e-07 1.86932e+06
575.959  1.82837e-07 1.90258e+06
581.718  1.81643e-07 1.93639e+06
587.535  1.8046e-07 1.97079e+06
593.411  1.79289e-07 2.00577e+06
599.345  1.78128e-07 2.04134e+06
605.338  1.76979e-07 2.07752e+06
611.392  1.7584e-07 2.11432e+06
617.506  1.74711e-07 2.15173e+06
623.681  1.73594e-07 2.18978e+06
629.917  1.72487e-07 2.22848e+06
636.217  1.7139e-07 2.26782e+06
642.579  1.70304e-07 2.30783e+06
649.005  1.69228e-07 2.34852e+06
655.495  1.68162e-07 2.38989e+06
662.05  1.67106e-07 2.43195e+06
668.67  1.6606e-07 2.47472e+06
675.357  1.65025e-07 2.51821e+06
682.11  1.63999e-07 2.56242e+06
688.931  1.62982e-07 2.60737e+06
695.821  1.61976e-07 2.65308e+06
702.779  1.60979e-07 2.69954e+06
709.807  1.59991e-07 2.74678e+06
716.905  1.59013e-07 2.79481e+06
724.074  1.58044e-07 2.84363e+06
731.315  1.57085e-07 2.89326e+06
738.628  1.56135e-07 2.94372e+06
746.014  1.55194e-07 2.99501e+06
753.474  1.54262e-07 3.04714e+06
761.009  1.53339e-07 3.10014e+06
768.619  1.52425e-07 3.154e+06
776.305  1.51519e-07 3.20876e+06
784.068  1.50623e-07 3.26441e+06
791.909  1.49735e-07 3.32098e+06
799.828  1.48855e-07 3.37847e+06
807.826  1.47985e-07 3.4369e+06
815.905  1.47122e-07 3.49629e+06
824.064  1.46269e-07 3.55664e+06
832.304  1.45423e-07 3.61798e+06
840.627  1.44586e-07 3.68032e+06
849.034  1.43757e-07 3.74366e+06
857.524  1.42936e-07 3.80804e+06
866.099  1.42123e-07 3.87345e+06
874.76  1.41318e-07 3.93992e+06
883.508  1.40521e-07 4.00747e+06
892.343  1.39732e-07 4.0761e+06
901.266  1.3895e-07 4.14584e+06
910.279  1.38177e-07 4.2167e+06
919.382  1.37411e-07 4.28869e+06
928.575  1.36652e-07 4.36184e+06
937.861  1.35901e-07 4.43615e+06
947.24  1.35158e-07 4.51165e+06
956.712  1.34422e-07 4.58836e+06
966.279  1.33694e-07 4.66628e+06
975.942  1.32972e-07 4.74544e+06
985.702  1.32258e-07 4.82586e+06
995.559  1.31551e-07 4.90755e+06
