0.001  1.6297e-05 0.344301
0.00101  1.62921e-05 0.346018
0.0010201  1.62873e-05 0.347743
0.0010303  1.62822e-05 0.349478
0.0010406  1.6277e-05 0.351221
0.00105101  1.62716e-05 0.352972
0.00106152  1.6266e-05 0.354733
0.00107214  1.62624e-05 0.356502
0.00108286  1.62602e-05 0.35828
0.00109369  1.62578e-05 0.360067
0.00110462  1.62552e-05 0.361863
0.00111567  1.62525e-05 0.363668
0.00112683  1.62496e-05 0.365482
0.00113809  1.62465e-05 0.367304
0.00114947  1.62432e-05 0.369136
0.00116097  1.62397e-05 0.370977
0.00117258  1.62361e-05 0.372828
0.0011843  1.62322e-05 0.374687
0.00119615  1.62282e-05 0.376556
0.00120811  1.62239e-05 0.378434
0.00122019  1.62195e-05 0.380321
0.00123239  1.62148e-05 0.382218
0.00124472  1.62105e-05 0.384125
0.00125716  1.62062e-05 0.38604
0.00126973  1.62018e-05 0.387966
0.00128243  1.61972e-05 0.389901
0.00129526  1.61924e-05 0.391845
0.00130821  1.61873e-05 0.3938
0.00132129  1.61821e-05 0.395764
0.0013345  1.61768e-05 0.397737
0.00134785  1.61764e-05 0.399721
0.00136133  1.61758e-05 0.401715
0.00137494  1.61751e-05 0.403718
0.00138869  1.61742e-05 0.405732
0.00140258  1.61731e-05 0.407756
0.0014166  1.61718e-05 0.409789
0.00143077  1.61703e-05 0.411833
0.00144508  1.61686e-05 0.413887
0.00145953  1.61668e-05 0.415951
0.00147412  1.61648e-05 0.418026
0.00148886  1.61625e-05 0.420111
0.00150375  1.61601e-05 0.422206
0.00151879  1.61574e-05 0.424312
0.00153398  1.61546e-05 0.426428
0.00154932  1.61516e-05 0.428555
0.00156481  1.61483e-05 0.430692
0.00158046  1.61448e-05 0.43284
0.00159626  1.61411e-05 0.434999
0.00161223  1.61409e-05 0.437169
0.00162835  1.61414e-05 0.439349
0.00164463  1.61417e-05 0.44154
0.00166108  1.61418e-05 0.443742
0.00167769  1.61444e-05 0.445956
0.00169447  1.61484e-05 0.44818
0.00171141  1.61523e-05 0.450415
0.00172852  1.6156e-05 0.452662
0.00174581  1.61596e-05 0.454919
0.00176327  1.6163e-05 0.457188
0.0017809  1.61662e-05 0.459469
0.00179871  1.61693e-05 0.46176
0.0018167  1.61723e-05 0.464063
0.00183486  1.6175e-05 0.466378
0.00185321  1.61776e-05 0.468704
0.00187174  1.61813e-05 0.471041
0.00189046  1.6185e-05 0.473391
0.00190937  1.61886e-05 0.475752
0.00192846  1.61921e-05 0.478124
0.00194774  1.61954e-05 0.480509
0.00196722  1.61985e-05 0.482906
0.00198689  1.62014e-05 0.485314
0.00200676  1.62055e-05 0.487735
0.00202683  1.62129e-05 0.490167
0.0020471  1.62201e-05 0.492612
0.00206757  1.62272e-05 0.495069
0.00208825  1.62341e-05 0.497538
0.00210913  1.62409e-05 0.500019
0.00213022  1.62476e-05 0.502513
0.00215152  1.62574e-05 0.50502
0.00217304  1.62675e-05 0.507538
0.00219477  1.62775e-05 0.51007
0.00221672  1.62873e-05 0.512614
0.00223888  1.62971e-05 0.515171
0.00226127  1.63067e-05 0.51774
0.00228388  1.63162e-05 0.520322
0.00230672  1.63255e-05 0.522917
0.00232979  1.63348e-05 0.525525
0.00235309  1.63439e-05 0.528146
0.00237662  1.63529e-05 0.53078
0.00240038  1.63618e-05 0.533428
0.00242439  1.63705e-05 0.536088
0.00244863  1.63791e-05 0.538762
0.00247312  1.63875e-05 0.541449
0.00249785  1.63976e-05 0.54415
0.00252283  1.64077e-05 0.546864
0.00254806  1.64177e-05 0.549591
0.00257354  1.64276e-05 0.552332
0.00259927  1.64374e-05 0.555087
0.00262527  1.6447e-05 0.557855
0.00265152  1.64565e-05 0.560637
0.00267803  1.64692e-05 0.563434
0.00270481  1.64867e-05 0.566244
0.00273186  1.65041e-05 0.569068
0.00275918  1.65215e-05 0.571906
0.00278677  1.65388e-05 0.574759
0.00281464  1.6556e-05 0.577625
0.00284279  1.65731e-05 0.580506
0.00287121  1.65902e-05 0.583402
0.00289993  1.66072e-05 0.586311
0.00292893  1.66242e-05 0.589235
0.00295822  1.6641e-05 0.592174
0.0029878  1.66578e-05 0.595128
0.00301768  1.6678e-05 0.597888
0.00304785  1.67331e-05 0.5986
0.00307833  1.67884e-05 0.599325
0.00310911  1.6844e-05 0.600061
0.0031402  1.68998e-05 0.600809
0.00317161  1.69559e-05 0.601569
0.00320332  1.70128e-05 0.60234
0.00323536  1.70727e-05 0.603123
0.00326771  1.7133e-05 0.603916
0.00330039  1.71935e-05 0.604719
0.00333339  1.72543e-05 0.605533
0.00336672  1.73212e-05 0.606357
0.00340039  1.73886e-05 0.607191
0.0034344  1.74565e-05 0.608034
0.00346874  1.75248e-05 0.608887
0.00350343  1.75934e-05 0.609749
0.00353846  1.76625e-05 0.61062
0.00357385  1.77319e-05 0.6115
0.00360958  1.78018e-05 0.612388
0.00364568  1.78721e-05 0.613285
0.00368214  1.79427e-05 0.61419
0.00371896  1.80142e-05 0.615104
0.00375615  1.80881e-05 0.616025
0.00379371  1.81625e-05 0.616954
0.00383165  1.82373e-05 0.617891
0.00386996  1.83126e-05 0.618836
0.00390866  1.83884e-05 0.619788
0.00394775  1.84647e-05 0.620747
0.00398723  1.85414e-05 0.621714
0.0040271  1.86186e-05 0.622687
0.00406737  1.86963e-05 0.623668
0.00410804  1.87745e-05 0.624655
0.00414912  1.88532e-05 0.625649
0.00419062  1.89324e-05 0.62665
0.00423252  1.9012e-05 0.627657
0.00427485  1.90931e-05 0.628671
0.0043176  1.91775e-05 0.629692
0.00436077  1.92625e-05 0.630718
0.00440438  1.9348e-05 0.631751
0.00444842  1.94341e-05 0.632791
0.00449291  1.95207e-05 0.633836
0.00453784  1.9608e-05 0.634887
0.00458321  1.96958e-05 0.635945
0.00462905  1.97841e-05 0.637008
0.00467534  1.98731e-05 0.638078
0.00472209  1.99627e-05 0.639153
0.00476931  2.00528e-05 0.640234
0.004817  2.01436e-05 0.641321
0.00486517  2.02349e-05 0.642414
0.00491383  2.03269e-05 0.643513
0.00496296  2.04199e-05 0.644618
0.00501259  2.05168e-05 0.645728
0.00506272  2.06215e-05 0.646844
0.00511335  2.07268e-05 0.647966
0.00516448  2.0833e-05 0.649093
0.00521613  2.09398e-05 0.650226
0.00526829  2.10474e-05 0.651365
0.00532097  2.11558e-05 0.652509
0.00537418  2.12683e-05 0.653659
0.00542792  2.13823e-05 0.654815
0.0054822  2.14971e-05 0.655977
0.00553702  2.16128e-05 0.657144
0.00559239  2.17292e-05 0.658317
0.00564832  2.18465e-05 0.659496
0.0057048  2.19646e-05 0.660681
0.00576185  2.20836e-05 0.661871
0.00581947  2.22033e-05 0.663067
0.00587766  2.2324e-05 0.664269
0.00593644  2.24454e-05 0.665477
0.0059958  2.25677e-05 0.666691
0.00605576  2.26909e-05 0.667911
0.00611632  2.28149e-05 0.669136
0.00617748  2.29398e-05 0.670368
0.00623926  2.30668e-05 0.671606
0.00630165  2.3195e-05 0.67285
0.00636466  2.3324e-05 0.6741
0.00642831  2.3454e-05 0.675356
0.00649259  2.35849e-05 0.676618
0.00655752  2.37167e-05 0.677887
0.0066231  2.38493e-05 0.679162
0.00668933  2.39829e-05 0.680443
0.00675622  2.41175e-05 0.68173
0.00682378  2.42529e-05 0.683025
0.00689202  2.43893e-05 0.684325
0.00696094  2.45266e-05 0.685633
0.00703055  2.46648e-05 0.686947
0.00710085  2.4804e-05 0.688267
0.00717186  2.49441e-05 0.689595
0.00724358  2.50852e-05 0.690929
0.00731602  2.52272e-05 0.69227
0.00738918  2.53702e-05 0.693618
0.00746307  2.5515e-05 0.694973
0.0075377  2.56616e-05 0.696335
0.00761308  2.58092e-05 0.697705
0.00768921  2.59578e-05 0.699081
0.0077661  2.61074e-05 0.700466
0.00784376  2.6258e-05 0.701857
0.0079222  2.64096e-05 0.703256
0.00800142  2.65626e-05 0.704662
0.00808144  2.67224e-05 0.706076
0.00816225  2.68832e-05 0.707498
0.00824387  2.70452e-05 0.708927
0.00832631  2.72082e-05 0.710364
0.00840957  2.73723e-05 0.711809
0.00849367  2.75375e-05 0.713262
0.00857861  2.77038e-05 0.714724
0.00866439  2.78712e-05 0.716193
0.00875104  2.80396e-05 0.717671
0.00883855  2.82092e-05 0.719157
0.00892693  2.83799e-05 0.720652
0.0090162  2.85518e-05 0.722155
0.00910636  2.87247e-05 0.723666
0.00919743  2.88987e-05 0.725186
0.0092894  2.90739e-05 0.726715
0.0093823  2.92502e-05 0.728253
0.00947612  2.94277e-05 0.7298
0.00957088  2.96062e-05 0.731355
0.00966659  2.97859e-05 0.73292
0.00976325  2.99668e-05 0.734495
0.00986089  3.01488e-05 0.736078
0.0099595  3.0333e-05 0.737671
0.0100591  3.05233e-05 0.739273
0.0101597  3.07181e-05 0.740885
0.0102613  3.09142e-05 0.742507
0.0103639  3.11115e-05 0.744138
0.0104675  3.13101e-05 0.745779
0.0105722  3.151e-05 0.74743
0.0106779  3.17111e-05 0.749091
0.0107847  3.19136e-05 0.750762
0.0108926  3.21172e-05 0.752444
0.0110015  3.23222e-05 0.754136
0.0111115  3.25285e-05 0.755838
0.0112226  3.2736e-05 0.757551
0.0113348  3.29449e-05 0.759274
0.0114482  3.3155e-05 0.761008
0.0115627  3.33664e-05 0.762753
0.0116783  3.35792e-05 0.764508
0.0117951  3.37932e-05 0.766275
0.011913  3.40086e-05 0.768053
0.0120322  3.42253e-05 0.769842
0.0121525  3.44433e-05 0.771642
0.012274  3.46626e-05 0.773454
0.0123967  3.48835e-05 0.775277
0.0125207  3.51077e-05 0.777111
0.0126459  3.53331e-05 0.778958
0.0127724  3.556e-05 0.780816
0.0129001  3.57882e-05 0.782685
0.0130291  3.60178e-05 0.784567
0.0131594  3.62487e-05 0.786461
0.013291  3.6481e-05 0.788367
0.0134239  3.67166e-05 0.790285
0.0135581  3.69546e-05 0.792215
0.0136937  3.71941e-05 0.794159
0.0138307  3.74349e-05 0.796114
0.013969  3.76772e-05 0.798082
0.0141086  3.7921e-05 0.800063
0.0142497  3.81661e-05 0.802057
0.0143922  3.84127e-05 0.804064
0.0145362  3.86607e-05 0.806083
0.0146815  3.89102e-05 0.808116
0.0148283  3.91611e-05 0.810162
0.0149766  3.94135e-05 0.812221
0.0151264  3.96673e-05 0.814294
0.0152776  3.99226e-05 0.81638
0.0154304  4.01793e-05 0.81848
0.0155847  4.04375e-05 0.820594
0.0157406  4.06972e-05 0.822721
0.015898  4.09584e-05 0.824862
0.016057  4.1223e-05 0.827017
0.0162175  4.14923e-05 0.829187
0.0163797  4.17631e-05 0.83137
0.0165435  4.20354e-05 0.833568
0.0167089  4.23097e-05 0.83578
0.016876  4.25872e-05 0.838006
0.0170448  4.28662e-05 0.840248
0.0172152  4.31468e-05 0.842504
0.0173874  4.34291e-05 0.844774
0.0175613  4.37128e-05 0.84706
0.0177369  4.39982e-05 0.84936
0.0179142  4.42852e-05 0.851676
0.0180934  4.45738e-05 0.854006
0.0182743  4.4864e-05 0.856352
0.0184571  4.51558e-05 0.858714
0.0186416  4.54504e-05 0.86109
0.018828  4.57487e-05 0.863482
0.0190163  4.60486e-05 0.86589
0.0192065  4.63501e-05 0.868314
0.0193986  4.66534e-05 0.870754
0.0195925  4.69583e-05 0.873209
0.0197885  4.72648e-05 0.875681
0.0199864  4.75731e-05 0.878168
0.0201862  4.78848e-05 0.880672
0.0203881  4.81984e-05 0.883192
0.020592  4.85138e-05 0.885728
0.0207979  4.88309e-05 0.888281
0.0210059  4.91497e-05 0.89085
0.0212159  4.94703e-05 0.893436
0.0214281  4.97936e-05 0.896038
0.0216424  5.01196e-05 0.898658
0.0218588  5.04475e-05 0.901294
0.0220774  5.07771e-05 0.903947
0.0222981  5.11085e-05 0.906618
0.0225211  5.14417e-05 0.909306
0.0227463  5.17767e-05 0.912011
0.0229738  5.21135e-05 0.914733
0.0232035  5.2452e-05 0.917473
0.0234356  5.27924e-05 0.920231
0.0236699  5.31346e-05 0.923006
0.0239066  5.34787e-05 0.9258
0.0241457  5.38245e-05 0.928612
0.0243871  5.41722e-05 0.931442
0.024631  5.45217e-05 0.93429
0.0248773  5.48731e-05 0.937156
0.0251261  5.52263e-05 0.94004
0.0253774  5.55814e-05 0.942942
0.0256311  5.59384e-05 0.945862
0.0258874  5.62972e-05 0.948801
0.0261463  5.66579e-05 0.951757
0.0264078  5.70205e-05 0.954732
0.0266719  5.73851e-05 0.957725
0.0269386  5.77548e-05 0.960736
0.027208  5.81265e-05 0.963765
0.02748  5.85002e-05 0.966813
0.0277548  5.88758e-05 0.96988
0.0280324  5.92534e-05 0.972966
0.0283127  5.9633e-05 0.976071
0.0285958  6.00145e-05 0.979196
0.0288818  6.03981e-05 0.982341
0.0291706  6.07836e-05 0.985505
0.0294623  6.11711e-05 0.988691
0.029757  6.15607e-05 0.991897
0.0300545  6.19522e-05 0.995124
0.0303551  6.23165e-05 0.998373
0.0306586  6.26686e-05 1.00164
0.0309652  6.30219e-05 1.00494
0.0312749  6.33764e-05 1.00825
0.0315876  6.37321e-05 1.01159
0.0319035  6.4089e-05 1.01495
0.0322225  6.44482e-05 1.01833
0.0325447  6.48089e-05 1.02174
0.0328702  6.51707e-05 1.02517
0.0331989  6.55338e-05 1.02863
0.0335309  6.58991e-05 1.03211
0.0338662  6.62665e-05 1.03562
0.0342049  6.6635e-05 1.03915
0.0345469  6.70047e-05 1.04271
0.0348924  6.73756e-05 1.04629
0.0352413  6.77477e-05 1.0499
0.0355937  6.8121e-05 1.05353
0.0359496  6.84954e-05 1.05719
0.0363091  6.8871e-05 1.06088
0.0366722  6.92477e-05 1.06459
0.037039  6.96256e-05 1.06833
0.0374093  7.00066e-05 1.07209
0.0377834  7.03894e-05 1.07587
0.0381613  7.07734e-05 1.07969
0.0385429  7.11585e-05 1.08353
0.0389283  7.15448e-05 1.08739
0.0393176  7.19322e-05 1.09128
0.0397108  7.23208e-05 1.0952
0.0401079  7.27104e-05 1.09914
0.040509  7.31012e-05 1.10311
0.040914  7.3493e-05 1.10711
0.0413232  7.3886e-05 1.11113
0.0417364  7.42801e-05 1.11518
0.0421538  7.46752e-05 1.11926
0.0425753  7.50714e-05 1.12337
0.0430011  7.54698e-05 1.1275
0.0434311  7.58695e-05 1.13166
0.0438654  7.62703e-05 1.13585
0.044304  7.66721e-05 1.14006
0.0447471  7.70749e-05 1.14431
0.0451946  7.74788e-05 1.14858
0.0456465  7.78837e-05 1.15288
0.046103  7.82896e-05 1.15721
0.046564  7.86966e-05 1.16157
0.0470296  7.91045e-05 1.16595
0.0474999  7.95134e-05 1.17036
0.0479749  7.99233e-05 1.17481
0.0484547  8.03341e-05 1.17928
0.0489392  8.07459e-05 1.18378
0.0494286  8.11587e-05 1.18831
0.0499229  8.15733e-05 1.19287
0.0504221  8.19904e-05 1.19745
0.0509264  8.24088e-05 1.20207
0.0514356  8.28281e-05 1.20672
0.05195  8.32483e-05 1.21139
0.0524695  8.36695e-05 1.2161
0.0529942  8.40915e-05 1.22083
0.0535241  8.4515e-05 1.2256
0.0540594  8.49401e-05 1.2304
0.0546  8.53661e-05 1.23522
0.055146  8.57929e-05 1.24008
0.0556974  8.62206e-05 1.24496
0.0562544  8.66492e-05 1.24988
0.0568169  8.70785e-05 1.25483
0.0573851  8.75087e-05 1.25981
0.0579589  8.79396e-05 1.26482
0.0585385  8.83714e-05 1.26986
0.0591239  8.88039e-05 1.27493
0.0597152  8.92371e-05 1.28003
0.0603123  8.96711e-05 1.28517
0.0609154  9.01058e-05 1.29033
0.0615246  9.05412e-05 1.29553
0.0621398  9.09776e-05 1.30076
0.0627612  9.14152e-05 1.30602
0.0633888  9.18534e-05 1.31132
0.0640227  9.22922e-05 1.31664
0.064663  9.27317e-05 1.322
0.0653096  9.31719e-05 1.32739
0.0659627  9.36126e-05 1.33281
0.0666223  9.40539e-05 1.33826
0.0672885  9.44969e-05 1.34375
0.0679614  9.49407e-05 1.34927
0.068641  9.5385e-05 1.35482
0.0693275  9.58298e-05 1.3604
0.0700207  9.62752e-05 1.36602
0.0707209  9.6721e-05 1.37167
0.0714281  9.71673e-05 1.37736
0.0721424  9.76141e-05 1.38307
0.0728638  9.80613e-05 1.38883
0.0735925  9.8509e-05 1.39461
0.0743284  9.89571e-05 1.40043
0.0750717  9.94062e-05 1.40628
0.0758224  9.98557e-05 1.41216
0.0765806  0.000100306 1.41808
0.0773464  0.000100756 1.42404
0.0781199  0.000101206 1.43003
0.0789011  0.000101657 1.43605
0.0796901  0.000102108 1.4421
0.080487  0.00010256 1.44819
0.0812919  0.000103013 1.45432
0.0821048  0.000103466 1.46048
0.0829259  0.000103919 1.46667
0.0837551  0.000104372 1.4729
0.0845927  0.000104825 1.47917
0.0854386  0.000105279 1.48546
0.086293  0.000105733 1.4918
0.0871559  0.000106186 1.49817
0.0880275  0.00010664 1.50457
0.0889077  0.000107094 1.51101
0.0897968  0.000107547 1.51749
0.0906948  0.000108001 1.524
0.0916017  0.000108455 1.53055
0.0925178  0.000108908 1.53713
0.0934429  0.000109362 1.54375
0.0943774  0.000109815 1.5504
0.0953211  0.000110268 1.5571
0.0962743  0.000110721 1.56383
0.0972371  0.000111174 1.57059
0.0982095  0.000111626 1.57739
0.0991916  0.000112079 1.58423
0.100183  0.000112531 1.59111
0.101185  0.000112985 1.59802
0.102197  0.000113438 1.60496
0.103219  0.00011389 1.61195
0.104251  0.000114343 1.61897
0.105294  0.000114795 1.62603
0.106347  0.000115246 1.63312
0.10741  0.000115698 1.64026
0.108484  0.000116149 1.64742
0.109569  0.0001166 1.65463
0.110665  0.00011705 1.66187
0.111772  0.000117499 1.66916
0.112889  0.000117948 1.67648
0.114018  0.000118397 1.68384
0.115158  0.000118844 1.69123
0.11631  0.000119291 1.69867
0.117473  0.000119738 1.70615
0.118648  0.000120183 1.71366
0.119834  0.000120628 1.72122
0.121033  0.000121053 1.72882
0.122243  0.000121443 1.73646
0.123465  0.00012183 1.74414
0.1247  0.000122217 1.75187
0.125947  0.000122601 1.75964
0.127206  0.000122983 1.76745
0.128478  0.000123362 1.7753
0.129763  0.00012374 1.7832
0.131061  0.000124114 1.79115
0.132372  0.000124487 1.79914
0.133695  0.000124857 1.80718
0.135032  0.000125224 1.81527
0.136383  0.00012559 1.8234
0.137746  0.000125952 1.83158
0.139124  0.000126312 1.83981
0.140515  0.000126668 1.84809
0.14192  0.000127022 1.85642
0.143339  0.000127373 1.8648
0.144773  0.000127721 1.87322
0.146221  0.000128066 1.8817
0.147683  0.000128407 1.89022
0.14916  0.000128746 1.8988
0.150651  0.000129081 1.90743
0.152158  0.000129413 1.9161
0.153679  0.000129741 1.92483
0.155216  0.000130066 1.93362
0.156768  0.000130387 1.94245
0.158336  0.000130705 1.95134
0.159919  0.000131019 1.96028
0.161518  0.00013133 1.96927
0.163134  0.000131638 1.97833
0.164765  0.000131941 1.98743
0.166413  0.000132241 1.9966
0.168077  0.000132537 2.00582
0.169757  0.000132829 2.01509
0.171455  0.000133117 2.02443
0.17317  0.000133401 2.03382
0.174901  0.00013368 2.04328
0.17665  0.000133955 2.0528
0.178417  0.000134226 2.06237
0.180201  0.000134493 2.07201
0.182003  0.000134755 2.08171
0.183823  0.000135012 2.09148
0.185661  0.000135265 2.10131
0.187518  0.000135514 2.1112
0.189393  0.000135758 2.12116
0.191287  0.000135997 2.13119
0.1932  0.000136231 2.14128
0.195132  0.000136461 2.15145
0.197083  0.000136685 2.16168
0.199054  0.000136904 2.17199
0.201045  0.000137119 2.18236
0.203055  0.000137328 2.19281
0.205086  0.000137532 2.20334
0.207136  0.000137731 2.21393
0.209208  0.000137925 2.22461
0.2113  0.000138113 2.23536
0.213413  0.000138296 2.24619
0.215547  0.000138473 2.2571
0.217702  0.000138645 2.2681
0.219879  0.000138811 2.27917
0.222078  0.000138972 2.29033
0.224299  0.000139127 2.30157
0.226542  0.000139276 2.3129
0.228807  0.000139419 2.32432
0.231095  0.000139556 2.33583
0.233406  0.000139687 2.34743
0.235741  0.000139813 2.35912
0.238098  0.000139932 2.37091
0.240479  0.000140045 2.38279
0.242884  0.000140152 2.39478
0.245313  0.000140252 2.40686
0.247766  0.000140347 2.41904
0.250243  0.000140435 2.43133
0.252746  0.000140517 2.44372
0.255273  0.000140593 2.45621
0.257826  0.000140663 2.46882
0.260404  0.000140725 2.48154
0.263008  0.000140782 2.49437
0.265638  0.000140832 2.50732
0.268295  0.000140875 2.52038
0.270978  0.000140912 2.53356
0.273687  0.000140943 2.54687
0.276424  0.000140967 2.5603
0.279189  0.000140984 2.57386
0.28198  0.000140995 2.58754
0.2848  0.000140998 2.60136
0.287648  0.000140995 2.61531
0.290525  0.000140986 2.6294
0.29343  0.000140969 2.64363
0.296364  0.000140945 2.658
0.299328  0.000140915 2.67252
0.302321  0.000140877 2.68718
0.305344  0.000140833 2.702
0.308398  0.000140782 2.71697
0.311482  0.000140724 2.7321
0.314597  0.000140659 2.74738
0.317743  0.000140587 2.76284
0.32092  0.000140508 2.77845
0.324129  0.000140423 2.79424
0.32737  0.00014033 2.8102
0.330644  0.00014023 2.82634
0.333951  0.000140124 2.84266
0.33729  0.000140011 2.85917
0.340663  0.000139891 2.87586
0.34407  0.000139764 2.89275
0.34751  0.00013963 2.90983
0.350985  0.000139489 2.92712
0.354495  0.000139341 2.9446
0.35804  0.000139186 2.9623
0.361621  0.000139025 2.98021
0.365237  0.000138857 2.99833
0.368889  0.000138681 3.01668
0.372578  0.000138499 3.03525
0.376304  0.000138311 3.05405
0.380067  0.000138116 3.07309
0.383868  0.000137914 3.09237
0.387706  0.000137705 3.1119
0.391583  0.00013749 3.13167
0.395499  0.000137268 3.1517
0.399454  0.00013704 3.17199
0.403449  0.000136805 3.19255
0.407483  0.000136563 3.21338
0.411558  0.000136315 3.23449
0.415674  0.000136061 3.25588
0.41983  0.0001358 3.27755
0.424029  0.000135533 3.29952
0.428269  0.00013526 3.3218
0.432552  0.00013498 3.34438
0.436877  0.000134695 3.36727
0.441246  0.000134403 3.39048
0.445658  0.000134105 3.41402
0.450115  0.000133802 3.43789
0.454616  0.000133492 3.4621
0.459162  0.000133176 3.48665
0.463754  0.000132855 3.51156
0.468391  0.000132528 3.53683
0.473075  0.000132195 3.56246
0.477806  0.000131857 3.58847
0.482584  0.000131513 3.61487
0.48741  0.000131164 3.64165
0.492284  0.000130809 3.66883
0.497207  0.000130449 3.69642
0.502179  0.000130084 3.72443
0.507201  0.000129714 3.75285
0.512273  0.000129339 3.78171
0.517396  0.000128959 3.81101
0.52257  0.000128574 3.84075
0.527795  0.000128184 3.87095
0.533073  0.000127789 3.90162
0.538404  0.00012739 3.93277
0.543788  0.000126986 3.9644
0.549226  0.000126578 3.99653
0.554718  0.000126165 4.02916
0.560265  0.000125748 4.06231
0.565868  0.000125326 4.09598
0.571527  0.000124901 4.13019
0.577242  0.000124471 4.16494
0.583014  0.000124037 4.20025
0.588844  0.0001236 4.23613
0.594733  0.000123158 4.27259
0.60068  0.000122713 4.30964
0.606687  0.000122264 4.34729
0.612754  0.000121812 4.38555
0.618881  0.000121356 4.42444
0.62507  0.000120897 4.46397
0.631321  0.000120434 4.50415
0.637634  0.000119968 4.54499
0.644011  0.0001195 4.58651
0.650451  0.000119028 4.62872
0.656955  0.000118553 4.67163
0.663525  0.000118075 4.71525
0.67016  0.000117595 4.75961
0.676862  0.000117112 4.80471
0.68363  0.000116626 4.85056
0.690466  0.000116138 4.8972
0.697371  0.000115648 4.94461
0.704345  0.000115155 4.99284
0.711388  0.00011466 5.04187
0.718502  0.000114163 5.09175
0.725687  0.000113664 5.14247
0.732944  0.000113162 5.19406
0.740273  0.000112659 5.24653
0.747676  0.000112154 5.2999
0.755153  0.000111648 5.35419
0.762705  0.000111139 5.40941
0.770332  0.000110629 5.46558
0.778035  0.000110118 5.52272
0.785815  0.000109605 5.58085
0.793673  0.000109091 5.63998
0.80161  0.000108576 5.70014
0.809626  0.000108059 5.76135
0.817722  0.000107542 5.82362
0.8259  0.000107023 5.88697
0.834159  0.000106504 5.95143
0.8425  0.000105984 6.01701
0.850925  0.000105462 6.08374
0.859435  0.00010494 6.15164
0.868029  0.000104418 6.22072
0.876709  0.000103895 6.29102
0.885476  0.000103371 6.36255
0.894331  0.000102847 6.43534
0.903274  0.000102322 6.50941
0.912307  0.000101797 6.58479
0.92143  0.000101272 6.66149
0.930644  0.000100746 6.73954
0.939951  0.000100221 6.81897
0.94935  9.96951e-05 6.89981
0.958844  9.91694e-05 6.98207
0.968432  9.86437e-05 7.06579
0.978117  9.81181e-05 7.15099
0.987898  9.75926e-05 7.2377
0.997777  9.70675e-05 7.32595
1.00775  9.65427e-05 7.41576
1.01783  9.60183e-05 7.50717
1.02801  9.54942e-05 7.60019
1.03829  9.49706e-05 7.69487
1.04867  9.44474e-05 7.79124
1.05916  9.39248e-05 7.88931
1.06975  9.34027e-05 7.98913
1.08045  9.28814e-05 8.09073
1.09125  9.23607e-05 8.19413
1.10217  9.18407e-05 8.29938
1.11319  9.13215e-05 8.4065
1.12432  9.08031e-05 8.51552
1.13556  9.02854e-05 8.62649
1.14692  8.97687e-05 8.73944
1.15839  8.92529e-05 8.8544
1.16997  8.8738e-05 8.97141
1.18167  8.82242e-05 9.0905
1.19349  8.77113e-05 9.21172
1.20542  8.71996e-05 9.3351
1.21748  8.66889e-05 9.46068
1.22965  8.61794e-05 9.5885
1.24195  8.56711e-05 9.7186
1.25437  8.51641e-05 9.85102
1.26691  8.46584e-05 9.9858
1.27958  8.41539e-05 10.123
1.29238  8.36508e-05 10.2626
1.3053  8.31489e-05 10.4047
1.31835  8.26485e-05 10.5494
1.33154  8.21494e-05 10.6966
1.34485  8.16519e-05 10.8465
1.3583  8.11558e-05 10.999
1.37188  8.06612e-05 11.1543
1.3856  8.01682e-05 11.3123
1.39946  7.96766e-05 11.4731
1.41345  7.91866e-05 11.6368
1.42759  7.86983e-05 11.8034
1.44186  7.82115e-05 11.973
1.45628  7.77263e-05 12.1456
1.47085  7.72429e-05 12.3213
1.48555  7.67611e-05 12.5001
1.50041  7.6281e-05 12.6821
1.51541  7.58026e-05 12.8673
1.53057  7.53259e-05 13.0558
1.54587  7.48511e-05 13.2476
1.56133  7.4378e-05 13.4429
1.57695  7.39066e-05 13.6416
1.59271  7.34372e-05 13.8439
1.60864  7.29696e-05 14.0497
1.62473  7.25039e-05 14.2593
1.64098  7.20401e-05 14.4725
1.65739  7.15781e-05 14.6895
1.67396  7.11181e-05 14.9103
1.6907  7.066e-05 15.1351
1.70761  7.02039e-05 15.3638
1.72468  6.97497e-05 15.5966
1.74193  6.92974e-05 15.8335
1.75935  6.88471e-05 16.0746
1.77694  6.83988e-05 16.32
1.79471  6.79525e-05 16.5697
1.81266  6.75082e-05 16.8238
1.83078  6.70658e-05 17.0825
1.84909  6.66255e-05 17.3456
1.86758  6.61873e-05 17.6135
1.88626  6.57512e-05 17.886
1.90512  6.53171e-05 18.1633
1.92417  6.48851e-05 18.4456
1.94341  6.44552e-05 18.7328
1.96285  6.40273e-05 19.0251
1.98248  6.36015e-05 19.3225
2.0023  6.31778e-05 19.6251
2.02232  6.27562e-05 19.9331
2.04255  6.23367e-05 20.2465
2.06297  6.19193e-05 20.5654
2.0836  6.1504e-05 20.8899
2.10444  6.10909e-05 21.2201
2.12548  6.06798e-05 21.5561
2.14674  6.02709e-05 21.898
2.16821  5.98641e-05 22.2459
2.18989  5.94595e-05 22.5999
2.21179  5.9057e-05 22.9601
2.2339  5.86566e-05 23.3266
2.25624  5.82583e-05 23.6996
2.27881  5.78622e-05 24.079
2.30159  5.74682e-05 24.4651
2.32461  5.70763e-05 24.858
2.34786  5.66865e-05 25.2578
2.37134  5.62989e-05 25.6645
2.39505  5.59134e-05 26.0784
2.419  5.553e-05 26.4994
2.44319  5.51488e-05 26.9279
2.46762  5.47696e-05 27.3638
2.4923  5.43927e-05 27.8074
2.51722  5.40178e-05 28.2587
2.54239  5.36451e-05 28.7178
2.56782  5.32745e-05 29.185
2.59349  5.2906e-05 29.6604
2.61943  5.25396e-05 30.144
2.64562  5.21753e-05 30.6361
2.67208  5.18132e-05 31.1368
2.6988  5.14531e-05 31.6462
2.72579  5.10952e-05 32.1645
2.75305  5.07393e-05 32.6918
2.78058  5.03856e-05 33.2283
2.80838  5.00338e-05 33.7742
2.83647  4.96842e-05 34.3295
2.86483  4.93366e-05 34.8946
2.89348  4.89911e-05 35.4695
2.92241  4.86476e-05 36.0545
2.95164  4.83061e-05 36.6496
2.98115  4.79666e-05 37.2551
3.01097  4.76292e-05 37.8712
3.04108  4.72938e-05 38.498
3.07149  4.69604e-05 39.1358
3.1022  4.6629e-05 39.7846
3.13322  4.62996e-05 40.4448
3.16456  4.59722e-05 41.1165
3.1962  4.56468e-05 41.7999
3.22816  4.53233e-05 42.4952
3.26045  4.50018e-05 43.2026
3.29305  4.46823e-05 43.9224
3.32598  4.43647e-05 44.6547
3.35924  4.40491e-05 45.3998
3.39283  4.37354e-05 46.1579
3.42676  4.34236e-05 46.9293
3.46103  4.31137e-05 47.7141
3.49564  4.28057e-05 48.5126
3.53059  4.24997e-05 49.3251
3.5659  4.21954e-05 50.1517
3.60156  4.18931e-05 50.9929
3.63758  4.15926e-05 51.8487
3.67395  4.1294e-05 52.7195
3.71069  4.09972e-05 53.6056
3.7478  4.07023e-05 54.5071
3.78528  4.04092e-05 55.4245
3.82313  4.01179e-05 56.3579
3.86136  3.98291e-05 57.3068
3.89997  3.95414e-05 58.2733
3.93897  3.92554e-05 59.2568
3.97836  3.89712e-05 60.2575
4.01815  3.86888e-05 61.2757
4.05833  3.84082e-05 62.3118
4.09891  3.81293e-05 63.366
4.1399  3.78521e-05 64.4387
4.1813  3.75767e-05 65.5301
4.22311  3.7303e-05 66.6407
4.26534  3.7031e-05 67.7707
4.308  3.67607e-05 68.9206
4.35108  3.64922e-05 70.0907
4.39459  3.62253e-05 71.2813
4.43853  3.59601e-05 72.493
4.48292  3.56966e-05 73.726
4.52775  3.54347e-05 74.9809
4.57303  3.51744e-05 76.258
4.61876  3.49158e-05 77.5577
4.66494  3.46589e-05 78.8806
4.71159  3.44035e-05 80.2271
4.75871  3.41498e-05 81.5975
4.8063  3.38976e-05 82.9924
4.85436  3.36471e-05 84.4122
4.9029  3.33981e-05 85.8571
4.95193  3.31507e-05 87.3275
5.00145  3.29049e-05 88.8239
5.05146  3.26607e-05 90.3467
5.10198  3.24181e-05 91.8961
5.153  3.2177e-05 93.4725
5.20453  3.19374e-05 95.0765
5.25657  3.16994e-05 96.7082
5.30914  3.14628e-05 98.3682
5.36223  3.12278e-05 100.057
5.41585  3.09943e-05 101.775
5.47001  3.07623e-05 103.523
5.52471  3.05318e-05 105.302
5.57996  3.03028e-05 107.112
5.63576  3.00752e-05 108.956
5.69212  2.98492e-05 110.832
5.74904  2.96245e-05 112.743
5.80653  2.94013e-05 114.69
5.86459  2.91796e-05 116.672
5.92324  2.89593e-05 118.692
5.98247  2.87404e-05 120.751
6.0423  2.78823e-05 122.848
6.10272  2.76672e-05 124.986
6.16375  2.74536e-05 127.165
6.22538  2.72414e-05 129.386
6.28764  2.70306e-05 131.65
6.35051  2.68213e-05 133.958
6.41402  2.66133e-05 136.311
6.47816  2.64068e-05 138.709
6.54294  2.62016e-05 141.155
6.60837  2.59978e-05 143.648
6.67445  2.57955e-05 146.19
6.7412  2.55945e-05 148.783
6.80861  2.53949e-05 151.426
6.8767  2.51966e-05 154.12
6.94546  2.49997e-05 156.866
7.01492  2.48042e-05 159.664
7.08507  2.461e-05 162.515
7.15592  2.44171e-05 165.419
7.22748  2.42256e-05 168.376
7.29975  2.40354e-05 171.387
7.37275  2.38464e-05 174.452
7.44648  2.36586e-05 177.571
7.52094  2.34722e-05 180.745
7.59615  2.3287e-05 183.975
7.67211  2.31032e-05 187.26
7.74883  2.29207e-05 190.603
7.82632  2.27394e-05 194.006
7.90459  2.25595e-05 197.468
7.98363  2.23808e-05 200.993
8.06347  2.22034e-05 204.581
8.1441  2.20273e-05 208.234
8.22554  2.18525e-05 211.953
8.3078  2.16789e-05 215.74
8.39088  2.15065e-05 219.597
8.47479  2.13354e-05 223.525
8.55953  2.11656e-05 227.526
8.64513  2.09969e-05 231.602
8.73158  2.08295e-05 235.752
8.8189  2.06634e-05 239.979
8.90709  2.04984e-05 244.284
8.99616  2.03346e-05 248.667
9.08612  2.01721e-05 253.131
9.17698  2.00107e-05 257.677
9.26875  1.98504e-05 262.305
9.36144  1.96914e-05 267.018
9.45505  1.95331e-05 271.821
9.5496  1.93764e-05 276.706
9.6451  1.92208e-05 281.68
9.74155  1.90664e-05 286.745
9.83896  1.89131e-05 291.901
9.93735  1.8761e-05 297.151
10.0367  1.86101e-05 302.496
10.1371  1.84603e-05 307.939
10.2385  1.83116e-05 313.481
10.3409  1.8164e-05 319.124
10.4443  1.80176e-05 324.871
10.5487  1.78722e-05 330.722
10.6542  1.7728e-05 336.681
10.7607  1.75849e-05 342.748
10.8683  1.74429e-05 348.927
10.977  1.73019e-05 355.218
11.0868  1.71621e-05 361.625
11.1977  1.70233e-05 368.149
11.3096  1.68855e-05 374.793
11.4227  1.67489e-05 381.558
11.537  1.66132e-05 388.446
11.6523  1.64787e-05 395.46
11.7689  1.63451e-05 402.603
11.8865  1.62126e-05 409.876
12.0054  1.60716e-05 417.282
12.1255  1.59412e-05 424.822
12.2467  1.58118e-05 432.501
12.3692  1.56833e-05 440.32
12.4929  1.55558e-05 448.281
12.6178  1.54292e-05 456.388
12.744  1.53037e-05 464.643
12.8714  1.51792e-05 473.049
13.0001  1.50556e-05 481.609
13.1301  1.4933e-05 490.325
13.2614  1.48113e-05 499.201
13.3941  1.46907e-05 508.238
13.528  1.45709e-05 517.442
13.6633  1.44521e-05 526.813
13.7999  1.43343e-05 536.356
13.9379  1.42174e-05 546.073
14.0773  1.41014e-05 555.968
14.2181  1.39863e-05 566.044
14.3602  1.38721e-05 576.304
14.5038  1.37589e-05 586.752
14.6489  1.36465e-05 597.391
14.7954  1.35351e-05 608.224
14.9433  1.34245e-05 619.256
15.0928  1.33148e-05 630.489
15.2437  1.3206e-05 641.927
15.3961  1.30981e-05 653.574
15.5501  1.2991e-05 665.435
15.7056  1.28848e-05 677.512
15.8626  1.27794e-05 689.81
16.0213  1.26749e-05 702.332
16.1815  1.25712e-05 715.084
16.3433  1.24683e-05 728.069
16.5067  1.23663e-05 741.291
16.6718  1.22652e-05 754.755
16.8385  1.21648e-05 768.465
17.0069  1.20653e-05 782.426
17.177  1.19665e-05 796.643
17.3487  1.18685e-05 811.119
17.5222  1.17712e-05 825.86
17.6974  1.16747e-05 840.87
17.8744  1.1579e-05 856.155
18.0532  1.14841e-05 871.72
18.2337  1.139e-05 887.569
18.416  1.12966e-05 903.708
18.6002  1.1204e-05 920.143
18.7862  1.11121e-05 936.878
18.9741  1.1021e-05 953.919
19.1638  1.09306e-05 971.272
19.3554  1.08409e-05 988.943
19.549  1.07519e-05 1006.94
19.7445  1.06637e-05 1025.26
19.9419  1.05762e-05 1043.92
20.1413  1.04894e-05 1062.92
20.3427  1.04034e-05 1082.26
20.5462  1.0318e-05 1101.97
20.7516  1.02333e-05 1122.03
20.9592  1.01493e-05 1142.46
21.1687  1.0066e-05 1163.26
21.3804  9.98332e-06 1184.44
21.5942  9.90135e-06 1206.01
21.8102  9.82005e-06 1227.98
22.0283  9.73942e-06 1250.35
22.2486  9.65944e-06 1273.12
22.4711  9.58011e-06 1296.32
22.6958  9.50143e-06 1319.94
22.9227  9.42339e-06 1343.99
23.1519  9.34599e-06 1368.48
23.3835  9.26922e-06 1393.42
23.6173  9.19308e-06 1418.82
23.8535  9.11756e-06 1444.68
24.092  9.04266e-06 1471.01
24.3329  8.96837e-06 1497.83
24.5763  8.89469e-06 1525.14
24.822  8.82159e-06 1552.95
25.0702  8.74909e-06 1581.26
25.3209  8.67718e-06 1610.1
25.5742  8.60586e-06 1639.46
25.8299  8.53512e-06 1669.37
26.0882  8.46495e-06 1699.82
26.3491  8.39536e-06 1730.83
26.6126  8.32634e-06 1762.4
26.8787  8.25788e-06 1794.56
27.1475  8.18998e-06 1827.3
27.419  8.12263e-06 1860.65
27.6931  8.05584e-06 1894.6
27.9701  7.98959e-06 1929.18
28.2498  7.92388e-06 1964.39
28.5323  7.85871e-06 2000.25
28.8176  7.79407e-06 2036.77
29.1058  7.72996e-06 2073.95
29.3968  7.66637e-06 2111.82
29.6908  7.60331e-06 2150.38
29.9877  7.54076e-06 2189.65
30.2876  7.47872e-06 2229.63
30.5905  7.41719e-06 2270.36
30.8964  7.35616e-06 2311.82
31.2053  7.29562e-06 2354.05
31.5174  7.23559e-06 2397.06
31.8326  7.17604e-06 2440.85
32.1509  7.11699e-06 2485.44
32.4724  7.05842e-06 2530.86
32.7971  7.00032e-06 2577.11
33.1251  6.94271e-06 2624.2
33.4563  6.88556e-06 2672.16
33.7909  6.82889e-06 2721
34.1288  6.77268e-06 2770.74
34.4701  6.71693e-06 2821.39
34.8148  6.66164e-06 2872.97
35.1629  6.6068e-06 2925.49
35.5146  6.55242e-06 2978.98
35.8697  6.49848e-06 3033.46
36.2284  6.44498e-06 3088.93
36.5907  6.39192e-06 3145.42
36.9566  6.3393e-06 3202.95
37.3262  6.28711e-06 3261.53
37.6994  6.23535e-06 3321.19
38.0764  6.18402e-06 3381.94
38.4572  6.13311e-06 3443.82
38.8418  6.08261e-06 3506.82
39.2302  6.03254e-06 3570.99
39.6225  5.98287e-06 3636.33
40.0187  5.93361e-06 3702.87
40.4189  5.88476e-06 3770.64
40.8231  5.83631e-06 3839.65
41.2313  5.78826e-06 3909.93
41.6436  5.7406e-06 3981.49
42.0601  5.69334e-06 4054.38
42.4807  5.64646e-06 4128.6
42.9055  5.59998e-06 4204.18
43.3345  5.55387e-06 4281.16
43.7679  5.50815e-06 4359.55
44.2056  5.4628e-06 4439.38
44.6476  5.41782e-06 4520.67
45.0941  5.37322e-06 4603.46
45.545  5.32899e-06 4687.77
46.0005  5.28512e-06 4773.63
46.4605  5.24161e-06 4861.07
46.9251  5.19846e-06 4950.11
47.3943  5.15567e-06 5040.79
47.8683  5.11323e-06 5133.14
48.347  5.07114e-06 5227.18
48.8304  5.0294e-06 5322.95
49.3187  4.988e-06 5420.48
49.8119  4.94695e-06 5519.81
50.31  4.90624e-06 5620.95
50.8131  4.86586e-06 5723.96
51.3213  4.82582e-06 5828.86
51.8345  4.78611e-06 5935.69
52.3528  4.74673e-06 6044.48
52.8764  4.70768e-06 6155.27
53.4051  4.66895e-06 6268.1
53.9392  4.63054e-06 6383
54.4786  4.59245e-06 6500.01
55.0234  4.55467e-06 6619.17
55.5736  4.51721e-06 6740.52
56.1293  4.48006e-06 6864.1
56.6906  4.44321e-06 6989.95
57.2575  4.40668e-06 7118.12
57.8301  4.37044e-06 7248.64
58.4084  4.33451e-06 7381.55
58.9925  4.29887e-06 7516.91
59.5824  4.26354e-06 7654.76
60.1782  4.22849e-06 7795.14
60.78  4.19374e-06 7938.09
61.3878  4.15927e-06 8083.68
62.0017  4.1251e-06 8231.94
62.6217  4.0912e-06 8382.92
63.2479  4.05759e-06 8536.67
63.8804  4.02426e-06 8693.25
64.5192  3.99121e-06 8852.71
65.1644  3.95843e-06 9015.09
65.816  3.92593e-06 9180.46
66.4742  3.89369e-06 9348.86
67.1389  3.86173e-06 9520.36
67.8103  3.83003e-06 9695.01
68.4884  3.7986e-06 9872.86
69.1733  3.76743e-06 10054
69.8651  3.73651e-06 10238.4
70.5637  3.70586e-06 10426.2
71.2693  3.67547e-06 10617.5
71.982  3.64532e-06 10812.3
72.7019  3.61541e-06 11010.7
73.4289  3.58576e-06 11212.7
74.1632  3.55636e-06 11418.4
74.9048  3.5272e-06 11627.9
75.6538  3.49829e-06 11841.2
76.4104  3.46962e-06 12058.5
77.1745  3.44119e-06 12279.7
77.9462  3.413e-06 12505
78.7257  3.38504e-06 12734.4
79.513  3.35732e-06 12968
80.3081  3.32983e-06 13206
81.1112  3.30258e-06 13448.2
81.9223  3.27555e-06 13695
82.7415  3.24875e-06 13946.2
83.5689  3.22218e-06 14202.1
84.4046  3.19583e-06 14462.6
85.2486  3.1697e-06 14727.9
86.1011  3.14379e-06 14998.1
86.9621  3.1181e-06 15273.2
87.8318  3.09262e-06 15553.4
88.7101  3.06736e-06 15838.7
89.5972  3.04232e-06 16129.2
90.4932  3.01748e-06 16425.1
91.3981  2.99286e-06 16726.4
92.3121  2.96844e-06 17033.2
93.2352  2.94423e-06 17345.6
94.1675  2.92022e-06 17663.7
95.1092  2.89641e-06 17987.7
96.0603  2.87281e-06 18317.5
97.0209  2.8494e-06 18653.5
97.9911  2.8262e-06 18995.5
98.971  2.80319e-06 19343.9
99.9607  2.78037e-06 19698.6
100.96  2.75775e-06 20059.7
101.97  2.73532e-06 20427.5
102.99  2.71308e-06 20802
104.02  2.69103e-06 21183.4
105.06  2.66917e-06 21571.7
106.11  2.64749e-06 21967.1
107.171  2.626e-06 22369.8
108.243  2.60469e-06 22779.7
109.326  2.58356e-06 23197.2
110.419  2.56261e-06 23622.3
111.523  2.54184e-06 24055.2
112.638  2.52124e-06 24495.9
113.765  2.50082e-06 24944.8
114.902  2.48058e-06 25401.8
116.051  2.4605e-06 25867.2
117.212  2.4406e-06 26341
118.384  2.42087e-06 26823.6
119.568  2.4013e-06 27314.9
120.763  2.3819e-06 27815.3
121.971  2.36267e-06 28324.7
123.191  2.3436e-06 28843.5
124.423  2.32469e-06 29371.7
125.667  2.30595e-06 29909.5
126.924  2.28736e-06 30457.1
128.193  2.26894e-06 31014.6
129.475  2.25067e-06 31582.3
130.77  2.23256e-06 32160.2
132.077  2.2146e-06 32748.6
133.398  2.1968e-06 33347.7
134.732  2.17915e-06 33957.6
136.079  2.16165e-06 34578.5
137.44  2.1443e-06 35210.7
138.814  2.12709e-06 35854.3
140.203  2.11004e-06 36509.7
141.605  2.09313e-06 37176.9
143.021  2.07637e-06 37856.4
144.451  2.05975e-06 38548.2
145.895  2.04327e-06 39252.7
147.354  2.02694e-06 39970.1
148.828  2.01074e-06 40700.6
150.316  1.99469e-06 41444.5
151.819  1.97877e-06 42202.1
153.338  1.96299e-06 42973.7
154.871  1.94734e-06 43759.5
156.42  1.93183e-06 44559.9
157.984  1.91645e-06 45375.1
159.564  1.90121e-06 46205.4
161.159  1.88609e-06 47051.2
162.771  1.87111e-06 47912.7
164.399  1.85626e-06 48790.3
166.043  1.84153e-06 49684.4
167.703  1.82694e-06 50595.2
169.38  1.81246e-06 51523.2
171.074  1.79812e-06 52468.6
172.785  1.7839e-06 53431.7
174.512  1.7698e-06 54412.9
176.258  1.75582e-06 55412.4
178.02  1.74196e-06 56430.6
179.8  1.72823e-06 57467.8
181.598  1.71461e-06 58524.3
183.414  1.70111e-06 59600.4
185.248  1.68773e-06 60696.6
187.101  1.67447e-06 61813.1
188.972  1.66132e-06 62950.2
190.862  1.64829e-06 64108.4
192.77  1.63536e-06 65287.9
194.698  1.62256e-06 66489.3
196.645  1.60986e-06 67712.9
198.611  1.59727e-06 68959.1
200.598  1.5848e-06 70228.4
202.604  1.57243e-06 71521.1
204.63  1.56017e-06 72837.7
206.676  1.54802e-06 74178.7
208.743  1.53597e-06 75544.5
210.83  1.52403e-06 76935.5
212.938  1.51219e-06 78352.2
215.068  1.50046e-06 79795.1
217.218  1.48883e-06 81264.6
219.391  1.4773e-06 82761.3
221.584  1.46587e-06 84285.6
223.8  1.45454e-06 85837.9
226.038  1.44331e-06 87418.9
228.299  1.43218e-06 89029
230.582  1.42114e-06 90668.6
232.888  1.41021e-06 92338.4
235.216  1.39937e-06 94038.9
237.569  1.38862e-06 95770.6
239.944  1.37797e-06 97534.1
242.344  1.36741e-06 99329.8
244.767  1.35695e-06 101158
247.215  1.34657e-06 103021
249.687  1.33629e-06 104917
252.184  1.3261e-06 106848
254.706  1.316e-06 108814
257.253  1.30598e-06 110816
259.825  1.29606e-06 112855
262.423  1.28622e-06 114931
265.048  1.27647e-06 117045
267.698  1.2668e-06 119197
270.375  1.25722e-06 121389
273.079  1.24773e-06 123621
275.81  1.23832e-06 125893
278.568  1.22899e-06 128206
281.354  1.21974e-06 130562
284.167  1.21057e-06 132960
287.009  1.20149e-06 135402
289.879  1.19248e-06 137889
292.778  1.18356e-06 140420
295.705  1.17471e-06 142997
298.662  1.16594e-06 145621
301.649  1.15725e-06 148293
304.666  1.14863e-06 151012
307.712  1.1401e-06 153781
310.789  1.13163e-06 156600
313.897  1.12324e-06 159470
317.036  1.11493e-06 162391
320.207  1.10669e-06 165365
323.409  1.09852e-06 168393
326.643  1.09043e-06 171475
329.909  1.08241e-06 174613
333.208  1.07446e-06 177807
336.54  1.06658e-06 181058
339.906  1.05877e-06 184368
343.305  1.05103e-06 187737
346.738  1.04335e-06 191167
350.205  1.03575e-06 194658
353.707  1.02822e-06 198211
357.244  1.02075e-06 201828
360.817  1.01335e-06 205509
364.425  1.00602e-06 209257
368.069  9.98749e-07 213071
371.75  9.91547e-07 216953
375.467  9.8441e-07 220904
379.222  9.77336e-07 224925
383.014  9.70327e-07 229018
386.844  9.63381e-07 233184
390.713  9.56497e-07 237424
394.62  9.49676e-07 241739
398.566  9.42916e-07 246130
402.552  9.36218e-07 250599
406.577  9.2958e-07 255147
410.643  9.23002e-07 259775
414.75  9.16484e-07 264486
418.897  9.10025e-07 269279
423.086  9.03625e-07 274157
427.317  8.97282e-07 279120
431.59  8.90997e-07 284171
435.906  8.84769e-07 289311
440.265  8.78597e-07 294541
444.668  8.72482e-07 299863
449.114  8.66422e-07 305278
453.605  8.60417e-07 310788
458.142  8.54467e-07 316395
462.723  8.48571e-07 322099
467.35  8.42728e-07 327904
472.024  8.36939e-07 333809
476.744  8.31202e-07 339817
481.511  8.25518e-07 345930
486.326  8.19885e-07 352149
491.19  8.14304e-07 358477
496.102  8.08774e-07 364914
501.063  8.03294e-07 371463
506.073  7.97865e-07 378125
511.134  7.92485e-07 384903
516.245  7.87154e-07 391798
521.408  7.81872e-07 398811
526.622  7.76639e-07 405946
531.888  7.71454e-07 413204
537.207  7.66316e-07 420587
542.579  7.61226e-07 428097
548.005  7.56183e-07 435736
553.485  7.51186e-07 443506
559.02  7.46236e-07 451409
564.61  7.41331e-07 459447
570.256  7.36472e-07 467623
575.959  7.31658e-07 475939
581.718  7.26889e-07 484396
587.535  7.22163e-07 492998
593.411  7.17482e-07 501746
599.345  7.12845e-07 510643
605.338  7.08251e-07 519691
611.392  7.037e-07 528892
617.506  6.99191e-07 538249
623.681  6.94725e-07 547765
629.917  6.903e-07 557441
636.217  6.85917e-07 567281
642.579  6.81575e-07 577287
649.005  6.77275e-07 587462
655.495  6.73014e-07 597807
662.05  6.68794e-07 608327
668.67  6.64614e-07 619022
675.357  6.60473e-07 629897
682.11  6.56372e-07 640954
688.931  6.5231e-07 652196
695.821  6.48286e-07 663625
702.779  6.44301e-07 675245
709.807  6.40353e-07 687059
716.905  6.36443e-07 699069
724.074  6.32571e-07 711278
731.315  6.28736e-07 723690
738.628  6.24937e-07 736307
746.014  6.21175e-07 749133
753.474  6.17449e-07 762171
761.009  6.13759e-07 775423
768.619  6.10105e-07 788894
776.305  6.06486e-07 802586
784.068  6.02902e-07 816503
791.909  5.99353e-07 830649
799.828  5.95838e-07 845026
807.826  5.92358e-07 859638
815.905  5.88911e-07 874489
824.064  5.85498e-07 889582
832.304  5.82119e-07 904920
840.627  5.78772e-07 920508
849.034  5.75458e-07 936349
857.524  5.72177e-07 952447
866.099  5.68928e-07 968805
874.76  5.65711e-07 985427
883.508  5.62526e-07 1.00232e+06
892.343  5.59372e-07 1.01948e+06
901.266  5.5625e-07 1.03692e+06
910.279  5.53158e-07 1.05464e+06
919.382  5.50097e-07 1.07264e+06
928.575  5.47067e-07 1.09093e+06
937.861  5.44066e-07 1.10952e+06
947.24  5.41096e-07 1.1284e+06
956.712  5.38155e-07 1.14758e+06
966.279  5.35244e-07 1.16706e+06
975.942  5.32362e-07 1.18686e+06
985.702  5.29509e-07 1.20697e+06
995.559  5.26684e-07 1.22739e+06
