0.001  0.0141397 0.000141448
0.00101  0.0142102 0.000142154
0.0010201  0.0142811 0.000142863
0.0010303  0.0143523 0.000143575
0.0010406  0.0144239 0.000144291
0.00105101  0.0144958 0.000145011
0.00106152  0.0145681 0.000145734
0.00107214  0.0146408 0.000146461
0.00108286  0.0147138 0.000147191
0.00109369  0.0147872 0.000147925
0.00110462  0.014861 0.000148663
0.00111567  0.0149351 0.000149405
0.00112683  0.0150096 0.00015015
0.00113809  0.0150844 0.000150899
0.00114947  0.0151597 0.000151651
0.00116097  0.0152353 0.000152408
0.00117258  0.0153113 0.000153168
0.0011843  0.0153876 0.000153932
0.00119615  0.0154644 0.000154699
0.00120811  0.0155415 0.000155471
0.00122019  0.015619 0.000156246
0.00123239  0.0156969 0.000157026
0.00124472  0.0157752 0.000157809
0.00125716  0.0158539 0.000158596
0.00126973  0.015933 0.000159387
0.00128243  0.0160124 0.000160182
0.00129526  0.0160923 0.000160981
0.00130821  0.0161725 0.000161784
0.00132129  0.0162532 0.000162591
0.0013345  0.0163343 0.000163401
0.00134785  0.0164157 0.000164216
0.00136133  0.0164976 0.000165035
0.00137494  0.0165799 0.000165859
0.00138869  0.0166626 0.000166686
0.00140258  0.0167457 0.000167517
0.0014166  0.0168292 0.000168353
0.00143077  0.0169132 0.000169192
0.00144508  0.0169975 0.000170036
0.00145953  0.0170823 0.000170884
0.00147412  0.0171675 0.000171736
0.00148886  0.0172531 0.000172593
0.00150375  0.0173392 0.000173454
0.00151879  0.0174256 0.000174319
0.00153398  0.0175125 0.000175188
0.00154932  0.0175999 0.000176062
0.00156481  0.0176877 0.00017694
0.00158046  0.0177759 0.000177823
0.00159626  0.0178646 0.00017871
0.00161223  0.0179537 0.000179601
0.00162835  0.0180432 0.000180497
0.00164463  0.0181332 0.000181397
0.00166108  0.0182236 0.000182302
0.00167769  0.0183145 0.000183211
0.00169447  0.0184059 0.000184125
0.00171141  0.0184977 0.000185043
0.00172852  0.0185899 0.000185966
0.00174581  0.0186826 0.000186893
0.00176327  0.0187758 0.000187825
0.0017809  0.0188695 0.000188762
0.00179871  0.0189636 0.000189704
0.0018167  0.0190582 0.00019065
0.00183486  0.0191532 0.000191601
0.00185321  0.0192487 0.000192556
0.00187174  0.0193447 0.000193517
0.00189046  0.0194412 0.000194482
0.00190937  0.0195382 0.000195452
0.00192846  0.0196356 0.000196427
0.00194774  0.0197336 0.000197406
0.00196722  0.019832 0.000198391
0.00198689  0.0199309 0.00019938
0.00200676  0.0200303 0.000200375
0.00202683  0.0201302 0.000201374
0.0020471  0.0202306 0.000202379
0.00206757  0.0203315 0.000203388
0.00208825  0.0204329 0.000204402
0.00210913  0.0205348 0.000205422
0.00213022  0.0206373 0.000206446
0.00215152  0.0207402 0.000207476
0.00217304  0.0208436 0.000208511
0.00219477  0.0209476 0.000209551
0.00221672  0.0210521 0.000210596
0.00223888  0.0211571 0.000211646
0.00226127  0.0212626 0.000212701
0.00228388  0.0213686 0.000213762
0.00230672  0.0214752 0.000214828
0.00232979  0.0215823 0.0002159
0.00235309  0.02169 0.000216977
0.00237662  0.0217981 0.000218059
0.00240038  0.0219069 0.000219147
0.00242439  0.0220161 0.00022024
0.00244863  0.0221259 0.000221339
0.00247312  0.0222363 0.000222443
0.00249785  0.0223472 0.000223552
0.00252283  0.0224587 0.000224667
0.00254806  0.0225707 0.000225788
0.00257354  0.0226832 0.000226914
0.00259927  0.0227964 0.000228046
0.00262527  0.0229101 0.000229183
0.00265152  0.0230243 0.000230326
0.00267803  0.0231392 0.000231475
0.00270481  0.0232546 0.000232629
0.00273186  0.0233706 0.000233788
0.00275918  0.0234871 0.000234954
0.00278677  0.0236043 0.000236125
0.00281464  0.023722 0.000237302
0.00284279  0.0238403 0.000238485
0.00287121  0.0239592 0.000239674
0.00289993  0.0240787 0.000240869
0.00292893  0.0241988 0.00024207
0.00295822  0.0243195 0.000243278
0.0029878  0.0244408 0.000244491
0.00301768  0.02455 0.000245712
0.00304785  0.0246572 0.000246938
0.00307833  0.0247657 0.000248171
0.00310911  0.0248756 0.000249411
0.0031402  0.0249868 0.000250657
0.00317161  0.0250993 0.00025191
0.00320332  0.0252132 0.00025317
0.00323536  0.0253284 0.000254437
0.00326771  0.025445 0.00025571
0.00330039  0.0255631 0.00025699
0.00333339  0.0256825 0.000258277
0.00336672  0.0258033 0.000259571
0.00340039  0.0259256 0.000260873
0.0034344  0.0260493 0.000262181
0.00346874  0.0261745 0.000263496
0.00350343  0.0263011 0.000264819
0.00353846  0.0264292 0.000266148
0.00357385  0.0265588 0.000267484
0.00360958  0.0266899 0.000268827
0.00364568  0.0268225 0.000270176
0.00368214  0.0269567 0.000271533
0.00371896  0.0270923 0.000272896
0.00375615  0.0272295 0.000274265
0.00379371  0.0273683 0.000275641
0.00383165  0.0275086 0.000277024
0.00386996  0.0276505 0.000278413
0.00390866  0.0277939 0.000279809
0.00394775  0.027939 0.000281211
0.00398723  0.0280856 0.00028262
0.0040271  0.0282339 0.000284035
0.00406737  0.0283838 0.000285457
0.00410804  0.0285353 0.000286886
0.00414912  0.0286884 0.000288322
0.00419062  0.0288431 0.000289764
0.00423252  0.0289995 0.000291213
0.00427485  0.0291575 0.000292668
0.0043176  0.0293172 0.000294131
0.00436077  0.0294786 0.0002956
0.00440438  0.0296416 0.000297077
0.00444842  0.0298062 0.00029856
0.00449291  0.0299712 0.000300051
0.00453784  0.0301133 0.000301548
0.00458321  0.0302568 0.000303053
0.00462905  0.0304017 0.000304566
0.00467534  0.030548 0.000306085
0.00472209  0.0306957 0.000307612
0.00476931  0.0308447 0.000309147
0.004817  0.0309952 0.00031069
0.00486517  0.031147 0.00031224
0.00491383  0.0313002 0.000313798
0.00496296  0.0314548 0.000315364
0.00501259  0.0316107 0.000316937
0.00506272  0.0317679 0.000318519
0.00511335  0.0319265 0.000320108
0.00516448  0.0320863 0.000321705
0.00521613  0.0322474 0.00032331
0.00526829  0.0324098 0.000324923
0.00532097  0.0325735 0.000326544
0.00537418  0.0327384 0.000328173
0.00542792  0.0329045 0.00032981
0.0054822  0.0330717 0.000331455
0.00553702  0.0332401 0.000333108
0.00559239  0.0334097 0.00033477
0.00564832  0.0335803 0.00033644
0.0057048  0.0337521 0.000338117
0.00576185  0.0339248 0.000339803
0.00581947  0.0340985 0.000341498
0.00587766  0.0342732 0.0003432
0.00593644  0.0344488 0.000344911
0.0059958  0.0346247 0.00034663
0.00605576  0.0347977 0.000348358
0.00611632  0.0349715 0.000350094
0.00617748  0.0351461 0.000351839
0.00623926  0.0353215 0.000353592
0.00630165  0.0354977 0.000355354
0.00636466  0.0356747 0.000357124
0.00642831  0.0358525 0.000358904
0.00649259  0.0360312 0.000360692
0.00655752  0.0362107 0.000362489
0.0066231  0.036391 0.000364295
0.00668933  0.0365721 0.00036611
0.00675622  0.0367541 0.000367934
0.00682378  0.036937 0.000369768
0.00689202  0.0371207 0.000371611
0.00696094  0.0373053 0.000373463
0.00703055  0.0374908 0.000375324
0.00710085  0.0376772 0.000377195
0.00717186  0.0378646 0.000379075
0.00724358  0.0380528 0.000380964
0.00731602  0.038242 0.000382863
0.00738918  0.0384322 0.000384772
0.00746307  0.0386233 0.00038669
0.0075377  0.0388151 0.000388617
0.00761308  0.0390079 0.000390555
0.00768921  0.0392016 0.000392502
0.0077661  0.0393963 0.000394458
0.00784376  0.0395921 0.000396425
0.0079222  0.0397888 0.000398401
0.00800142  0.0399866 0.000400387
0.00808144  0.0401854 0.000402383
0.00816225  0.0403853 0.000404389
0.00824387  0.0405862 0.000406405
0.00832631  0.0407881 0.000408431
0.00840957  0.040991 0.000410467
0.00849367  0.0411951 0.000412513
0.00857861  0.0414002 0.00041457
0.00866439  0.0416063 0.000416637
0.00875104  0.0418136 0.000418714
0.00883855  0.0420219 0.000420802
0.00892693  0.0422314 0.0004229
0.0090162  0.042442 0.000425009
0.00910636  0.0426538 0.000427128
0.00919743  0.0428667 0.000429257
0.0092894  0.0430807 0.000431398
0.0093823  0.0432959 0.000433549
0.00947612  0.0435122 0.00043571
0.00957088  0.0437296 0.000437883
0.00966659  0.0439482 0.000440066
0.00976325  0.0441678 0.00044226
0.00986089  0.0443887 0.000444465
0.0099595  0.0446106 0.000446681
0.0100591  0.0448337 0.000448908
0.0101597  0.0450579 0.000451146
0.0102613  0.0452833 0.000453395
0.0103639  0.0455098 0.000455655
0.0104675  0.0457375 0.000457927
0.0105722  0.0459663 0.00046021
0.0106779  0.0461963 0.000462504
0.0107847  0.0464274 0.00046481
0.0108926  0.0466597 0.000467127
0.0110015  0.0468931 0.000469456
0.0111115  0.0471277 0.000471796
0.0112226  0.0473635 0.000474148
0.0113348  0.0476004 0.000476511
0.0114482  0.0478386 0.000478887
0.0115627  0.0480779 0.000481274
0.0116783  0.0483184 0.000483673
0.0117951  0.0485602 0.000486083
0.011913  0.0488031 0.000488506
0.0120322  0.0490471 0.000490941
0.0121525  0.049292 0.000493388
0.012274  0.0495382 0.000495848
0.0123967  0.0497856 0.000498319
0.0125207  0.0500342 0.000500803
0.0126459  0.0502841 0.000503299
0.0127724  0.0505351 0.000505808
0.0129001  0.0507875 0.000508329
0.0130291  0.051041 0.000510863
0.0131594  0.0512958 0.000513409
0.013291  0.0515518 0.000515968
0.0134239  0.0518091 0.000518539
0.0135581  0.0520676 0.000521124
0.0136937  0.0523274 0.000523722
0.0138307  0.0525885 0.000526332
0.013969  0.0528508 0.000528956
0.0141086  0.0531144 0.000531592
0.0142497  0.0533792 0.000534242
0.0143922  0.0536454 0.000536905
0.0145362  0.0539128 0.000539581
0.0146815  0.0541816 0.00054227
0.0148283  0.0544517 0.000544973
0.0149766  0.0547231 0.00054769
0.0151264  0.054996 0.00055042
0.0152776  0.0552702 0.000553163
0.0154304  0.0555458 0.000555921
0.0155847  0.0558227 0.000558692
0.0157406  0.056101 0.000561477
0.015898  0.0563807 0.000564276
0.016057  0.0566617 0.000567088
0.0162175  0.0569442 0.000569915
0.0163797  0.057228 0.000572756
0.0165435  0.0575133 0.000575611
0.0167089  0.0577999 0.00057848
0.016876  0.058088 0.000581364
0.0170448  0.0583776 0.000584262
0.0172152  0.0586685 0.000587174
0.0173874  0.058961 0.000590101
0.0175613  0.059255 0.000593043
0.0177369  0.0595504 0.000595999
0.0179142  0.0598474 0.00059897
0.0180934  0.0601459 0.000601956
0.0182743  0.060446 0.000604957
0.0184571  0.0607475 0.000607973
0.0186416  0.0610507 0.000611003
0.018828  0.0613553 0.000614049
0.0190163  0.0616615 0.00061711
0.0192065  0.0619691 0.000620187
0.0193986  0.0622783 0.000623278
0.0195925  0.0625889 0.000626385
0.0197885  0.062901 0.000629508
0.0199864  0.0632146 0.000632646
0.0201862  0.0635296 0.0006358
0.0203881  0.0638461 0.00063897
0.020592  0.064164 0.000642155
0.0207979  0.0644833 0.000645356
0.0210059  0.0648041 0.000648573
0.0212159  0.0651263 0.000651807
0.0214281  0.0654499 0.000655056
0.0216424  0.065775 0.000658322
0.0218588  0.0661016 0.000661605
0.0220774  0.0664297 0.000664903
0.0222981  0.0667594 0.000668219
0.0225211  0.0670908 0.00067155
0.0227463  0.0674238 0.000674899
0.0229738  0.0677585 0.000678264
0.0232035  0.068095 0.000681646
0.0234356  0.0684333 0.000685045
0.0236699  0.0687734 0.000688461
0.0239066  0.0691155 0.000691894
0.0241457  0.0694596 0.000695345
0.0243871  0.0698057 0.000698813
0.024631  0.0701539 0.000702298
0.0248773  0.0705042 0.000705801
0.0251261  0.0708567 0.000709321
0.0253774  0.0712113 0.000712858
0.0256311  0.0715682 0.000716413
0.0258874  0.0719274 0.000719985
0.0261463  0.072289 0.000723575
0.0264078  0.0726529 0.000727182
0.0266719  0.0730193 0.000730807
0.0269386  0.0733883 0.00073445
0.027208  0.0737597 0.000738111
0.02748  0.0741333 0.00074179
0.0277548  0.0745085 0.000745487
0.0280324  0.0748848 0.000749202
0.0283127  0.0752617 0.000752936
0.0285958  0.0756385 0.000756688
0.0288818  0.0760148 0.000760459
0.0291706  0.0763897 0.00076425
0.0294623  0.0767627 0.00076806
0.029757  0.077133 0.00077189
0.0300545  0.0774998 0.000775739
0.0303551  0.0778629 0.000779609
0.0306586  0.0782222 0.0007835
0.0309652  0.0785779 0.000787411
0.0312749  0.07893 0.000791343
0.0315876  0.0792788 0.000795297
0.0319035  0.0796244 0.000799272
0.0322225  0.0799671 0.00080327
0.0325447  0.0803069 0.00080729
0.0328702  0.0806443 0.000811334
0.0331989  0.0809793 0.000815401
0.0335309  0.0813123 0.000819491
0.0338662  0.0816435 0.000823607
0.0342049  0.0819734 0.000827747
0.0345469  0.0823021 0.000831911
0.0348924  0.0826301 0.000836101
0.0352413  0.0829578 0.000840315
0.0355937  0.0832855 0.000844555
0.0359496  0.0836136 0.000848821
0.0363091  0.0839427 0.000853111
0.0366722  0.0842733 0.000857428
0.037039  0.0846058 0.00086177
0.0374093  0.0849408 0.000866139
0.0377834  0.0852765 0.000870534
0.0381613  0.0856151 0.000874955
0.0385429  0.0859566 0.000879403
0.0389283  0.0863008 0.000883878
0.0393176  0.0866477 0.00088838
0.0397108  0.0869971 0.000892908
0.0401079  0.0873489 0.000897463
0.040509  0.0877028 0.000902046
0.040914  0.0880588 0.000906655
0.0413232  0.0884167 0.000911292
0.0417364  0.0887762 0.000915957
0.0421538  0.0891373 0.000920649
0.0425753  0.0894996 0.000925369
0.0430011  0.0898631 0.000930116
0.0434311  0.0902273 0.000934892
0.0438654  0.0905922 0.000939696
0.044304  0.0909573 0.000944529
0.0447471  0.0913226 0.00094939
0.0451946  0.0916877 0.00095428
0.0456465  0.0920526 0.0009592
0.046103  0.0924171 0.000964149
0.046564  0.0927814 0.000969128
0.0470296  0.0931455 0.000974136
0.0474999  0.0935093 0.000979176
0.0479749  0.093873 0.000984246
0.0484547  0.0942366 0.000989347
0.0489392  0.0946 0.000994479
0.0494286  0.0949634 0.000999642
0.0499229  0.0953269 0.00100484
0.0504221  0.0956904 0.00101006
0.0509264  0.096054 0.00101532
0.0514356  0.0964179 0.00102061
0.05195  0.0967821 0.00102594
0.0524695  0.0971466 0.0010313
0.0529942  0.0975117 0.00103669
0.0535241  0.0978771 0.00104211
0.0540594  0.0982429 0.00104757
0.0546  0.098609 0.00105306
0.055146  0.0989753 0.00105859
0.0556974  0.0993419 0.00106415
0.0562544  0.0997086 0.00106975
0.0568169  0.100075 0.00107538
0.0573851  0.100442 0.00108104
0.0579589  0.100809 0.00108675
0.0585385  0.101176 0.00109249
0.0591239  0.101543 0.00109826
0.0597152  0.101909 0.00110407
0.0603123  0.102276 0.00110992
0.0609154  0.102642 0.00111581
0.0615246  0.103007 0.00112173
0.0621398  0.103373 0.0011277
0.0627612  0.103738 0.0011337
0.0633888  0.104103 0.00113974
0.0640227  0.104467 0.00114582
0.064663  0.10483 0.00115193
0.0653096  0.105194 0.00115809
0.0659627  0.105556 0.00116429
0.0666223  0.105919 0.00117053
0.0672885  0.10628 0.00117681
0.0679614  0.106641 0.00118313
0.068641  0.107001 0.00118949
0.0693275  0.107361 0.00119589
0.0700207  0.10772 0.00120234
0.0707209  0.108077 0.00120883
0.0714281  0.108434 0.00121536
0.0721424  0.10879 0.00122194
0.0728638  0.109144 0.00122856
0.0735925  0.109497 0.00123522
0.0743284  0.109849 0.00124193
0.0750717  0.1102 0.00124869
0.0758224  0.110549 0.00125549
0.0765806  0.110896 0.00126234
0.0773464  0.111242 0.00126923
0.0781199  0.111587 0.00127618
0.0789011  0.11193 0.00128317
0.0796901  0.112271 0.00129021
0.080487  0.112611 0.00129729
0.0812919  0.112949 0.00130443
0.0821048  0.113286 0.00131161
0.0829259  0.113622 0.00131885
0.0837551  0.113956 0.00132614
0.0845927  0.114289 0.00133348
0.0854386  0.114619 0.00134087
0.086293  0.114948 0.00134831
0.0871559  0.115274 0.00135581
0.0880275  0.115598 0.00136336
0.0889077  0.11592 0.00137096
0.0897968  0.116238 0.00137862
0.0906948  0.116555 0.00138634
0.0916017  0.116868 0.00139411
0.0925178  0.117178 0.00140194
0.0934429  0.117485 0.00140982
0.0943774  0.117789 0.00141776
0.0953211  0.11809 0.00142577
0.0962743  0.118387 0.00143383
0.0972371  0.118682 0.00144195
0.0982095  0.118973 0.00145013
0.0991916  0.119261 0.00145838
0.100183  0.119545 0.00146669
0.101185  0.119827 0.00147506
0.102197  0.120105 0.00148349
0.103219  0.120379 0.00149199
0.104251  0.120651 0.00150055
0.105294  0.120918 0.00150919
0.106347  0.121181 0.00151788
0.10741  0.121441 0.00152665
0.108484  0.121698 0.00153549
0.109569  0.12195 0.00154439
0.110665  0.122199 0.00155337
0.111772  0.122444 0.00156241
0.112889  0.122685 0.00157153
0.114018  0.122922 0.00158073
0.115158  0.123155 0.00158999
0.11631  0.123383 0.00159933
0.117473  0.123607 0.00160875
0.118648  0.123826 0.00161825
0.119834  0.124041 0.00162782
0.121033  0.124252 0.00163747
0.122243  0.124457 0.00164721
0.123465  0.124658 0.00165702
0.1247  0.124854 0.00166692
0.125947  0.125044 0.0016769
0.127206  0.12523 0.00168696
0.128478  0.12541 0.00169711
0.129763  0.125584 0.00170735
0.131061  0.125754 0.00171768
0.132372  0.125917 0.00172809
0.133695  0.126076 0.0017386
0.135032  0.126228 0.00174919
0.136383  0.126375 0.00175989
0.137746  0.126516 0.00177067
0.139124  0.126651 0.00178155
0.140515  0.126779 0.00179253
0.14192  0.126902 0.00180361
0.143339  0.127019 0.00181479
0.144773  0.127129 0.00182607
0.146221  0.127233 0.00183745
0.147683  0.12733 0.00184894
0.14916  0.12742 0.00186053
0.150651  0.127505 0.00187224
0.152158  0.127582 0.00188405
0.153679  0.127653 0.00189597
0.155216  0.127717 0.00190801
0.156768  0.127774 0.00192016
0.158336  0.127825 0.00193243
0.159919  0.12787 0.00194481
0.161518  0.127908 0.00195731
0.163134  0.12794 0.00196994
0.164765  0.127965 0.00198269
0.166413  0.127985 0.00199556
0.168077  0.127998 0.00200856
0.169757  0.128004 0.00202169
0.171455  0.128005 0.00203496
0.17317  0.127999 0.00204835
0.174901  0.127986 0.00206188
0.17665  0.127966 0.00207555
0.178417  0.127939 0.00208935
0.180201  0.127905 0.0021033
0.182003  0.127864 0.00211739
0.183823  0.127816 0.00213163
0.185661  0.127761 0.00214601
0.187518  0.127699 0.00216055
0.189393  0.12763 0.00217524
0.191287  0.127553 0.00219008
0.1932  0.127469 0.00220508
0.195132  0.127378 0.00222025
0.197083  0.12728 0.00223557
0.199054  0.127175 0.00225106
0.201045  0.127063 0.00226672
0.203055  0.126944 0.00228255
0.205086  0.126817 0.00229856
0.207136  0.126684 0.00231474
0.209208  0.126543 0.00233109
0.2113  0.126396 0.00234764
0.213413  0.126242 0.00236436
0.215547  0.12608 0.00238128
0.217702  0.125913 0.00239839
0.219879  0.125739 0.00241569
0.222078  0.125559 0.00243318
0.224299  0.125373 0.00245088
0.226542  0.125182 0.00246879
0.228807  0.124985 0.0024869
0.231095  0.124782 0.00250522
0.233406  0.124573 0.00252375
0.235741  0.124358 0.00254251
0.238098  0.124136 0.00256148
0.240479  0.123908 0.00258068
0.242884  0.123673 0.0026001
0.245313  0.123431 0.00261976
0.247766  0.123182 0.00263966
0.250243  0.122928 0.00265979
0.252746  0.122668 0.00268017
0.255273  0.122403 0.0027008
0.257826  0.122133 0.00272168
0.260404  0.121858 0.00274281
0.263008  0.121578 0.0027642
0.265638  0.121293 0.00278586
0.268295  0.121005 0.00280779
0.270978  0.120712 0.00282998
0.273687  0.120415 0.00285246
0.276424  0.120114 0.00287522
0.279189  0.119808 0.00289826
0.28198  0.119497 0.0029216
0.2848  0.119181 0.00294523
0.287648  0.11886 0.00296916
0.290525  0.118534 0.00299339
0.29343  0.118204 0.00301794
0.296364  0.117869 0.0030428
0.299328  0.11753 0.00306798
0.302321  0.117188 0.00309349
0.305344  0.116843 0.00311932
0.308398  0.116495 0.00314549
0.311482  0.116144 0.00317201
0.314597  0.11579 0.00319886
0.317743  0.115433 0.00322607
0.32092  0.115073 0.00325364
0.324129  0.11471 0.00328157
0.32737  0.114344 0.00330988
0.330644  0.113975 0.00333855
0.333951  0.113604 0.00336761
0.33729  0.113231 0.00339705
0.340663  0.112855 0.00342689
0.34407  0.112476 0.00345713
0.34751  0.112096 0.00348777
0.350985  0.111713 0.00351883
0.354495  0.111328 0.0035503
0.35804  0.110942 0.0035822
0.361621  0.110554 0.00361453
0.365237  0.110164 0.00364729
0.368889  0.109773 0.00368051
0.372578  0.10938 0.00371417
0.376304  0.108987 0.0037483
0.380067  0.108593 0.00378288
0.383868  0.108198 0.00381795
0.387706  0.107802 0.00385349
0.391583  0.107406 0.00388952
0.395499  0.107008 0.00392605
0.399454  0.10661 0.00396308
0.403449  0.106211 0.00400062
0.407483  0.105812 0.00403867
0.411558  0.105412 0.00407726
0.415674  0.105011 0.00411637
0.41983  0.10461 0.00415603
0.424029  0.104209 0.00419624
0.428269  0.103807 0.00423701
0.432552  0.103405 0.00427835
0.436877  0.103003 0.00432026
0.441246  0.102601 0.00436276
0.445658  0.102198 0.00440585
0.450115  0.101796 0.00444955
0.454616  0.101393 0.00449385
0.459162  0.10099 0.00453878
0.463754  0.100587 0.00458434
0.468391  0.100185 0.00463053
0.473075  0.0997829 0.00467738
0.477806  0.0993813 0.00472489
0.482584  0.09898 0.00477306
0.48741  0.0985793 0.00482192
0.492284  0.0981791 0.00487146
0.497207  0.0977796 0.00492171
0.502179  0.0973808 0.00497266
0.507201  0.0969827 0.00502433
0.512273  0.0965855 0.00507674
0.517396  0.0961893 0.00512989
0.52257  0.095794 0.00518379
0.527795  0.0953997 0.00523845
0.533073  0.0950065 0.00529389
0.538404  0.0946145 0.00535011
0.543788  0.0942235 0.00540713
0.549226  0.0938336 0.00546497
0.554718  0.0934449 0.00552362
0.560265  0.0930573 0.00558311
0.565868  0.0926707 0.00564344
0.571527  0.0922853 0.00570463
0.577242  0.0919009 0.00576669
0.583014  0.0915177 0.00582963
0.588844  0.0911354 0.00589347
0.594733  0.0907542 0.00595822
0.60068  0.0903739 0.00602389
0.606687  0.0899946 0.0060905
0.612754  0.0896162 0.00615806
0.618881  0.0892389 0.00622658
0.62507  0.0888626 0.00629607
0.631321  0.0884874 0.00636656
0.637634  0.0881132 0.00643806
0.644011  0.0877401 0.00651058
0.650451  0.0873681 0.00658414
0.656955  0.0869972 0.00665875
0.663525  0.0866274 0.00673442
0.67016  0.0862587 0.00681118
0.676862  0.0858912 0.00688904
0.68363  0.0855248 0.00696801
0.690466  0.0851595 0.00704812
0.697371  0.0847955 0.00712937
0.704345  0.0844328 0.00721179
0.711388  0.0840713 0.00729539
0.718502  0.0837112 0.00738019
0.725687  0.0833525 0.00746621
0.732944  0.0829951 0.00755345
0.740273  0.0826392 0.00764195
0.747676  0.0822848 0.00773172
0.755153  0.0819318 0.00782278
0.762705  0.0815803 0.00791515
0.770332  0.0812301 0.00800884
0.778035  0.0808811 0.00810387
0.785815  0.0805333 0.00820028
0.793673  0.0801865 0.00829807
0.80161  0.0798406 0.00839726
0.809626  0.0794955 0.00849789
0.817722  0.079151 0.00859996
0.8259  0.078807 0.0087035
0.834159  0.0784634 0.00880854
0.8425  0.0781202 0.00891509
0.850925  0.0777777 0.00902318
0.859435  0.0774359 0.00913283
0.868029  0.0770948 0.00924406
0.876709  0.0767547 0.00935691
0.885476  0.0764156 0.00947138
0.894331  0.0760777 0.00958751
0.903274  0.075741 0.00970532
0.912307  0.0754055 0.00982483
0.92143  0.0750713 0.00994608
0.930644  0.0747383 0.0100691
0.939951  0.0744067 0.0101939
0.94935  0.0740763 0.0103205
0.958844  0.073747 0.0104489
0.968432  0.073419 0.0105792
0.978117  0.073092 0.0107114
0.987898  0.072766 0.0108455
0.997777  0.0724411 0.0109816
1.00775  0.0721171 0.0111197
1.01783  0.0717939 0.0112597
1.02801  0.0714714 0.0114018
1.03829  0.0711497 0.011546
1.04867  0.0708285 0.0116923
1.05916  0.0705087 0.0118407
1.06975  0.0701893 0.0119912
1.08045  0.0698705 0.012144
1.09125  0.0695523 0.012299
1.10217  0.0692347 0.0124562
1.11319  0.0689177 0.0126158
1.12432  0.0686014 0.0127777
1.13556  0.0682859 0.012942
1.14692  0.067971 0.0131087
1.15839  0.0676569 0.0132778
1.16997  0.0673435 0.0134494
1.18167  0.067031 0.0136235
1.19349  0.0667193 0.0138002
1.20542  0.0664083 0.0139795
1.21748  0.066098 0.0141614
1.22965  0.0657885 0.014346
1.24195  0.0654799 0.0145334
1.25437  0.0651719 0.0147235
1.26691  0.0648647 0.0149164
1.27958  0.0645581 0.0151122
1.29238  0.064252 0.0153109
1.3053  0.0639466 0.0155125
1.31835  0.0636415 0.0157171
1.33154  0.0633369 0.0159248
1.34485  0.0630326 0.0161356
1.3583  0.0627285 0.0163495
1.37188  0.0624248 0.0165665
1.3856  0.0621216 0.0167869
1.39946  0.0618192 0.0170105
1.41345  0.0615177 0.0172374
1.42759  0.0612174 0.0174678
1.44186  0.0609186 0.0177015
1.45628  0.0606213 0.0179388
1.47085  0.060326 0.0181796
1.48555  0.0600328 0.0184239
1.50041  0.0597421 0.018672
1.51541  0.059454 0.0189237
1.53057  0.0591683 0.0191792
1.54587  0.058885 0.0194384
1.56133  0.0586039 0.0197016
1.57695  0.0583248 0.0199687
1.59271  0.0580475 0.0202397
1.60864  0.0577718 0.0205147
1.62473  0.0574975 0.0207939
1.64098  0.0572244 0.0210772
1.65739  0.0569522 0.0213647
1.67396  0.0566808 0.0216564
1.6907  0.0564102 0.0219525
1.70761  0.0561403 0.0222529
1.72468  0.0558712 0.0225578
1.74193  0.0556027 0.0228672
1.75935  0.0553349 0.0231812
1.77694  0.0550676 0.0234999
1.79471  0.054801 0.0238233
1.81266  0.0545348 0.0241516
1.83078  0.0542689 0.0244848
1.84909  0.0540031 0.024823
1.86758  0.0537374 0.0251662
1.88626  0.0534713 0.0255146
1.90512  0.0532048 0.0258683
1.92417  0.0529376 0.0262272
1.94341  0.0526694 0.0265917
1.96285  0.0524001 0.0269616
1.98248  0.0521296 0.0273372
2.0023  0.0518582 0.0277185
2.02232  0.0515859 0.0281056
2.04255  0.0513129 0.0284987
2.06297  0.0510395 0.0288978
2.0836  0.0507657 0.0293031
2.10444  0.0504917 0.0297146
2.12548  0.0502177 0.0301326
2.14674  0.0499434 0.030557
2.16821  0.0496686 0.030988
2.18989  0.0493931 0.0314258
2.21179  0.0491168 0.0318705
2.2339  0.0488393 0.0323221
2.25624  0.0485604 0.0327809
2.27881  0.04828 0.033247
2.30159  0.0479981 0.0337205
2.32461  0.0477146 0.0342015
2.34786  0.0474297 0.0346903
2.37134  0.0471433 0.0351869
2.39505  0.0468554 0.0356915
2.419  0.0465662 0.0362042
2.44319  0.0462764 0.0367253
2.46762  0.0459872 0.0372547
2.4923  0.0456996 0.0377928
2.51722  0.0454147 0.0383395
2.54239  0.0451337 0.0388951
2.56782  0.0448577 0.0394597
2.59349  0.0445863 0.0400335
2.61943  0.0443186 0.0406166
2.64562  0.0440535 0.0412091
2.67208  0.0437902 0.0418113
2.6988  0.0435274 0.0424233
2.72579  0.0432644 0.0430452
2.75305  0.0430016 0.0436772
2.78058  0.0427394 0.0443195
2.80838  0.0424783 0.0449722
2.83647  0.0422188 0.0456355
2.86483  0.0419614 0.0463095
2.89348  0.0417062 0.0469944
2.92241  0.0414528 0.0476905
2.95164  0.041201 0.0483978
2.98115  0.0409505 0.0491165
3.01097  0.0407008 0.0498468
3.04108  0.0404518 0.0505889
3.07149  0.0402037 0.0513431
3.1022  0.0399565 0.0521094
3.13322  0.0397102 0.0528882
3.16456  0.0394648 0.0536796
3.1962  0.0392204 0.054484
3.22816  0.0389769 0.0553014
3.26045  0.0387344 0.0561321
3.29305  0.038493 0.0569764
3.32598  0.0382525 0.0578346
3.35924  0.0380132 0.0587067
3.39283  0.0377748 0.0595932
3.42676  0.0375376 0.0604943
3.46103  0.0373014 0.0614101
3.49564  0.0370663 0.0623409
3.53059  0.0368323 0.063287
3.5659  0.0365995 0.0642487
3.60156  0.0363677 0.0652261
3.63758  0.036137 0.0662197
3.67395  0.0359074 0.0672295
3.71069  0.0356789 0.068256
3.7478  0.0354518 0.0692993
3.78528  0.0352275 0.0703598
3.82313  0.0350044 0.0714377
3.86136  0.0347823 0.0725334
3.89997  0.0345614 0.0736471
3.93897  0.0343416 0.0747791
3.97836  0.0341229 0.0759299
4.01815  0.0339054 0.0770995
4.05833  0.033689 0.0782885
4.09891  0.0334736 0.0794971
4.1399  0.0332594 0.0807256
4.1813  0.0330463 0.0819744
4.22311  0.0328343 0.0832438
4.26534  0.0326233 0.0845342
4.308  0.0324134 0.0858459
4.35108  0.0322045 0.0871793
4.39459  0.0319965 0.0885349
4.43853  0.0317895 0.0899128
4.48292  0.0315835 0.0913137
4.52775  0.0313777 0.0927378
4.57303  0.0311728 0.0941856
4.61876  0.0309688 0.0956574
4.66494  0.0307657 0.0971538
4.71159  0.0305635 0.0986751
4.75871  0.0303623 0.100222
4.8063  0.0301621 0.101794
4.85436  0.029963 0.103393
4.9029  0.0297648 0.105019
4.95193  0.0295678 0.106671
5.00145  0.0293718 0.108352
5.05146  0.0291769 0.11006
5.10198  0.0289832 0.111797
5.153  0.0287905 0.113563
5.20453  0.028599 0.115359
5.25657  0.0284087 0.117185
5.30914  0.0282195 0.119041
5.36223  0.0280315 0.120929
5.41585  0.0278447 0.122849
5.47001  0.027659 0.1248
5.52471  0.0274745 0.126785
5.57996  0.0272912 0.128802
5.63576  0.0271091 0.130854
5.69212  0.0269282 0.13294
5.74904  0.0267484 0.135061
5.80653  0.0265698 0.137218
5.86459  0.0263923 0.13941
5.92324  0.0262159 0.14164
5.98247  0.0260407 0.143907
6.0423  0.0260261 0.146212
6.10272  0.0260261 0.148555
6.16375  0.0260261 0.150938
6.22538  0.0260261 0.153361
6.28764  0.0260261 0.155825
6.35051  0.0260261 0.158329
6.41402  0.0260261 0.160876
6.47816  0.0260261 0.163466
6.54294  0.0260261 0.166098
6.60837  0.0260261 0.168775
6.67445  0.0260261 0.171497
6.7412  0.0260261 0.174265
6.80861  0.0260261 0.177079
6.8767  0.0260261 0.17994
6.94546  0.0260261 0.182849
7.01492  0.0260261 0.185808
7.08507  0.0260261 0.188816
7.15592  0.0260261 0.191875
7.22748  0.0260261 0.194986
7.29975  0.0260261 0.19815
7.37275  0.0260261 0.201367
7.44648  0.0260261 0.204639
7.52094  0.0260261 0.207967
7.59615  0.0260261 0.211351
7.67211  0.0260261 0.214793
7.74883  0.0260261 0.218294
7.82632  0.0260261 0.221855
7.90459  0.0260261 0.225476
7.98363  0.0260261 0.22916
8.06347  0.0260261 0.232906
8.1441  0.0260261 0.236717
8.22554  0.0260261 0.240592
8.3078  0.0260261 0.244534
8.39088  0.0260261 0.248544
8.47479  0.0260261 0.252623
8.55953  0.0260261 0.256771
8.64513  0.0260261 0.260991
8.73158  0.0260261 0.265283
8.8189  0.0260261 0.269648
8.90709  0.0260261 0.274089
8.99616  0.0260261 0.278605
9.08612  0.0260261 0.283199
9.17698  0.0260261 0.287872
9.26875  0.0260261 0.292624
9.36144  0.0260261 0.297458
9.45505  0.0260261 0.302375
9.5496  0.0260261 0.307376
9.6451  0.0260261 0.312463
9.74155  0.0260261 0.317637
9.83896  0.0260261 0.322899
9.93735  0.0260261 0.328252
10.0367  0.0260261 0.333696
10.1371  0.0260261 0.339235
10.2385  0.0260261 0.344868
10.3409  0.0260261 0.350599
10.4443  0.0260261 0.356428
10.5487  0.0260261 0.362358
10.6542  0.0260261 0.368389
10.7607  0.0260261 0.374525
10.8683  0.0260261 0.380767
10.977  0.0260261 0.387117
11.0868  0.0260261 0.393576
11.1977  0.0260261 0.400147
11.3096  0.0260261 0.406832
11.4227  0.0260261 0.413632
11.537  0.0260261 0.42055
11.6523  0.0260261 0.427587
11.7689  0.0260261 0.434747
11.8865  0.0260261 0.44203
12.0054  0.0260261 0.44944
12.1255  0.0260261 0.456978
12.2467  0.0260261 0.464647
12.3692  0.0260261 0.472449
12.4929  0.0260261 0.480386
12.6178  0.0260261 0.488461
12.744  0.0260261 0.496676
12.8714  0.0260261 0.505035
13.0001  0.0260261 0.513538
13.1301  0.0260261 0.522189
13.2614  0.0260261 0.530991
13.3941  0.0260261 0.539946
13.528  0.0260261 0.549057
13.6633  0.0260261 0.558326
13.7999  0.0260261 0.567757
13.9379  0.0260261 0.577352
14.0773  0.0260261 0.587115
14.2181  0.0260261 0.597048
14.3602  0.0260261 0.607154
14.5038  0.0260261 0.617437
14.6489  0.0260261 0.6279
14.7954  0.0260261 0.638545
14.9433  0.0260261 0.649377
15.0928  0.0260261 0.660398
15.2437  0.0260261 0.671612
15.3961  0.0260261 0.683023
15.5501  0.0260261 0.694633
15.7056  0.0260261 0.706446
15.8626  0.0260261 0.718467
16.0213  0.0260261 0.730698
16.1815  0.0260261 0.743144
16.3433  0.0260261 0.755809
16.5067  0.0260261 0.768695
16.6718  0.0260261 0.781807
16.8385  0.0260261 0.79515
17.0069  0.0260261 0.808727
17.177  0.0260261 0.822543
17.3487  0.0260261 0.836601
17.5222  0.0260261 0.850905
17.6974  0.0260261 0.865461
17.8744  0.0260261 0.880273
18.0532  0.0257879 0.895344
18.2337  0.0254602 0.910679
18.416  0.0251372 0.926284
18.6002  0.0248188 0.942162
18.7862  0.024505 0.958319
18.9741  0.0241956 0.974759
19.1638  0.0238907 0.991487
19.3554  0.0235902 1.00851
19.549  0.023294 1.02583
19.7445  0.023002 1.04345
19.9419  0.0227142 1.06139
20.1413  0.0224307 1.07964
20.3427  0.0221512 1.0982
20.5462  0.0218757 1.1171
20.7516  0.0216042 1.13633
20.9592  0.0213364 1.15589
21.1687  0.0210725 1.1758
21.3804  0.0208123 1.19606
21.5942  0.0205559 1.21668
21.8102  0.0203031 1.23766
22.0283  0.0200538 1.25901
22.2486  0.0198056 1.28074
22.4711  0.019561 1.30285
22.6958  0.0193197 1.32535
22.9227  0.0190819 1.34825
23.1519  0.0188474 1.37155
23.3835  0.0186165 1.39526
23.6173  0.0183888 1.41939
23.8535  0.0181642 1.44396
24.092  0.0179428 1.46895
24.3329  0.0177244 1.49439
24.5763  0.0175091 1.52028
24.822  0.0172968 1.54662
25.0702  0.0170874 1.57344
25.3209  0.0168809 1.60072
25.5742  0.0166773 1.6285
25.8299  0.0164765 1.65676
26.0882  0.0162784 1.68553
26.3491  0.0160831 1.7148
26.6126  0.0158905 1.74459
26.8787  0.0157006 1.77491
27.1475  0.0155132 1.80577
27.419  0.0153285 1.83718
27.6931  0.0151462 1.86914
27.9701  0.0149665 1.90167
28.2498  0.0147892 1.93478
28.5323  0.0146144 1.96847
28.8176  0.014442 2.00276
29.1058  0.0142719 2.03767
29.3968  0.0141042 2.07319
29.6908  0.0139388 2.10934
29.9877  0.0137756 2.14613
30.2876  0.0136146 2.18357
30.5905  0.0134558 2.22168
30.8964  0.0132991 2.26047
31.2053  0.0131446 2.29995
31.5174  0.0129921 2.34012
31.8326  0.0128417 2.38101
32.1509  0.0126933 2.42262
32.4724  0.0125469 2.46498
32.7971  0.0124025 2.50808
33.1251  0.01226 2.55194
33.4563  0.0121194 2.59659
33.7909  0.0119807 2.64202
34.1288  0.0118438 2.68827
34.4701  0.0117088 2.73533
34.8148  0.0115755 2.78323
35.1629  0.011444 2.83198
35.5146  0.0113143 2.8816
35.8697  0.0111862 2.93211
36.2284  0.0110599 2.98352
36.5907  0.0109352 3.03585
36.9566  0.0108122 3.08912
37.3262  0.0106872 3.14334
37.6994  0.0105634 3.19854
38.0764  0.0104412 3.25473
38.4572  0.0103206 3.31194
38.8418  0.0102017 3.37018
39.2302  0.0100843 3.42947
39.6225  0.00996841 3.48984
40.0187  0.00985408 3.5513
40.4189  0.00974124 3.61387
40.8231  0.00962988 3.67758
41.2313  0.00951998 3.74245
41.6436  0.00941152 3.8085
42.0601  0.00930447 3.87576
42.4807  0.00919881 3.94424
42.9055  0.00909452 4.01398
43.3345  0.00899143 4.08499
43.7679  0.00888956 4.1573
44.2056  0.008789 4.23094
44.6476  0.00868975 4.30591
45.0941  0.00859177 4.38226
45.545  0.00849506 4.46001
46.0005  0.00839959 4.53918
46.4605  0.00830534 4.6198
46.9251  0.00821231 4.70189
47.3943  0.00812046 4.78548
47.8683  0.00802979 4.8706
48.347  0.00794028 4.95727
48.8304  0.0078519 5.04553
49.3187  0.00776465 5.13539
49.8119  0.00767851 5.22688
50.31  0.00759345 5.32004
50.8131  0.00750948 5.41487
51.3213  0.00742656 5.51142
51.8345  0.00734469 5.60971
52.3528  0.00726521 5.70977
52.8764  0.0071904 5.81163
53.4051  0.00711646 5.91531
53.9392  0.00704337 6.02084
54.4786  0.00697111 6.12826
55.0234  0.00689968 6.23759
55.5736  0.00682907 6.34887
56.1293  0.00675927 6.46212
56.6906  0.00669026 6.57738
57.2575  0.00662205 6.69468
57.8301  0.00655462 6.81404
58.4084  0.00648796 6.93551
58.9925  0.00642206 7.05912
59.5824  0.00635692 7.18489
60.1782  0.00629252 7.31286
60.78  0.00622886 7.44308
61.3878  0.00616593 7.57558
62.0017  0.00610371 7.71041
62.6217  0.00604221 7.84761
63.2479  0.0059814 7.98723
63.8804  0.00592129 8.12931
64.5192  0.00586187 8.2739
65.1644  0.00580312 8.42105
65.816  0.00574504 8.57081
66.4742  0.00568763 8.72323
67.1389  0.00563086 8.87836
67.8103  0.00557474 9.03625
68.4884  0.00551926 9.19695
69.1733  0.0054644 9.36051
69.8651  0.00541017 9.52697
70.5637  0.00535656 9.6964
71.2693  0.00530355 9.86884
71.982  0.00525114 10.0443
72.7019  0.00519932 10.223
73.4289  0.00514798 10.4048
74.1632  0.00509716 10.5898
74.9048  0.00504692 10.7781
75.6538  0.00499724 10.9698
76.4104  0.00494812 11.1648
77.1745  0.00489956 11.3634
77.9462  0.00485154 11.5654
78.7257  0.00480406 11.7711
79.513  0.00475712 11.9804
80.3081  0.0047107 12.1934
81.1112  0.0046648 12.4102
81.9223  0.00461942 12.6309
82.7415  0.00457454 12.8556
83.5689  0.00453017 13.0842
84.4046  0.00448629 13.3169
85.2486  0.0044429 13.5537
86.1011  0.00439999 13.7948
86.9621  0.00435756 14.0402
87.8318  0.0043156 14.2899
88.7101  0.00427411 14.5441
89.5972  0.00423308 14.8029
90.4932  0.0041925 15.0662
91.3981  0.00415238 15.3343
92.3121  0.00411269 15.6071
93.2352  0.00407345 15.8848
94.1675  0.00403464 16.1674
95.1092  0.00399625 16.4551
96.0603  0.00395829 16.7479
97.0209  0.00392075 17.046
97.9911  0.00388362 17.3493
98.971  0.00384689 17.658
99.9607  0.00381057 17.9723
100.96  0.00377465 18.2921
101.97  0.00373912 18.6177
102.99  0.00370398 18.9491
104.02  0.0036692 19.2864
105.06  0.00363474 19.6296
106.11  0.00360066 19.9791
107.171  0.00356695 20.3347
108.243  0.00353361 20.6967
109.326  0.00350062 21.0652
110.419  0.003468 21.4402
111.523  0.00343573 21.8219
112.638  0.00340381 22.2105
113.765  0.00337223 22.606
114.902  0.003341 23.0085
116.051  0.0033101 23.4182
117.212  0.00327953 23.8352
118.384  0.0032493 24.2597
119.568  0.00321939 24.6917
120.763  0.0031898 25.1315
121.971  0.00316052 25.5791
123.191  0.00313156 26.0346
124.423  0.00310292 26.4983
125.667  0.00307457 26.9703
126.924  0.00304653 27.4507
128.193  0.00301879 27.9396
129.475  0.00299134 28.4373
130.77  0.00296419 28.9438
132.077  0.00293732 29.4593
133.398  0.00291074 29.984
134.732  0.00288444 30.5181
136.079  0.00285842 31.0617
137.44  0.00283268 31.615
138.814  0.00280721 32.1781
140.203  0.002782 32.7512
141.605  0.00275706 33.3345
143.021  0.00273239 33.9283
144.451  0.00270797 34.5325
145.895  0.00268381 35.1476
147.354  0.00265991 35.7735
148.828  0.00263625 36.4106
150.316  0.00261284 37.0591
151.819  0.00258968 37.7191
153.338  0.00256673 38.3908
154.871  0.00254402 39.0744
156.42  0.00252154 39.7702
157.984  0.0024993 40.4783
159.564  0.00247729 41.1991
161.159  0.0024555 41.9326
162.771  0.00243394 42.6792
164.399  0.00241261 43.439
166.043  0.00239149 44.2124
167.703  0.0023706 44.9994
169.38  0.00234992 45.8004
171.074  0.00232945 46.6157
172.785  0.00230919 47.4453
174.512  0.00228914 48.2898
176.258  0.0022693 49.1491
178.02  0.00224966 50.0238
179.8  0.00223022 50.9139
181.598  0.00221098 51.8198
183.414  0.00219194 52.7417
185.248  0.00217309 53.6799
187.101  0.00215443 54.6348
188.972  0.00213597 55.6066
190.862  0.00211769 56.5955
192.77  0.0020996 57.602
194.698  0.00208169 58.6262
196.645  0.00206397 59.6685
198.611  0.00204642 60.7293
200.598  0.00202905 61.8088
202.604  0.00201186 62.9074
204.63  0.00199485 64.0253
206.676  0.001978 65.163
208.743  0.00196133 66.3207
210.83  0.00194482 67.4989
212.938  0.00192848 68.6978
215.068  0.00191231 69.9179
217.218  0.00189629 71.1595
219.391  0.00188044 72.4229
221.584  0.00186475 73.7086
223.8  0.00184922 75.0168
226.038  0.00183384 76.3482
228.299  0.00181862 77.7029
230.582  0.00180355 79.0814
232.888  0.00178863 80.4841
235.216  0.00177386 81.9115
237.569  0.00175924 83.364
239.944  0.00174476 84.8419
242.344  0.00173043 86.3458
244.767  0.00171624 87.876
247.215  0.0017022 89.433
249.687  0.00168829 91.0173
252.184  0.00167452 92.6294
254.706  0.00166089 94.2696
257.253  0.00164739 95.9386
259.825  0.00163403 97.6368
262.423  0.0016208 99.3646
265.048  0.00160771 101.123
267.698  0.00159474 102.911
270.375  0.0015819 104.731
273.079  0.00156919 106.583
275.81  0.0015566 108.467
278.568  0.00154414 110.384
281.354  0.00153181 112.334
284.167  0.00151959 114.318
287.009  0.00150749 116.337
289.879  0.00149552 118.391
292.778  0.00148366 120.48
295.705  0.00147192 122.606
298.662  0.0014603 124.768
301.649  0.00144879 126.969
304.666  0.00143739 129.207
307.712  0.0014261 131.484
310.789  0.00141493 133.801
313.897  0.00140387 136.158
317.036  0.00139291 138.555
320.207  0.00138207 140.994
323.409  0.00137133 143.475
326.643  0.00136069 145.999
329.909  0.00135016 148.567
333.208  0.00133973 151.178
336.54  0.00132941 153.835
339.906  0.00131918 156.538
343.305  0.00130906 159.287
346.738  0.00129904 162.084
350.205  0.00128911 164.928
353.707  0.00127928 167.822
357.244  0.00126955 170.765
360.817  0.00125991 173.758
364.425  0.00125037 176.803
368.069  0.00124092 179.9
371.75  0.00123156 183.051
375.467  0.0012223 186.255
379.222  0.00121312 189.514
383.014  0.00120404 192.828
386.844  0.00119504 196.199
390.713  0.00118613 199.628
394.62  0.00117731 203.115
398.566  0.00116857 206.662
402.552  0.00115992 210.269
406.577  0.00115136 213.937
410.643  0.00114288 217.668
414.75  0.00113448 221.462
418.897  0.00112616 225.32
423.086  0.00111792 229.244
427.317  0.00110977 233.234
431.59  0.00110169 237.292
435.906  0.00109369 241.418
440.265  0.00108578 245.615
444.668  0.00107793 249.882
449.114  0.00107017 254.221
453.605  0.00106248 258.633
458.142  0.00105486 263.12
462.723  0.00104732 267.682
467.35  0.00103986 272.32
472.024  0.00103246 277.037
476.744  0.00102514 281.833
481.511  0.00101789 286.709
486.326  0.00101071 291.667
491.19  0.0010036 296.708
496.102  0.000996564 301.833
501.063  0.000989593 307.044
506.073  0.00098269 312.342
511.134  0.000975854 317.728
516.245  0.000969086 323.204
521.408  0.000962383 328.771
526.622  0.000955746 334.43
531.888  0.000949174 340.184
537.207  0.000942667 346.033
542.579  0.000936223 351.978
548.005  0.000929842 358.023
553.485  0.000923523 364.167
559.02  0.000917267 370.413
564.61  0.000911072 376.762
570.256  0.000904937 383.215
575.959  0.000898863 389.775
581.718  0.000892848 396.443
587.535  0.000886892 403.22
593.411  0.000880995 410.109
599.345  0.000875156 417.11
605.338  0.000869374 424.226
611.392  0.000863649 431.459
617.506  0.00085798 438.81
623.681  0.000852367 446.281
629.917  0.000846809 453.873
636.217  0.000841306 461.589
642.579  0.000835858 469.431
649.005  0.000830463 477.4
655.495  0.000825121 485.499
662.05  0.000819832 493.728
668.67  0.000814595 502.091
675.357  0.00080941 510.589
682.11  0.000804277 519.225
688.931  0.000799194 527.999
695.821  0.000794162 536.915
702.779  0.000789179 545.974
709.807  0.000784246 555.179
716.905  0.000779362 564.532
724.074  0.000774526 574.034
731.315  0.000769739 583.688
738.628  0.000764999 593.497
746.014  0.000760307 603.463
753.474  0.000755661 613.587
761.009  0.000751062 623.872
768.619  0.000746508 634.321
776.305  0.000742 644.935
784.068  0.000737538 655.718
791.909  0.00073312 666.671
799.828  0.000728746 677.798
807.826  0.000724416 689.101
815.905  0.00072013 700.581
824.064  0.000715887 712.242
832.304  0.000711686 724.087
840.627  0.000707528 736.117
849.034  0.000703412 748.336
857.524  0.000699338 760.746
866.099  0.000695305 773.35
874.76  0.000691312 786.151
883.508  0.00068736 799.151
892.343  0.000683448 812.353
901.266  0.000679576 825.76
910.279  0.000675744 839.375
919.382  0.00067195 853.201
928.575  0.000668196 867.241
937.861  0.000664479 881.498
947.24  0.000660801 895.974
956.712  0.00065716 910.672
966.279  0.000653557 925.597
975.942  0.000649991 940.75
985.702  0.000646461 956.135
995.559  0.000642968 971.756
