0.001  3.71139e-06 0.53889
0.00101  3.7299e-06 0.541578
0.0010201  3.74851e-06 0.544279
0.0010303  3.7672e-06 0.546993
0.0010406  3.78599e-06 0.549721
0.00105101  3.80487e-06 0.552463
0.00106152  3.82385e-06 0.555218
0.00107214  3.84292e-06 0.557988
0.00108286  3.86209e-06 0.560771
0.00109369  3.88135e-06 0.563568
0.00110462  3.90071e-06 0.566378
0.00111567  3.92016e-06 0.569203
0.00112683  3.93972e-06 0.572042
0.00113809  3.95937e-06 0.574895
0.00114947  3.97911e-06 0.577762
0.00116097  3.99896e-06 0.580644
0.00117258  4.01891e-06 0.58354
0.0011843  4.03895e-06 0.58645
0.00119615  4.05909e-06 0.589375
0.00120811  4.07934e-06 0.592315
0.00122019  4.09969e-06 0.595269
0.00123239  4.12013e-06 0.598238
0.00124472  4.14068e-06 0.601222
0.00125716  4.16133e-06 0.60422
0.00126973  4.18209e-06 0.607234
0.00128243  4.20295e-06 0.610262
0.00129526  4.22391e-06 0.613306
0.00130821  4.24498e-06 0.616365
0.00132129  4.26615e-06 0.619439
0.0013345  4.28743e-06 0.622528
0.00134785  4.30881e-06 0.625633
0.00136133  4.3303e-06 0.628753
0.00137494  4.3519e-06 0.631889
0.00138869  4.3736e-06 0.635041
0.00140258  4.39542e-06 0.638208
0.0014166  4.41734e-06 0.641391
0.00143077  4.43937e-06 0.64459
0.00144508  4.46151e-06 0.647805
0.00145953  4.48377e-06 0.651036
0.00147412  4.50613e-06 0.654283
0.00148886  4.5286e-06 0.657546
0.00150375  4.55119e-06 0.660826
0.00151879  4.57389e-06 0.664122
0.00153398  4.5967e-06 0.667434
0.00154932  4.61963e-06 0.670763
0.00156481  4.64267e-06 0.674108
0.00158046  4.66582e-06 0.67747
0.00159626  4.6891e-06 0.680849
0.00161223  4.71248e-06 0.684245
0.00162835  4.73599e-06 0.687658
0.00164463  4.75961e-06 0.691087
0.00166108  4.78335e-06 0.694534
0.00167769  4.8072e-06 0.697998
0.00169447  4.83118e-06 0.701479
0.00171141  4.85528e-06 0.704978
0.00172852  4.87949e-06 0.708494
0.00174581  4.90383e-06 0.712028
0.00176327  4.92829e-06 0.715579
0.0017809  4.95287e-06 0.719148
0.00179871  4.97757e-06 0.722735
0.0018167  5.00239e-06 0.726339
0.00183486  5.02734e-06 0.729962
0.00185321  5.05242e-06 0.733603
0.00187174  5.07762e-06 0.737261
0.00189046  5.10294e-06 0.740938
0.00190937  5.12839e-06 0.744634
0.00192846  5.15397e-06 0.748348
0.00194774  5.17968e-06 0.75208
0.00196722  5.20551e-06 0.755831
0.00198689  5.23148e-06 0.759601
0.00200676  5.25757e-06 0.76339
0.00202683  5.28379e-06 0.767197
0.0020471  5.31014e-06 0.771023
0.00206757  5.33663e-06 0.774869
0.00208825  5.36324e-06 0.778733
0.00210913  5.38999e-06 0.782617
0.00213022  5.41688e-06 0.78652
0.00215152  5.44389e-06 0.790443
0.00217304  5.47105e-06 0.794386
0.00219477  5.49833e-06 0.798348
0.00221672  5.52576e-06 0.80233
0.00223888  5.55332e-06 0.806331
0.00226127  5.58101e-06 0.810353
0.00228388  5.60885e-06 0.814395
0.00230672  5.63682e-06 0.818456
0.00232979  5.66494e-06 0.822538
0.00235309  5.69319e-06 0.826641
0.00237662  5.72159e-06 0.830763
0.00240038  5.75012e-06 0.834907
0.00242439  5.7788e-06 0.839071
0.00244863  5.80763e-06 0.843256
0.00247312  5.83659e-06 0.847462
0.00249785  5.8657e-06 0.851689
0.00252283  5.89496e-06 0.855936
0.00254806  5.92436e-06 0.860205
0.00257354  5.95391e-06 0.864496
0.00259927  5.9836e-06 0.868807
0.00262527  6.01345e-06 0.87314
0.00265152  6.04344e-06 0.877495
0.00267803  6.07358e-06 0.881872
0.00270481  6.10387e-06 0.88627
0.00273186  6.13432e-06 0.89069
0.00275918  6.16491e-06 0.895133
0.00278677  6.19566e-06 0.899597
0.00281464  6.22656e-06 0.904084
0.00284279  6.25762e-06 0.908593
0.00287121  6.28883e-06 0.913125
0.00289993  6.32019e-06 0.917679
0.00292893  6.35171e-06 0.922256
0.00295822  6.38339e-06 0.926855
0.0029878  6.41523e-06 0.931478
0.00301768  6.44723e-06 0.936124
0.00304785  6.47938e-06 0.940793
0.00307833  6.5117e-06 0.945485
0.00310911  6.54418e-06 0.950201
0.0031402  6.57682e-06 0.95494
0.00317161  6.60962e-06 0.959703
0.00320332  6.64259e-06 0.96449
0.00323536  6.67572e-06 0.9693
0.00326771  6.70901e-06 0.974134
0.00330039  6.74247e-06 0.978993
0.00333339  6.7761e-06 0.983875
0.00336672  6.8099e-06 0.988782
0.00340039  6.84386e-06 0.993714
0.0034344  6.878e-06 0.99867
0.00346874  6.9123e-06 1.00365
0.00350343  6.94678e-06 1.00866
0.00353846  6.98142e-06 1.01369
0.00357385  7.01624e-06 1.01874
0.00360958  7.05124e-06 1.02382
0.00364568  7.08641e-06 1.02893
0.00368214  7.12175e-06 1.03406
0.00371896  7.15727e-06 1.03922
0.00375615  7.19297e-06 1.0444
0.00379371  7.22884e-06 1.04961
0.00383165  7.2649e-06 1.05485
0.00386996  7.30113e-06 1.06011
0.00390866  7.33755e-06 1.0654
0.00394775  7.37414e-06 1.07071
0.00398723  7.41092e-06 1.07605
0.0040271  7.44788e-06 1.08142
0.00406737  7.48503e-06 1.08681
0.00410804  7.52236e-06 1.09223
0.00414912  7.55988e-06 1.09768
0.00419062  7.59759e-06 1.10315
0.00423252  7.63548e-06 1.10865
0.00427485  7.67356e-06 1.11418
0.0043176  7.71184e-06 1.11974
0.00436077  7.7503e-06 1.12533
0.00440438  7.78895e-06 1.13094
0.00444842  7.8278e-06 1.13658
0.00449291  7.86684e-06 1.14225
0.00453784  7.90608e-06 1.14794
0.00458321  7.94551e-06 1.15367
0.00462905  7.98514e-06 1.15942
0.00467534  8.02497e-06 1.16521
0.00472209  8.06499e-06 1.17102
0.00476931  8.10522e-06 1.17686
0.004817  8.14564e-06 1.18273
0.00486517  8.18627e-06 1.18863
0.00491383  8.2271e-06 1.19456
0.00496296  8.26813e-06 1.20051
0.00501259  8.30937e-06 1.2065
0.00506272  8.35081e-06 1.21252
0.00511335  8.39246e-06 1.21857
0.00516448  8.43432e-06 1.22464
0.00521613  8.47639e-06 1.23075
0.00526829  8.51866e-06 1.23689
0.00532097  8.56115e-06 1.24306
0.00537418  8.60385e-06 1.24926
0.00542792  8.64676e-06 1.25549
0.0054822  8.68989e-06 1.26175
0.00553702  8.73323e-06 1.26804
0.00559239  8.77679e-06 1.27437
0.00564832  8.82056e-06 1.28072
0.0057048  8.86456e-06 1.28711
0.00576185  8.90877e-06 1.29353
0.00581947  8.9532e-06 1.29998
0.00587766  8.99786e-06 1.30647
0.00593644  9.04273e-06 1.31298
0.0059958  9.08783e-06 1.31953
0.00605576  9.13316e-06 1.32611
0.00611632  9.17871e-06 1.33273
0.00617748  9.22449e-06 1.33937
0.00623926  9.2705e-06 1.34605
0.00630165  9.31674e-06 1.35277
0.00636466  9.3632e-06 1.35951
0.00642831  9.4099e-06 1.36629
0.00649259  9.45684e-06 1.37311
0.00655752  9.504e-06 1.37996
0.0066231  9.55141e-06 1.38684
0.00668933  9.59904e-06 1.39376
0.00675622  9.64692e-06 1.40071
0.00682378  9.69503e-06 1.40769
0.00689202  9.74339e-06 1.41472
0.00696094  9.79198e-06 1.42177
0.00703055  9.84082e-06 1.42886
0.00710085  9.8899e-06 1.43599
0.00717186  9.93923e-06 1.44315
0.00724358  9.9888e-06 1.45035
0.00731602  1.00386e-05 1.45758
0.00738918  1.00887e-05 1.46485
0.00746307  1.0139e-05 1.47216
0.0075377  1.01896e-05 1.4795
0.00761308  1.02404e-05 1.48688
0.00768921  1.02915e-05 1.4943
0.0077661  1.03428e-05 1.50175
0.00784376  1.03944e-05 1.50924
0.0079222  1.04462e-05 1.51677
0.00800142  1.04983e-05 1.52433
0.00808144  1.05507e-05 1.53193
0.00816225  1.06033e-05 1.53957
0.00824387  1.06562e-05 1.54725
0.00832631  1.07093e-05 1.55497
0.00840957  1.07628e-05 1.56272
0.00849367  1.08164e-05 1.57052
0.00857861  1.08704e-05 1.57835
0.00866439  1.09246e-05 1.58622
0.00875104  1.09791e-05 1.59414
0.00883855  1.10339e-05 1.60209
0.00892693  1.10889e-05 1.61008
0.0090162  1.11442e-05 1.61811
0.00910636  1.11998e-05 1.62618
0.00919743  1.12556e-05 1.63429
0.0092894  1.13118e-05 1.64244
0.0093823  1.13682e-05 1.65063
0.00947612  1.14249e-05 1.65886
0.00957088  1.14819e-05 1.66714
0.00966659  1.15391e-05 1.67545
0.00976325  1.15967e-05 1.68381
0.00986089  1.16545e-05 1.69221
0.0099595  1.17127e-05 1.70065
0.0100591  1.17711e-05 1.70913
0.0101597  1.18298e-05 1.71765
0.0102613  1.18888e-05 1.72622
0.0103639  1.19481e-05 1.73483
0.0104675  1.20077e-05 1.74348
0.0105722  1.20676e-05 1.75218
0.0106779  1.21278e-05 1.76092
0.0107847  1.21882e-05 1.7697
0.0108926  1.2249e-05 1.77853
0.0110015  1.23101e-05 1.7874
0.0111115  1.23715e-05 1.79631
0.0112226  1.24332e-05 1.80527
0.0113348  1.24952e-05 1.81427
0.0114482  1.25576e-05 1.82332
0.0115627  1.26202e-05 1.83242
0.0116783  1.26831e-05 1.84156
0.0117951  1.27464e-05 1.85074
0.011913  1.281e-05 1.85997
0.0120322  1.28739e-05 1.86925
0.0121525  1.29381e-05 1.87857
0.012274  1.30026e-05 1.88794
0.0123967  1.30674e-05 1.89736
0.0125207  1.31326e-05 1.90682
0.0126459  1.31981e-05 1.91633
0.0127724  1.32639e-05 1.92589
0.0129001  1.33301e-05 1.93549
0.0130291  1.33966e-05 1.94515
0.0131594  1.34634e-05 1.95485
0.013291  1.35305e-05 1.9646
0.0134239  1.3598e-05 1.9744
0.0135581  1.36659e-05 1.98424
0.0136937  1.3734e-05 1.99414
0.0138307  1.38025e-05 2.00409
0.013969  1.38714e-05 2.01408
0.0141086  1.39405e-05 2.02413
0.0142497  1.40101e-05 2.03422
0.0143922  1.40799e-05 2.04437
0.0145362  1.41502e-05 2.05456
0.0146815  1.42207e-05 2.06481
0.0148283  1.42917e-05 2.07511
0.0149766  1.43629e-05 2.08546
0.0151264  1.44346e-05 2.09586
0.0152776  1.45066e-05 2.10631
0.0154304  1.45789e-05 2.11682
0.0155847  1.46516e-05 2.12738
0.0157406  1.47247e-05 2.13799
0.015898  1.47982e-05 2.14865
0.016057  1.4872e-05 2.15937
0.0162175  1.49461e-05 2.17014
0.0163797  1.50207e-05 2.18096
0.0165435  1.50956e-05 2.19184
0.0167089  1.51709e-05 2.20277
0.016876  1.52466e-05 2.21376
0.0170448  1.53226e-05 2.2248
0.0172152  1.5399e-05 2.23589
0.0173874  1.54758e-05 2.24705
0.0175613  1.5553e-05 2.25825
0.0177369  1.56306e-05 2.26952
0.0179142  1.57085e-05 2.28084
0.0180934  1.57869e-05 2.29221
0.0182743  1.58656e-05 2.30364
0.0184571  1.59448e-05 2.31513
0.0186416  1.60243e-05 2.32668
0.018828  1.61042e-05 2.33828
0.0190163  1.61845e-05 2.34995
0.0192065  1.62653e-05 2.36167
0.0193986  1.63464e-05 2.37345
0.0195925  1.64279e-05 2.38529
0.0197885  1.65098e-05 2.39718
0.0199864  1.65922e-05 2.40914
0.0201862  1.66749e-05 2.42115
0.0203881  1.67581e-05 2.43323
0.020592  1.68417e-05 2.44537
0.0207979  1.69257e-05 2.45756
0.0210059  1.70101e-05 2.46982
0.0212159  1.70949e-05 2.48214
0.0214281  1.71802e-05 2.49452
0.0216424  1.72659e-05 2.50696
0.0218588  1.7352e-05 2.51946
0.0220774  1.74386e-05 2.53202
0.0222981  1.75255e-05 2.54465
0.0225211  1.76129e-05 2.55734
0.0227463  1.77008e-05 2.5701
0.0229738  1.77891e-05 2.58292
0.0232035  1.78778e-05 2.5958
0.0234356  1.7967e-05 2.60874
0.0236699  1.80566e-05 2.62176
0.0239066  1.81466e-05 2.63483
0.0241457  1.82371e-05 2.64798
0.0243871  1.83281e-05 2.66119
0.024631  1.84195e-05 2.67447
0.0248773  1.85114e-05 2.68781
0.0251261  1.86037e-05 2.70122
0.0253774  1.86965e-05 2.71469
0.0256311  1.87897e-05 2.72823
0.0258874  1.88835e-05 2.74184
0.0261463  1.89776e-05 2.75551
0.0264078  1.90723e-05 2.76926
0.0266719  1.91674e-05 2.78306
0.0269386  1.9263e-05 2.79694
0.027208  1.93591e-05 2.81088
0.02748  1.94556e-05 2.82489
0.0277548  1.95527e-05 2.83897
0.0280324  1.96502e-05 2.85312
0.0283127  1.97482e-05 2.86734
0.0285958  1.98467e-05 2.88163
0.0288818  1.99457e-05 2.896
0.0291706  2.00452e-05 2.91044
0.0294623  2.01451e-05 2.92495
0.029757  2.02456e-05 2.93954
0.0300545  2.03466e-05 2.95421
0.0303551  2.04373e-05 2.96896
0.0306586  2.05228e-05 2.98379
0.0309652  2.06086e-05 2.9987
0.0312749  2.06946e-05 3.01369
0.0315876  2.07809e-05 3.02877
0.0319035  2.08675e-05 3.04393
0.0322225  2.09543e-05 3.05918
0.0325447  2.10413e-05 3.07451
0.0328702  2.11286e-05 3.08993
0.0331989  2.12161e-05 3.10545
0.0335309  2.13039e-05 3.12105
0.0338662  2.13919e-05 3.13675
0.0342049  2.14802e-05 3.15255
0.0345469  2.15687e-05 3.16844
0.0348924  2.16574e-05 3.18442
0.0352413  2.17464e-05 3.2005
0.0355937  2.18356e-05 3.21668
0.0359496  2.1925e-05 3.23295
0.0363091  2.20147e-05 3.24932
0.0366722  2.21045e-05 3.26578
0.037039  2.21946e-05 3.28235
0.0374093  2.22849e-05 3.299
0.0377834  2.23755e-05 3.31576
0.0381613  2.24662e-05 3.33262
0.0385429  2.25572e-05 3.34957
0.0389283  2.26483e-05 3.36662
0.0393176  2.27397e-05 3.38378
0.0397108  2.28313e-05 3.40103
0.0401079  2.29231e-05 3.41839
0.040509  2.3015e-05 3.43585
0.040914  2.31072e-05 3.45341
0.0413232  2.31996e-05 3.47108
0.0417364  2.32921e-05 3.48885
0.0421538  2.33848e-05 3.50673
0.0425753  2.34777e-05 3.52472
0.0430011  2.35708e-05 3.54282
0.0434311  2.36641e-05 3.56103
0.0438654  2.37575e-05 3.57935
0.044304  2.38511e-05 3.59777
0.0447471  2.39448e-05 3.61631
0.0451946  2.40387e-05 3.63496
0.0456465  2.41328e-05 3.65373
0.046103  2.4227e-05 3.67261
0.046564  2.43213e-05 3.6916
0.0470296  2.44158e-05 3.71071
0.0474999  2.45104e-05 3.72993
0.0479749  2.46052e-05 3.74928
0.0484547  2.47001e-05 3.76874
0.0489392  2.47951e-05 3.78832
0.0494286  2.48902e-05 3.80802
0.0499229  2.49854e-05 3.82784
0.0504221  2.50807e-05 3.84778
0.0509264  2.51762e-05 3.86785
0.0514356  2.52717e-05 3.88804
0.05195  2.53673e-05 3.90835
0.0524695  2.5463e-05 3.92879
0.0529942  2.55587e-05 3.94936
0.0535241  2.56546e-05 3.97005
0.0540594  2.57505e-05 3.99088
0.0546  2.58464e-05 4.01183
0.055146  2.59425e-05 4.03292
0.0556974  2.60385e-05 4.05413
0.0562544  2.61346e-05 4.07549
0.0568169  2.62307e-05 4.09697
0.0573851  2.63269e-05 4.11859
0.0579589  2.64231e-05 4.14035
0.0585385  2.65193e-05 4.16224
0.0591239  2.66154e-05 4.18428
0.0597152  2.67116e-05 4.20645
0.0603123  2.68078e-05 4.22877
0.0609154  2.6904e-05 4.25123
0.0615246  2.70001e-05 4.27383
0.0621398  2.70962e-05 4.29657
0.0627612  2.71922e-05 4.31947
0.0633888  2.72882e-05 4.34251
0.0640227  2.73842e-05 4.36569
0.064663  2.748e-05 4.38903
0.0653096  2.75758e-05 4.41252
0.0659627  2.76716e-05 4.43616
0.0666223  2.77672e-05 4.45996
0.0672885  2.78627e-05 4.48391
0.0679614  2.79581e-05 4.50802
0.068641  2.80534e-05 4.53229
0.0693275  2.81485e-05 4.55672
0.0700207  2.82435e-05 4.5813
0.0707209  2.83384e-05 4.60605
0.0714281  2.84331e-05 4.63097
0.0721424  2.85276e-05 4.65605
0.0728638  2.86219e-05 4.68129
0.0735925  2.87161e-05 4.70671
0.0743284  2.881e-05 4.73229
0.0750717  2.89037e-05 4.75805
0.0758224  2.89972e-05 4.78398
0.0765806  2.90905e-05 4.81009
0.0773464  2.91835e-05 4.83637
0.0781199  2.92763e-05 4.86283
0.0789011  2.93688e-05 4.88948
0.0796901  2.9461e-05 4.9163
0.080487  2.95529e-05 4.94331
0.0812919  2.96445e-05 4.9705
0.0821048  2.97358e-05 4.99788
0.0829259  2.98267e-05 5.02545
0.0837551  2.99173e-05 5.05321
0.0845927  3.00076e-05 5.08116
0.0854386  3.00975e-05 5.10931
0.086293  3.0187e-05 5.13765
0.0871559  3.02761e-05 5.1662
0.0880275  3.03648e-05 5.19494
0.0889077  3.0453e-05 5.22389
0.0897968  3.05409e-05 5.25304
0.0906948  3.06282e-05 5.2824
0.0916017  3.07152e-05 5.31197
0.0925178  3.08016e-05 5.34175
0.0934429  3.08876e-05 5.37175
0.0943774  3.0973e-05 5.40196
0.0953211  3.10579e-05 5.43239
0.0962743  3.11423e-05 5.46304
0.0972371  3.12262e-05 5.49391
0.0982095  3.13094e-05 5.52501
0.0991916  3.13921e-05 5.55634
0.100183  3.14742e-05 5.5879
0.101185  3.15557e-05 5.61969
0.102197  3.16366e-05 5.65171
0.103219  3.17168e-05 5.68397
0.104251  3.17963e-05 5.71648
0.105294  3.18752e-05 5.74922
0.106347  3.19534e-05 5.78221
0.10741  3.20309e-05 5.81545
0.108484  3.21077e-05 5.84894
0.109569  3.21837e-05 5.88269
0.110665  3.2259e-05 5.91669
0.111772  3.23335e-05 5.95096
0.112889  3.24072e-05 5.98548
0.114018  3.24801e-05 6.02028
0.115158  3.25522e-05 6.05534
0.11631  3.26235e-05 6.09068
0.117473  3.26939e-05 6.12629
0.118648  3.27635e-05 6.16218
0.119834  3.28321e-05 6.19836
0.121033  3.2899e-05 6.23482
0.122243  3.29631e-05 6.27158
0.123465  3.30262e-05 6.30863
0.1247  3.30883e-05 6.34598
0.125947  3.31494e-05 6.38363
0.127206  3.32094e-05 6.42159
0.128478  3.32684e-05 6.45986
0.129763  3.33263e-05 6.49844
0.131061  3.33831e-05 6.53734
0.132372  3.34388e-05 6.57657
0.133695  3.34933e-05 6.61612
0.135032  3.35467e-05 6.656
0.136383  3.3599e-05 6.69622
0.137746  3.365e-05 6.73678
0.139124  3.36999e-05 6.77769
0.140515  3.37485e-05 6.81894
0.14192  3.37959e-05 6.86055
0.143339  3.3842e-05 6.90251
0.144773  3.38869e-05 6.94484
0.146221  3.39304e-05 6.98754
0.147683  3.39727e-05 7.0306
0.14916  3.40136e-05 7.07405
0.150651  3.40532e-05 7.11788
0.152158  3.40914e-05 7.16209
0.153679  3.41283e-05 7.2067
0.155216  3.41638e-05 7.25171
0.156768  3.41978e-05 7.29712
0.158336  3.42305e-05 7.34294
0.159919  3.42617e-05 7.38917
0.161518  3.42914e-05 7.43583
0.163134  3.43197e-05 7.48291
0.164765  3.43465e-05 7.53042
0.166413  3.43718e-05 7.57838
0.168077  3.43955e-05 7.62677
0.169757  3.44178e-05 7.67562
0.171455  3.44385e-05 7.72493
0.17317  3.44576e-05 7.7747
0.174901  3.44751e-05 7.82495
0.17665  3.44911e-05 7.87567
0.178417  3.45055e-05 7.92687
0.180201  3.45183e-05 7.97857
0.182003  3.45294e-05 8.03077
0.183823  3.45389e-05 8.08347
0.185661  3.45467e-05 8.13668
0.187518  3.45529e-05 8.19042
0.189393  3.45574e-05 8.24469
0.191287  3.45603e-05 8.29949
0.1932  3.45614e-05 8.35484
0.195132  3.45609e-05 8.41074
0.197083  3.45586e-05 8.4672
0.199054  3.45546e-05 8.52423
0.201045  3.45488e-05 8.58184
0.203055  3.45414e-05 8.64004
0.205086  3.45322e-05 8.69883
0.207136  3.45212e-05 8.75823
0.209208  3.45084e-05 8.81824
0.2113  3.44939e-05 8.87888
0.213413  3.44776e-05 8.94015
0.215547  3.44596e-05 9.00207
0.217702  3.44397e-05 9.06464
0.219879  3.44181e-05 9.12787
0.222078  3.43947e-05 9.19178
0.224299  3.43694e-05 9.25637
0.226542  3.43424e-05 9.32165
0.228807  3.43135e-05 9.38765
0.231095  3.42829e-05 9.45436
0.233406  3.42504e-05 9.5218
0.235741  3.42162e-05 9.58998
0.238098  3.41801e-05 9.65891
0.240479  3.41422e-05 9.72861
0.242884  3.41025e-05 9.79908
0.245313  3.4061e-05 9.87035
0.247766  3.40177e-05 9.94242
0.250243  3.39726e-05 10.0153
0.252746  3.39256e-05 10.089
0.255273  3.38769e-05 10.1636
0.257826  3.38264e-05 10.239
0.260404  3.37741e-05 10.3153
0.263008  3.372e-05 10.3924
0.265638  3.36641e-05 10.4705
0.268295  3.36064e-05 10.5495
0.270978  3.3547e-05 10.6294
0.273687  3.34858e-05 10.7102
0.276424  3.34229e-05 10.792
0.279189  3.33582e-05 10.8748
0.28198  3.32918e-05 10.9586
0.2848  3.32236e-05 11.0434
0.287648  3.31538e-05 11.1292
0.290525  3.30822e-05 11.216
0.29343  3.30089e-05 11.3039
0.296364  3.2934e-05 11.3929
0.299328  3.28574e-05 11.483
0.302321  3.27791e-05 11.5742
0.305344  3.26991e-05 11.6666
0.308398  3.26176e-05 11.7601
0.311482  3.25344e-05 11.8548
0.314597  3.24496e-05 11.9506
0.317743  3.23632e-05 12.0477
0.32092  3.22753e-05 12.146
0.324129  3.21858e-05 12.2456
0.32737  3.20947e-05 12.3464
0.330644  3.20022e-05 12.4486
0.333951  3.19081e-05 12.552
0.33729  3.18125e-05 12.6569
0.340663  3.17155e-05 12.763
0.34407  3.1617e-05 12.8706
0.34751  3.15171e-05 12.9796
0.350985  3.14158e-05 13.0901
0.354495  3.1313e-05 13.202
0.35804  3.12089e-05 13.3154
0.361621  3.11035e-05 13.4303
0.365237  3.09967e-05 13.5467
0.368889  3.08886e-05 13.6648
0.372578  3.07793e-05 13.7844
0.376304  3.06686e-05 13.9057
0.380067  3.05568e-05 14.0286
0.383868  3.04437e-05 14.1532
0.387706  3.03294e-05 14.2795
0.391583  3.02139e-05 14.4076
0.395499  3.00973e-05 14.5375
0.399454  2.99795e-05 14.6691
0.403449  2.98607e-05 14.8027
0.407483  2.97408e-05 14.938
0.411558  2.96198e-05 15.0753
0.415674  2.94978e-05 15.2146
0.41983  2.93748e-05 15.3558
0.424029  2.92508e-05 15.499
0.428269  2.91259e-05 15.6443
0.432552  2.9e-05 15.7916
0.436877  2.88733e-05 15.9411
0.441246  2.87457e-05 16.0928
0.445658  2.86172e-05 16.2466
0.450115  2.84879e-05 16.4027
0.454616  2.83578e-05 16.561
0.459162  2.82269e-05 16.7217
0.463754  2.80952e-05 16.8848
0.468391  2.79629e-05 17.0502
0.473075  2.78299e-05 17.2181
0.477806  2.76962e-05 17.3885
0.482584  2.75618e-05 17.5615
0.48741  2.74269e-05 17.737
0.492284  2.72913e-05 17.9152
0.497207  2.71552e-05 18.096
0.502179  2.70185e-05 18.2795
0.507201  2.68814e-05 18.4659
0.512273  2.67437e-05 18.655
0.517396  2.66056e-05 18.8471
0.52257  2.64671e-05 19.0421
0.527795  2.63281e-05 19.24
0.533073  2.61888e-05 19.441
0.538404  2.60491e-05 19.6451
0.543788  2.59091e-05 19.8524
0.549226  2.57688e-05 20.0628
0.554718  2.56282e-05 20.2765
0.560265  2.54873e-05 20.4936
0.565868  2.53462e-05 20.714
0.571527  2.52049e-05 20.9379
0.577242  2.50635e-05 21.1653
0.583014  2.49218e-05 21.3963
0.588844  2.478e-05 21.6309
0.594733  2.46382e-05 21.8692
0.60068  2.44962e-05 22.1113
0.606687  2.43541e-05 22.3572
0.612754  2.42121e-05 22.607
0.618881  2.407e-05 22.8609
0.62507  2.39279e-05 23.1187
0.631321  2.37858e-05 23.3808
0.637634  2.36438e-05 23.647
0.644011  2.35018e-05 23.9175
0.650451  2.33599e-05 24.1923
0.656955  2.32182e-05 24.4716
0.663525  2.30765e-05 24.7554
0.67016  2.2935e-05 25.0439
0.676862  2.27937e-05 25.337
0.68363  2.26526e-05 25.6348
0.690466  2.25117e-05 25.9376
0.697371  2.2371e-05 26.2453
0.704345  2.22305e-05 26.558
0.711388  2.20904e-05 26.8758
0.718502  2.19505e-05 27.1989
0.725687  2.18109e-05 27.5272
0.732944  2.16716e-05 27.861
0.740273  2.15326e-05 28.2003
0.747676  2.13941e-05 28.5452
0.755153  2.12558e-05 28.8958
0.762705  2.1118e-05 29.2523
0.770332  2.09805e-05 29.6146
0.778035  2.08435e-05 29.983
0.785815  2.07069e-05 30.3575
0.793673  2.05707e-05 30.7383
0.80161  2.04349e-05 31.1254
0.809626  2.02997e-05 31.5189
0.817722  2.01649e-05 31.9191
0.8259  2.00306e-05 32.326
0.834159  1.98968e-05 32.7397
0.8425  1.97636e-05 33.1603
0.850925  1.96308e-05 33.5881
0.859435  1.94986e-05 34.023
0.868029  1.9367e-05 34.4653
0.876709  1.92359e-05 34.915
0.885476  1.91054e-05 35.3723
0.894331  1.89754e-05 35.8374
0.903274  1.88461e-05 36.3103
0.912307  1.87173e-05 36.7913
0.92143  1.85892e-05 37.2803
0.930644  1.84617e-05 37.7777
0.939951  1.83347e-05 38.2836
0.94935  1.82085e-05 38.798
0.958844  1.80828e-05 39.3212
0.968432  1.79578e-05 39.8533
0.978117  1.78334e-05 40.3945
0.987898  1.77097e-05 40.9449
0.997777  1.75867e-05 41.5046
1.00775  1.74643e-05 42.074
1.01783  1.73426e-05 42.653
1.02801  1.72216e-05 43.242
1.03829  1.71012e-05 43.841
1.04867  1.69816e-05 44.4503
1.05916  1.68626e-05 45.07
1.06975  1.67443e-05 45.7004
1.08045  1.66267e-05 46.3415
1.09125  1.65098e-05 46.9936
1.10217  1.63936e-05 47.657
1.11319  1.62781e-05 48.3317
1.12432  1.61633e-05 49.0179
1.13556  1.60492e-05 49.716
1.14692  1.59358e-05 50.4261
1.15839  1.58232e-05 51.1484
1.16997  1.57112e-05 51.8831
1.18167  1.56e-05 52.6304
1.19349  1.54894e-05 53.3906
1.20542  1.53796e-05 54.1638
1.21748  1.52705e-05 54.9504
1.22965  1.51621e-05 55.7506
1.24195  1.50544e-05 56.5645
1.25437  1.49474e-05 57.3924
1.26691  1.48411e-05 58.2346
1.27958  1.47355e-05 59.0913
1.29238  1.46306e-05 59.9628
1.3053  1.45265e-05 60.8493
1.31835  1.4423e-05 61.7511
1.33154  1.43203e-05 62.6684
1.34485  1.42182e-05 63.6016
1.3583  1.41168e-05 64.5509
1.37188  1.40162e-05 65.5165
1.3856  1.39162e-05 66.4988
1.39946  1.38169e-05 67.4981
1.41345  1.37183e-05 68.5146
1.42759  1.36204e-05 69.5486
1.44186  1.35232e-05 70.6005
1.45628  1.34267e-05 71.6706
1.47085  1.33308e-05 72.7591
1.48555  1.32356e-05 73.8664
1.50041  1.31411e-05 74.9929
1.51541  1.30472e-05 76.1387
1.53057  1.2954e-05 77.3044
1.54587  1.28615e-05 78.4902
1.56133  1.27696e-05 79.6965
1.57695  1.26784e-05 80.9236
1.59271  1.25878e-05 82.1718
1.60864  1.24979e-05 83.4417
1.62473  1.24086e-05 84.7335
1.64098  1.23199e-05 86.0475
1.65739  1.22319e-05 87.3843
1.67396  1.21445e-05 88.7442
1.6907  1.20577e-05 90.1275
1.70761  1.19716e-05 91.5347
1.72468  1.1886e-05 92.9663
1.74193  1.18011e-05 94.4225
1.75935  1.17168e-05 95.9039
1.77694  1.16331e-05 97.4108
1.79471  1.155e-05 98.9438
1.81266  1.14674e-05 100.503
1.83078  1.13855e-05 102.09
1.84909  1.13042e-05 103.704
1.86758  1.12234e-05 105.345
1.88626  1.11432e-05 107.015
1.90512  1.10636e-05 108.714
1.92417  1.09846e-05 110.442
1.94341  1.09061e-05 112.2
1.96285  1.08282e-05 113.989
1.98248  1.07508e-05 115.808
2.0023  1.0674e-05 117.658
2.02232  1.05977e-05 119.541
2.04255  1.0522e-05 121.456
2.06297  1.04468e-05 123.404
2.0836  1.03722e-05 125.386
2.10444  1.0298e-05 127.402
2.12548  1.02244e-05 129.453
2.14674  1.01514e-05 131.54
2.16821  1.00788e-05 133.662
2.18989  1.00068e-05 135.821
2.21179  9.93522e-06 138.017
2.2339  9.86418e-06 140.251
2.25624  9.79365e-06 142.524
2.27881  9.72361e-06 144.836
2.30159  9.65406e-06 147.188
2.32461  9.585e-06 149.581
2.34786  9.51642e-06 152.015
2.37134  9.44832e-06 154.491
2.39505  9.3807e-06 157.01
2.419  9.31355e-06 159.572
2.44319  9.24687e-06 162.179
2.46762  9.18065e-06 164.831
2.4923  9.1149e-06 167.528
2.51722  9.0496e-06 170.273
2.54239  8.98475e-06 173.064
2.56782  8.92035e-06 175.904
2.59349  8.8564e-06 178.793
2.61943  8.79289e-06 181.732
2.64562  8.72981e-06 184.722
2.67208  8.66718e-06 187.763
2.6988  8.60497e-06 190.858
2.72579  8.54319e-06 194.005
2.75305  8.48184e-06 197.207
2.78058  8.42091e-06 200.465
2.80838  8.36039e-06 203.779
2.83647  8.30029e-06 207.15
2.86483  8.2406e-06 210.58
2.89348  8.18132e-06 214.069
2.92241  8.12244e-06 217.619
2.95164  8.06397e-06 221.23
2.98115  8.00589e-06 224.903
3.01097  7.94821e-06 228.64
3.04108  7.89092e-06 232.442
3.07149  7.83402e-06 236.31
3.1022  7.7775e-06 240.245
3.13322  7.72137e-06 244.248
3.16456  7.66562e-06 248.321
3.1962  7.61025e-06 252.464
3.22816  7.55525e-06 256.68
3.26045  7.50062e-06 260.968
3.29305  7.44636e-06 265.331
3.32598  7.39247e-06 269.769
3.35924  7.33894e-06 274.285
3.39283  7.28578e-06 278.879
3.42676  7.23297e-06 283.553
3.46103  7.18051e-06 288.308
3.49564  7.12841e-06 293.145
3.53059  7.07666e-06 298.067
3.5659  7.02526e-06 303.074
3.60156  6.9742e-06 308.169
3.63758  6.92349e-06 313.352
3.67395  6.87311e-06 318.625
3.71069  6.82308e-06 323.99
3.7478  6.77338e-06 329.448
3.78528  6.72401e-06 335.002
3.82313  6.67498e-06 340.652
3.86136  6.62627e-06 346.401
3.89997  6.57789e-06 352.25
3.93897  6.52984e-06 358.2
3.97836  6.4821e-06 364.255
4.01815  6.43469e-06 370.415
4.05833  6.38759e-06 376.683
4.09891  6.34081e-06 383.059
4.1399  6.29434e-06 389.548
4.1813  6.24819e-06 396.149
4.22311  6.20234e-06 402.866
4.26534  6.1568e-06 409.7
4.308  6.11157e-06 416.653
4.35108  6.06664e-06 423.728
4.39459  6.022e-06 430.927
4.43853  5.97767e-06 438.252
4.48292  5.93364e-06 445.704
4.52775  5.8899e-06 453.287
4.57303  5.84646e-06 461.003
4.61876  5.8033e-06 468.854
4.66494  5.76044e-06 476.843
4.71159  5.71786e-06 484.971
4.75871  5.67557e-06 493.242
4.8063  5.63356e-06 501.659
4.85436  5.59184e-06 510.222
4.9029  5.5504e-06 518.936
4.95193  5.50923e-06 527.803
5.00145  5.46834e-06 536.825
5.05146  5.42773e-06 546.006
5.10198  5.38739e-06 555.348
5.153  5.34733e-06 564.854
5.20453  5.30753e-06 574.526
5.25657  5.268e-06 584.369
5.30914  5.22874e-06 594.384
5.36223  5.18974e-06 604.576
5.41585  5.15101e-06 614.946
5.47001  5.11254e-06 625.499
5.52471  5.07433e-06 636.237
5.57996  5.03638e-06 647.165
5.63576  4.99868e-06 658.285
5.69212  4.96124e-06 669.601
5.74904  4.92406e-06 681.117
5.80653  4.88712e-06 692.836
5.86459  4.85044e-06 704.762
5.92324  4.81401e-06 716.899
5.98247  4.77783e-06 729.251
6.0423  4.74189e-06 741.821
6.10272  4.7062e-06 754.614
6.16375  4.67075e-06 767.634
6.22538  4.63554e-06 780.885
6.28764  4.60057e-06 794.371
6.35051  4.56584e-06 808.097
6.41402  4.53135e-06 822.067
6.47816  4.4971e-06 836.285
6.54294  4.46308e-06 850.757
6.60837  4.4293e-06 865.487
6.67445  4.39574e-06 880.479
6.7412  4.36242e-06 895.739
6.80861  4.32933e-06 911.271
6.8767  4.29646e-06 927.081
6.94546  4.26382e-06 943.173
7.01492  4.23141e-06 959.553
7.08507  4.19922e-06 976.224
7.15592  4.16725e-06 993.194
7.22748  4.13551e-06 1010.47
7.29975  4.10398e-06 1028.05
7.37275  4.07267e-06 1045.94
7.44648  4.04158e-06 1064.16
7.52094  4.01071e-06 1082.7
7.59615  3.98005e-06 1101.57
7.67211  3.9496e-06 1120.78
7.74883  3.91937e-06 1140.33
7.82632  3.88934e-06 1160.23
7.90459  3.85953e-06 1180.49
7.98363  3.82992e-06 1201.11
8.06347  3.80053e-06 1222.1
8.1441  3.77133e-06 1243.46
8.22554  3.74234e-06 1265.21
8.3078  3.71356e-06 1287.35
8.39088  3.68498e-06 1309.88
8.47479  3.6566e-06 1332.82
8.55953  3.62841e-06 1356.17
8.64513  3.60043e-06 1379.93
8.73158  3.57264e-06 1404.13
8.8189  3.54505e-06 1428.75
8.90709  3.51766e-06 1453.82
8.99616  3.49046e-06 1479.34
9.08612  3.46345e-06 1505.32
9.17698  3.43663e-06 1531.76
9.26875  3.41e-06 1558.68
9.36144  3.38357e-06 1586.09
9.45505  3.35732e-06 1613.98
9.5496  3.33125e-06 1642.38
9.6451  3.30537e-06 1671.28
9.74155  3.27968e-06 1700.71
9.83896  3.25417e-06 1730.67
9.93735  3.22884e-06 1761.16
10.0367  3.2037e-06 1792.21
10.1371  3.17873e-06 1823.81
10.2385  3.15394e-06 1855.98
10.3409  3.12933e-06 1888.74
10.4443  3.1049e-06 1922.08
10.5487  3.08064e-06 1956.03
10.6542  3.05656e-06 1990.58
10.7607  3.03265e-06 2025.77
10.8683  3.00892e-06 2061.58
10.977  2.98535e-06 2098.05
11.0868  2.96196e-06 2135.17
11.1977  2.93873e-06 2172.97
11.3096  2.91567e-06 2211.45
11.4227  2.89278e-06 2250.62
11.537  2.87006e-06 2290.5
11.6523  2.8475e-06 2331.11
11.7689  2.8251e-06 2372.45
11.8865  2.80287e-06 2414.54
12.0054  2.7808e-06 2457.39
12.1255  2.75889e-06 2501.01
12.2467  2.73714e-06 2545.43
12.3692  2.71555e-06 2590.65
12.4929  2.69411e-06 2636.7
12.6178  2.67284e-06 2683.57
12.744  2.65172e-06 2731.3
12.8714  2.63075e-06 2779.89
13.0001  2.60994e-06 2829.36
13.1301  2.58928e-06 2879.73
13.2614  2.56877e-06 2931.01
13.3941  2.54842e-06 2983.22
13.528  2.52821e-06 3036.38
13.6633  2.50816e-06 3090.5
13.7999  2.48825e-06 3145.6
13.9379  2.46849e-06 3201.7
14.0773  2.44887e-06 3258.82
14.2181  2.4294e-06 3316.97
14.3602  2.41007e-06 3376.17
14.5038  2.39089e-06 3436.45
14.6489  2.37185e-06 3497.82
14.7954  2.35295e-06 3560.3
14.9433  2.33419e-06 3623.91
15.0928  2.31557e-06 3688.67
15.2437  2.29709e-06 3754.61
15.3961  2.27875e-06 3821.74
15.5501  2.26055e-06 3890.08
15.7056  2.24248e-06 3959.66
15.8626  2.22454e-06 4030.51
16.0213  2.20674e-06 4102.63
16.1815  2.18907e-06 4176.06
16.3433  2.17154e-06 4250.83
16.5067  2.15414e-06 4326.95
16.6718  2.13686e-06 4404.44
16.8385  2.11972e-06 4483.35
17.0069  2.10271e-06 4563.68
17.177  2.08582e-06 4645.47
17.3487  2.06907e-06 4728.75
17.5222  2.05243e-06 4813.53
17.6974  2.03593e-06 4899.86
17.8744  2.01955e-06 4987.75
18.0532  2.00324e-06 5077.24
18.2337  1.98704e-06 5168.35
18.416  1.97097e-06 5261.12
18.6002  1.95502e-06 5355.57
18.7862  1.9392e-06 5451.74
18.9741  1.92351e-06 5549.66
19.1638  1.90793e-06 5649.36
19.3554  1.89248e-06 5750.87
19.549  1.87715e-06 5854.22
19.7445  1.86194e-06 5959.46
19.9419  1.84685e-06 6066.61
20.1413  1.83188e-06 6175.71
20.3427  1.81702e-06 6286.79
20.5462  1.80229e-06 6399.9
20.7516  1.78767e-06 6515.06
20.9592  1.77316e-06 6632.32
21.1687  1.75877e-06 6751.72
21.3804  1.74449e-06 6873.29
21.5942  1.73033e-06 6997.07
21.8102  1.71627e-06 7123.1
22.0283  1.70233e-06 7251.43
22.2486  1.6885e-06 7382.1
22.4711  1.67478e-06 7515.15
22.6958  1.66117e-06 7650.62
22.9227  1.64766e-06 7788.56
23.1519  1.63426e-06 7929.02
23.3835  1.62097e-06 8072.03
23.6173  1.60779e-06 8217.65
23.8535  1.59471e-06 8365.93
24.092  1.58173e-06 8516.91
24.3329  1.56885e-06 8670.64
24.5763  1.55608e-06 8827.18
24.822  1.54341e-06 8986.57
25.0702  1.53085e-06 9148.87
25.3209  1.51838e-06 9314.13
25.5742  1.50601e-06 9482.41
25.8299  1.49374e-06 9653.75
26.0882  1.48157e-06 9828.22
26.3491  1.46949e-06 10005.9
26.6126  1.45751e-06 10186.8
26.8787  1.44563e-06 10371
27.1475  1.43384e-06 10558.5
27.419  1.42215e-06 10749.5
27.6931  1.41055e-06 10944
27.9701  1.39904e-06 11142
28.2498  1.38762e-06 11343.7
28.5323  1.3763e-06 11549
28.8176  1.36506e-06 11758.1
29.1058  1.35391e-06 11971
29.3968  1.34285e-06 12187.8
29.6908  1.33188e-06 12408.5
29.9877  1.321e-06 12633.3
30.2876  1.31021e-06 12862.2
30.5905  1.2995e-06 13095.3
30.8964  1.28887e-06 13332.6
31.2053  1.27834e-06 13574.3
31.5174  1.26789e-06 13820.4
31.8326  1.25752e-06 14071
32.1509  1.24723e-06 14326.2
32.4724  1.23703e-06 14586
32.7971  1.22691e-06 14850.6
33.1251  1.21687e-06 15120.1
33.4563  1.20692e-06 15394.4
33.7909  1.19704e-06 15673.8
34.1288  1.18725e-06 15958.3
34.4701  1.17753e-06 16248
34.8148  1.16789e-06 16543
35.1629  1.15833e-06 16843.4
35.5146  1.14885e-06 17149.3
35.8697  1.13944e-06 17460.8
36.2284  1.13011e-06 17778
36.5907  1.12086e-06 18101
36.9566  1.11168e-06 18430
37.3262  1.10258e-06 18764.9
37.6994  1.09355e-06 19106
38.0764  1.08459e-06 19453.3
38.4572  1.07571e-06 19807
38.8418  1.06689e-06 20167.1
39.2302  1.05815e-06 20533.9
39.6225  1.04949e-06 20907.3
40.0187  1.04089e-06 21287.6
40.4189  1.03236e-06 21674.9
40.8231  1.0239e-06 22069.3
41.2313  1.0155e-06 22470.8
41.6436  1.00718e-06 22879.8
42.0601  9.98923e-07 23296.2
42.4807  9.90734e-07 23720.2
42.9055  9.82612e-07 24152.1
43.3345  9.74556e-07 24591.8
43.7679  9.66566e-07 25039.6
44.2056  9.58641e-07 25495.6
44.6476  9.50781e-07 25959.9
45.0941  9.42986e-07 26432.8
45.545  9.35254e-07 26914.3
46.0005  9.27586e-07 27404.6
46.4605  9.1998e-07 27903.9
46.9251  9.12437e-07 28412.4
47.3943  9.04956e-07 28930.2
47.8683  8.97536e-07 29457.5
48.347  8.90177e-07 29994.4
48.8304  8.82879e-07 30541.2
49.3187  8.7564e-07 31098
49.8119  8.68461e-07 31665
50.31  8.61341e-07 32242.3
50.8131  8.54279e-07 32830.3
51.3213  8.47276e-07 33429
51.8345  8.4033e-07 34038.8
52.3528  8.33442e-07 34659.6
52.8764  8.2661e-07 35291.9
53.4051  8.19835e-07 35935.7
53.9392  8.13115e-07 36591.4
54.4786  8.06451e-07 37259
55.0234  7.99842e-07 37938.9
55.5736  7.93287e-07 38631.2
56.1293  7.86787e-07 39336.3
56.6906  7.8034e-07 40054.2
57.2575  7.73946e-07 40785.3
57.8301  7.67606e-07 41529.8
58.4084  7.61317e-07 42287.9
58.9925  7.5508e-07 43060
59.5824  7.48894e-07 43846.1
60.1782  7.42759e-07 44646.7
60.78  7.36675e-07 45461.9
61.3878  7.30641e-07 46292.1
62.0017  7.24658e-07 47137.5
62.6217  7.18724e-07 47998.4
63.2479  7.12839e-07 48875
63.8804  7.07003e-07 49767.7
64.5192  7.01215e-07 50676.7
65.1644  6.95475e-07 51602.4
65.816  6.89783e-07 52545.1
66.4742  6.84139e-07 53505
67.1389  6.78541e-07 54482.5
67.8103  6.72989e-07 55477.9
68.4884  6.67484e-07 56491.5
69.1733  6.62025e-07 57523.7
69.8651  6.56611e-07 58574.8
70.5637  6.51242e-07 59645.1
71.2693  6.45918e-07 60735
71.982  6.40638e-07 61844.9
72.7019  6.35402e-07 62975.1
73.4289  6.3021e-07 64126
74.1632  6.25061e-07 65297.9
74.9048  6.19955e-07 66491.3
75.6538  6.14891e-07 67706.5
76.4104  6.0987e-07 68944
77.1745  6.04891e-07 70204.1
77.9462  5.99953e-07 71487.3
78.7257  5.95057e-07 72794
79.513  5.90202e-07 74124.5
80.3081  5.85387e-07 75479.4
81.1112  5.80612e-07 76859.1
81.9223  5.75878e-07 78264
82.7415  5.71183e-07 79694.6
83.5689  5.66528e-07 81151.3
84.4046  5.61911e-07 82634.7
85.2486  5.57333e-07 84145.2
86.1011  5.52794e-07 85683.3
86.9621  5.48292e-07 87249.6
87.8318  5.43829e-07 88844.4
88.7101  5.39403e-07 90468.4
89.5972  5.35014e-07 92122.1
90.4932  5.30662e-07 93806
91.3981  5.26346e-07 95520.6
92.3121  5.22067e-07 97266.6
93.2352  5.17824e-07 99044.5
94.1675  5.13616e-07 100855
95.1092  5.09444e-07 102698
96.0603  5.05307e-07 104575
97.0209  5.01205e-07 106487
97.9911  4.97138e-07 108433
98.971  4.93105e-07 110414
99.9607  4.89105e-07 112432
100.96  4.8514e-07 114487
101.97  4.81208e-07 116579
102.99  4.77309e-07 118709
104.02  4.73443e-07 120879
105.06  4.6961e-07 123087
106.11  4.65809e-07 125336
107.171  4.62041e-07 127626
108.243  4.58304e-07 129958
109.326  4.54599e-07 132332
110.419  4.50925e-07 134750
111.523  4.47282e-07 137211
112.638  4.4367e-07 139717
113.765  4.40089e-07 142269
114.902  4.36538e-07 144868
116.051  4.33017e-07 147513
117.212  4.29526e-07 150207
118.384  4.26065e-07 152950
119.568  4.22633e-07 155743
120.763  4.19231e-07 158587
121.971  4.15857e-07 161482
123.191  4.12511e-07 164430
124.423  4.09195e-07 167431
125.667  4.05906e-07 170487
126.924  4.02646e-07 173599
128.193  3.99413e-07 176767
129.475  3.96208e-07 179993
130.77  3.9303e-07 183277
132.077  3.89879e-07 186621
133.398  3.86755e-07 190025
134.732  3.83658e-07 193492
136.079  3.80587e-07 197021
137.44  3.77542e-07 200614
138.814  3.74523e-07 204273
140.203  3.7153e-07 207997
141.605  3.68563e-07 211790
143.021  3.65621e-07 215651
144.451  3.62704e-07 219582
145.895  3.59812e-07 223584
147.354  3.56945e-07 227658
148.828  3.54102e-07 231807
150.316  3.51284e-07 236030
151.819  3.4849e-07 240330
153.338  3.4572e-07 244707
154.871  3.42974e-07 249164
156.42  3.40251e-07 253701
157.984  3.37551e-07 258321
159.564  3.34875e-07 263023
161.159  3.32222e-07 267811
162.771  3.29591e-07 272685
164.399  3.26983e-07 277647
166.043  3.24398e-07 282699
167.703  3.21835e-07 287842
169.38  3.19294e-07 293077
171.074  3.16774e-07 298407
172.785  3.14277e-07 303833
174.512  3.11801e-07 309357
176.258  3.09346e-07 314980
178.02  3.06912e-07 320704
179.8  3.045e-07 326532
181.598  3.02108e-07 332464
183.414  2.99737e-07 338503
185.248  2.97387e-07 344651
187.101  2.95056e-07 350909
188.972  2.92746e-07 357279
190.862  2.90456e-07 363764
192.77  2.88186e-07 370365
194.698  2.85935e-07 377085
196.645  2.83704e-07 383926
198.611  2.81492e-07 390889
200.598  2.79299e-07 397977
202.604  2.77126e-07 405192
204.63  2.74971e-07 412536
206.676  2.72835e-07 420011
208.743  2.70717e-07 427621
210.83  2.68618e-07 435366
212.938  2.66537e-07 443250
215.068  2.64475e-07 451275
217.218  2.6243e-07 459443
219.391  2.60403e-07 467757
221.584  2.58393e-07 476219
223.8  2.56401e-07 484833
226.038  2.54427e-07 493600
228.299  2.5247e-07 502524
230.582  2.50529e-07 511606
232.888  2.48606e-07 520851
235.216  2.467e-07 530260
237.569  2.4481e-07 539837
239.944  2.42936e-07 549584
242.344  2.41079e-07 559505
244.767  2.39239e-07 569602
247.215  2.37414e-07 579878
249.687  2.35606e-07 590337
252.184  2.33813e-07 600982
254.706  2.32036e-07 611814
257.253  2.30274e-07 622839
259.825  2.28528e-07 634059
262.423  2.26798e-07 645477
265.048  2.25082e-07 657097
267.698  2.23382e-07 668922
270.375  2.21696e-07 680955
273.079  2.20026e-07 693201
275.81  2.1837e-07 705663
278.568  2.16728e-07 718345
281.354  2.15101e-07 731250
284.167  2.13489e-07 744383
287.009  2.11891e-07 757748
289.879  2.10306e-07 771348
292.778  2.08736e-07 785189
295.705  2.0718e-07 799274
298.662  2.05637e-07 813607
301.649  2.04108e-07 828194
304.666  2.02593e-07 843038
307.712  2.01091e-07 858144
310.789  1.99602e-07 873518
313.897  1.98127e-07 889165
317.036  1.96664e-07 905089
320.207  1.95215e-07 921297
323.409  1.93778e-07 937793
326.643  1.92354e-07 954582
329.909  1.90943e-07 971672
333.208  1.89545e-07 989066
336.54  1.88159e-07 1.00677e+06
339.906  1.86785e-07 1.0248e+06
343.305  1.85423e-07 1.04314e+06
346.738  1.84074e-07 1.06181e+06
350.205  1.82736e-07 1.08082e+06
353.707  1.81411e-07 1.10017e+06
357.244  1.80097e-07 1.11986e+06
360.817  1.78795e-07 1.1399e+06
364.425  1.77505e-07 1.16031e+06
368.069  1.76227e-07 1.18107e+06
371.75  1.74959e-07 1.20221e+06
375.467  1.73704e-07 1.22372e+06
379.222  1.72459e-07 1.24562e+06
383.014  1.71226e-07 1.2679e+06
386.844  1.70003e-07 1.29058e+06
390.713  1.68792e-07 1.31367e+06
394.62  1.67591e-07 1.33716e+06
398.566  1.66402e-07 1.36107e+06
402.552  1.65223e-07 1.38541e+06
406.577  1.64055e-07 1.41017e+06
410.643  1.62897e-07 1.43537e+06
414.75  1.61749e-07 1.46102e+06
418.897  1.60613e-07 1.48712e+06
423.086  1.59486e-07 1.51368e+06
427.317  1.58369e-07 1.5407e+06
431.59  1.57263e-07 1.5682e+06
435.906  1.56167e-07 1.59619e+06
440.265  1.5508e-07 1.62466e+06
444.668  1.54004e-07 1.65363e+06
449.114  1.52937e-07 1.68312e+06
453.605  1.5188e-07 1.71311e+06
458.142  1.50832e-07 1.74363e+06
462.723  1.49794e-07 1.77469e+06
467.35  1.48766e-07 1.80628e+06
472.024  1.47747e-07 1.83843e+06
476.744  1.46737e-07 1.87114e+06
481.511  1.45736e-07 1.90442e+06
486.326  1.44745e-07 1.93827e+06
491.19  1.43762e-07 1.97272e+06
496.102  1.42789e-07 2.00776e+06
501.063  1.41825e-07 2.04341e+06
506.073  1.40869e-07 2.07967e+06
511.134  1.39922e-07 2.11657e+06
516.245  1.38984e-07 2.1541e+06
521.408  1.38054e-07 2.19228e+06
526.622  1.37133e-07 2.23112e+06
531.888  1.36221e-07 2.27062e+06
537.207  1.35317e-07 2.31081e+06
542.579  1.34421e-07 2.35169e+06
548.005  1.33534e-07 2.39327e+06
553.485  1.32654e-07 2.43556e+06
559.02  1.31783e-07 2.47857e+06
564.61  1.3092e-07 2.52233e+06
570.256  1.30065e-07 2.56682e+06
575.959  1.29218e-07 2.61208e+06
581.718  1.28379e-07 2.65812e+06
587.535  1.27548e-07 2.70493e+06
593.411  1.26724e-07 2.75254e+06
599.345  1.25908e-07 2.80096e+06
605.338  1.251e-07 2.85021e+06
611.392  1.24299e-07 2.90028e+06
617.506  1.23505e-07 2.95121e+06
623.681  1.2272e-07 3.00299e+06
629.917  1.21941e-07 3.05566e+06
636.217  1.2117e-07 3.10921e+06
642.579  1.20406e-07 3.16366e+06
649.005  1.19649e-07 3.21903e+06
655.495  1.18899e-07 3.27533e+06
662.05  1.18157e-07 3.33257e+06
668.67  1.17421e-07 3.39077e+06
675.357  1.16693e-07 3.44995e+06
682.11  1.15971e-07 3.51012e+06
688.931  1.15256e-07 3.57129e+06
695.821  1.14548e-07 3.63349e+06
702.779  1.13846e-07 3.69671e+06
709.807  1.13152e-07 3.76099e+06
716.905  1.12464e-07 3.82634e+06
724.074  1.11782e-07 3.89278e+06
731.315  1.11107e-07 3.96031e+06
738.628  1.10438e-07 4.02896e+06
746.014  1.09776e-07 4.09875e+06
753.474  1.0912e-07 4.16968e+06
761.009  1.08471e-07 4.24179e+06
768.619  1.07828e-07 4.31508e+06
776.305  1.0719e-07 4.38958e+06
784.068  1.06559e-07 4.46529e+06
791.909  1.05935e-07 4.54225e+06
799.828  1.05316e-07 4.62047e+06
807.826  1.04703e-07 4.69997e+06
815.905  1.04096e-07 4.78076e+06
824.064  1.03495e-07 4.86287e+06
832.304  1.029e-07 4.94632e+06
840.627  1.0231e-07 5.03112e+06
849.034  1.01727e-07 5.11729e+06
857.524  1.01149e-07 5.20486e+06
866.099  1.00577e-07 5.29385e+06
874.76  1.0001e-07 5.38427e+06
883.508  9.9449e-08 5.47615e+06
892.343  9.88935e-08 5.56951e+06
901.266  9.83434e-08 5.66437e+06
910.279  9.77988e-08 5.76075e+06
919.382  9.72595e-08 5.85867e+06
928.575  9.67256e-08 5.95817e+06
937.861  9.61969e-08 6.05925e+06
947.24  9.56736e-08 6.16194e+06
956.712  9.51554e-08 6.26626e+06
966.279  9.46424e-08 6.37225e+06
975.942  9.41346e-08 6.47991e+06
985.702  9.36318e-08 6.58928e+06
995.559  9.31341e-08 6.70038e+06
