0.001  0.17256 6.97809e-05
0.00101  0.172845 7.0129e-05
0.0010201  0.173133 7.04787e-05
0.0010303  0.173423 7.08303e-05
0.0010406  0.173715 7.11835e-05
0.00105101  0.174009 7.15386e-05
0.00106152  0.174306 7.18954e-05
0.00107214  0.174605 7.22539e-05
0.00108286  0.174907 7.26143e-05
0.00109369  0.17521 7.29765e-05
0.00110462  0.175517 7.33405e-05
0.00111567  0.175826 7.37062e-05
0.00112683  0.176137 7.40739e-05
0.00113809  0.176424 7.44433e-05
0.00114947  0.176662 7.48146e-05
0.00116097  0.176901 7.51877e-05
0.00117258  0.177143 7.55627e-05
0.0011843  0.177386 7.59396e-05
0.00119615  0.177631 7.63184e-05
0.00120811  0.177878 7.6699e-05
0.00122019  0.178126 7.70816e-05
0.00123239  0.178377 7.7466e-05
0.00124472  0.178629 7.78524e-05
0.00125716  0.178883 7.82407e-05
0.00126973  0.179139 7.86309e-05
0.00128243  0.179397 7.90231e-05
0.00129526  0.179657 7.94172e-05
0.00130821  0.179919 7.98133e-05
0.00132129  0.180183 8.02114e-05
0.0013345  0.180448 8.06114e-05
0.00134785  0.180716 8.10135e-05
0.00136133  0.180986 8.14176e-05
0.00137494  0.181257 8.18236e-05
0.00138869  0.181531 8.22317e-05
0.00140258  0.181807 8.26419e-05
0.0014166  0.182084 8.3054e-05
0.00143077  0.182295 8.34683e-05
0.00144508  0.182501 8.38846e-05
0.00145953  0.182709 8.4303e-05
0.00147412  0.182918 8.47234e-05
0.00148886  0.183128 8.5146e-05
0.00150375  0.18334 8.55707e-05
0.00151879  0.183553 8.59975e-05
0.00153398  0.183767 8.64264e-05
0.00154932  0.183983 8.68574e-05
0.00156481  0.1842 8.72906e-05
0.00158046  0.184419 8.7726e-05
0.00159626  0.184639 8.81635e-05
0.00161223  0.18486 8.86033e-05
0.00162835  0.185083 8.90452e-05
0.00164463  0.185308 8.94893e-05
0.00166108  0.185534 8.99356e-05
0.00167769  0.185761 9.03842e-05
0.00169447  0.18599 9.0835e-05
0.00171141  0.186221 9.1288e-05
0.00172852  0.186453 9.17433e-05
0.00174581  0.186687 9.22009e-05
0.00176327  0.186922 9.26608e-05
0.0017809  0.187159 9.31229e-05
0.00179871  0.187397 9.35783e-05
0.0018167  0.187637 9.40305e-05
0.00183486  0.187878 9.44883e-05
0.00185321  0.188121 9.49517e-05
0.00187174  0.188366 9.54206e-05
0.00189046  0.188613 9.58951e-05
0.00190937  0.188861 9.6375e-05
0.00192846  0.18911 9.68602e-05
0.00194774  0.189362 9.73507e-05
0.00196722  0.189615 9.78465e-05
0.00198689  0.189869 9.83473e-05
0.00200676  0.190126 9.88531e-05
0.00202683  0.190384 9.93394e-05
0.0020471  0.190644 9.98291e-05
0.00206757  0.190906 0.000100323
0.00208825  0.191169 0.000100821
0.00210913  0.191435 0.000101324
0.00213022  0.191688 0.00010183
0.00215152  0.19188 0.00010234
0.00217304  0.192073 0.000102853
0.00219477  0.192266 0.00010337
0.00221672  0.192461 0.00010389
0.00223888  0.192657 0.000104412
0.00226127  0.192854 0.000104936
0.00228388  0.193051 0.00010546
0.00230672  0.19325 0.000105986
0.00232979  0.193451 0.000106515
0.00235309  0.193652 0.000107046
0.00237662  0.193854 0.00010758
0.00240038  0.194058 0.000108116
0.00242439  0.194262 0.000108655
0.00244863  0.194468 0.000109197
0.00247312  0.194675 0.000109741
0.00249785  0.194882 0.000110289
0.00252283  0.195092 0.000110839
0.00254806  0.195302 0.000111391
0.00257354  0.195513 0.000111946
0.00259927  0.195726 0.000112504
0.00262527  0.195939 0.000113066
0.00265152  0.196154 0.000113629
0.00267803  0.196371 0.000114196
0.00270481  0.196588 0.000114766
0.00273186  0.196806 0.000115338
0.00275918  0.197026 0.000115914
0.00278677  0.197247 0.000116492
0.00281464  0.197469 0.000117073
0.00284279  0.197678 0.000117657
0.00287121  0.197847 0.000118244
0.00289993  0.198017 0.000118834
0.00292893  0.198187 0.000119427
0.00295822  0.198358 0.000120022
0.0029878  0.198529 0.000120621
0.00301768  0.198702 0.000121223
0.00304785  0.198875 0.000121827
0.00307833  0.199048 0.000122435
0.00310911  0.199223 0.000123045
0.0031402  0.199398 0.000123659
0.00317161  0.199574 0.000124276
0.00320332  0.19975 0.000124895
0.00323536  0.199928 0.000125518
0.00326771  0.200106 0.000126144
0.00330039  0.200284 0.000126773
0.00333339  0.200464 0.000127406
0.00336672  0.200644 0.000128041
0.00340039  0.200824 0.00012868
0.0034344  0.201006 0.000129322
0.00346874  0.201188 0.000129967
0.00350343  0.201371 0.000130615
0.00353846  0.201555 0.000131266
0.00357385  0.201739 0.000131921
0.00360958  0.201924 0.000132579
0.00364568  0.20211 0.00013324
0.00368214  0.202297 0.000133905
0.00371896  0.202484 0.000134572
0.00375615  0.202672 0.000135244
0.00379371  0.202861 0.000135918
0.00383165  0.203051 0.000136596
0.00386996  0.203241 0.000137277
0.00390866  0.203432 0.000137962
0.00394775  0.203624 0.00013865
0.00398723  0.203816 0.000139342
0.0040271  0.20401 0.000140036
0.00406737  0.204204 0.000140735
0.00410804  0.204398 0.000141437
0.00414912  0.204594 0.000142142
0.00419062  0.20479 0.000142851
0.00423252  0.204987 0.000143564
0.00427485  0.205162 0.00014428
0.0043176  0.205316 0.000144999
0.00436077  0.205469 0.000145722
0.00440438  0.205624 0.000146449
0.00444842  0.205778 0.00014718
0.00449291  0.205933 0.000147914
0.00453784  0.206088 0.000148651
0.00458321  0.206243 0.000149393
0.00462905  0.206398 0.000150138
0.00467534  0.206554 0.000150887
0.00472209  0.20671 0.000151639
0.00476931  0.206867 0.000152396
0.004817  0.207024 0.000153156
0.00486517  0.207181 0.000153919
0.00491383  0.207338 0.000154687
0.00496296  0.207495 0.000155459
0.00501259  0.207653 0.000156234
0.00506272  0.207811 0.000157013
0.00511335  0.207969 0.000157796
0.00516448  0.208128 0.000158583
0.00521613  0.208286 0.000159374
0.00526829  0.208445 0.000160169
0.00532097  0.208605 0.000160968
0.00537418  0.208764 0.000161771
0.00542792  0.208924 0.000162578
0.0054822  0.209084 0.000163388
0.00553702  0.209244 0.000164203
0.00559239  0.209404 0.000165022
0.00564832  0.209565 0.000165845
0.0057048  0.209714 0.000166672
0.00576185  0.209857 0.000167504
0.00581947  0.21 0.000168339
0.00587766  0.210142 0.000169179
0.00593644  0.210285 0.000170023
0.0059958  0.210427 0.000170871
0.00605576  0.21057 0.000171723
0.00611632  0.210712 0.000172579
0.00617748  0.210855 0.00017344
0.00623926  0.210997 0.000174305
0.00630165  0.211139 0.000175174
0.00636466  0.211282 0.000176048
0.00642831  0.211424 0.000176926
0.00649259  0.211566 0.000177808
0.00655752  0.211708 0.000178695
0.0066231  0.21185 0.000179587
0.00668933  0.211992 0.000180482
0.00675622  0.212134 0.000181382
0.00682378  0.212276 0.000182287
0.00689202  0.212417 0.000183196
0.00696094  0.212559 0.00018411
0.00703055  0.2127 0.000185028
0.00710085  0.21284 0.000185951
0.00717186  0.212977 0.000186878
0.00724358  0.213114 0.00018781
0.00731602  0.21325 0.000188747
0.00738918  0.213386 0.000189689
0.00746307  0.213522 0.000190635
0.0075377  0.213657 0.000191585
0.00761308  0.213793 0.000192541
0.00768921  0.213928 0.000193501
0.0077661  0.214063 0.000194466
0.00784376  0.214197 0.000195436
0.0079222  0.214331 0.000196411
0.00800142  0.214465 0.00019739
0.00808144  0.214599 0.000198375
0.00816225  0.214732 0.000199364
0.00824387  0.214865 0.000200359
0.00832631  0.214997 0.000201358
0.00840957  0.215129 0.000202362
0.00849367  0.215261 0.000203372
0.00857861  0.215395 0.000204386
0.00866439  0.21553 0.000205405
0.00875104  0.215664 0.00020643
0.00883855  0.215798 0.000207459
0.00892693  0.215931 0.000208494
0.0090162  0.216064 0.000209534
0.00910636  0.216197 0.000210579
0.00919743  0.216329 0.000211629
0.0092894  0.216461 0.000212685
0.0093823  0.216592 0.000213745
0.00947612  0.216722 0.000214812
0.00957088  0.216853 0.000215883
0.00966659  0.216982 0.00021696
0.00976325  0.217111 0.000218042
0.00986089  0.21724 0.000219129
0.0099595  0.217368 0.000220222
0.0100591  0.217495 0.00022132
0.0101597  0.217622 0.000222424
0.0102613  0.217748 0.000223534
0.0103639  0.217873 0.000224648
0.0104675  0.217998 0.000225769
0.0105722  0.218122 0.000226895
0.0106779  0.218246 0.000228027
0.0107847  0.218369 0.000229164
0.0108926  0.218491 0.000230307
0.0110015  0.218612 0.000231455
0.0111115  0.218733 0.00023261
0.0112226  0.218853 0.00023377
0.0113348  0.218972 0.000234936
0.0114482  0.219112 0.000236108
0.0115627  0.219253 0.000237285
0.0116783  0.219393 0.000238469
0.0117951  0.219533 0.000239658
0.011913  0.219672 0.000240853
0.0120322  0.219811 0.000242055
0.0121525  0.219948 0.000243262
0.012274  0.220085 0.000244475
0.0123967  0.220222 0.000245695
0.0125207  0.220357 0.00024692
0.0126459  0.220492 0.000248151
0.0127724  0.220627 0.000249389
0.0129001  0.22076 0.000250633
0.0130291  0.220893 0.000251883
0.0131594  0.221025 0.000253139
0.013291  0.221156 0.000254401
0.0134239  0.221286 0.00025567
0.0135581  0.221415 0.000256945
0.0136937  0.221544 0.000258227
0.0138307  0.221671 0.000259515
0.013969  0.221798 0.000260809
0.0141086  0.221923 0.00026211
0.0142497  0.222073 0.000263417
0.0143922  0.222247 0.000264731
0.0145362  0.222419 0.000266052
0.0146815  0.222592 0.000267379
0.0148283  0.222764 0.000268713
0.0149766  0.222935 0.000270053
0.0151264  0.223105 0.0002714
0.0152776  0.223276 0.000272754
0.0154304  0.223445 0.000274115
0.0155847  0.223614 0.000275482
0.0157406  0.223782 0.000276856
0.015898  0.22395 0.000278236
0.016057  0.224116 0.000279623
0.0162175  0.224283 0.000281017
0.0163797  0.224448 0.000282418
0.0165435  0.224613 0.000283826
0.0167089  0.224777 0.000285241
0.016876  0.22494 0.000286663
0.0170448  0.225102 0.000288092
0.0172152  0.225264 0.000289528
0.0173874  0.225425 0.000290972
0.0175613  0.225584 0.000292423
0.0177369  0.225743 0.000293882
0.0179142  0.225902 0.000295348
0.0180934  0.226059 0.000296822
0.0182743  0.226215 0.000298304
0.0184571  0.226371 0.000299794
0.0186416  0.226525 0.000301292
0.018828  0.226678 0.000302797
0.0190163  0.226831 0.000304311
0.0192065  0.226982 0.000305833
0.0193986  0.227132 0.000307363
0.0195925  0.227281 0.000308902
0.0197885  0.227429 0.000310448
0.0199864  0.227576 0.000312003
0.0201862  0.227722 0.000313567
0.0203881  0.227866 0.000315139
0.020592  0.228009 0.00031672
0.0207979  0.228151 0.000318309
0.0210059  0.228292 0.000319907
0.0212159  0.228431 0.000321512
0.0214281  0.228636 0.000323126
0.0216424  0.22886 0.000324749
0.0218588  0.229084 0.000326379
0.0220774  0.229308 0.000328017
0.0222981  0.22953 0.000329664
0.0225211  0.229753 0.000331318
0.0227463  0.229975 0.00033298
0.0229738  0.230196 0.000334651
0.0232035  0.230416 0.000336329
0.0234356  0.230636 0.000338014
0.0236699  0.230855 0.000339708
0.0239066  0.231074 0.00034141
0.0241457  0.231292 0.00034312
0.0243871  0.231509 0.000344837
0.024631  0.231725 0.000346563
0.0248773  0.231941 0.000348297
0.0251261  0.232156 0.000350039
0.0253774  0.232369 0.000351789
0.0256311  0.232583 0.000353547
0.0258874  0.232795 0.000355314
0.0261463  0.233006 0.000357089
0.0264078  0.233217 0.000358872
0.0266719  0.233426 0.000360664
0.0269386  0.233635 0.000362464
0.027208  0.233843 0.000364274
0.02748  0.234049 0.000366091
0.0277548  0.234255 0.000367918
0.0280324  0.23446 0.000369754
0.0283127  0.234663 0.000371599
0.0285958  0.234963 0.000373453
0.0288818  0.23528 0.000375316
0.0291706  0.235597 0.000377189
0.0294623  0.235913 0.000379071
0.029757  0.23623 0.000380963
0.0300545  0.236547 0.000382863
0.0303551  0.236863 0.000384774
0.0306586  0.23718 0.000386693
0.0309652  0.237496 0.000388623
0.0312749  0.237813 0.000390562
0.0315876  0.238129 0.00039251
0.0319035  0.238445 0.000394468
0.0322225  0.238761 0.000396436
0.0325447  0.239076 0.000398414
0.0328702  0.239392 0.000400401
0.0331989  0.239707 0.000402398
0.0335309  0.240022 0.000404405
0.0338662  0.240336 0.000406422
0.0342049  0.240651 0.000408449
0.0345469  0.240965 0.000410485
0.0348924  0.241279 0.000412532
0.0352413  0.241592 0.000414589
0.0355937  0.241905 0.000416655
0.0359496  0.242217 0.000418732
0.0363091  0.24253 0.000420819
0.0366722  0.242841 0.000422916
0.037039  0.243153 0.000425024
0.0374093  0.243464 0.000427142
0.0377834  0.243774 0.00042927
0.0381613  0.244084 0.000431409
0.0385429  0.244393 0.000433558
0.0389283  0.244702 0.000435718
0.0393176  0.24501 0.000437889
0.0397108  0.245317 0.000440071
0.0401079  0.245624 0.000442263
0.040509  0.24593 0.000444467
0.040914  0.246235 0.000446682
0.0413232  0.24654 0.000448908
0.0417364  0.246844 0.000451146
0.0421538  0.247147 0.000453394
0.0425753  0.247464 0.000455654
0.0430011  0.247904 0.000457925
0.0434311  0.248344 0.000460208
0.0438654  0.248785 0.000462502
0.044304  0.249226 0.000464807
0.0447471  0.249668 0.000467124
0.0451946  0.250111 0.000469453
0.0456465  0.250553 0.000471793
0.046103  0.250997 0.000474145
0.046564  0.25144 0.000476509
0.0470296  0.251884 0.000478884
0.0474999  0.252329 0.000481271
0.0479749  0.252774 0.000483671
0.0484547  0.253219 0.000486082
0.0489392  0.253665 0.000488505
0.0494286  0.254111 0.00049094
0.0499229  0.254557 0.000493388
0.0504221  0.255003 0.000495848
0.0509264  0.25545 0.00049832
0.0514356  0.255897 0.000500804
0.05195  0.256344 0.000503301
0.0524695  0.256792 0.000505811
0.0529942  0.257239 0.000508333
0.0535241  0.257687 0.000510867
0.0540594  0.258135 0.000513414
0.0546  0.258583 0.000515974
0.055146  0.259031 0.000518547
0.0556974  0.25948 0.000521132
0.0562544  0.259928 0.00052373
0.0568169  0.260398 0.000526342
0.0573851  0.260958 0.000528966
0.0579589  0.261519 0.000531603
0.0585385  0.262081 0.000534254
0.0591239  0.262644 0.000536917
0.0597152  0.263208 0.000539594
0.0603123  0.263774 0.000542285
0.0609154  0.26434 0.000544988
0.0615246  0.264908 0.000547705
0.0621398  0.265477 0.000550436
0.0627612  0.266046 0.00055318
0.0633888  0.266617 0.000555937
0.0640227  0.267189 0.000558709
0.064663  0.267761 0.000561494
0.0653096  0.268335 0.000564293
0.0659627  0.268909 0.000567106
0.0666223  0.269485 0.000569933
0.0672885  0.270061 0.000572774
0.0679614  0.270639 0.000575629
0.068641  0.271217 0.000578499
0.0693275  0.271796 0.000581382
0.0700207  0.272376 0.00058428
0.0707209  0.272957 0.000587193
0.0714281  0.273607 0.000590119
0.0721424  0.27428 0.000593061
0.0728638  0.274954 0.000596017
0.0735925  0.27563 0.000598988
0.0743284  0.276307 0.000601974
0.0750717  0.276987 0.000604974
0.0758224  0.277668 0.00060799
0.0765806  0.27835 0.00061102
0.0773464  0.279035 0.000614065
0.0781199  0.27972 0.000617126
0.0789011  0.280408 0.000620202
0.0796901  0.281097 0.000623293
0.080487  0.281788 0.0006264
0.0812919  0.282481 0.000629522
0.0821048  0.283175 0.00063266
0.0829259  0.28387 0.000635813
0.0837551  0.284567 0.000638983
0.0845927  0.285266 0.000642168
0.0854386  0.28601 0.000645368
0.086293  0.286812 0.000648585
0.0871559  0.287617 0.000651818
0.0880275  0.288424 0.000655067
0.0889077  0.289233 0.000658332
0.0897968  0.290045 0.000661613
0.0906948  0.29086 0.000664911
0.0916017  0.291677 0.000668226
0.0925178  0.292496 0.000671557
0.0934429  0.293318 0.000674904
0.0943774  0.294143 0.000678268
0.0953211  0.29497 0.000681649
0.0962743  0.2958 0.000685047
0.0972371  0.296632 0.000688462
0.0982095  0.297467 0.000691894
0.0991916  0.298304 0.000695343
0.100183  0.299143 0.000698809
0.101185  0.299985 0.000702292
0.102197  0.30083 0.000705793
0.103219  0.301677 0.000709311
0.104251  0.302527 0.000712847
0.105294  0.303379 0.000716401
0.106347  0.304233 0.000719972
0.10741  0.30509 0.000723561
0.108484  0.305949 0.000727168
0.109569  0.306811 0.000730793
0.110665  0.307675 0.000734436
0.111772  0.308542 0.000738097
0.112889  0.309411 0.000741776
0.114018  0.310341 0.000745474
0.115158  0.311327 0.00074919
0.11631  0.312316 0.000752925
0.117473  0.313309 0.000756679
0.118648  0.314305 0.000760451
0.119834  0.315305 0.000764242
0.121033  0.316308 0.000768052
0.122243  0.317315 0.000771881
0.123465  0.318326 0.000775728
0.1247  0.31934 0.000779596
0.125947  0.320357 0.000783482
0.127206  0.321378 0.000787388
0.128478  0.322403 0.000791314
0.129763  0.323431 0.000795259
0.131061  0.324463 0.000799224
0.132372  0.325498 0.000803209
0.133695  0.326537 0.000807214
0.135032  0.327579 0.000811239
0.136383  0.328625 0.000815284
0.137746  0.329675 0.000819349
0.139124  0.330728 0.000823434
0.140515  0.331784 0.00082754
0.14192  0.332857 0.000831667
0.143339  0.334046 0.000835815
0.144773  0.335239 0.000839983
0.146221  0.336437 0.000844172
0.147683  0.33764 0.000848382
0.14916  0.338848 0.000852614
0.150651  0.340061 0.000856866
0.152158  0.341278 0.000861139
0.153679  0.342501 0.000865433
0.155216  0.343728 0.000869748
0.156768  0.34496 0.000874085
0.158336  0.346198 0.000878442
0.159919  0.34744 0.000882821
0.161518  0.348687 0.000887222
0.163134  0.349939 0.000891644
0.164765  0.351196 0.000896088
0.166413  0.352458 0.000900554
0.168077  0.353725 0.000905042
0.169757  0.354997 0.000909552
0.171455  0.356274 0.000914085
0.17317  0.357556 0.000918641
0.174901  0.358843 0.00092322
0.17665  0.360136 0.000927823
0.178417  0.361433 0.00093245
0.180201  0.362735 0.0009371
0.182003  0.364043 0.000941776
0.183823  0.365355 0.000946476
0.185661  0.366673 0.000951201
0.187518  0.367996 0.000955952
0.189393  0.369324 0.000960729
0.191287  0.370657 0.000965532
0.1932  0.371996 0.000970363
0.195132  0.373339 0.00097522
0.197083  0.374688 0.000980106
0.199054  0.376042 0.00098502
0.201045  0.377401 0.000989963
0.203055  0.378766 0.000994936
0.205086  0.380135 0.000999939
0.207136  0.38151 0.00100497
0.209208  0.38289 0.00101003
0.2113  0.384276 0.00101513
0.213413  0.385732 0.00102025
0.215547  0.387316 0.0010254
0.217702  0.388906 0.00103059
0.219879  0.390504 0.00103581
0.222078  0.392109 0.00104105
0.224299  0.393721 0.00104633
0.226542  0.39534 0.00105164
0.228807  0.396967 0.00105699
0.231095  0.398601 0.00106236
0.233406  0.400243 0.00106777
0.235741  0.401891 0.00107321
0.238098  0.403548 0.00107868
0.240479  0.405211 0.00108418
0.242884  0.406882 0.00108972
0.245313  0.408561 0.00109529
0.247766  0.410247 0.00110089
0.250243  0.411941 0.00110467
0.252746  0.413642 0.00110814
0.255273  0.41535 0.00111161
0.257826  0.417067 0.00111507
0.260404  0.418791 0.00111852
0.263008  0.420522 0.00112196
0.265638  0.422262 0.0011254
0.268295  0.424009 0.00112882
0.270978  0.425764 0.00113224
0.273687  0.427527 0.00113565
0.276424  0.429297 0.00113904
0.279189  0.431076 0.00114243
0.28198  0.432862 0.00114581
0.2848  0.434657 0.00114917
0.287648  0.436459 0.00115252
0.290525  0.43827 0.00115587
0.29343  0.440088 0.0011592
0.296364  0.441914 0.00116252
0.299328  0.443749 0.00116582
0.302321  0.445592 0.00116912
0.305344  0.447443 0.00117239
0.308398  0.449302 0.00117566
0.311482  0.451169 0.00117891
0.314597  0.453045 0.00118215
0.317743  0.454928 0.00118537
0.32092  0.456821 0.00118858
0.324129  0.458721 0.00119177
0.32737  0.46063 0.00119494
0.330644  0.462547 0.0011981
0.333951  0.464473 0.00120124
0.33729  0.466407 0.00120436
0.340663  0.46835 0.00120747
0.34407  0.470301 0.00121055
0.34751  0.472261 0.00121362
0.350985  0.474229 0.00121667
0.354495  0.476206 0.0012197
0.35804  0.478191 0.00122271
0.361621  0.480186 0.00122569
0.365237  0.482189 0.00122866
0.368889  0.4842 0.00123161
0.372578  0.486221 0.00123453
0.376304  0.48825 0.00123743
0.380067  0.490288 0.00124031
0.383868  0.492335 0.00124316
0.387706  0.494391 0.00124599
0.391583  0.496456 0.0012488
0.395499  0.49853 0.00125158
0.399454  0.500613 0.00125433
0.403449  0.502704 0.00125706
0.407483  0.504805 0.00125976
0.411558  0.506915 0.00126244
0.415674  0.509034 0.00126509
0.41983  0.511163 0.00126771
0.424029  0.5133 0.00127031
0.428269  0.515554 0.00127395
0.432552  0.517866 0.00127771
0.436877  0.520189 0.00128148
0.441246  0.522523 0.00128524
0.445658  0.524868 0.00128901
0.450115  0.527604 0.00129278
0.454616  0.530675 0.00129654
0.459162  0.533777 0.00130031
0.463754  0.53691 0.00130408
0.468391  0.540074 0.00130785
0.473075  0.543269 0.00131163
0.477806  0.546497 0.0013154
0.482584  0.549757 0.00131917
0.48741  0.553049 0.00132295
0.492284  0.556375 0.00132673
0.497207  0.559733 0.00133051
0.502179  0.563126 0.00133429
0.507201  0.566552 0.00133807
0.512273  0.570012 0.00134186
0.517396  0.573507 0.00134565
0.52257  0.577037 0.00134944
0.527795  0.580603 0.00135323
0.533073  0.584204 0.00135702
0.538404  0.587841 0.00136082
0.543788  0.591514 0.00136462
0.549226  0.595224 0.00136843
0.554718  0.598972 0.00137223
0.560265  0.602757 0.00137605
0.565868  0.606454 0.00137986
0.571527  0.610061 0.00138368
0.577242  0.613717 0.0013875
0.583014  0.61741 0.00139133
0.588844  0.62114 0.00139516
0.594733  0.624908 0.001399
0.60068  0.628713 0.00140284
0.606687  0.632556 0.00140669
0.612754  0.636438 0.00141054
0.618881  0.640358 0.0014144
0.62507  0.644318 0.00141826
0.631321  0.648317 0.00142213
0.637634  0.652356 0.00142601
0.644011  0.656436 0.00142989
0.650451  0.660556 0.00143378
0.656955  0.664718 0.00143768
0.663525  0.668921 0.00144158
0.67016  0.673167 0.00144549
0.676862  0.677454 0.00144941
0.68363  0.681785 0.00145334
0.690466  0.686159 0.00145728
0.697371  0.690577 0.00146123
0.704345  0.695039 0.00146518
0.711388  0.699323 0.00146915
0.718502  0.703075 0.00147313
0.725687  0.706865 0.00147711
0.732944  0.710693 0.00148111
0.740273  0.714559 0.00148512
0.747676  0.718464 0.00148914
0.755153  0.722407 0.00149318
0.762705  0.726391 0.00149722
0.770332  0.730414 0.00150128
0.778035  0.734477 0.00150535
0.785815  0.738581 0.00150944
0.793673  0.742726 0.00151354
0.80161  0.746913 0.00151765
0.809626  0.751141 0.00152178
0.817722  0.755412 0.00152592
0.8259  0.759725 0.00153008
0.834159  0.764082 0.00153426
0.8425  0.768482 0.00153846
0.850925  0.772927 0.00154267
0.859435  0.777458 0.0015469
0.868029  0.782034 0.00155115
0.876709  0.786657 0.00155542
0.885476  0.791325 0.00155971
0.894331  0.795847 0.00156401
0.903274  0.799316 0.00156835
0.912307  0.802819 0.0015727
0.92143  0.806358 0.00157707
0.930644  0.809932 0.00158147
0.939951  0.813541 0.00158589
0.94935  0.817187 0.00159033
0.958844  0.82087 0.0015948
0.968432  0.824589 0.0015993
0.978117  0.828345 0.00160382
0.987898  0.832139 0.00160837
0.997777  0.835971 0.00161294
1.00775  0.839841 0.00161754
1.01783  0.84375 0.00162218
1.02801  0.847698 0.00162684
1.03829  0.851685 0.00163153
1.04867  0.855713 0.00163625
1.05916  0.85978 0.001641
1.06975  0.863889 0.00164579
1.08045  0.868038 0.00165061
1.09125  0.872229 0.00165546
1.10217  0.876462 0.00166035
1.11319  0.880737 0.00166528
1.12432  0.885035 0.00167024
1.13556  0.88815 0.00167523
1.14692  0.891333 0.00168027
1.15839  0.894547 0.00168535
1.16997  0.897794 0.00169046
1.18167  0.901073 0.00169562
1.19349  0.904384 0.00170081
1.20542  0.907729 0.00170605
1.21748  0.911108 0.00171134
1.22965  0.91452 0.00171666
1.24195  0.917966 0.00172204
1.25437  0.921447 0.00172746
1.26691  0.924963 0.00173293
1.27958  0.928513 0.00173844
1.29238  0.9321 0.00174401
1.3053  0.935722 0.00174962
1.31835  0.93938 0.00175529
1.33154  0.943075 0.00176101
1.34485  0.946807 0.00176679
1.3583  0.950576 0.00177261
1.37188  0.954383 0.0017785
1.3856  0.958228 0.00178444
1.39946  0.962112 0.00179044
1.41345  0.966034 0.0017965
1.42759  0.96888 0.00180262
1.44186  0.971612 0.00180879
1.45628  0.974372 0.00181503
1.47085  0.97716 0.00182134
1.48555  0.979975 0.00182771
1.50041  0.982819 0.00183414
1.51541  0.985691 0.00184065
1.53057  0.988591 0.00184722
1.54587  0.991521 0.00185386
1.56133  0.99448 0.00186057
1.57695  0.997469 0.00186735
1.59271  1.00049 0.00187421
1.60864  1.00354 0.00188114
1.62473  1.00661 0.00188815
1.64098  1.00972 0.00189524
1.65739  1.01287 0.0019024
1.67396  1.01604 0.00190964
1.6907  1.01924 0.00191696
1.70761  1.02248 0.00192437
1.72468  1.02575 0.00193186
1.74193  1.02905 0.00193943
1.75935  1.03238 0.00194709
1.77694  1.03575 0.00195484
1.79471  1.03804 0.00196268
1.81266  1.03998 0.0019706
1.83078  1.04194 0.00197862
1.84909  1.04391 0.00198673
1.86758  1.04591 0.00199494
1.88626  1.04792 0.00200324
1.90512  1.04996 0.00201164
1.92417  1.05202 0.00202014
1.94341  1.05409 0.00202874
1.96285  1.05619 0.00203744
1.98248  1.05831 0.00204624
2.0023  1.06045 0.00205515
2.02232  1.06261 0.00206416
2.04255  1.06479 0.00207328
2.06297  1.067 0.00208251
2.0836  1.06922 0.00209186
2.10444  1.07147 0.00210131
2.12548  1.07374 0.00211088
2.14674  1.07607 0.00212056
2.16821  1.07843 0.00213036
2.18989  1.08081 0.00214028
2.21179  1.08321 0.00215032
2.2339  1.08563 0.00216047
2.25624  1.08789 0.00217076
2.27881  1.09005 0.00218116
2.30159  1.09223 0.0021917
2.32461  1.09443 0.00220236
2.34786  1.09665 0.00221315
2.37134  1.0989 0.00222407
2.39505  1.10116 0.00223512
2.419  1.10346 0.00224631
2.44319  1.10577 0.00225763
2.46762  1.1081 0.00226909
2.4923  1.11046 0.00228069
2.51722  1.11285 0.00229243
2.54239  1.11526 0.00230431
2.56782  1.11769 0.00231633
2.59349  1.12014 0.00232851
2.61943  1.12262 0.00234083
2.64562  1.12513 0.0023533
2.67208  1.12766 0.00236592
2.6988  1.13021 0.00237869
2.72579  1.13279 0.00239162
2.75305  1.1354 0.00240471
2.78058  1.13803 0.00241795
2.80838  1.14069 0.00243136
2.83647  1.14283 0.00244493
2.86483  1.1444 0.00245866
2.89348  1.14599 0.00247256
2.92241  1.14759 0.00248662
2.95164  1.14922 0.00250086
2.98115  1.15085 0.00251527
3.01097  1.15251 0.00252985
3.04108  1.15418 0.0025446
3.07149  1.15586 0.00255954
3.1022  1.15757 0.00257465
3.13322  1.15929 0.00258995
3.16456  1.16103 0.00260543
3.1962  1.16278 0.00262109
3.22816  1.16455 0.00263695
3.26045  1.16635 0.00265299
3.29305  1.16815 0.00266922
3.32598  1.16998 0.00268565
3.35924  1.17183 0.00270227
3.39283  1.17369 0.00271909
3.42676  1.17557 0.00273611
3.46103  1.17747 0.00275333
3.49564  1.17939 0.00277076
3.53059  1.18133 0.00278839
3.5659  1.183 0.00280624
3.60156  1.1841 0.00282429
3.63758  1.18522 0.00284256
3.67395  1.18635 0.00286104
3.71069  1.18749 0.00287974
3.7478  1.18864 0.00289866
3.78528  1.18981 0.00291781
3.82313  1.19098 0.00293718
3.86136  1.19217 0.00295678
3.89997  1.19337 0.00297661
3.93897  1.19458 0.00299667
3.97836  1.1958 0.00301697
4.01815  1.19704 0.00303751
4.05833  1.19829 0.00305829
4.09891  1.19955 0.00307931
4.1399  1.20082 0.00310058
4.1813  1.20211 0.0031221
4.22311  1.2034 0.00314388
4.26534  1.20472 0.0031659
4.308  1.20607 0.00318819
4.35108  1.20743 0.00321073
4.39459  1.2088 0.00323354
4.43853  1.21019 0.00325662
4.48292  1.21143 0.00327996
4.52775  1.21203 0.00330358
4.57303  1.21264 0.00332747
4.61876  1.21325 0.00335164
4.66494  1.21387 0.00337609
4.71159  1.2145 0.00340082
4.75871  1.21513 0.00342585
4.8063  1.21577 0.00345117
4.85436  1.21642 0.00347678
4.9029  1.21707 0.00350269
4.95193  1.21773 0.0035289
5.00145  1.21839 0.00355542
5.05146  1.21906 0.00358225
5.10198  1.21974 0.00360939
5.153  1.22043 0.00363685
5.20453  1.22112 0.00366463
5.25657  1.22182 0.00369274
5.30914  1.22253 0.00372117
5.36223  1.22324 0.00374994
5.41585  1.22396 0.00377904
5.47001  1.22469 0.00380849
5.52471  1.22542 0.00383828
5.57996  1.22616 0.00386842
5.63576  1.22688 0.00389891
5.69212  1.22706 0.00392976
5.74904  1.22726 0.00396098
5.80653  1.22746 0.00399256
5.86459  1.22766 0.00402451
5.92324  1.22786 0.00405684
5.98247  1.22807 0.00408955
6.0423  1.22828 0.00412264
6.10272  1.22849 0.00415612
6.16375  1.2287 0.00419
6.22538  1.22891 0.00422428
6.28764  1.22913 0.00425896
6.35051  1.22935 0.00429405
6.41402  1.22957 0.00432956
6.47816  1.22979 0.00436549
6.54294  1.23001 0.00440184
6.60837  1.23024 0.00443862
6.67445  1.23047 0.00447584
6.7412  1.2307 0.00451351
6.80861  1.23094 0.00455162
6.8767  1.23117 0.00459018
6.94546  1.23141 0.00462921
7.01492  1.23165 0.0046687
7.08507  1.2319 0.00470867
7.15592  1.23149 0.00474911
7.22748  1.23102 0.00479004
7.29975  1.23055 0.00483146
7.37275  1.23008 0.00487339
7.44648  1.2296 0.00491581
7.52094  1.22912 0.00495875
7.59615  1.22863 0.00500222
7.67211  1.22813 0.0050462
7.74883  1.22764 0.00509073
7.82632  1.22713 0.0051358
7.90459  1.22662 0.00518142
7.98363  1.22611 0.00522759
8.06347  1.22559 0.00527434
8.1441  1.22507 0.00532165
8.22554  1.22454 0.00536955
8.3078  1.224 0.00541804
8.39088  1.22346 0.00546712
8.47479  1.22292 0.0055168
8.55953  1.22237 0.0055671
8.64513  1.22183 0.00561802
8.73158  1.22127 0.00566956
8.8189  1.22071 0.00572174
8.90709  1.22015 0.00577456
8.99616  1.21912 0.00582803
9.08612  1.21795 0.00588216
9.17698  1.21677 0.00593695
9.26875  1.21558 0.00599242
9.36144  1.21438 0.00604857
9.45505  1.21317 0.00610542
9.5496  1.21194 0.00616296
9.6451  1.2107 0.0062212
9.74155  1.20945 0.00628016
9.83896  1.20818 0.00633984
9.93735  1.20691 0.00640025
10.0367  1.20562 0.0064614
10.1371  1.20432 0.0065233
10.2385  1.203 0.00658595
10.3409  1.20167 0.00664937
10.4443  1.20033 0.00671357
10.5487  1.19898 0.00677856
10.6542  1.19761 0.00684436
10.7607  1.19623 0.00691098
10.8683  1.19483 0.00697843
10.977  1.19342 0.00704673
11.0868  1.192 0.00711588
11.1977  1.19056 0.0071859
11.3096  1.18889 0.00725681
11.4227  1.18708 0.00732861
11.537  1.18526 0.00740134
11.6523  1.18342 0.00747499
11.7689  1.18156 0.00754959
11.8865  1.17968 0.00762516
12.0054  1.17778 0.0077017
12.1255  1.17587 0.00777925
12.2467  1.17393 0.00785782
12.3692  1.17198 0.00793742
12.4929  1.17001 0.00801808
12.6178  1.16802 0.00809981
12.744  1.166 0.00818264
12.8714  1.16397 0.00826658
13.0001  1.16192 0.00835166
13.1301  1.15984 0.00843789
13.2614  1.15775 0.0085253
13.3941  1.15563 0.00861392
13.528  1.1535 0.00870376
13.6633  1.15134 0.00879485
13.7999  1.14916 0.00888721
13.9379  1.14696 0.00898087
14.0773  1.14473 0.00907586
14.2181  1.14242 0.00917219
14.3602  1.14003 0.0092699
14.5038  1.13761 0.00936901
14.6489  1.13517 0.00946954
14.7954  1.13271 0.00957151
14.9433  1.13022 0.00967494
15.0928  1.1277 0.00977986
15.2437  1.12516 0.00988629
15.3961  1.12259 0.00999426
15.5501  1.12 0.0101038
15.7056  1.11739 0.0102149
15.8626  1.11474 0.0103276
16.0213  1.11207 0.010442
16.1815  1.10938 0.010558
16.3433  1.10665 0.0106757
16.5067  1.1039 0.0107951
16.6718  1.10112 0.0109162
16.8385  1.09832 0.0110391
17.0069  1.09548 0.0111637
17.177  1.09262 0.0112902
17.3487  1.08973 0.0114185
17.5222  1.08681 0.0115486
17.6974  1.08386 0.0116807
17.8744  1.08098 0.0118146
18.0532  1.07824 0.0119505
18.2337  1.07548 0.0120884
18.416  1.07268 0.0122282
18.6002  1.06986 0.0123701
18.7862  1.06701 0.0125141
18.9741  1.06413 0.0126601
19.1638  1.06122 0.0128084
19.3554  1.05829 0.0129588
19.549  1.05532 0.0131114
19.7445  1.05233 0.0132662
19.9419  1.0493 0.0134234
20.1413  1.04625 0.0135829
20.3427  1.04316 0.0137448
20.5462  1.04004 0.0139091
20.7516  1.0369 0.0140759
20.9592  1.03372 0.0142451
21.1687  1.0305 0.0144169
21.3804  1.02726 0.0145913
21.5942  1.02399 0.0147682
21.8102  1.02069 0.0149479
22.0283  1.01736 0.0151302
22.2486  1.01399 0.0153153
22.4711  1.01062 0.0155032
22.6958  1.00735 0.0156939
22.9227  1.00404 0.0158875
23.1519  1.0007 0.0160841
23.3835  0.997329 0.0162836
23.6173  0.993923 0.0164861
23.8535  0.990482 0.0166917
24.092  0.987007 0.0169005
24.3329  0.983497 0.0171124
24.5763  0.979952 0.0173275
24.822  0.976372 0.017546
25.0702  0.972755 0.0177677
25.3209  0.969103 0.0179928
25.5742  0.965414 0.0182214
25.8299  0.961689 0.0184535
26.0882  0.957926 0.0186891
26.3491  0.954125 0.0189284
26.6126  0.950286 0.0191714
26.8787  0.946409 0.0194182
27.1475  0.942493 0.0196688
27.419  0.938538 0.0199233
27.6931  0.934544 0.0201818
27.9701  0.930509 0.0204444
28.2498  0.926489 0.0207111
28.5323  0.923005 0.0209821
28.8176  0.919488 0.0212573
29.1058  0.915935 0.0215369
29.3968  0.912347 0.0218209
29.6908  0.908723 0.0221094
29.9877  0.905063 0.0224023
30.2876  0.901366 0.0226999
30.5905  0.897633 0.0230021
30.8964  0.893862 0.0233091
31.2053  0.890053 0.0236208
31.5174  0.886206 0.0239373
31.8326  0.882321 0.0242588
32.1509  0.878396 0.0245852
32.4724  0.874433 0.0249168
32.7971  0.87043 0.0252535
33.1251  0.866387 0.0255956
33.4563  0.862303 0.0259432
33.7909  0.858179 0.0262964
34.1288  0.854013 0.0266554
34.4701  0.849806 0.0270203
34.8148  0.845557 0.0273913
35.1629  0.841265 0.0277685
35.5146  0.83693 0.0281521
35.8697  0.883689 0.0285422
36.2284  0.878855 0.0289391
36.5907  0.874009 0.0293427
36.9566  0.869152 0.0297533
37.3262  0.864286 0.030171
37.6994  0.859413 0.0305959
38.0764  0.854533 0.0310281
38.4572  0.849649 0.0314679
38.8418  0.844761 0.0319152
39.2302  0.839871 0.0323703
39.6225  0.834979 0.0328333
40.0187  0.830088 0.0333043
40.4189  0.825198 0.0337835
40.8231  0.82031 0.034271
41.2313  0.815426 0.0347669
41.6436  0.810546 0.0352712
42.0601  0.805671 0.0357839
42.4807  0.800856 0.0363052
42.9055  0.796059 0.0368351
43.3345  0.791269 0.0373737
43.7679  0.786397 0.0379209
44.2056  0.781454 0.038477
44.6476  0.776522 0.0390419
45.0941  0.771601 0.0396157
45.545  0.766693 0.0401984
46.0005  0.761798 0.0407903
46.4605  0.756916 0.0413917
46.9251  0.752048 0.0420026
47.3943  0.747195 0.0426234
47.8683  0.742358 0.0432543
48.347  0.737536 0.0438955
48.8304  0.73273 0.0445472
49.3187  0.727971 0.0452097
49.8119  0.72358 0.0458833
50.31  0.719188 0.0465682
50.8131  0.714816 0.0472646
51.3213  0.710466 0.0479729
51.8345  0.706117 0.0486931
52.3528  0.70177 0.0494254
52.8764  0.697416 0.0501701
53.4051  0.693067 0.0509272
53.9392  0.688723 0.0516971
54.4786  0.684386 0.0524798
55.0234  0.680055 0.0532755
55.5736  0.675733 0.0540846
56.1293  0.671419 0.054907
56.6906  0.667114 0.0557431
57.2575  0.662821 0.056593
57.8301  0.658538 0.0574569
58.4084  0.654267 0.0583353
58.9925  0.650007 0.0592283
59.5824  0.645785 0.0601362
60.1782  0.641578 0.0610592
60.78  0.637385 0.0619977
61.3878  0.633187 0.062952
62.0017  0.62899 0.0639224
62.6217  0.624807 0.0649091
63.2479  0.62064 0.0659125
63.8804  0.616488 0.0669329
64.5192  0.612353 0.0679705
65.1644  0.608233 0.0690258
65.816  0.604116 0.070099
66.4742  0.600006 0.0711904
67.1389  0.595914 0.0723003
67.8103  0.59185 0.0734291
68.4884  0.58782 0.0745771
69.1733  0.583808 0.0757445
69.8651  0.579814 0.0769319
70.5637  0.575839 0.0781394
71.2693  0.571884 0.0793675
71.982  0.567948 0.0806166
72.7019  0.564031 0.0818869
73.4289  0.560134 0.0831788
74.1632  0.556257 0.0844929
74.9048  0.552371 0.0858294
75.6538  0.548502 0.0871887
76.4104  0.544654 0.0885713
77.1745  0.540827 0.0899776
77.9462  0.536913 0.091408
78.7257  0.533023 0.0928629
79.513  0.529159 0.0943428
80.3081  0.525322 0.0958481
81.1112  0.52151 0.0973793
81.9223  0.517724 0.0989368
82.7415  0.513963 0.100521
83.5689  0.510229 0.102133
84.4046  0.506519 0.103772
85.2486  0.502853 0.10544
86.1011  0.499215 0.107137
86.9621  0.495603 0.108862
87.8318  0.491994 0.110618
88.7101  0.488386 0.112404
89.5972  0.484803 0.114221
90.4932  0.481245 0.116069
91.3981  0.477712 0.11795
92.3121  0.474203 0.119863
93.2352  0.470719 0.121809
94.1675  0.467258 0.123789
95.1092  0.463822 0.125803
96.0603  0.46041 0.127853
97.0209  0.457022 0.129938
97.9911  0.453657 0.132059
98.971  0.450316 0.134217
99.9607  0.446999 0.136413
100.96  0.443704 0.138647
101.97  0.440437 0.14092
102.99  0.437199 0.143233
104.02  0.433984 0.145586
105.06  0.430792 0.14798
106.11  0.427622 0.150415
107.171  0.424475 0.152894
108.243  0.421349 0.155415
109.326  0.418246 0.15798
110.419  0.415165 0.16059
111.523  0.412106 0.163245
112.638  0.409068 0.165947
113.765  0.406052 0.168696
114.902  0.403058 0.171493
116.051  0.400086 0.174338
117.212  0.397135 0.177233
118.384  0.394204 0.180179
119.568  0.391298 0.183176
120.763  0.388414 0.186226
121.971  0.38555 0.189329
123.191  0.382707 0.192486
124.423  0.379884 0.195699
125.667  0.377081 0.198967
126.924  0.374298 0.202293
128.193  0.371537 0.205678
129.475  0.368796 0.209121
130.77  0.366075 0.212625
132.077  0.363358 0.216191
133.398  0.360632 0.219819
134.732  0.357925 0.223512
136.079  0.355238 0.227269
137.44  0.35257 0.231092
138.814  0.349953 0.234983
140.203  0.347373 0.238942
141.605  0.344809 0.242971
143.021  0.342263 0.247072
144.451  0.339733 0.251244
145.895  0.337219 0.255491
147.354  0.334721 0.259812
148.828  0.33224 0.26421
150.316  0.329774 0.268686
151.819  0.327325 0.273241
153.338  0.324892 0.277876
154.871  0.322475 0.282593
156.42  0.320074 0.287394
157.984  0.317689 0.29228
159.564  0.31532 0.297252
161.159  0.312967 0.302312
162.771  0.310629 0.307462
164.399  0.308308 0.312703
166.043  0.306002 0.318037
167.703  0.303712 0.323466
169.38  0.301437 0.32899
171.074  0.299179 0.334613
172.785  0.296937 0.340335
174.512  0.294711 0.346159
176.258  0.2925 0.352086
178.02  0.290305 0.358119
179.8  0.288124 0.364258
181.598  0.285959 0.370506
183.414  0.283809 0.376866
185.248  0.281674 0.383338
187.101  0.279554 0.389925
188.972  0.277449 0.396629
190.862  0.275358 0.403451
192.77  0.273283 0.410395
194.698  0.271222 0.417462
196.645  0.269175 0.424654
198.611  0.267143 0.431974
200.598  0.265126 0.439424
202.604  0.263123 0.447005
204.63  0.261134 0.454721
206.676  0.259159 0.462575
208.743  0.257199 0.470568
210.83  0.255253 0.478703
212.938  0.253321 0.486984
215.068  0.251403 0.495413
217.218  0.2495 0.503992
219.391  0.24761 0.512726
221.584  0.245715 0.521616
223.8  0.243761 0.530666
226.038  0.241821 0.539879
228.299  0.239895 0.549258
230.582  0.237984 0.558806
232.888  0.236087 0.568527
235.216  0.234203 0.578424
237.569  0.232334 0.5885
239.944  0.230479 0.598759
242.344  0.228638 0.609204
244.767  0.226811 0.61984
247.215  0.224997 0.630669
249.687  0.223197 0.641696
252.184  0.22141 0.652924
254.706  0.219637 0.664358
257.253  0.217877 0.676001
259.825  0.216124 0.687857
262.423  0.214384 0.69993
265.048  0.212658 0.712224
267.698  0.210944 0.724743
270.375  0.209243 0.737491
273.079  0.207555 0.750473
275.81  0.20588 0.763693
278.568  0.204218 0.777154
281.354  0.202568 0.790862
284.167  0.200931 0.804821
287.009  0.199308 0.819036
289.879  0.197696 0.83351
292.778  0.196097 0.848248
295.705  0.19451 0.863254
298.662  0.192935 0.878533
301.649  0.191373 0.89409
304.666  0.189822 0.909927
307.712  0.188284 0.926051
310.789  0.186757 0.942466
313.897  0.185317 0.959176
317.036  0.183942 0.976186
320.207  0.182578 0.993501
323.409  0.181221 1.01113
326.643  0.179873 1.02907
329.909  0.178534 1.04733
333.208  0.177203 1.06591
336.54  0.175881 1.08482
339.906  0.174568 1.10407
343.305  0.173263 1.12366
346.738  0.171967 1.1436
350.205  0.170679 1.16388
353.707  0.1694 1.18453
357.244  0.168129 1.20553
360.817  0.166867 1.22691
364.425  0.165613 1.24866
368.069  0.164368 1.27079
371.75  0.163131 1.29331
375.467  0.161902 1.31622
379.222  0.160682 1.33954
383.014  0.15947 1.36328
386.844  0.158267 1.38743
390.713  0.157071 1.41201
394.62  0.155884 1.43703
398.566  0.154706 1.46249
402.552  0.153535 1.4884
406.577  0.152373 1.51478
410.643  0.151219 1.54162
414.75  0.150073 1.56895
418.897  0.148935 1.59676
423.086  0.147805 1.62506
427.317  0.146683 1.65387
431.59  0.145569 1.68319
435.906  0.144463 1.71303
440.265  0.14336 1.74341
444.668  0.142265 1.77432
449.114  0.141179 1.80578
453.605  0.1401 1.8378
458.142  0.139029 1.87039
462.723  0.137965 1.90356
467.35  0.13691 1.93732
472.024  0.135862 1.97168
476.744  0.134822 2.00665
481.511  0.13379 2.04224
486.326  0.132766 2.07847
491.19  0.131749 2.11534
496.102  0.130739 2.15287
501.063  0.129737 2.19107
506.073  0.128743 2.22995
511.134  0.127756 2.26953
516.245  0.126777 2.30981
521.408  0.125805 2.35081
526.622  0.12484 2.39254
531.888  0.123882 2.43501
537.207  0.122932 2.47824
542.579  0.121989 2.52225
548.005  0.121053 2.56704
553.485  0.120124 2.61262
559.02  0.119203 2.65902
564.61  0.118288 2.70625
570.256  0.11738 2.75432
575.959  0.11648 2.80324
581.718  0.115586 2.85304
587.535  0.1147 2.90372
593.411  0.11382 2.95531
599.345  0.112946 3.00782
605.338  0.11208 3.06127
611.392  0.11122 3.11566
617.506  0.110367 3.17103
623.681  0.109519 3.22739
629.917  0.108677 3.28475
636.217  0.107841 3.34314
642.579  0.107012 3.40256
649.005  0.10614 3.46305
655.495  0.105324 3.52462
662.05  0.104514 3.58728
668.67  0.103711 3.65107
675.357  0.102913 3.71599
682.11  0.102122 3.78207
688.931  0.101338 3.84933
695.821  0.100559 3.91778
702.779  0.0997862 3.98746
709.807  0.0990197 4.05839
716.905  0.0982591 4.13057
724.074  0.0975045 4.20405
731.315  0.0967559 4.27883
738.628  0.0960131 4.35495
746.014  0.0952763 4.43243
753.474  0.0945452 4.51129
761.009  0.09382 4.59155
768.619  0.0931005 4.67324
776.305  0.0923867 4.75639
784.068  0.0916786 4.84102
791.909  0.0909761 4.92716
799.828  0.0902793 5.01483
807.826  0.089588 5.10406
815.905  0.0889023 5.19488
824.064  0.0882221 5.28732
832.304  0.0875473 5.3814
840.627  0.086878 5.47716
849.034  0.0862141 5.57462
857.524  0.0855555 5.67381
866.099  0.0849023 5.77477
874.76  0.0842543 5.87753
883.508  0.0836116 5.98211
892.343  0.0829742 6.08855
901.266  0.0823419 6.19689
910.279  0.0817144 6.30715
919.382  0.0810913 6.41937
928.575  0.0804733 6.53358
937.861  0.0798604 6.64982
947.24  0.0792523 6.76813
956.712  0.0786492 6.88854
966.279  0.0780511 7.01109
975.942  0.0774577 7.13581
985.702  0.0768692 7.26275
995.559  0.0762855 7.39194
