0.001  4.54187e-06 0.440353
0.00101  4.56453e-06 0.442549
0.0010201  4.58729e-06 0.444756
0.0010303  4.61017e-06 0.446974
0.0010406  4.63316e-06 0.449204
0.00105101  4.65627e-06 0.451444
0.00106152  4.6795e-06 0.453696
0.00107214  4.70283e-06 0.455959
0.00108286  4.72629e-06 0.458233
0.00109369  4.74986e-06 0.460518
0.00110462  4.77355e-06 0.462815
0.00111567  4.79736e-06 0.465123
0.00112683  4.82129e-06 0.467443
0.00113809  4.84534e-06 0.469774
0.00114947  4.8695e-06 0.472117
0.00116097  4.89379e-06 0.474472
0.00117258  4.9182e-06 0.476839
0.0011843  4.94273e-06 0.479217
0.00119615  4.96738e-06 0.481607
0.00120811  4.99215e-06 0.484009
0.00122019  5.01705e-06 0.486423
0.00123239  5.04208e-06 0.488849
0.00124472  5.06722e-06 0.491287
0.00125716  5.0925e-06 0.493737
0.00126973  5.1179e-06 0.4962
0.00128243  5.14342e-06 0.498674
0.00129526  5.16907e-06 0.501162
0.00130821  5.19486e-06 0.503661
0.00132129  5.22076e-06 0.506173
0.0013345  5.2468e-06 0.508698
0.00134785  5.27297e-06 0.511235
0.00136133  5.29927e-06 0.513785
0.00137494  5.3257e-06 0.516347
0.00138869  5.35226e-06 0.518922
0.00140258  5.37896e-06 0.521511
0.0014166  5.40579e-06 0.524112
0.00143077  5.43275e-06 0.526726
0.00144508  5.45985e-06 0.529353
0.00145953  5.48708e-06 0.531993
0.00147412  5.51444e-06 0.534646
0.00148886  5.54195e-06 0.537313
0.00150375  5.56959e-06 0.539993
0.00151879  5.59737e-06 0.542686
0.00153398  5.62528e-06 0.545393
0.00154932  5.65334e-06 0.548113
0.00156481  5.68154e-06 0.550846
0.00158046  5.70987e-06 0.553594
0.00159626  5.73835e-06 0.556355
0.00161223  5.76697e-06 0.55913
0.00162835  5.79574e-06 0.561918
0.00164463  5.82464e-06 0.564721
0.00166108  5.85369e-06 0.567537
0.00167769  5.88289e-06 0.570368
0.00169447  5.91223e-06 0.573213
0.00171141  5.94172e-06 0.576072
0.00172852  5.97135e-06 0.578945
0.00174581  6.00113e-06 0.581832
0.00176327  6.03107e-06 0.584734
0.0017809  6.06115e-06 0.58765
0.00179871  6.09138e-06 0.590581
0.0018167  6.12176e-06 0.593527
0.00183486  6.15229e-06 0.596487
0.00185321  6.18298e-06 0.599462
0.00187174  6.21381e-06 0.602452
0.00189046  6.2448e-06 0.605457
0.00190937  6.27595e-06 0.608477
0.00192846  6.30725e-06 0.611511
0.00194774  6.33871e-06 0.614561
0.00196722  6.37033e-06 0.617626
0.00198689  6.4021e-06 0.620707
0.00200676  6.43403e-06 0.623802
0.00202683  6.46612e-06 0.626914
0.0020471  6.49837e-06 0.63004
0.00206757  6.53078e-06 0.633183
0.00208825  6.56335e-06 0.636341
0.00210913  6.59609e-06 0.639515
0.00213022  6.62899e-06 0.642704
0.00215152  6.66205e-06 0.64591
0.00217304  6.69528e-06 0.649131
0.00219477  6.72867e-06 0.652369
0.00221672  6.76223e-06 0.655622
0.00223888  6.79596e-06 0.658892
0.00226127  6.82985e-06 0.662178
0.00228388  6.86392e-06 0.665481
0.00230672  6.89815e-06 0.6688
0.00232979  6.93255e-06 0.672136
0.00235309  6.96713e-06 0.675488
0.00237662  7.00188e-06 0.678857
0.00240038  7.0368e-06 0.682243
0.00242439  7.0719e-06 0.685646
0.00244863  7.10717e-06 0.689065
0.00247312  7.14262e-06 0.692502
0.00249785  7.17824e-06 0.695956
0.00252283  7.21404e-06 0.699427
0.00254806  7.25002e-06 0.702915
0.00257354  7.28618e-06 0.706421
0.00259927  7.32252e-06 0.709945
0.00262527  7.35905e-06 0.713486
0.00265152  7.39575e-06 0.717044
0.00267803  7.43264e-06 0.72062
0.00270481  7.46971e-06 0.724215
0.00273186  7.50696e-06 0.727827
0.00275918  7.5444e-06 0.731457
0.00278677  7.58203e-06 0.735105
0.00281464  7.61985e-06 0.738771
0.00284279  7.65785e-06 0.742456
0.00287121  7.69605e-06 0.746159
0.00289993  7.73443e-06 0.74988
0.00292893  7.77301e-06 0.75362
0.00295822  7.81178e-06 0.757379
0.0029878  7.85074e-06 0.761157
0.00301768  7.88989e-06 0.764953
0.00304785  7.92925e-06 0.768768
0.00307833  7.96879e-06 0.772602
0.00310911  8.00854e-06 0.776455
0.0031402  8.04848e-06 0.780328
0.00317161  8.08862e-06 0.78422
0.00320332  8.12897e-06 0.788131
0.00323536  8.16951e-06 0.792062
0.00326771  8.21026e-06 0.796013
0.00330039  8.2512e-06 0.799983
0.00333339  8.29236e-06 0.803973
0.00336672  8.33372e-06 0.807983
0.00340039  8.37528e-06 0.812012
0.0034344  8.41705e-06 0.816062
0.00346874  8.45903e-06 0.820132
0.00350343  8.50122e-06 0.824223
0.00353846  8.54362e-06 0.828333
0.00357385  8.58624e-06 0.832465
0.00360958  8.62906e-06 0.836617
0.00364568  8.6721e-06 0.84079
0.00368214  8.71535e-06 0.844983
0.00371896  8.75882e-06 0.849198
0.00375615  8.8025e-06 0.853433
0.00379371  8.84641e-06 0.857689
0.00383165  8.89053e-06 0.861967
0.00386996  8.93487e-06 0.866266
0.00390866  8.97944e-06 0.870587
0.00394775  9.02422e-06 0.874929
0.00398723  9.06923e-06 0.879292
0.0040271  9.11446e-06 0.883678
0.00406737  9.15992e-06 0.888085
0.00410804  9.20561e-06 0.892515
0.00414912  9.25152e-06 0.896966
0.00419062  9.29766e-06 0.90144
0.00423252  9.34404e-06 0.905936
0.00427485  9.39064e-06 0.910454
0.0043176  9.43748e-06 0.914995
0.00436077  9.48455e-06 0.919559
0.00440438  9.53185e-06 0.924145
0.00444842  9.57939e-06 0.928754
0.00449291  9.62717e-06 0.933386
0.00453784  9.67519e-06 0.938041
0.00458321  9.72344e-06 0.94272
0.00462905  9.77194e-06 0.947422
0.00467534  9.82068e-06 0.952147
0.00472209  9.86966e-06 0.956896
0.00476931  9.91888e-06 0.961669
0.004817  9.96835e-06 0.966465
0.00486517  1.00181e-05 0.971285
0.00491383  1.0068e-05 0.97613
0.00496296  1.01183e-05 0.980998
0.00501259  1.01687e-05 0.985891
0.00506272  1.02194e-05 0.990808
0.00511335  1.02704e-05 0.99575
0.00516448  1.03216e-05 1.00072
0.00521613  1.03731e-05 1.00571
0.00526829  1.04248e-05 1.01072
0.00532097  1.04768e-05 1.01576
0.00537418  1.05291e-05 1.02083
0.00542792  1.05816e-05 1.02592
0.0054822  1.06344e-05 1.03104
0.00553702  1.06874e-05 1.03618
0.00559239  1.07407e-05 1.04135
0.00564832  1.07943e-05 1.04654
0.0057048  1.08481e-05 1.05176
0.00576185  1.09022e-05 1.05701
0.00581947  1.09566e-05 1.06228
0.00587766  1.10113e-05 1.06758
0.00593644  1.10662e-05 1.0729
0.0059958  1.11214e-05 1.07825
0.00605576  1.11768e-05 1.08363
0.00611632  1.12326e-05 1.08904
0.00617748  1.12886e-05 1.09447
0.00623926  1.13449e-05 1.09993
0.00630165  1.14015e-05 1.10541
0.00636466  1.14584e-05 1.11093
0.00642831  1.15155e-05 1.11647
0.00649259  1.15729e-05 1.12203
0.00655752  1.16307e-05 1.12763
0.0066231  1.16887e-05 1.13326
0.00668933  1.1747e-05 1.13891
0.00675622  1.18056e-05 1.14459
0.00682378  1.18644e-05 1.1503
0.00689202  1.19236e-05 1.15603
0.00696094  1.19831e-05 1.1618
0.00703055  1.20429e-05 1.16759
0.00710085  1.21029e-05 1.17342
0.00717186  1.21633e-05 1.17927
0.00724358  1.2224e-05 1.18515
0.00731602  1.22849e-05 1.19106
0.00738918  1.23462e-05 1.197
0.00746307  1.24078e-05 1.20297
0.0075377  1.24697e-05 1.20897
0.00761308  1.25318e-05 1.215
0.00768921  1.25943e-05 1.22106
0.0077661  1.26572e-05 1.22715
0.00784376  1.27203e-05 1.23327
0.0079222  1.27837e-05 1.23942
0.00800142  1.28475e-05 1.24561
0.00808144  1.29116e-05 1.25182
0.00816225  1.2976e-05 1.25806
0.00824387  1.30407e-05 1.26434
0.00832631  1.31057e-05 1.27064
0.00840957  1.31711e-05 1.27698
0.00849367  1.32368e-05 1.28335
0.00857861  1.33028e-05 1.28975
0.00866439  1.33692e-05 1.29618
0.00875104  1.34358e-05 1.30265
0.00883855  1.35028e-05 1.30914
0.00892693  1.35702e-05 1.31567
0.0090162  1.36379e-05 1.32224
0.00910636  1.37059e-05 1.32883
0.00919743  1.37743e-05 1.33546
0.0092894  1.3843e-05 1.34212
0.0093823  1.3912e-05 1.34881
0.00947612  1.39814e-05 1.35554
0.00957088  1.40511e-05 1.3623
0.00966659  1.41212e-05 1.36909
0.00976325  1.41916e-05 1.37592
0.00986089  1.42624e-05 1.38279
0.0099595  1.43335e-05 1.38968
0.0100591  1.4405e-05 1.39661
0.0101597  1.44769e-05 1.40358
0.0102613  1.45491e-05 1.41058
0.0103639  1.46216e-05 1.41761
0.0104675  1.46946e-05 1.42469
0.0105722  1.47679e-05 1.43179
0.0106779  1.48415e-05 1.43893
0.0107847  1.49155e-05 1.44611
0.0108926  1.49899e-05 1.45332
0.0110015  1.50647e-05 1.46057
0.0111115  1.51398e-05 1.46785
0.0112226  1.52153e-05 1.47518
0.0113348  1.52912e-05 1.48253
0.0114482  1.53675e-05 1.48993
0.0115627  1.54441e-05 1.49736
0.0116783  1.55212e-05 1.50483
0.0117951  1.55986e-05 1.51233
0.011913  1.56764e-05 1.51987
0.0120322  1.57546e-05 1.52745
0.0121525  1.58331e-05 1.53507
0.012274  1.59121e-05 1.54273
0.0123967  1.59915e-05 1.55042
0.0125207  1.60712e-05 1.55816
0.0126459  1.61514e-05 1.56593
0.0127724  1.6232e-05 1.57374
0.0129001  1.63129e-05 1.58159
0.0130291  1.63943e-05 1.58948
0.0131594  1.6476e-05 1.5974
0.013291  1.65582e-05 1.60537
0.0134239  1.66408e-05 1.61338
0.0135581  1.67238e-05 1.62143
0.0136937  1.68072e-05 1.62951
0.0138307  1.6891e-05 1.63764
0.013969  1.69753e-05 1.64581
0.0141086  1.70599e-05 1.65401
0.0142497  1.7145e-05 1.66226
0.0143922  1.72305e-05 1.67055
0.0145362  1.73165e-05 1.67889
0.0146815  1.74028e-05 1.68726
0.0148283  1.74896e-05 1.69567
0.0149766  1.75769e-05 1.70413
0.0151264  1.76645e-05 1.71263
0.0152776  1.77526e-05 1.72117
0.0154304  1.78412e-05 1.72975
0.0155847  1.79302e-05 1.73838
0.0157406  1.80196e-05 1.74705
0.015898  1.81095e-05 1.75577
0.016057  1.81998e-05 1.76453
0.0162175  1.82906e-05 1.77333
0.0163797  1.83818e-05 1.78218
0.0165435  1.84735e-05 1.79107
0.0167089  1.85656e-05 1.8
0.016876  1.86582e-05 1.80898
0.0170448  1.87513e-05 1.818
0.0172152  1.88448e-05 1.82707
0.0173874  1.89388e-05 1.83619
0.0175613  1.90332e-05 1.84534
0.0177369  1.91282e-05 1.85454
0.0179142  1.92236e-05 1.86379
0.0180934  1.93195e-05 1.87308
0.0182743  1.94158e-05 1.88242
0.0184571  1.95126e-05 1.8918
0.0186416  1.961e-05 1.90123
0.018828  1.97078e-05 1.9107
0.0190163  1.98061e-05 1.92023
0.0192065  1.99049e-05 1.9298
0.0193986  2.00041e-05 1.93942
0.0195925  2.01039e-05 1.94909
0.0197885  2.02042e-05 1.95881
0.0199864  2.03049e-05 1.96859
0.0201862  2.04021e-05 1.97841
0.0203881  2.04875e-05 1.98829
0.020592  2.05732e-05 1.99823
0.0207979  2.06592e-05 2.00822
0.0210059  2.07454e-05 2.01826
0.0212159  2.08318e-05 2.02836
0.0214281  2.09185e-05 2.03852
0.0216424  2.10054e-05 2.04873
0.0218588  2.10926e-05 2.05901
0.0220774  2.11801e-05 2.06934
0.0222981  2.12677e-05 2.07974
0.0225211  2.13557e-05 2.09019
0.0227463  2.14438e-05 2.10071
0.0229738  2.15322e-05 2.1113
0.0232035  2.16208e-05 2.12194
0.0234356  2.17097e-05 2.13266
0.0236699  2.17988e-05 2.14343
0.0239066  2.18881e-05 2.15427
0.0241457  2.19777e-05 2.16517
0.0243871  2.20675e-05 2.17614
0.024631  2.21575e-05 2.18717
0.0248773  2.22477e-05 2.19827
0.0251261  2.23382e-05 2.20943
0.0253774  2.24288e-05 2.22066
0.0256311  2.25197e-05 2.23195
0.0258874  2.26108e-05 2.24331
0.0261463  2.27021e-05 2.25474
0.0264078  2.27935e-05 2.26623
0.0266719  2.28852e-05 2.27779
0.0269386  2.29771e-05 2.28942
0.027208  2.30692e-05 2.30112
0.02748  2.31615e-05 2.31289
0.0277548  2.3254e-05 2.32473
0.0280324  2.33466e-05 2.33664
0.0283127  2.34394e-05 2.34862
0.0285958  2.35324e-05 2.36068
0.0288818  2.36256e-05 2.3728
0.0291706  2.3719e-05 2.385
0.0294623  2.38125e-05 2.39728
0.029757  2.39062e-05 2.40963
0.0300545  2.4e-05 2.42205
0.0303551  2.4094e-05 2.43455
0.0306586  2.41882e-05 2.44712
0.0309652  2.42824e-05 2.45977
0.0312749  2.43769e-05 2.4725
0.0315876  2.44714e-05 2.48531
0.0319035  2.45661e-05 2.49819
0.0322225  2.4661e-05 2.51115
0.0325447  2.47559e-05 2.52419
0.0328702  2.4851e-05 2.53732
0.0331989  2.49462e-05 2.55052
0.0335309  2.50414e-05 2.5638
0.0338662  2.51368e-05 2.57717
0.0342049  2.52323e-05 2.59061
0.0345469  2.53279e-05 2.60414
0.0348924  2.54235e-05 2.61776
0.0352413  2.55193e-05 2.63145
0.0355937  2.56151e-05 2.64524
0.0359496  2.5711e-05 2.65911
0.0363091  2.58069e-05 2.67306
0.0366722  2.59029e-05 2.68711
0.037039  2.59989e-05 2.70124
0.0374093  2.6095e-05 2.71546
0.0377834  2.61911e-05 2.72977
0.0381613  2.62873e-05 2.74417
0.0385429  2.63835e-05 2.75866
0.0389283  2.64796e-05 2.77324
0.0393176  2.65758e-05 2.78791
0.0397108  2.6672e-05 2.80268
0.0401079  2.67682e-05 2.81754
0.040509  2.68644e-05 2.8325
0.040914  2.69605e-05 2.84755
0.0413232  2.70566e-05 2.8627
0.0417364  2.71527e-05 2.87795
0.0421538  2.72487e-05 2.89329
0.0425753  2.73447e-05 2.90873
0.0430011  2.74406e-05 2.92428
0.0434311  2.75364e-05 2.93992
0.0438654  2.76321e-05 2.95566
0.044304  2.77278e-05 2.97151
0.0447471  2.78234e-05 2.98746
0.0451946  2.79188e-05 3.00352
0.0456465  2.80141e-05 3.01968
0.046103  2.81093e-05 3.03594
0.046564  2.82044e-05 3.05232
0.0470296  2.82993e-05 3.0688
0.0474999  2.83941e-05 3.08539
0.0479749  2.84887e-05 3.10209
0.0484547  2.85831e-05 3.1189
0.0489392  2.86773e-05 3.13583
0.0494286  2.87713e-05 3.15286
0.0499229  2.88651e-05 3.17002
0.0504221  2.89587e-05 3.18728
0.0509264  2.90521e-05 3.20467
0.0514356  2.91452e-05 3.22217
0.05195  2.92381e-05 3.23979
0.0524695  2.93307e-05 3.25753
0.0529942  2.9423e-05 3.27539
0.0535241  2.9515e-05 3.29337
0.0540594  2.96068e-05 3.31148
0.0546  2.96982e-05 3.32971
0.055146  2.97893e-05 3.34807
0.0556974  2.988e-05 3.36655
0.0562544  2.99704e-05 3.38516
0.0568169  3.00605e-05 3.4039
0.0573851  3.01501e-05 3.42278
0.0579589  3.02394e-05 3.44178
0.0585385  3.03283e-05 3.46092
0.0591239  3.04167e-05 3.48019
0.0597152  3.05047e-05 3.4996
0.0603123  3.05923e-05 3.51915
0.0609154  3.06794e-05 3.53884
0.0615246  3.07661e-05 3.55866
0.0621398  3.08522e-05 3.57863
0.0627612  3.09379e-05 3.59875
0.0633888  3.1023e-05 3.61901
0.0640227  3.11076e-05 3.63941
0.064663  3.11917e-05 3.65996
0.0653096  3.12752e-05 3.68067
0.0659627  3.13581e-05 3.70152
0.0666223  3.14405e-05 3.72253
0.0672885  3.15222e-05 3.74369
0.0679614  3.16033e-05 3.76501
0.068641  3.16838e-05 3.78649
0.0693275  3.17636e-05 3.80813
0.0700207  3.18428e-05 3.82993
0.0707209  3.19213e-05 3.85189
0.0714281  3.19991e-05 3.87401
0.0721424  3.20761e-05 3.89631
0.0728638  3.21525e-05 3.91877
0.0735925  3.22281e-05 3.94141
0.0743284  3.23029e-05 3.96421
0.0750717  3.23769e-05 3.98719
0.0758224  3.24502e-05 4.01035
0.0765806  3.25226e-05 4.03369
0.0773464  3.25943e-05 4.05721
0.0781199  3.2665e-05 4.08092
0.0789011  3.27349e-05 4.10481
0.0796901  3.2804e-05 4.12888
0.080487  3.28721e-05 4.15315
0.0812919  3.29368e-05 4.17762
0.0821048  3.30003e-05 4.20228
0.0829259  3.30628e-05 4.22713
0.0837551  3.31243e-05 4.25219
0.0845927  3.31848e-05 4.27745
0.0854386  3.32442e-05 4.30292
0.086293  3.33026e-05 4.32859
0.0871559  3.33598e-05 4.35448
0.0880275  3.3416e-05 4.38058
0.0889077  3.3471e-05 4.4069
0.0897968  3.35249e-05 4.43344
0.0906948  3.35776e-05 4.46021
0.0916017  3.36291e-05 4.4872
0.0925178  3.36795e-05 4.51442
0.0934429  3.37286e-05 4.54187
0.0943774  3.37765e-05 4.56955
0.0953211  3.38232e-05 4.59747
0.0962743  3.38685e-05 4.62564
0.0972371  3.39126e-05 4.65405
0.0982095  3.39554e-05 4.6827
0.0991916  3.39969e-05 4.71161
0.100183  3.40371e-05 4.74077
0.101185  3.40759e-05 4.77018
0.102197  3.41133e-05 4.79986
0.103219  3.41493e-05 4.8298
0.104251  3.4184e-05 4.86001
0.105294  3.42172e-05 4.8905
0.106347  3.4249e-05 4.92125
0.10741  3.42793e-05 4.95229
0.108484  3.43082e-05 4.98361
0.109569  3.43356e-05 5.01522
0.110665  3.43615e-05 5.04712
0.111772  3.43859e-05 5.07931
0.112889  3.44088e-05 5.1118
0.114018  3.44301e-05 5.1446
0.115158  3.44499e-05 5.17771
0.11631  3.44681e-05 5.21113
0.117473  3.44847e-05 5.24486
0.118648  3.44998e-05 5.27892
0.119834  3.45132e-05 5.31331
0.121033  3.4525e-05 5.34802
0.122243  3.45352e-05 5.38307
0.123465  3.45437e-05 5.41846
0.1247  3.45506e-05 5.4542
0.125947  3.45558e-05 5.49029
0.127206  3.45593e-05 5.52674
0.128478  3.45612e-05 5.56354
0.129763  3.45613e-05 5.60072
0.131061  3.45597e-05 5.63827
0.132372  3.45564e-05 5.67619
0.133695  3.45514e-05 5.7145
0.135032  3.45447e-05 5.7532
0.136383  3.45362e-05 5.79229
0.137746  3.45259e-05 5.83179
0.139124  3.45139e-05 5.87169
0.140515  3.45001e-05 5.912
0.14192  3.44846e-05 5.95274
0.143339  3.44672e-05 5.99391
0.144773  3.44481e-05 6.03551
0.146221  3.44272e-05 6.07755
0.147683  3.44045e-05 6.12003
0.14916  3.438e-05 6.16297
0.150651  3.43537e-05 6.20638
0.152158  3.43256e-05 6.25025
0.153679  3.42957e-05 6.29459
0.155216  3.4264e-05 6.33942
0.156768  3.42305e-05 6.38474
0.158336  3.41952e-05 6.43056
0.159919  3.4158e-05 6.47689
0.161518  3.41191e-05 6.52374
0.163134  3.40783e-05 6.57111
0.164765  3.40357e-05 6.61901
0.166413  3.39914e-05 6.66745
0.168077  3.39452e-05 6.71644
0.169757  3.38972e-05 6.76599
0.171455  3.38474e-05 6.8161
0.17317  3.37958e-05 6.8668
0.174901  3.37425e-05 6.91808
0.17665  3.36873e-05 6.96995
0.178417  3.36304e-05 7.02243
0.180201  3.35717e-05 7.07553
0.182003  3.35112e-05 7.12926
0.183823  3.3449e-05 7.18362
0.185661  3.33851e-05 7.23863
0.187518  3.33194e-05 7.2943
0.189393  3.32519e-05 7.35063
0.191287  3.31828e-05 7.40765
0.1932  3.31119e-05 7.46536
0.195132  3.30393e-05 7.52377
0.197083  3.29651e-05 7.58289
0.199054  3.28891e-05 7.64275
0.201045  3.28115e-05 7.70334
0.203055  3.27323e-05 7.76469
0.205086  3.26514e-05 7.8268
0.207136  3.25689e-05 7.88969
0.209208  3.24847e-05 7.95337
0.2113  3.2399e-05 8.01786
0.213413  3.23117e-05 8.08316
0.215547  3.22228e-05 8.1493
0.217702  3.21324e-05 8.21629
0.219879  3.20405e-05 8.28414
0.222078  3.1947e-05 8.35286
0.224299  3.18521e-05 8.42248
0.226542  3.17556e-05 8.49301
0.228807  3.16577e-05 8.56445
0.231095  3.15584e-05 8.63684
0.233406  3.14577e-05 8.71019
0.235741  3.13555e-05 8.78451
0.238098  3.1252e-05 8.85982
0.240479  3.11471e-05 8.93613
0.242884  3.10409e-05 9.01347
0.245313  3.09333e-05 9.09185
0.247766  3.08245e-05 9.17129
0.250243  3.07144e-05 9.25181
0.252746  3.0603e-05 9.33344
0.255273  3.04904e-05 9.41618
0.257826  3.03766e-05 9.50006
0.260404  3.02616e-05 9.5851
0.263008  3.01455e-05 9.67131
0.265638  3.00282e-05 9.75873
0.268295  2.99098e-05 9.84737
0.270978  2.97903e-05 9.93725
0.273687  2.96698e-05 10.0284
0.276424  2.95482e-05 10.1208
0.279189  2.94256e-05 10.2146
0.28198  2.9302e-05 10.3096
0.2848  2.91775e-05 10.4061
0.287648  2.9052e-05 10.5039
0.290525  2.89256e-05 10.6031
0.29343  2.87983e-05 10.7038
0.296364  2.86702e-05 10.8059
0.299328  2.85412e-05 10.9095
0.302321  2.84114e-05 11.0146
0.305344  2.82809e-05 11.1213
0.308398  2.81496e-05 11.2295
0.311482  2.80175e-05 11.3393
0.314597  2.78847e-05 11.4508
0.317743  2.77513e-05 11.5638
0.32092  2.76172e-05 11.6786
0.324129  2.74825e-05 11.7951
0.32737  2.73472e-05 11.9133
0.330644  2.72113e-05 12.0334
0.333951  2.70749e-05 12.1552
0.33729  2.69379e-05 12.2788
0.340663  2.68005e-05 12.4044
0.34407  2.66626e-05 12.5318
0.34751  2.65242e-05 12.6612
0.350985  2.63854e-05 12.7925
0.354495  2.62462e-05 12.9259
0.35804  2.61067e-05 13.0613
0.361621  2.59668e-05 13.1989
0.365237  2.58266e-05 13.3385
0.368889  2.56861e-05 13.4803
0.372578  2.55454e-05 13.6243
0.376304  2.54044e-05 13.7706
0.380067  2.52632e-05 13.9191
0.383868  2.51218e-05 14.07
0.387706  2.49802e-05 14.2232
0.391583  2.48385e-05 14.3788
0.395499  2.46966e-05 14.537
0.399454  2.45547e-05 14.6976
0.403449  2.44127e-05 14.8607
0.407483  2.42706e-05 15.0265
0.411558  2.41285e-05 15.1948
0.415674  2.39864e-05 15.3659
0.41983  2.38443e-05 15.5397
0.424029  2.37022e-05 15.7163
0.428269  2.35603e-05 15.8958
0.432552  2.34183e-05 16.0781
0.436877  2.32765e-05 16.2634
0.441246  2.31348e-05 16.4516
0.445658  2.29933e-05 16.6429
0.450115  2.28519e-05 16.8374
0.454616  2.27107e-05 17.0349
0.459162  2.25697e-05 17.2357
0.463754  2.24289e-05 17.4398
0.468391  2.22884e-05 17.6472
0.473075  2.21481e-05 17.8581
0.477806  2.20081e-05 18.0723
0.482584  2.18683e-05 18.2901
0.48741  2.17289e-05 18.5115
0.492284  2.15898e-05 18.7366
0.497207  2.14511e-05 18.9653
0.502179  2.13127e-05 19.1978
0.507201  2.11747e-05 19.4342
0.512273  2.10371e-05 19.6746
0.517396  2.08999e-05 19.9189
0.52257  2.07631e-05 20.1672
0.527795  2.06267e-05 20.4198
0.533073  2.04908e-05 20.6765
0.538404  2.03553e-05 20.9375
0.543788  2.02204e-05 21.2029
0.549226  2.00859e-05 21.4727
0.554718  1.99519e-05 21.7471
0.560265  1.98184e-05 22.026
0.565868  1.96855e-05 22.3097
0.571527  1.9553e-05 22.5981
0.577242  1.94212e-05 22.8914
0.583014  1.92898e-05 23.1896
0.588844  1.91591e-05 23.4929
0.594733  1.90289e-05 23.8013
0.60068  1.88993e-05 24.1149
0.606687  1.87703e-05 24.4339
0.612754  1.86419e-05 24.7582
0.618881  1.85141e-05 25.088
0.62507  1.83869e-05 25.4234
0.631321  1.82604e-05 25.7646
0.637634  1.81345e-05 26.1115
0.644011  1.80092e-05 26.4643
0.650451  1.78846e-05 26.8232
0.656955  1.77606e-05 27.1882
0.663525  1.76373e-05 27.5593
0.67016  1.75146e-05 27.9369
0.676862  1.73927e-05 28.3208
0.68363  1.72714e-05 28.7114
0.690466  1.71507e-05 29.1086
0.697371  1.70308e-05 29.5126
0.704345  1.69115e-05 29.9235
0.711388  1.67929e-05 30.3415
0.718502  1.66751e-05 30.7666
0.725687  1.65579e-05 31.199
0.732944  1.64414e-05 31.6388
0.740273  1.63256e-05 32.0862
0.747676  1.62105e-05 32.5413
0.755153  1.60961e-05 33.0041
0.762705  1.59825e-05 33.4749
0.770332  1.58695e-05 33.9539
0.778035  1.57572e-05 34.441
0.785815  1.56457e-05 34.9365
0.793673  1.55349e-05 35.4406
0.80161  1.54247e-05 35.9533
0.809626  1.53153e-05 36.4749
0.817722  1.52066e-05 37.0054
0.8259  1.50986e-05 37.545
0.834159  1.49913e-05 38.094
0.8425  1.48848e-05 38.6524
0.850925  1.47789e-05 39.2205
0.859435  1.46737e-05 39.7983
0.868029  1.45693e-05 40.3861
0.876709  1.44655e-05 40.984
0.885476  1.43625e-05 41.5923
0.894331  1.42602e-05 42.211
0.903274  1.41585e-05 42.8404
0.912307  1.40576e-05 43.4807
0.92143  1.39573e-05 44.132
0.930644  1.38577e-05 44.7946
0.939951  1.37589e-05 45.4685
0.94935  1.36607e-05 46.1542
0.958844  1.35632e-05 46.8516
0.968432  1.34663e-05 47.5611
0.978117  1.33702e-05 48.2828
0.987898  1.32747e-05 49.017
0.997777  1.31799e-05 49.7639
1.00775  1.30858e-05 50.5237
1.01783  1.29923e-05 51.2966
1.02801  1.28995e-05 52.0828
1.03829  1.28074e-05 52.8826
1.04867  1.27159e-05 53.6962
1.05916  1.2625e-05 54.5239
1.06975  1.25348e-05 55.3659
1.08045  1.24453e-05 56.2224
1.09125  1.23563e-05 57.0936
1.10217  1.22681e-05 57.98
1.11319  1.21804e-05 58.8816
1.12432  1.20934e-05 59.7988
1.13556  1.2007e-05 60.7319
1.14692  1.19212e-05 61.681
1.15839  1.1836e-05 62.6466
1.16997  1.17514e-05 63.6288
1.18167  1.16675e-05 64.628
1.19349  1.15841e-05 65.6444
1.20542  1.15014e-05 66.6784
1.21748  1.14192e-05 67.7303
1.22965  1.13376e-05 68.8003
1.24195  1.12566e-05 69.8888
1.25437  1.11762e-05 70.9961
1.26691  1.10963e-05 72.1225
1.27958  1.10171e-05 73.2683
1.29238  1.09383e-05 74.4339
1.3053  1.08602e-05 75.6197
1.31835  1.07826e-05 76.8259
1.33154  1.07056e-05 78.053
1.34485  1.06291e-05 79.3013
1.3583  1.05531e-05 80.5711
1.37188  1.04777e-05 81.8628
1.3856  1.04029e-05 83.1769
1.39946  1.03285e-05 84.5136
1.41345  1.02547e-05 85.8735
1.42759  1.01814e-05 87.2568
1.44186  1.01086e-05 88.664
1.45628  1.00364e-05 90.0955
1.47085  9.96462e-06 91.5517
1.48555  9.89338e-06 93.0331
1.50041  9.82264e-06 94.5401
1.51541  9.7524e-06 96.0731
1.53057  9.68265e-06 97.6326
1.54587  9.61338e-06 99.219
1.56133  9.54461e-06 100.833
1.57695  9.47631e-06 102.475
1.59271  9.4085e-06 104.145
1.60864  9.34115e-06 105.844
1.62473  9.27428e-06 107.572
1.64098  9.20787e-06 109.33
1.65739  9.14193e-06 111.119
1.67396  9.07644e-06 112.938
1.6907  9.0114e-06 114.789
1.70761  8.94682e-06 116.672
1.72468  8.88269e-06 118.588
1.74193  8.81899e-06 120.536
1.75935  8.75574e-06 122.519
1.77694  8.69293e-06 124.535
1.79471  8.63054e-06 126.587
1.81266  8.56859e-06 128.674
1.83078  8.50706e-06 130.797
1.84909  8.44596e-06 132.957
1.86758  8.38527e-06 135.154
1.88626  8.325e-06 137.389
1.90512  8.26514e-06 139.663
1.92417  8.20569e-06 141.977
1.94341  8.14665e-06 144.33
1.96285  8.08801e-06 146.724
1.98248  8.02977e-06 149.16
2.0023  7.97192e-06 151.638
2.02232  7.91447e-06 154.159
2.04255  7.85741e-06 156.723
2.06297  7.80074e-06 159.332
2.0836  7.74445e-06 161.986
2.10444  7.68854e-06 164.687
2.12548  7.63301e-06 167.434
2.14674  7.57786e-06 170.228
2.16821  7.52308e-06 173.072
2.18989  7.46867e-06 175.964
2.21179  7.41463e-06 178.907
2.2339  7.36095e-06 181.901
2.25624  7.30763e-06 184.947
2.27881  7.25468e-06 188.046
2.30159  7.20208e-06 191.198
2.32461  7.14983e-06 194.406
2.34786  7.09794e-06 197.669
2.37134  7.04639e-06 200.989
2.39505  6.99519e-06 204.366
2.419  6.94434e-06 207.803
2.44319  6.89382e-06 211.299
2.46762  6.84365e-06 214.856
2.4923  6.79381e-06 218.475
2.51722  6.74431e-06 222.157
2.54239  6.69514e-06 225.903
2.56782  6.64629e-06 229.714
2.59349  6.59778e-06 233.592
2.61943  6.54959e-06 237.538
2.64562  6.50173e-06 241.552
2.67208  6.45418e-06 245.636
2.6988  6.40695e-06 249.791
2.72579  6.36004e-06 254.019
2.75305  6.31345e-06 258.321
2.78058  6.26716e-06 262.697
2.80838  6.22119e-06 267.151
2.83647  6.17552e-06 271.681
2.86483  6.13016e-06 276.291
2.89348  6.08511e-06 280.982
2.92241  6.04035e-06 285.755
2.95164  5.9959e-06 290.611
2.98115  5.95174e-06 295.552
3.01097  5.90788e-06 300.579
3.04108  5.86432e-06 305.695
3.07149  5.82104e-06 310.9
3.1022  5.77806e-06 316.196
3.13322  5.73536e-06 321.585
3.16456  5.69296e-06 327.068
3.1962  5.65083e-06 332.648
3.22816  5.60899e-06 338.325
3.26045  5.56743e-06 344.102
3.29305  5.52615e-06 349.981
3.32598  5.48515e-06 355.962
3.35924  5.44443e-06 362.049
3.39283  5.40398e-06 368.242
3.42676  5.3638e-06 374.544
3.46103  5.32389e-06 380.957
3.49564  5.28425e-06 387.482
3.53059  5.24488e-06 394.122
3.5659  5.20577e-06 400.878
3.60156  5.16693e-06 407.754
3.63758  5.12835e-06 414.75
3.67395  5.09004e-06 421.869
3.71069  5.05198e-06 429.113
3.7478  5.01418e-06 436.485
3.78528  4.97663e-06 443.987
3.82313  4.93934e-06 451.621
3.86136  4.90231e-06 459.39
3.89997  4.86552e-06 467.297
3.93897  4.82899e-06 475.343
3.97836  4.7927e-06 483.531
4.01815  4.75666e-06 491.864
4.05833  4.72087e-06 500.345
4.09891  4.68532e-06 508.976
4.1399  4.65001e-06 517.76
4.1813  4.61495e-06 526.7
4.22311  4.58012e-06 535.799
4.26534  4.54553e-06 545.06
4.308  4.51118e-06 554.485
4.35108  4.47707e-06 564.079
4.39459  4.44319e-06 573.843
4.43853  4.40954e-06 583.781
4.48292  4.37612e-06 593.897
4.52775  4.34293e-06 604.193
4.57303  4.30997e-06 614.673
4.61876  4.27724e-06 625.34
4.66494  4.24473e-06 636.198
4.71159  4.21245e-06 647.249
4.75871  4.18039e-06 658.498
4.8063  4.14856e-06 669.948
4.85436  4.11694e-06 681.602
4.9029  4.08554e-06 693.465
4.95193  4.05436e-06 705.539
5.00145  4.0234e-06 717.829
5.05146  3.99265e-06 730.338
5.10198  3.96212e-06 743.071
5.153  3.9318e-06 756.032
5.20453  3.90169e-06 769.224
5.25657  3.87179e-06 782.652
5.30914  3.84209e-06 796.321
5.36223  3.81261e-06 810.234
5.41585  3.78333e-06 824.396
5.47001  3.75426e-06 838.811
5.52471  3.72539e-06 853.485
5.57996  3.69673e-06 868.422
5.63576  3.66826e-06 883.626
5.69212  3.64e-06 899.103
5.74904  3.61193e-06 914.857
5.80653  3.58407e-06 930.894
5.86459  3.55639e-06 947.219
5.92324  3.52892e-06 963.836
5.98247  3.50164e-06 980.752
6.0423  3.47455e-06 997.972
6.10272  3.44765e-06 1015.5
6.16375  3.42095e-06 1033.34
6.22538  3.39443e-06 1051.51
6.28764  3.36811e-06 1070
6.35051  3.34197e-06 1088.82
6.41402  3.31601e-06 1107.98
6.47816  3.29024e-06 1127.49
6.54294  3.26466e-06 1147.34
6.60837  3.23925e-06 1167.56
6.67445  3.21403e-06 1188.13
6.7412  3.18899e-06 1209.08
6.80861  3.16413e-06 1230.41
6.8767  3.13945e-06 1252.12
6.94546  3.11494e-06 1274.22
7.01492  3.09062e-06 1296.72
7.08507  3.06646e-06 1319.63
7.15592  3.04248e-06 1342.95
7.22748  3.01867e-06 1366.69
7.29975  2.99504e-06 1390.86
7.37275  2.97157e-06 1415.46
7.44648  2.94828e-06 1440.51
7.52094  2.92515e-06 1466.02
7.59615  2.90219e-06 1491.98
7.67211  2.8794e-06 1518.42
7.74883  2.85677e-06 1545.33
7.82632  2.83431e-06 1572.73
7.90459  2.81201e-06 1600.63
7.98363  2.78987e-06 1629.03
8.06347  2.76753e-06 1657.95
8.1441  2.74531e-06 1687.39
8.22554  2.72326e-06 1717.36
8.3078  2.70137e-06 1747.88
8.39088  2.67966e-06 1778.95
8.47479  2.65811e-06 1810.59
8.55953  2.63673e-06 1842.79
8.64513  2.61551e-06 1875.58
8.73158  2.59446e-06 1908.97
8.8189  2.57357e-06 1942.96
8.90709  2.55284e-06 1977.56
8.99616  2.53227e-06 2012.8
9.08612  2.51186e-06 2048.67
9.17698  2.49161e-06 2085.19
9.26875  2.47151e-06 2122.37
9.36144  2.45157e-06 2160.23
9.45505  2.43196e-06 2198.77
9.5496  2.41254e-06 2238.02
9.6451  2.39327e-06 2277.97
9.74155  2.37414e-06 2318.65
9.83896  2.35516e-06 2360.06
9.93735  2.33632e-06 2402.22
10.0367  2.31762e-06 2445.15
10.1371  2.29907e-06 2488.85
10.2385  2.28066e-06 2533.34
10.3409  2.26239e-06 2578.64
10.4443  2.24426e-06 2624.76
10.5487  2.22627e-06 2671.72
10.6542  2.20842e-06 2719.52
10.7607  2.19071e-06 2768.2
10.8683  2.17313e-06 2817.75
10.977  2.15568e-06 2868.2
11.0868  2.13837e-06 2919.57
11.1977  2.12119e-06 2971.87
11.3096  2.10415e-06 3025.11
11.4227  2.08724e-06 3079.33
11.537  2.07045e-06 3134.52
11.6523  2.05378e-06 3190.72
11.7689  2.03725e-06 3247.93
11.8865  2.02084e-06 3306.19
12.0054  2.00456e-06 3365.5
12.1255  1.9884e-06 3425.89
12.2467  1.97237e-06 3487.38
12.3692  1.95647e-06 3549.98
12.4929  1.94069e-06 3613.72
12.6178  1.92503e-06 3678.62
12.744  1.90949e-06 3744.7
12.8714  1.89408e-06 3811.98
13.0001  1.87878e-06 3880.49
13.1301  1.86361e-06 3950.24
13.2614  1.84855e-06 4021.26
13.3941  1.83361e-06 4093.57
13.528  1.81878e-06 4167.19
13.6633  1.80408e-06 4242.16
13.7999  1.78949e-06 4318.49
13.9379  1.77501e-06 4396.21
14.0773  1.76064e-06 4475.34
14.2181  1.74639e-06 4555.91
14.3602  1.73225e-06 4637.96
14.5038  1.71822e-06 4721.49
14.6489  1.7043e-06 4806.55
14.7954  1.69049e-06 4893.15
14.9433  1.67679e-06 4981.33
15.0928  1.6632e-06 5071.12
15.2437  1.64971e-06 5162.55
15.3961  1.63633e-06 5255.64
15.5501  1.62306e-06 5350.43
15.7056  1.60989e-06 5446.94
15.8626  1.59683e-06 5545.22
16.0213  1.58387e-06 5645.29
16.1815  1.57101e-06 5747.18
16.3433  1.55825e-06 5850.93
16.5067  1.54559e-06 5956.57
16.6718  1.53304e-06 6064.14
16.8385  1.52058e-06 6173.67
17.0069  1.50822e-06 6285.2
17.177  1.49596e-06 6398.76
17.3487  1.4838e-06 6514.4
17.5222  1.47174e-06 6632.15
17.6974  1.45977e-06 6752.04
17.8744  1.44789e-06 6874.13
18.0532  1.43611e-06 6998.44
18.2337  1.42443e-06 7125.02
18.416  1.41283e-06 7253.92
18.6002  1.40133e-06 7385.16
18.7862  1.38992e-06 7518.81
18.9741  1.3786e-06 7654.89
19.1638  1.36737e-06 7793.47
19.3554  1.35623e-06 7934.57
19.549  1.34517e-06 8078.25
19.7445  1.33421e-06 8224.56
19.9419  1.32333e-06 8373.54
20.1413  1.31253e-06 8525.24
20.3427  1.30183e-06 8679.72
20.5462  1.29121e-06 8837.02
20.7516  1.28067e-06 8997.2
20.9592  1.27022e-06 9160.3
21.1687  1.25985e-06 9326.39
21.3804  1.24957e-06 9495.52
21.5942  1.23937e-06 9667.73
21.8102  1.22925e-06 9843.1
22.0283  1.21921e-06 10021.7
22.2486  1.20925e-06 10203.5
22.4711  1.19937e-06 10388.7
22.6958  1.18958e-06 10577.2
22.9227  1.17986e-06 10769.3
23.1519  1.17022e-06 10964.8
23.3835  1.16065e-06 11163.9
23.6173  1.15117e-06 11366.6
23.8535  1.14176e-06 11573.1
24.092  1.13243e-06 11783.3
24.3329  1.12317e-06 11997.4
24.5763  1.11399e-06 12215.4
24.822  1.10488e-06 12437.4
25.0702  1.09584e-06 12663.4
25.3209  1.08688e-06 12893.6
25.5742  1.07799e-06 13128
25.8299  1.06918e-06 13366.7
26.0882  1.06043e-06 13609.8
26.3491  1.05176e-06 13857.3
26.6126  1.04315e-06 14109.3
26.8787  1.03462e-06 14366
27.1475  1.02615e-06 14627.4
27.419  1.01775e-06 14893.5
27.6931  1.00942e-06 15164.5
27.9701  1.00116e-06 15440.5
28.2498  9.92961e-07 15721.6
28.5323  9.84832e-07 16007.8
28.8176  9.76769e-07 16299.2
29.1058  9.68772e-07 16596
29.3968  9.6084e-07 16898.2
29.6908  9.52972e-07 17205.9
29.9877  9.45169e-07 17519.3
30.2876  9.37429e-07 17838.4
30.5905  9.29753e-07 18163.4
30.8964  9.22139e-07 18494.3
31.2053  9.14588e-07 18831.3
31.5174  9.07098e-07 19174.5
31.8326  8.9967e-07 19524
32.1509  8.92303e-07 19879.8
32.4724  8.84995e-07 20242.2
32.7971  8.77748e-07 20611.2
33.1251  8.7056e-07 20987
33.4563  8.63431e-07 21369.7
33.7909  8.5636e-07 21759.3
34.1288  8.49348e-07 22156.2
34.4701  8.42393e-07 22560.2
34.8148  8.35496e-07 22971.7
35.1629  8.28654e-07 23390.8
35.5146  8.2187e-07 23817.5
35.8697  8.15141e-07 24252
36.2284  8.08467e-07 24694.5
36.5907  8.01848e-07 25145.1
36.9566  7.95284e-07 25604
37.3262  7.88774e-07 26071.2
37.6994  7.82317e-07 26547
38.0764  7.75914e-07 27031.6
38.4572  7.69563e-07 27525
38.8418  7.63265e-07 28027.5
39.2302  7.57018e-07 28539.1
39.6225  7.50822e-07 29060.2
40.0187  7.44677e-07 29590.8
40.4189  7.38583e-07 30131.1
40.8231  7.3254e-07 30681.3
41.2313  7.26546e-07 31241.6
41.6436  7.20602e-07 31812.1
42.0601  7.14707e-07 32393.1
42.4807  7.0886e-07 32984.7
42.9055  7.03063e-07 33587.2
43.3345  6.97313e-07 34200.7
43.7679  6.9161e-07 34825.5
44.2056  6.85955e-07 35461.7
44.6476  6.80347e-07 36109.5
45.0941  6.74786e-07 36769.2
45.545  6.6927e-07 37441
46.0005  6.63801e-07 38125.1
46.4605  6.58376e-07 38821.7
46.9251  6.52997e-07 39531.1
47.3943  6.47663e-07 40253.5
47.8683  6.42373e-07 40989.1
48.347  6.37126e-07 41738.1
48.8304  6.31924e-07 42500.9
49.3187  6.26765e-07 43277.6
49.8119  6.21648e-07 44068.5
50.31  6.16575e-07 44874
50.8131  6.11543e-07 45694.1
51.3213  6.06554e-07 46529.3
51.8345  6.01606e-07 47379.7
52.3528  5.967e-07 48245.7
52.8764  5.91834e-07 49127.6
53.4051  5.87009e-07 50025.5
53.9392  5.82225e-07 50939.9
54.4786  5.7748e-07 51871.1
55.0234  5.72775e-07 52819.2
55.5736  5.68109e-07 53784.7
56.1293  5.63483e-07 54767.9
56.6906  5.58895e-07 55769
57.2575  5.54345e-07 56788.4
57.8301  5.49834e-07 57826.4
58.4084  5.45361e-07 58883.5
58.9925  5.40924e-07 59959.8
59.5824  5.36526e-07 61055.8
60.1782  5.32164e-07 62171.9
60.78  5.27838e-07 63308.3
61.3878  5.23549e-07 64465.5
62.0017  5.19296e-07 65643.8
62.6217  5.15079e-07 66843.6
63.2479  5.10897e-07 68065.4
63.8804  5.0675e-07 69309.4
64.5192  5.02638e-07 70576.2
65.1644  4.98561e-07 71866.1
65.816  4.94518e-07 73179.5
66.4742  4.9051e-07 74516.9
67.1389  4.86534e-07 75878.7
67.8103  4.82593e-07 77265.4
68.4884  4.78685e-07 78677.3
69.1733  4.74809e-07 80115
69.8651  4.70967e-07 81578.9
70.5637  4.67156e-07 83069.5
71.2693  4.63378e-07 84587.2
71.982  4.59632e-07 86132.6
72.7019  4.55918e-07 87706.2
73.4289  4.52235e-07 89308.5
74.1632  4.48583e-07 90939.9
74.9048  4.44962e-07 92601.1
75.6538  4.41371e-07 94292.5
76.4104  4.37811e-07 96014.7
77.1745  4.34282e-07 97768.2
77.9462  4.30782e-07 99553.7
78.7257  4.27311e-07 101372
79.513  4.23871e-07 103223
80.3081  4.20459e-07 105107
81.1112  4.17076e-07 107026
81.9223  4.13722e-07 108980
82.7415  4.10397e-07 110970
83.5689  4.071e-07 112995
84.4046  4.0383e-07 115058
85.2486  4.00589e-07 117157
86.1011  3.97375e-07 119295
86.9621  3.94189e-07 121472
87.8318  3.91029e-07 123689
88.7101  3.87897e-07 125945
89.5972  3.84791e-07 128243
90.4932  3.81712e-07 130582
91.3981  3.78659e-07 132964
92.3121  3.75632e-07 135388
93.2352  3.7263e-07 137857
94.1675  3.69655e-07 140371
95.1092  3.66705e-07 142930
96.0603  3.6378e-07 145535
97.0209  3.6088e-07 148188
97.9911  3.58005e-07 150889
98.971  3.55154e-07 153638
99.9607  3.52328e-07 156438
100.96  3.49526e-07 159288
101.97  3.46748e-07 162189
102.99  3.43994e-07 165143
104.02  3.41263e-07 168151
105.06  3.38556e-07 171212
106.11  3.35872e-07 174329
107.171  3.33211e-07 177503
108.243  3.30573e-07 180734
109.326  3.27958e-07 184023
110.419  3.25365e-07 187371
111.523  3.22794e-07 190780
112.638  3.20245e-07 194250
113.765  3.17719e-07 197783
114.902  3.15214e-07 201379
116.051  3.12731e-07 205041
117.212  3.10269e-07 208768
118.384  3.07828e-07 212562
119.568  3.05408e-07 216425
120.763  3.0301e-07 220357
121.971  3.00631e-07 224360
123.191  2.98274e-07 228435
124.423  2.95937e-07 232583
125.667  2.9362e-07 236806
126.924  2.91323e-07 241105
128.193  2.89045e-07 245481
129.475  2.86788e-07 249935
130.77  2.8455e-07 254469
132.077  2.82332e-07 259085
133.398  2.80132e-07 263783
134.732  2.77952e-07 268566
136.079  2.75791e-07 273434
137.44  2.73648e-07 278389
138.814  2.71524e-07 283433
140.203  2.69418e-07 288567
141.605  2.67331e-07 293793
143.021  2.65262e-07 299113
144.451  2.63211e-07 304527
145.895  2.61178e-07 310039
147.354  2.59162e-07 315648
148.828  2.57164e-07 321358
150.316  2.55183e-07 327170
151.819  2.5322e-07 333085
153.338  2.51273e-07 339106
154.871  2.49344e-07 345234
156.42  2.47432e-07 351472
157.984  2.45536e-07 357820
159.564  2.43657e-07 364281
161.159  2.41794e-07 370858
162.771  2.39947e-07 377551
164.399  2.38117e-07 384364
166.043  2.36302e-07 391297
167.703  2.34504e-07 398353
169.38  2.32721e-07 405535
171.074  2.30954e-07 412843
172.785  2.29203e-07 420281
174.512  2.27466e-07 427851
176.258  2.25745e-07 435554
178.02  2.24039e-07 443393
179.8  2.22349e-07 451371
181.598  2.20673e-07 459489
183.414  2.19011e-07 467750
185.248  2.17365e-07 476157
187.101  2.15732e-07 484713
188.972  2.14115e-07 493419
190.862  2.12511e-07 502279
192.77  2.10922e-07 511296
194.698  2.09346e-07 520471
196.645  2.07785e-07 529809
198.611  2.06237e-07 539311
200.598  2.04703e-07 548981
202.604  2.03183e-07 558821
204.63  2.01676e-07 568836
206.676  2.00182e-07 579028
208.743  1.98702e-07 589400
210.83  1.97235e-07 599956
212.938  1.9578e-07 610700
215.068  1.94339e-07 621636
217.218  1.92911e-07 632765
219.391  1.91495e-07 644094
221.584  1.90091e-07 655624
223.8  1.88701e-07 667361
226.038  1.87322e-07 679308
228.299  1.85956e-07 691468
230.582  1.84602e-07 703847
232.888  1.8326e-07 716446
235.216  1.8193e-07 729271
237.569  1.80612e-07 742325
239.944  1.79306e-07 755612
242.344  1.78012e-07 769136
244.767  1.76729e-07 782901
247.215  1.75457e-07 796912
249.687  1.74197e-07 811173
252.184  1.72948e-07 825688
254.706  1.7171e-07 840461
257.253  1.70484e-07 855497
259.825  1.69268e-07 870800
262.423  1.68064e-07 886375
265.048  1.6687e-07 902226
267.698  1.65687e-07 918357
270.375  1.64515e-07 934774
273.079  1.63353e-07 951482
275.81  1.62202e-07 968484
278.568  1.61061e-07 985786
281.354  1.5993e-07 1.00339e+06
284.167  1.5881e-07 1.02131e+06
287.009  1.577e-07 1.03954e+06
289.879  1.56599e-07 1.05809e+06
292.778  1.55509e-07 1.07697e+06
295.705  1.54429e-07 1.09618e+06
298.662  1.53358e-07 1.11572e+06
301.649  1.52298e-07 1.13561e+06
304.666  1.51246e-07 1.15585e+06
307.712  1.50205e-07 1.17643e+06
310.789  1.49173e-07 1.19738e+06
313.897  1.4815e-07 1.2187e+06
317.036  1.47137e-07 1.24038e+06
320.207  1.46133e-07 1.26245e+06
323.409  1.45138e-07 1.28489e+06
326.643  1.44152e-07 1.30773e+06
329.909  1.43175e-07 1.33096e+06
333.208  1.42207e-07 1.3546e+06
336.54  1.41248e-07 1.37864e+06
339.906  1.40298e-07 1.40311e+06
343.305  1.39356e-07 1.42799e+06
346.738  1.38423e-07 1.45331e+06
350.205  1.37499e-07 1.47906e+06
353.707  1.36583e-07 1.50525e+06
357.244  1.35676e-07 1.5319e+06
360.817  1.34777e-07 1.559e+06
364.425  1.33886e-07 1.58657e+06
368.069  1.33004e-07 1.61462e+06
371.75  1.3213e-07 1.64314e+06
375.467  1.31264e-07 1.67215e+06
379.222  1.30405e-07 1.70166e+06
383.014  1.29555e-07 1.73167e+06
386.844  1.28713e-07 1.76219e+06
390.713  1.27879e-07 1.79323e+06
394.62  1.27052e-07 1.82481e+06
398.566  1.26233e-07 1.85692e+06
402.552  1.25422e-07 1.88957e+06
406.577  1.24618e-07 1.92278e+06
410.643  1.23822e-07 1.95655e+06
414.75  1.23033e-07 1.99089e+06
418.897  1.22251e-07 2.02581e+06
423.086  1.21477e-07 2.06132e+06
427.317  1.2071e-07 2.09743e+06
431.59  1.19951e-07 2.13415e+06
435.906  1.19198e-07 2.17149e+06
440.265  1.18453e-07 2.20945e+06
444.668  1.17715e-07 2.24805e+06
449.114  1.16983e-07 2.2873e+06
453.605  1.16259e-07 2.3272e+06
458.142  1.15541e-07 2.36777e+06
462.723  1.14831e-07 2.40901e+06
467.35  1.14127e-07 2.45095e+06
472.024  1.13429e-07 2.49358e+06
476.744  1.12739e-07 2.53692e+06
481.511  1.12054e-07 2.58098e+06
486.326  1.11377e-07 2.62577e+06
491.19  1.10706e-07 2.6713e+06
496.102  1.10041e-07 2.71759e+06
501.063  1.09383e-07 2.76464e+06
506.073  1.08731e-07 2.81246e+06
511.134  1.08085e-07 2.86107e+06
516.245  1.07445e-07 2.91048e+06
521.408  1.06812e-07 2.9607e+06
526.622  1.06185e-07 3.01175e+06
531.888  1.05563e-07 3.06363e+06
537.207  1.04948e-07 3.11636e+06
542.579  1.04339e-07 3.16995e+06
548.005  1.03736e-07 3.22441e+06
553.485  1.03138e-07 3.27976e+06
559.02  1.02547e-07 3.33601e+06
564.61  1.01961e-07 3.39318e+06
570.256  1.01381e-07 3.45126e+06
575.959  1.00806e-07 3.51029e+06
581.718  1.00237e-07 3.57027e+06
587.535  9.9674e-08 3.63122e+06
593.411  9.91162e-08 3.69315e+06
599.345  9.8564e-08 3.75608e+06
605.338  9.80172e-08 3.82002e+06
611.392  9.74758e-08 3.88498e+06
617.506  9.69398e-08 3.95098e+06
623.681  9.6409e-08 4.01804e+06
629.917  9.58836e-08 4.08616e+06
636.217  9.53634e-08 4.15537e+06
642.579  9.48483e-08 4.22568e+06
649.005  9.43384e-08 4.29711e+06
655.495  9.38337e-08 4.36967e+06
662.05  9.33339e-08 4.44338e+06
668.67  9.28392e-08 4.51825e+06
675.357  9.23495e-08 4.5943e+06
682.11  9.18647e-08 4.67156e+06
688.931  9.13848e-08 4.75002e+06
695.821  9.09098e-08 4.82972e+06
702.779  9.04395e-08 4.91067e+06
709.807  8.99741e-08 4.99288e+06
716.905  8.95134e-08 5.07637e+06
724.074  8.90574e-08 5.16117e+06
731.315  8.86061e-08 5.24728e+06
738.628  8.81594e-08 5.33474e+06
746.014  8.77173e-08 5.42355e+06
753.474  8.72797e-08 5.51373e+06
761.009  8.68467e-08 5.60531e+06
768.619  8.64181e-08 5.6983e+06
776.305  8.5994e-08 5.79272e+06
784.068  8.55743e-08 5.88859e+06
791.909  8.51589e-08 5.98594e+06
799.828  8.47479e-08 6.08477e+06
807.826  8.43412e-08 6.18512e+06
815.905  8.39388e-08 6.28699e+06
824.064  8.35406e-08 6.39042e+06
832.304  8.31466e-08 6.49541e+06
840.627  8.27567e-08 6.60201e+06
849.034  8.2371e-08 6.71021e+06
857.524  8.19894e-08 6.82005e+06
866.099  8.16119e-08 6.93155e+06
874.76  8.12384e-08 7.04473e+06
883.508  8.08689e-08 7.15961e+06
892.343  8.05034e-08 7.27621e+06
901.266  8.01418e-08 7.39456e+06
910.279  7.97841e-08 7.51468e+06
919.382  7.94303e-08 7.63658e+06
928.575  7.90803e-08 7.76031e+06
937.861  7.87341e-08 7.88587e+06
947.24  7.83918e-08 8.01329e+06
956.712  7.80531e-08 8.14259e+06
966.279  7.77182e-08 8.27381e+06
975.942  7.7387e-08 8.40697e+06
985.702  7.70595e-08 8.54208e+06
995.559  7.67356e-08 8.67917e+06
