0.001  4.99385e-05 0.25396
0.00101  4.9977e-05 0.255227
0.0010201  5.00156e-05 0.2565
0.0010303  5.00544e-05 0.257779
0.0010406  5.00934e-05 0.259065
0.00105101  5.01326e-05 0.260357
0.00106152  5.01719e-05 0.261655
0.00107214  5.02115e-05 0.26296
0.00108286  5.02513e-05 0.264272
0.00109369  5.02912e-05 0.26559
0.00110462  5.03313e-05 0.266915
0.00111567  5.03717e-05 0.268246
0.00112683  5.04122e-05 0.269584
0.00113809  5.0453e-05 0.270928
0.00114947  5.04939e-05 0.27228
0.00116097  5.0535e-05 0.273638
0.00117258  5.0576e-05 0.275002
0.0011843  5.06164e-05 0.276374
0.00119615  5.06569e-05 0.277752
0.00120811  5.06976e-05 0.279138
0.00122019  5.07386e-05 0.28053
0.00123239  5.07797e-05 0.281929
0.00124472  5.08197e-05 0.283335
0.00125716  5.0853e-05 0.284748
0.00126973  5.08864e-05 0.286168
0.00128243  5.09199e-05 0.287596
0.00129526  5.09535e-05 0.28903
0.00130821  5.09872e-05 0.290472
0.00132129  5.10211e-05 0.29192
0.0013345  5.1055e-05 0.293376
0.00134785  5.10891e-05 0.29484
0.00136133  5.11233e-05 0.29631
0.00137494  5.11576e-05 0.297788
0.00138869  5.1192e-05 0.299273
0.00140258  5.12265e-05 0.300766
0.0014166  5.12612e-05 0.302266
0.00143077  5.12959e-05 0.303774
0.00144508  5.13308e-05 0.305289
0.00145953  5.13634e-05 0.306811
0.00147412  5.1393e-05 0.308342
0.00148886  5.14227e-05 0.309879
0.00150375  5.14524e-05 0.311425
0.00151879  5.14822e-05 0.312978
0.00153398  5.15121e-05 0.314539
0.00154932  5.1542e-05 0.316108
0.00156481  5.15716e-05 0.317685
0.00158046  5.16007e-05 0.319269
0.00159626  5.16299e-05 0.320836
0.00161223  5.16592e-05 0.322385
0.00162835  5.16885e-05 0.323954
0.00164463  5.17178e-05 0.325541
0.00166108  5.17463e-05 0.327148
0.00167769  5.17724e-05 0.328773
0.00169447  5.17984e-05 0.330418
0.00171141  5.18245e-05 0.33208
0.00172852  5.18506e-05 0.333761
0.00174581  5.18767e-05 0.33546
0.00176327  5.19027e-05 0.337176
0.0017809  5.19288e-05 0.338909
0.00179871  5.19549e-05 0.340585
0.0018167  5.1981e-05 0.342263
0.00183486  5.20071e-05 0.343956
0.00185321  5.20331e-05 0.345664
0.00187174  5.20592e-05 0.347385
0.00189046  5.20852e-05 0.34912
0.00190937  5.21113e-05 0.350868
0.00192846  5.21373e-05 0.352628
0.00194774  5.21613e-05 0.354399
0.00196722  5.21834e-05 0.356181
0.00198689  5.22054e-05 0.357973
0.00200676  5.22273e-05 0.35977
0.00202683  5.22492e-05 0.361566
0.0020471  5.2271e-05 0.363371
0.00206757  5.22928e-05 0.365183
0.00208825  5.23139e-05 0.367005
0.00210913  5.23348e-05 0.368835
0.00213022  5.23556e-05 0.370674
0.00215152  5.23763e-05 0.372522
0.00217304  5.23969e-05 0.374379
0.00219477  5.24175e-05 0.376245
0.00221672  5.24379e-05 0.378121
0.00223888  5.24583e-05 0.380007
0.00226127  5.24786e-05 0.381901
0.00228388  5.24988e-05 0.383805
0.00230672  5.2519e-05 0.385718
0.00232979  5.2539e-05 0.387642
0.00235309  5.25585e-05 0.389575
0.00237662  5.25776e-05 0.391518
0.00240038  5.25966e-05 0.393471
0.00242439  5.26155e-05 0.395434
0.00244863  5.26343e-05 0.397407
0.00247312  5.26529e-05 0.39939
0.00249785  5.26718e-05 0.401382
0.00252283  5.26909e-05 0.403384
0.00254806  5.27099e-05 0.405397
0.00257354  5.27287e-05 0.407419
0.00259927  5.27475e-05 0.409451
0.00262527  5.27661e-05 0.411493
0.00265152  5.27845e-05 0.413546
0.00267803  5.28029e-05 0.415608
0.00270481  5.28211e-05 0.417681
0.00273186  5.28391e-05 0.419764
0.00275918  5.28571e-05 0.421857
0.00278677  5.28748e-05 0.423961
0.00281464  5.28924e-05 0.426075
0.00284279  5.29099e-05 0.4282
0.00287121  5.29272e-05 0.430336
0.00289993  5.29444e-05 0.432482
0.00292893  5.29589e-05 0.434639
0.00295822  5.29725e-05 0.436807
0.0029878  5.2986e-05 0.438985
0.00301768  5.29992e-05 0.441175
0.00304785  5.30122e-05 0.443375
0.00307833  5.3025e-05 0.445586
0.00310911  5.30376e-05 0.447809
0.0031402  5.30498e-05 0.450042
0.00317161  5.30617e-05 0.452287
0.00320332  5.30733e-05 0.454543
0.00323536  5.30847e-05 0.45681
0.00326771  5.30959e-05 0.459088
0.00330039  5.31068e-05 0.461378
0.00333339  5.312e-05 0.463679
0.00336672  5.31347e-05 0.465991
0.00340039  5.31491e-05 0.468316
0.0034344  5.31634e-05 0.470651
0.00346874  5.31775e-05 0.472998
0.00350343  5.31913e-05 0.475357
0.00353846  5.32049e-05 0.477728
0.00357385  5.32183e-05 0.480111
0.00360958  5.32314e-05 0.482505
0.00364568  5.32443e-05 0.484912
0.00368214  5.32569e-05 0.48733
0.00371896  5.32693e-05 0.489761
0.00375615  5.32814e-05 0.492204
0.00379371  5.32933e-05 0.494659
0.00383165  5.33049e-05 0.497126
0.00386996  5.33163e-05 0.499605
0.00390866  5.33262e-05 0.502097
0.00394775  5.33357e-05 0.504601
0.00398723  5.33448e-05 0.507118
0.0040271  5.33537e-05 0.509647
0.00406737  5.33622e-05 0.512189
0.00410804  5.33704e-05 0.514743
0.00414912  5.33798e-05 0.517311
0.00419062  5.33964e-05 0.519891
0.00423252  5.34128e-05 0.522484
0.00427485  5.3429e-05 0.52509
0.0043176  5.34449e-05 0.527708
0.00436077  5.34606e-05 0.53034
0.00440438  5.3476e-05 0.532985
0.00444842  5.34912e-05 0.535643
0.00449291  5.35061e-05 0.538315
0.00453784  5.35207e-05 0.541
0.00458321  5.35351e-05 0.543698
0.00462905  5.35492e-05 0.54641
0.00467534  5.3563e-05 0.549135
0.00472209  5.35766e-05 0.551874
0.00476931  5.35898e-05 0.554626
0.004817  5.36028e-05 0.557393
0.00486517  5.36154e-05 0.560172
0.00491383  5.36275e-05 0.562966
0.00496296  5.36393e-05 0.565774
0.00501259  5.36508e-05 0.568596
0.00506272  5.36619e-05 0.571432
0.00511335  5.36727e-05 0.574282
0.00516448  5.36832e-05 0.577146
0.00521613  5.36933e-05 0.580024
0.00526829  5.37031e-05 0.582917
0.00532097  5.37126e-05 0.585825
0.00537418  5.37216e-05 0.588746
0.00542792  5.37304e-05 0.591683
0.0054822  5.37387e-05 0.594634
0.00553702  5.37467e-05 0.597599
0.00559239  5.37543e-05 0.60058
0.00564832  5.37615e-05 0.603575
0.0057048  5.37683e-05 0.606586
0.00576185  5.37747e-05 0.609611
0.00581947  5.37808e-05 0.612651
0.00587766  5.37866e-05 0.615707
0.00593644  5.37921e-05 0.618778
0.0059958  5.37971e-05 0.621864
0.00605576  5.38017e-05 0.624966
0.00611632  5.38058e-05 0.628083
0.00617748  5.38095e-05 0.631215
0.00623926  5.38193e-05 0.634363
0.00630165  5.38385e-05 0.637527
0.00636466  5.38574e-05 0.640707
0.00642831  5.38759e-05 0.643902
0.00649259  5.38942e-05 0.647114
0.00655752  5.39121e-05 0.650341
0.0066231  5.39297e-05 0.653585
0.00668933  5.3947e-05 0.656845
0.00675622  5.3964e-05 0.660121
0.00682378  5.39806e-05 0.663413
0.00689202  5.39969e-05 0.666722
0.00696094  5.40128e-05 0.670047
0.00703055  5.40283e-05 0.673389
0.00710085  5.40435e-05 0.676747
0.00717186  5.40584e-05 0.680123
0.00724358  5.40728e-05 0.683515
0.00731602  5.40869e-05 0.686924
0.00738918  5.41006e-05 0.69035
0.00746307  5.41138e-05 0.693793
0.0075377  5.41267e-05 0.697253
0.00761308  5.41392e-05 0.700731
0.00768921  5.41512e-05 0.704226
0.0077661  5.41632e-05 0.707738
0.00784376  5.41765e-05 0.711268
0.0079222  5.41897e-05 0.714815
0.00800142  5.42025e-05 0.71838
0.00808144  5.42148e-05 0.721963
0.00816225  5.42267e-05 0.725564
0.00824387  5.42382e-05 0.729183
0.00832631  5.42597e-05 0.73282
0.00840957  5.42913e-05 0.736475
0.00849367  5.43227e-05 0.740148
0.00857861  5.43538e-05 0.743839
0.00866439  5.43847e-05 0.747549
0.00875104  5.44152e-05 0.751278
0.00883855  5.44456e-05 0.755024
0.00892693  5.44756e-05 0.75879
0.0090162  5.45053e-05 0.762575
0.00910636  5.45348e-05 0.766378
0.00919743  5.4564e-05 0.7702
0.0092894  5.45928e-05 0.774042
0.0093823  5.46214e-05 0.777902
0.00947612  5.46496e-05 0.781782
0.00957088  5.46775e-05 0.785681
0.00966659  5.47051e-05 0.7896
0.00976325  5.47351e-05 0.793538
0.00986089  5.47655e-05 0.797496
0.0099595  5.47957e-05 0.801473
0.0100591  5.48255e-05 0.80547
0.0101597  5.4855e-05 0.809488
0.0102613  5.48841e-05 0.813525
0.0103639  5.49129e-05 0.817583
0.0104675  5.49414e-05 0.82166
0.0105722  5.49695e-05 0.825759
0.0106779  5.49973e-05 0.829877
0.0107847  5.50247e-05 0.834016
0.0108926  5.50518e-05 0.838176
0.0110015  5.50784e-05 0.842356
0.0111115  5.51047e-05 0.846557
0.0112226  5.51306e-05 0.850779
0.0113348  5.51561e-05 0.855022
0.0114482  5.51812e-05 0.859287
0.0115627  5.52059e-05 0.863573
0.0116783  5.52301e-05 0.86788
0.0117951  5.52551e-05 0.872209
0.011913  5.52799e-05 0.876559
0.0120322  5.53042e-05 0.880931
0.0121525  5.53281e-05 0.885324
0.012274  5.53515e-05 0.88974
0.0123967  5.53745e-05 0.894177
0.0125207  5.5416e-05 0.898637
0.0126459  5.54635e-05 0.903119
0.0127724  5.55109e-05 0.907623
0.0129001  5.55579e-05 0.91215
0.0130291  5.56048e-05 0.916699
0.0131594  5.56514e-05 0.921272
0.013291  5.56978e-05 0.925866
0.0134239  5.57439e-05 0.930484
0.0135581  5.57898e-05 0.935125
0.0136937  5.58354e-05 0.939789
0.0138307  5.58807e-05 0.944476
0.013969  5.59257e-05 0.949186
0.0141086  5.59705e-05 0.95392
0.0142497  5.6015e-05 0.958678
0.0143922  5.60592e-05 0.96346
0.0145362  5.61033e-05 0.968265
0.0146815  5.6153e-05 0.973094
0.0148283  5.62025e-05 0.977948
0.0149766  5.62517e-05 0.982825
0.0151264  5.63007e-05 0.987727
0.0152776  5.63494e-05 0.992653
0.0154304  5.63978e-05 0.997604
0.0155847  5.6446e-05 1.00258
0.0157406  5.64955e-05 1.00758
0.015898  5.65448e-05 1.01261
0.016057  5.65939e-05 1.01766
0.0162175  5.66426e-05 1.02273
0.0163797  5.6691e-05 1.02783
0.0165435  5.67392e-05 1.03296
0.0167089  5.6804e-05 1.03811
0.016876  5.6872e-05 1.04329
0.0170448  5.69399e-05 1.04849
0.0172152  5.70077e-05 1.05372
0.0173874  5.70753e-05 1.05898
0.0175613  5.71428e-05 1.06426
0.0177369  5.72101e-05 1.06957
0.0179142  5.72773e-05 1.0749
0.0180934  5.73443e-05 1.08026
0.0182743  5.74112e-05 1.08565
0.0184571  5.74779e-05 1.09106
0.0186416  5.75444e-05 1.09651
0.018828  5.76107e-05 1.10197
0.0190163  5.76769e-05 1.10747
0.0192065  5.77429e-05 1.11299
0.0193986  5.78096e-05 1.11855
0.0195925  5.78832e-05 1.12412
0.0197885  5.79568e-05 1.12973
0.0199864  5.80302e-05 1.13537
0.0201862  5.81034e-05 1.14103
0.0203881  5.81765e-05 1.14672
0.020592  5.82495e-05 1.15244
0.0207979  5.8329e-05 1.15819
0.0210059  5.8418e-05 1.16396
0.0212159  5.8507e-05 1.16977
0.0214281  5.8596e-05 1.1756
0.0216424  5.8685e-05 1.18147
0.0218588  5.87739e-05 1.18736
0.0220774  5.88629e-05 1.19328
0.0222981  5.89518e-05 1.19923
0.0225211  5.90406e-05 1.20521
0.0227463  5.91295e-05 1.21122
0.0229738  5.92182e-05 1.21726
0.0232035  5.9307e-05 1.22334
0.0234356  5.93961e-05 1.22944
0.0236699  5.94868e-05 1.23557
0.0239066  5.95775e-05 1.24173
0.0241457  5.96682e-05 1.24792
0.0243871  5.97588e-05 1.25415
0.024631  5.98493e-05 1.2604
0.0248773  5.99414e-05 1.26669
0.0251261  6.005e-05 1.27301
0.0253774  6.01588e-05 1.27936
0.0256311  6.02676e-05 1.28574
0.0258874  6.03765e-05 1.29215
0.0261463  6.04855e-05 1.2986
0.0264078  6.05947e-05 1.30507
0.0266719  6.07039e-05 1.31158
0.0269386  6.08131e-05 1.31812
0.027208  6.09225e-05 1.3247
0.02748  6.10319e-05 1.3313
0.0277548  6.11414e-05 1.33794
0.0280324  6.12509e-05 1.34462
0.0283127  6.13606e-05 1.35132
0.0285958  6.14702e-05 1.35806
0.0288818  6.15799e-05 1.36484
0.0291706  6.16933e-05 1.37164
0.0294623  6.18129e-05 1.37848
0.029757  6.19326e-05 1.38536
0.0300545  6.20525e-05 1.39227
0.0303551  6.21725e-05 1.39921
0.0306586  6.22926e-05 1.40619
0.0309652  6.24128e-05 1.4132
0.0312749  6.25337e-05 1.42025
0.0315876  6.26558e-05 1.42734
0.0319035  6.27781e-05 1.43446
0.0322225  6.29005e-05 1.44161
0.0325447  6.30231e-05 1.4488
0.0328702  6.31457e-05 1.45603
0.0331989  6.3272e-05 1.46329
0.0335309  6.34152e-05 1.47059
0.0338662  6.35587e-05 1.47792
0.0342049  6.37025e-05 1.48529
0.0345469  6.38466e-05 1.4927
0.0348924  6.3991e-05 1.50014
0.0352413  6.41357e-05 1.50763
0.0355937  6.42807e-05 1.51515
0.0359496  6.44259e-05 1.5227
0.0363091  6.45714e-05 1.5303
0.0366722  6.47172e-05 1.53793
0.037039  6.48633e-05 1.5456
0.0374093  6.50096e-05 1.55331
0.0377834  6.51562e-05 1.56106
0.0381613  6.5303e-05 1.56884
0.0385429  6.54501e-05 1.57667
0.0389283  6.56011e-05 1.58453
0.0393176  6.57578e-05 1.59243
0.0397108  6.5915e-05 1.60038
0.0401079  6.60726e-05 1.60836
0.040509  6.62305e-05 1.61638
0.040914  6.63888e-05 1.62444
0.0413232  6.65473e-05 1.63254
0.0417364  6.67234e-05 1.64069
0.0421538  6.69055e-05 1.64887
0.0425753  6.70883e-05 1.65709
0.0430011  6.72715e-05 1.66536
0.0434311  6.74554e-05 1.67366
0.0438654  6.76398e-05 1.68201
0.044304  6.78247e-05 1.6904
0.0447471  6.80101e-05 1.69883
0.0451946  6.81962e-05 1.7073
0.0456465  6.83827e-05 1.71582
0.046103  6.85698e-05 1.72438
0.046564  6.87574e-05 1.73298
0.0470296  6.89464e-05 1.74162
0.0474999  6.91367e-05 1.75031
0.0479749  6.93275e-05 1.75904
0.0484547  6.95191e-05 1.76781
0.0489392  6.97173e-05 1.77663
0.0494286  6.99161e-05 1.78549
0.0499229  7.01156e-05 1.79439
0.0504221  7.03157e-05 1.80334
0.0509264  7.05163e-05 1.81234
0.0514356  7.07176e-05 1.82138
0.05195  7.09195e-05 1.83046
0.0524695  7.1122e-05 1.83959
0.0529942  7.13251e-05 1.84876
0.0535241  7.15288e-05 1.85799
0.0540594  7.17331e-05 1.86725
0.0546  7.1938e-05 1.87657
0.055146  7.21435e-05 1.88592
0.0556974  7.23496e-05 1.89533
0.0562544  7.25563e-05 1.90478
0.0568169  7.27636e-05 1.91428
0.0573851  7.29715e-05 1.92383
0.0579589  7.318e-05 1.93343
0.0585385  7.33941e-05 1.94307
0.0591239  7.36109e-05 1.95276
0.0597152  7.38283e-05 1.9625
0.0603123  7.40464e-05 1.97229
0.0609154  7.42652e-05 1.98213
0.0615246  7.44846e-05 1.99201
0.0621398  7.47048e-05 2.00195
0.0627612  7.49607e-05 2.01193
0.0633888  7.52184e-05 2.02197
0.0640227  7.5477e-05 2.03205
0.064663  7.57366e-05 2.04218
0.0653096  7.59973e-05 2.05237
0.0659627  7.6259e-05 2.06261
0.0666223  7.65217e-05 2.07289
0.0672885  7.67855e-05 2.08323
0.0679614  7.70503e-05 2.09362
0.068641  7.73161e-05 2.10407
0.0693275  7.75829e-05 2.11456
0.0700207  7.78508e-05 2.12511
0.0707209  7.81197e-05 2.1357
0.0714281  7.83897e-05 2.14636
0.0721424  7.86607e-05 2.15706
0.0728638  7.89328e-05 2.16782
0.0735925  7.92059e-05 2.17863
0.0743284  7.94801e-05 2.1895
0.0750717  7.97553e-05 2.20042
0.0758224  8.00315e-05 2.21139
0.0765806  8.03089e-05 2.22242
0.0773464  8.05872e-05 2.23351
0.0781199  8.08733e-05 2.24465
0.0789011  8.11637e-05 2.25584
0.0796901  8.14552e-05 2.26709
0.080487  8.17479e-05 2.2784
0.0812919  8.20418e-05 2.28976
0.0821048  8.23368e-05 2.30118
0.0829259  8.2633e-05 2.31266
0.0837551  8.29304e-05 2.3242
0.0845927  8.32289e-05 2.33579
0.0854386  8.35287e-05 2.34744
0.086293  8.38296e-05 2.35915
0.0871559  8.41317e-05 2.37091
0.0880275  8.44351e-05 2.38274
0.0889077  8.47396e-05 2.39462
0.0897968  8.50453e-05 2.40656
0.0906948  8.53522e-05 2.41857
0.0916017  8.56603e-05 2.43063
0.0925178  8.59696e-05 2.44275
0.0934429  8.62802e-05 2.45494
0.0943774  8.65919e-05 2.46718
0.0953211  8.69049e-05 2.47949
0.0962743  8.7219e-05 2.49185
0.0972371  8.75377e-05 2.50428
0.0982095  8.78631e-05 2.51677
0.0991916  8.81899e-05 2.52932
0.100183  8.8518e-05 2.54194
0.101185  8.88474e-05 2.55462
0.102197  8.91781e-05 2.56736
0.103219  8.95102e-05 2.58016
0.104251  8.98436e-05 2.59303
0.105294  9.01783e-05 2.60597
0.106347  9.05143e-05 2.61896
0.10741  9.08517e-05 2.63203
0.108484  9.11905e-05 2.64515
0.109569  9.15306e-05 2.65834
0.110665  9.1872e-05 2.6716
0.111772  9.22148e-05 2.68493
0.112889  9.25589e-05 2.69832
0.114018  9.29044e-05 2.71177
0.115158  9.32513e-05 2.7253
0.11631  9.35995e-05 2.73889
0.117473  9.39505e-05 2.75255
0.118648  9.43043e-05 2.76628
0.119834  9.46596e-05 2.78007
0.121033  9.50163e-05 2.79394
0.122243  9.53744e-05 2.80787
0.123465  9.57339e-05 2.82188
0.1247  9.61045e-05 2.83595
0.125947  9.64954e-05 2.8501
0.127206  9.68879e-05 2.86432
0.128478  9.72822e-05 2.87861
0.129763  9.76781e-05 2.89297
0.131061  9.80758e-05 2.9074
0.132372  9.84753e-05 2.9219
0.133695  9.88765e-05 2.93648
0.135032  9.92794e-05 2.95113
0.136383  9.96841e-05 2.96585
0.137746  0.000100091 2.98064
0.139124  0.000100499 2.99551
0.140515  0.000100909 3.01044
0.14192  0.00010132 3.02545
0.143339  0.000101734 3.04054
0.144773  0.000102149 3.05569
0.146221  0.000102575 3.07092
0.147683  0.000103007 3.08623
0.14916  0.000103441 3.10161
0.150651  0.000103877 3.11707
0.152158  0.000104315 3.13261
0.153679  0.000104755 3.14822
0.155216  0.000105197 3.16392
0.156768  0.000105641 3.1797
0.158336  0.000106087 3.19556
0.159919  0.000106535 3.21151
0.161518  0.000106915 3.22755
0.163134  0.000107286 3.24367
0.164765  0.000107658 3.25988
0.166413  0.000108036 3.27618
0.168077  0.000108421 3.29257
0.169757  0.000108807 3.30905
0.171455  0.000109193 3.32563
0.17317  0.000109581 3.3423
0.174901  0.000109969 3.35907
0.17665  0.000110358 3.37594
0.178417  0.000110748 3.39291
0.180201  0.000111139 3.40998
0.182003  0.00011153 3.42716
0.183823  0.000111922 3.44443
0.185661  0.000112315 3.46181
0.187518  0.000112709 3.4793
0.189393  0.000113103 3.49689
0.191287  0.000113498 3.51458
0.1932  0.000113894 3.53238
0.195132  0.00011429 3.55028
0.197083  0.000114687 3.56829
0.199054  0.000115085 3.5864
0.201045  0.000115483 3.60462
0.203055  0.000115882 3.62295
0.205086  0.000116282 3.64138
0.207136  0.000116682 3.65992
0.209208  0.00011709 3.67857
0.2113  0.000117499 3.69733
0.213413  0.000118096 3.71003
0.215547  0.000118718 3.72201
0.217702  0.000119345 3.73398
0.219879  0.000119977 3.74593
0.222078  0.000120614 3.75786
0.224299  0.000121256 3.76977
0.226542  0.000121902 3.78166
0.228807  0.000122554 3.79353
0.231095  0.000123211 3.80538
0.233406  0.000123873 3.8172
0.235741  0.000124542 3.829
0.238098  0.000125218 3.84078
0.240479  0.000125898 3.85253
0.242884  0.000126584 3.86425
0.245313  0.000127275 3.87593
0.247766  0.000127972 3.88759
0.250243  0.00012868 3.89922
0.252746  0.000129395 3.91082
0.255273  0.000130117 3.92238
0.257826  0.000130845 3.9339
0.260404  0.000131578 3.94539
0.263008  0.000132318 3.95684
0.265638  0.000133063 3.96825
0.268295  0.000133815 3.97962
0.270978  0.000134572 3.99094
0.273687  0.000135336 4.00223
0.276424  0.000136107 4.01346
0.279189  0.000136883 4.02466
0.28198  0.000137667 4.0358
0.2848  0.000138456 4.0469
0.287648  0.000139253 4.05795
0.290525  0.000140056 4.06894
0.29343  0.000140876 4.07989
0.296364  0.000141703 4.09078
0.299328  0.000142538 4.10161
0.302321  0.00014338 4.11239
0.305344  0.000144229 4.12311
0.308398  0.000145085 4.13376
0.311482  0.000145948 4.14436
0.314597  0.00014682 4.15489
0.317743  0.000147699 4.16536
0.32092  0.000148586 4.17577
0.324129  0.00014948 4.1861
0.32737  0.000150382 4.19637
0.330644  0.000151292 4.20657
0.333951  0.000152216 4.2167
0.33729  0.000153149 4.22675
0.340663  0.000154091 4.23672
0.34407  0.000155041 4.24663
0.34751  0.000155999 4.25645
0.350985  0.000156965 4.26619
0.354495  0.000157941 4.27585
0.35804  0.000158924 4.28543
0.361621  0.000159917 4.29493
0.365237  0.000160918 4.30434
0.368889  0.000161928 4.31366
0.372578  0.000162947 4.3229
0.376304  0.000163976 4.33204
0.380067  0.000165013 4.34109
0.383868  0.00016606 4.35005
0.387706  0.000167116 4.35891
0.391583  0.000168187 4.36767
0.395499  0.000169267 4.37634
0.399454  0.000170357 4.38491
0.403449  0.000171328 4.39677
0.407483  0.000172269 4.40953
0.411558  0.000173214 4.42228
0.415674  0.000174167 4.43504
0.41983  0.00017513 4.4478
0.424029  0.000176097 4.46057
0.428269  0.000177068 4.47333
0.432552  0.000178045 4.48609
0.436877  0.000179026 4.49886
0.441246  0.000180011 4.51162
0.445658  0.000181002 4.52439
0.450115  0.000181996 4.53717
0.454616  0.000182996 4.54994
0.459162  0.000183999 4.56272
0.463754  0.000185007 4.57551
0.468391  0.00018602 4.58829
0.473075  0.000187037 4.60109
0.477806  0.000188058 4.61388
0.482584  0.000189084 4.62668
0.48741  0.000190116 4.63949
0.492284  0.000191153 4.6523
0.497207  0.000192194 4.66512
0.502179  0.00019324 4.67795
0.507201  0.000194289 4.69078
0.512273  0.000195342 4.70363
0.517396  0.000196399 4.71648
0.52257  0.00019746 4.72934
0.527795  0.000198524 4.74221
0.533073  0.000199592 4.75509
0.538404  0.000200664 4.76797
0.543788  0.000201739 4.78087
0.549226  0.000202818 4.79378
0.554718  0.0002039 4.80671
0.560265  0.000204985 4.81964
0.565868  0.000206074 4.83259
0.571527  0.000207166 4.84554
0.577242  0.000208261 4.85851
0.583014  0.000209359 4.8715
0.588844  0.000210463 4.8845
0.594733  0.000211569 4.89752
0.60068  0.000212678 4.91056
0.606687  0.00021379 4.92362
0.612754  0.000214904 4.9367
0.618881  0.00021602 4.94979
0.62507  0.000217143 4.96291
0.631321  0.000218272 4.97606
0.637634  0.000219403 4.98922
0.644011  0.000220525 5.00241
0.650451  0.000221642 5.01563
0.656955  0.000222759 5.02887
0.663525  0.000223878 5.04215
0.67016  0.000224998 5.05545
0.676862  0.000226119 5.06878
0.68363  0.000227241 5.08214
0.690466  0.000228364 5.09554
0.697371  0.000229487 5.10897
0.704345  0.00023061 5.12243
0.711388  0.000231734 5.13594
0.718502  0.000232858 5.14948
0.725687  0.000233982 5.16306
0.732944  0.000235105 5.17668
0.740273  0.000236229 5.19035
0.747676  0.000237352 5.20406
0.755153  0.000238474 5.21781
0.762705  0.000239595 5.23161
0.770332  0.000240716 5.24545
0.778035  0.000241836 5.25935
0.785815  0.000242958 5.27329
0.793673  0.000244078 5.28728
0.80161  0.000245197 5.30133
0.809626  0.000246314 5.31544
0.817722  0.000247429 5.3296
0.8259  0.000248542 5.34382
0.834159  0.000249656 5.35809
0.8425  0.000250769 5.37243
0.850925  0.00025188 5.38683
0.859435  0.000252988 5.4013
0.868029  0.000254093 5.41583
0.876709  0.000255195 5.43043
0.885476  0.000256293 5.4451
0.894331  0.000257388 5.45984
0.903274  0.00025848 5.47466
0.912307  0.000259567 5.48955
0.92143  0.000260651 5.50452
0.930644  0.00026173 5.51957
0.939951  0.000262805 5.5347
0.94935  0.000263875 5.54992
0.958844  0.00026494 5.56522
0.968432  0.000266 5.58061
0.978117  0.000267058 5.59609
0.987898  0.00026811 5.61167
0.997777  0.000269157 5.62734
1.00775  0.000270198 5.6431
1.01783  0.000271233 5.65897
1.02801  0.000272262 5.67494
1.03829  0.000273284 5.69101
1.04867  0.0002743 5.70719
1.05916  0.000275309 5.72349
1.06975  0.000276311 5.73989
1.08045  0.000277306 5.75641
1.09125  0.000278293 5.77304
1.10217  0.000279273 5.7898
1.11319  0.000280245 5.80667
1.12432  0.000281209 5.82368
1.13556  0.000282165 5.84081
1.14692  0.000283112 5.85808
1.15839  0.000284051 5.87548
1.16997  0.000284981 5.89302
1.18167  0.000285903 5.9107
1.19349  0.000286815 5.92852
1.20542  0.000287718 5.94649
1.21748  0.000288612 5.96461
1.22965  0.000289496 5.98288
1.24195  0.00029037 6.00131
1.25437  0.000291237 6.0199
1.26691  0.000292095 6.03864
1.27958  0.000292942 6.05756
1.29238  0.000293779 6.07665
1.3053  0.000294605 6.09591
1.31835  0.00029542 6.11535
1.33154  0.000296224 6.13497
1.34485  0.000297016 6.15477
1.3583  0.000297798 6.17476
1.37188  0.000298567 6.19495
1.3856  0.000299325 6.21533
1.39946  0.00030007 6.23591
1.41345  0.000300804 6.2567
1.42759  0.000301525 6.2777
1.44186  0.000302234 6.2989
1.45628  0.000302931 6.32033
1.47085  0.000303617 6.34198
1.48555  0.00030429 6.36385
1.50041  0.00030495 6.38595
1.51541  0.000305598 6.40829
1.53057  0.000306232 6.43087
1.54587  0.000306852 6.45369
1.56133  0.000307459 6.47675
1.57695  0.000308053 6.50007
1.59271  0.000308634 6.52365
1.60864  0.0003092 6.5475
1.62473  0.000309753 6.57161
1.64098  0.000310291 6.59599
1.65739  0.000310816 6.62065
1.67396  0.000311328 6.6456
1.6907  0.000311826 6.67083
1.70761  0.00031231 6.69636
1.72468  0.000312779 6.72218
1.74193  0.000313234 6.74831
1.75935  0.000313674 6.77475
1.77694  0.0003141 6.80151
1.79471  0.00031451 6.82859
1.81266  0.000314906 6.856
1.83078  0.000315287 6.88374
1.84909  0.000315653 6.91183
1.86758  0.000316005 6.94025
1.88626  0.000316341 6.96903
1.90512  0.000316662 6.99817
1.92417  0.000316968 7.02768
1.94341  0.00031726 7.05755
1.96285  0.000317538 7.0878
1.98248  0.0003178 7.11844
2.0023  0.000318048 7.14947
2.02232  0.00031828 7.1809
2.04255  0.000318498 7.21273
2.06297  0.0003187 7.24498
2.0836  0.000318888 7.27764
2.10444  0.000319062 7.31073
2.12548  0.00031922 7.34426
2.14674  0.000319364 7.37823
2.16821  0.000319492 7.41264
2.18989  0.000319606 7.44752
2.21179  0.000319704 7.48286
2.2339  0.000319788 7.51867
2.25624  0.000319856 7.55496
2.27881  0.00031991 7.59175
2.30159  0.000319949 7.62903
2.32461  0.000319974 7.66682
2.34786  0.000319984 7.70512
2.37134  0.000319979 7.74394
2.39505  0.00031996 7.7833
2.419  0.000319926 7.82319
2.44319  0.000319879 7.86364
2.46762  0.000319816 7.90465
2.4923  0.00031974 7.94622
2.51722  0.000319651 7.98837
2.54239  0.000319548 8.03111
2.56782  0.000319432 8.07445
2.59349  0.000319301 8.11839
2.61943  0.000319156 8.16295
2.64562  0.000318999 8.20814
2.67208  0.000318827 8.25396
2.6988  0.000318642 8.30043
2.72579  0.000318444 8.34756
2.75305  0.000318233 8.39536
2.78058  0.000318009 8.44384
2.80838  0.000317772 8.493
2.83647  0.000317522 8.54287
2.86483  0.00031726 8.59346
2.89348  0.000316985 8.64477
2.92241  0.000316699 8.69681
2.95164  0.000316402 8.7496
2.98115  0.000316092 8.80315
3.01097  0.000315771 8.85747
3.04108  0.000315438 8.91258
3.07149  0.000315093 8.96848
3.1022  0.000314737 9.0252
3.13322  0.00031437 9.08273
3.16456  0.000313991 9.1411
3.1962  0.000313602 9.20032
3.22816  0.000313202 9.2604
3.26045  0.000312792 9.32135
3.29305  0.000312371 9.3832
3.32598  0.00031194 9.44594
3.35924  0.0003115 9.50961
3.39283  0.00031105 9.5742
3.42676  0.000310591 9.63974
3.46103  0.000310121 9.70624
3.49564  0.000309643 9.77371
3.53059  0.000309155 9.84217
3.5659  0.000308658 9.91164
3.60156  0.000308152 9.98213
3.63758  0.000307638 10.0537
3.67395  0.000307114 10.1262
3.71069  0.000306583 10.1999
3.7478  0.000306043 10.2746
3.78528  0.000305496 10.3504
3.82313  0.00030494 10.4274
3.86136  0.000304377 10.5055
3.89997  0.000303807 10.5847
3.93897  0.00030323 10.6651
3.97836  0.000302646 10.7467
4.01815  0.000302054 10.8295
4.05833  0.000301456 10.9135
4.09891  0.000300852 10.9988
4.1399  0.000300241 11.0853
4.1813  0.000299625 11.1731
4.22311  0.000299002 11.2622
4.26534  0.000298374 11.3526
4.308  0.00029774 11.4444
4.35108  0.0002971 11.5375
4.39459  0.000296455 11.632
4.43853  0.000295805 11.7279
4.48292  0.000295149 11.8252
4.52775  0.000294489 11.9239
4.57303  0.000293823 12.0241
4.61876  0.000293153 12.1258
4.66494  0.000292478 12.229
4.71159  0.000291799 12.3337
4.75871  0.000291116 12.44
4.8063  0.000290428 12.5478
4.85436  0.000289737 12.6572
4.9029  0.000289042 12.7683
4.95193  0.000288344 12.881
5.00145  0.000287642 12.9953
5.05146  0.000286937 13.1114
5.10198  0.000286228 13.2291
5.153  0.000285516 13.3486
5.20453  0.000284801 13.4699
5.25657  0.000284084 13.593
5.30914  0.000283363 13.7178
5.36223  0.00028264 13.8446
5.41585  0.000281914 13.9731
5.47001  0.000281186 14.1036
5.52471  0.000280455 14.236
5.57996  0.000279722 14.3704
5.63576  0.000278987 14.5067
5.69212  0.00027825 14.6451
5.74904  0.000277511 14.7855
5.80653  0.00027677 14.9279
5.86459  0.000276027 15.0725
5.92324  0.000275284 15.2192
5.98247  0.000274538 15.368
6.0423  0.000273791 15.519
6.10272  0.000273043 15.6723
6.16375  0.000272293 15.8278
6.22538  0.000271542 15.9856
6.28764  0.000270791 16.1457
6.35051  0.000270039 16.3081
6.41402  0.000269286 16.473
6.47816  0.000268532 16.6403
6.54294  0.000267777 16.81
6.60837  0.000267021 16.9822
6.67445  0.000266264 17.1569
6.7412  0.000265507 17.3342
6.80861  0.000264749 17.5141
6.8767  0.00026399 17.6967
6.94546  0.000263231 17.8819
7.01492  0.000262471 18.0698
7.08507  0.00026171 18.2605
7.15592  0.000260949 18.454
7.22748  0.000260188 18.6503
7.29975  0.000259426 18.8495
7.37275  0.000258664 19.0516
7.44648  0.000257902 19.2566
7.52094  0.000257139 19.4647
7.59615  0.000256376 19.6758
7.67211  0.000255612 19.89
7.74883  0.000254849 20.1073
7.82632  0.000254086 20.3278
7.90459  0.000253322 20.5515
7.98363  0.000252559 20.7785
8.06347  0.000251795 21.0088
8.1441  0.000251031 21.2425
8.22554  0.000250268 21.4796
8.3078  0.000249504 21.7202
8.39088  0.000248741 21.9643
8.47479  0.000247977 22.212
8.55953  0.000247214 22.4633
8.64513  0.00024645 22.7182
8.73158  0.000245687 22.9769
8.8189  0.000244923 23.2394
8.90709  0.000244159 23.5057
8.99616  0.000243395 23.776
9.08612  0.000242632 24.0501
9.17698  0.000241868 24.3283
9.26875  0.000241104 24.6106
9.36144  0.00024034 24.897
9.45505  0.000239576 25.1876
9.5496  0.000238811 25.4825
9.6451  0.000238047 25.7816
9.74155  0.000237283 26.0852
9.83896  0.000236519 26.3932
9.93735  0.000235755 26.7058
10.0367  0.000234991 27.0229
10.1371  0.000234227 27.3447
10.2385  0.000233462 27.6712
10.3409  0.000116504 28.0025
10.4443  0.00011625 28.3387
10.5487  0.000115994 28.6799
10.6542  0.000115735 29.026
10.7607  0.000115474 29.3773
10.8683  0.00011521 29.7337
10.977  0.000114944 30.0954
11.0868  0.000114674 30.4625
11.1977  0.000114403 30.8349
11.3096  0.000114128 31.2129
11.4227  0.000113851 31.5964
11.537  0.000113571 31.9856
11.6523  0.000113288 32.3806
11.7689  0.000113002 32.7814
11.8865  0.000112713 33.1881
12.0054  0.000112422 33.6009
12.1255  0.000112128 34.0199
12.2467  0.000111831 34.445
12.3692  0.00011153 34.8765
12.4929  0.000111227 35.3144
12.6178  0.000110931 35.7588
12.744  0.000110645 36.2098
12.8714  0.000110356 36.6676
13.0001  0.000110064 37.1322
13.1301  0.000109769 37.6037
13.2614  0.000109471 38.0823
13.3941  0.000109171 38.5681
13.528  0.000108867 39.0612
13.6633  0.00010856 39.5616
13.7999  0.00010825 40.0696
13.9379  0.000107937 40.5852
14.0773  0.000107621 41.1086
14.2181  0.000107302 41.6398
14.3602  0.00010698 42.1791
14.5038  0.000106654 42.7265
14.6489  0.000106325 43.2822
14.7954  0.000105994 43.8463
14.9433  0.000105659 44.4189
15.0928  0.00010532 45.0002
15.2437  0.000104978 45.5904
15.3961  0.000104633 46.1895
15.5501  0.000104284 46.7977
15.7056  0.000103932 47.4153
15.8626  0.000103592 48.0422
16.0213  0.000103293 48.6787
16.1815  0.00010299 49.3249
16.3433  0.000102684 49.981
16.5067  0.000102375 50.6472
16.6718  0.000102064 51.3236
16.8385  0.000101749 52.0105
17.0069  0.000101431 52.7078
17.177  0.00010111 53.416
17.3487  0.000100786 54.135
17.5222  0.000100458 54.8652
17.6974  0.000100128 55.6067
17.8744  9.97935e-05 56.3596
18.0532  9.94561e-05 57.1242
18.2337  9.91154e-05 57.9007
18.416  9.87712e-05 58.6893
18.6002  9.84236e-05 59.4901
18.7862  9.80725e-05 60.3035
18.9741  9.77179e-05 61.1295
19.1638  9.73597e-05 61.9684
19.3554  9.6998e-05 62.8205
19.549  9.66329e-05 63.686
19.7445  9.62642e-05 64.565
19.9419  9.58954e-05 65.4579
20.1413  9.55471e-05 66.3648
20.3427  9.51954e-05 67.286
20.5462  9.48401e-05 68.2217
20.7516  9.44814e-05 69.1722
20.9592  9.41192e-05 70.1378
21.1687  9.37535e-05 71.1187
21.3804  9.3384e-05 72.1152
21.5942  9.30109e-05 73.1275
21.8102  9.2634e-05 74.1559
22.0283  9.22534e-05 75.2007
22.2486  9.1869e-05 76.2621
22.4711  9.14807e-05 77.3406
22.6958  9.10885e-05 78.4363
22.9227  9.06925e-05 79.5495
23.1519  9.02924e-05 80.6806
23.3835  8.98884e-05 81.8299
23.6173  8.94803e-05 82.9977
23.8535  8.90682e-05 84.1844
24.092  8.8652e-05 85.3901
24.3329  8.82316e-05 86.6154
24.5763  8.7807e-05 87.8605
24.822  8.73782e-05 89.1257
25.0702  8.69452e-05 90.4115
25.3209  8.65874e-05 91.7182
25.5742  8.62272e-05 93.0461
25.8299  8.58634e-05 94.3956
26.0882  8.5496e-05 95.7672
26.3491  8.51249e-05 97.1612
26.6126  8.475e-05 98.578
26.8787  8.43715e-05 100.018
27.1475  8.39891e-05 101.482
27.419  8.36029e-05 102.969
27.6931  8.32129e-05 104.481
27.9701  8.28189e-05 106.018
28.2498  8.24211e-05 107.58
28.5323  8.20192e-05 109.169
28.8176  8.16133e-05 110.783
29.1058  8.12034e-05 112.424
29.3968  8.07896e-05 114.092
29.6908  8.03717e-05 115.788
29.9877  7.99496e-05 117.512
30.2876  7.95232e-05 119.265
30.5905  7.90926e-05 121.047
30.8964  7.86577e-05 122.858
31.2053  7.82185e-05 124.7
31.5174  7.77749e-05 126.573
31.8326  0.000138085 128.476
32.1509  0.000137338 130.412
32.4724  0.0001366 132.38
32.7971  0.000135866 134.382
33.1251  0.000135133 136.417
33.4563  0.000134401 138.486
33.7909  0.00013367 140.59
34.1288  0.000132939 142.73
34.4701  0.00013221 144.906
34.8148  0.000131482 147.119
35.1629  0.000130755 149.37
35.5146  0.000130028 151.659
35.8697  0.000129303 153.987
36.2284  0.000128579 156.354
36.5907  0.000127857 158.762
36.9566  0.000127136 161.212
37.3262  0.000126416 163.703
37.6994  0.000125698 166.237
38.0764  0.000124981 168.814
38.4572  0.000124265 171.436
38.8418  0.000123551 174.103
39.2302  0.000122838 176.816
39.6225  0.000122126 179.576
40.0187  0.000121416 182.383
40.4189  0.000120708 185.239
40.8231  0.000120001 188.144
41.2313  0.000119296 191.1
41.6436  0.000118592 194.107
42.0601  0.000117891 197.166
42.4807  0.000117191 200.278
42.9055  0.000116493 203.444
43.3345  0.000115797 206.666
43.7679  0.000115102 209.943
44.2056  0.00011441 213.277
44.6476  0.000113719 216.669
45.0941  0.00011303 220.12
45.545  0.000112344 223.632
46.0005  0.000111659 227.204
46.4605  0.000110976 230.839
46.9251  0.000110297 234.538
47.3943  0.000109621 238.301
47.8683  0.000108947 242.13
48.347  0.000108274 246.026
48.8304  0.000107604 249.99
49.3187  0.000106935 254.024
49.8119  0.000106269 258.129
50.31  0.000105604 262.306
50.8131  0.000104942 266.556
51.3213  0.000104282 270.881
51.8345  0.000103624 275.282
52.3528  0.000102968 279.76
52.8764  0.000102314 284.318
53.4051  0.000101661 288.956
53.9392  0.000101007 293.676
54.4786  0.000100355 298.48
55.0234  9.97054e-05 303.368
55.5736  9.90583e-05 308.343
56.1293  9.84137e-05 313.406
56.6906  9.77715e-05 318.559
57.2575  9.71317e-05 323.803
57.8301  9.64943e-05 329.141
58.4084  9.58595e-05 334.573
58.9925  9.52272e-05 340.101
59.5824  9.45974e-05 345.729
60.1782  9.39701e-05 351.456
60.78  9.33454e-05 357.285
61.3878  9.27233e-05 363.218
62.0017  9.21037e-05 369.257
62.6217  9.14869e-05 375.404
63.2479  9.08727e-05 381.66
63.8804  9.02611e-05 388.028
64.5192  8.96522e-05 394.51
65.1644  8.90458e-05 401.108
65.816  8.8442e-05 407.824
66.4742  8.78408e-05 414.66
67.1389  8.72423e-05 421.618
67.8103  8.66465e-05 428.701
68.4884  8.60534e-05 435.911
69.1733  8.54631e-05 443.25
69.8651  8.48754e-05 450.721
70.5637  8.42905e-05 458.325
71.2693  8.37083e-05 466.066
71.982  8.31288e-05 473.945
72.7019  8.25522e-05 481.966
73.4289  8.19777e-05 490.131
74.1632  8.14059e-05 498.442
74.9048  8.08402e-05 506.902
75.6538  8.02813e-05 515.514
76.4104  7.9725e-05 524.281
77.1745  7.91714e-05 533.205
77.9462  7.86206e-05 542.289
78.7257  7.80724e-05 551.537
79.513  7.7527e-05 560.95
80.3081  7.69843e-05 570.532
81.1112  7.64443e-05 580.286
81.9223  7.5907e-05 590.216
82.7415  7.53724e-05 600.324
83.5689  7.48406e-05 610.613
84.4046  7.43116e-05 621.088
85.2486  7.37853e-05 631.751
86.1011  7.32618e-05 642.606
86.9621  7.27411e-05 653.657
87.8318  7.22232e-05 664.906
88.7101  7.1708e-05 676.358
89.5972  7.11956e-05 688.017
90.4932  7.06859e-05 699.885
91.3981  7.01788e-05 711.968
92.3121  6.96742e-05 724.269
93.2352  6.91723e-05 736.792
94.1675  6.86733e-05 749.54
95.1092  6.81769e-05 762.52
96.0603  6.76833e-05 775.733
97.0209  6.71925e-05 789.186
97.9911  6.67045e-05 802.882
98.971  6.62192e-05 816.826
99.9607  6.57367e-05 831.022
100.96  6.52569e-05 845.475
101.97  6.47799e-05 860.19
102.99  6.43056e-05 875.171
104.02  6.38341e-05 890.424
105.06  6.33653e-05 905.954
106.11  6.28992e-05 921.765
107.171  6.24359e-05 937.863
108.243  6.19753e-05 954.253
109.326  6.15175e-05 970.94
110.419  6.10623e-05 987.931
111.523  6.06099e-05 1005.23
112.638  6.01602e-05 1022.84
113.765  5.97132e-05 1040.78
114.902  5.9269e-05 1059.03
116.051  5.88274e-05 1077.62
117.212  5.83885e-05 1096.55
118.384  5.79523e-05 1115.83
119.568  5.75188e-05 1135.45
120.763  5.7088e-05 1155.43
121.971  5.66598e-05 1175.77
123.191  5.62344e-05 1196.49
124.423  5.58115e-05 1217.58
125.667  5.53915e-05 1239.05
126.924  5.4974e-05 1260.92
128.193  5.45592e-05 1283.19
129.475  5.41471e-05 1305.86
130.77  5.37378e-05 1328.94
132.077  5.33317e-05 1352.45
133.398  5.29281e-05 1376.38
134.732  5.25271e-05 1400.75
136.079  5.21286e-05 1425.57
137.44  5.17327e-05 1450.83
138.814  5.13393e-05 1476.56
140.203  5.09485e-05 1502.76
141.605  5.05602e-05 1529.44
143.021  5.01744e-05 1556.6
144.451  4.97912e-05 1584.26
145.895  4.94105e-05 1612.43
147.354  4.90323e-05 1641.1
148.828  4.86566e-05 1670.31
150.316  4.82834e-05 1700.05
151.819  4.79126e-05 1730.33
153.338  4.75443e-05 1761.16
154.871  4.71782e-05 1792.56
156.42  4.68147e-05 1824.53
157.984  4.64535e-05 1857.09
159.564  4.60949e-05 1890.25
161.159  4.57386e-05 1924.01
162.771  4.53847e-05 1958.38
164.399  4.50331e-05 1993.39
166.043  4.4684e-05 2029.04
167.703  4.43372e-05 2065.34
169.38  4.39929e-05 2102.31
171.074  4.3651e-05 2139.95
172.785  4.33114e-05 2178.28
174.512  4.29742e-05 2217.32
176.258  4.26393e-05 2257.07
178.02  4.23068e-05 2297.55
179.8  4.19766e-05 2338.77
181.598  4.16487e-05 2380.74
183.414  4.13232e-05 2423.49
185.248  4.09999e-05 2467.02
187.101  4.06789e-05 2511.34
188.972  4.03602e-05 2556.48
190.862  4.00438e-05 2602.45
192.77  3.97296e-05 2649.26
194.698  3.94177e-05 2696.93
196.645  3.9108e-05 2745.47
198.611  3.88006e-05 2794.91
200.598  3.84953e-05 2845.25
202.604  3.81923e-05 2896.51
204.63  3.78915e-05 2948.71
206.676  3.75928e-05 3001.88
208.743  3.72964e-05 3056.01
210.83  3.70021e-05 3111.14
212.938  3.671e-05 3167.29
215.068  3.64199e-05 3224.46
217.218  3.6132e-05 3282.68
219.391  3.58461e-05 3341.97
221.584  3.55623e-05 3402.35
223.8  3.52806e-05 3463.84
226.038  3.5001e-05 3526.45
228.299  3.47235e-05 3590.22
230.582  3.4448e-05 3655.16
232.888  3.41746e-05 3721.29
235.216  3.39032e-05 3788.63
237.569  3.36338e-05 3857.21
239.944  3.33665e-05 3927.05
242.344  3.31011e-05 3998.17
244.767  3.28377e-05 4070.59
247.215  3.25764e-05 4144.35
249.687  3.2317e-05 4219.46
252.184  3.20595e-05 4295.95
254.706  3.18041e-05 4373.85
257.253  3.15505e-05 4453.17
259.825  3.12989e-05 4533.95
262.423  3.10492e-05 4616.22
265.048  3.08013e-05 4699.99
267.698  3.05554e-05 4785.31
270.375  3.03114e-05 4872.19
273.079  3.00692e-05 4960.66
275.81  2.9829e-05 5050.76
278.568  2.95905e-05 5142.52
281.354  2.93539e-05 5235.96
284.167  2.91191e-05 5331.11
287.009  2.88861e-05 5428.01
289.879  2.86549e-05 5526.69
292.778  2.84256e-05 5627.19
295.705  2.8198e-05 5729.52
298.662  2.79721e-05 5833.74
301.649  2.77481e-05 5939.87
304.666  2.75258e-05 6047.94
307.712  2.73052e-05 6158
310.789  2.70863e-05 6270.09
313.897  2.68691e-05 6384.22
317.036  2.66536e-05 6500.46
320.207  2.64398e-05 6618.82
323.409  2.62276e-05 6739.36
326.643  2.60171e-05 6862.11
329.909  2.58082e-05 6987.12
333.208  2.5601e-05 7114.41
336.54  2.53954e-05 7244.04
339.906  2.51915e-05 7376.06
343.305  2.49891e-05 7510.49
346.738  2.47884e-05 7647.39
350.205  2.45892e-05 7786.8
353.707  2.43916e-05 7928.77
357.244  2.41956e-05 8073.34
360.817  2.40011e-05 8220.56
364.425  2.38082e-05 8370.48
368.069  2.36168e-05 8523.15
371.75  2.34269e-05 8678.63
375.467  2.32385e-05 8836.95
379.222  2.30516e-05 8998.17
383.014  2.28662e-05 9162.35
386.844  2.26822e-05 9329.54
390.713  2.24996e-05 9499.79
394.62  2.23186e-05 9673.17
398.566  2.2139e-05 9849.72
402.552  2.19609e-05 10029.5
406.577  2.17841e-05 10212.6
410.643  2.16088e-05 10399
414.75  2.1435e-05 10588.9
418.897  2.12625e-05 10782.2
423.086  2.10915e-05 10979.1
427.317  2.09218e-05 11179.5
431.59  2.07535e-05 11383.7
435.906  2.05866e-05 11591.5
440.265  2.0421e-05 11803.2
444.668  2.02568e-05 12018.8
449.114  2.00939e-05 12238.3
453.605  1.99323e-05 12461.8
458.142  1.9772e-05 12689.4
462.723  1.96131e-05 12921.2
467.35  1.94555e-05 13157.2
472.024  1.92991e-05 13397.5
476.744  1.9144e-05 13642.3
481.511  1.89902e-05 13891.5
486.326  1.88377e-05 14145.2
491.19  1.86864e-05 14403.6
496.102  1.85363e-05 14666.7
501.063  1.83875e-05 14934.7
506.073  1.82399e-05 15207.5
511.134  1.80935e-05 15485.3
516.245  1.79483e-05 15768.2
521.408  1.78043e-05 16056.2
526.622  1.76615e-05 16349.5
531.888  1.75198e-05 16648.2
537.207  1.73794e-05 16952.3
542.579  1.724e-05 17262
548.005  1.71019e-05 17577.3
553.485  1.69649e-05 17898.3
559.02  1.6829e-05 18225.3
564.61  1.66942e-05 18558.2
570.256  1.65606e-05 18897.1
575.959  1.64217e-05 19242.3
581.718  1.62903e-05 19593.7
587.535  1.616e-05 19951.5
593.411  1.60308e-05 20315.9
599.345  1.59026e-05 20686.9
605.338  1.57755e-05 21064.6
611.392  1.56494e-05 21449.3
617.506  1.55244e-05 21840.9
623.681  1.54004e-05 22239.7
629.917  1.52775e-05 22645.7
636.217  1.51556e-05 23059.1
642.579  1.50346e-05 23480.1
649.005  1.49147e-05 23908.7
655.495  1.47958e-05 24345
662.05  1.46778e-05 24789.4
668.67  1.45609e-05 25241.8
675.357  1.44449e-05 25702.4
682.11  1.43299e-05 26171.4
688.931  1.42159e-05 26648.9
695.821  1.41028e-05 27135.1
702.779  1.39906e-05 27630.1
709.807  1.38794e-05 28134.1
716.905  1.37692e-05 28647.3
724.074  1.36598e-05 29169.8
731.315  1.35514e-05 29701.7
738.628  1.34439e-05 30243.3
746.014  1.33373e-05 30794.7
753.474  1.32316e-05 31356.1
761.009  1.31268e-05 31927.7
768.619  1.30228e-05 32509.6
776.305  1.29198e-05 33102.1
784.068  1.28176e-05 33705.3
791.909  1.27163e-05 34319.4
799.828  1.26159e-05 34944.7
807.826  1.25163e-05 35581.2
815.905  1.24175e-05 36229.3
824.064  1.23196e-05 36889.1
832.304  1.22225e-05 37560.8
840.627  1.21263e-05 38244.7
849.034  1.20308e-05 38940.9
857.524  1.19362e-05 39649.7
866.099  1.18424e-05 40371.3
874.76  1.17493e-05 41105.9
883.508  1.16571e-05 41853.8
892.343  1.15656e-05 42615.1
901.266  1.1475e-05 43390.2
910.279  1.13851e-05 44179.3
919.382  1.12959e-05 44982.6
928.575  1.12076e-05 45800.3
937.861  1.11199e-05 46632.8
947.24  1.10331e-05 47480.3
956.712  1.09469e-05 48343
966.279  1.08615e-05 49221.2
975.942  1.07769e-05 50115.3
985.702  1.06929e-05 51025.4
995.559  1.06097e-05 51951.9
