0.001  5.06927e-05 0.269445
0.00101  5.0735e-05 0.270789
0.0010201  5.07776e-05 0.272139
0.0010303  5.08171e-05 0.273496
0.0010406  5.08545e-05 0.274861
0.00105101  5.0892e-05 0.276231
0.00106152  5.09297e-05 0.277609
0.00107214  5.09676e-05 0.278994
0.00108286  5.10056e-05 0.280385
0.00109369  5.10439e-05 0.281784
0.00110462  5.10823e-05 0.283189
0.00111567  5.1121e-05 0.284601
0.00112683  5.11598e-05 0.286021
0.00113809  5.11989e-05 0.287448
0.00114947  5.12381e-05 0.288881
0.00116097  5.12775e-05 0.290322
0.00117258  5.13171e-05 0.29177
0.0011843  5.13569e-05 0.293225
0.00119615  5.13969e-05 0.294688
0.00120811  5.14371e-05 0.296157
0.00122019  5.14775e-05 0.297635
0.00123239  5.15181e-05 0.299119
0.00124472  5.15589e-05 0.300611
0.00125716  5.15995e-05 0.30211
0.00126973  5.16395e-05 0.303617
0.00128243  5.16796e-05 0.305131
0.00129526  5.172e-05 0.306653
0.00130821  5.17605e-05 0.308183
0.00132129  5.18012e-05 0.30972
0.0013345  5.18421e-05 0.311264
0.00134785  5.18832e-05 0.312817
0.00136133  5.19245e-05 0.314377
0.00137494  5.19661e-05 0.315945
0.00138869  5.20034e-05 0.317521
0.00140258  5.2037e-05 0.319105
0.0014166  5.20707e-05 0.320696
0.00143077  5.21045e-05 0.322296
0.00144508  5.21384e-05 0.323903
0.00145953  5.21724e-05 0.325519
0.00147412  5.22065e-05 0.327142
0.00148886  5.22408e-05 0.328774
0.00150375  5.22752e-05 0.330413
0.00151879  5.23097e-05 0.332061
0.00153398  5.23443e-05 0.333718
0.00154932  5.23743e-05 0.335382
0.00156481  5.24032e-05 0.337055
0.00158046  5.24323e-05 0.338736
0.00159626  5.24614e-05 0.340425
0.00161223  5.24906e-05 0.342123
0.00162835  5.25198e-05 0.34383
0.00164463  5.25491e-05 0.345544
0.00166108  5.25784e-05 0.347268
0.00167769  5.26075e-05 0.349
0.00169447  5.2636e-05 0.350741
0.00171141  5.26646e-05 0.35249
0.00172852  5.26932e-05 0.354248
0.00174581  5.27219e-05 0.356015
0.00176327  5.27506e-05 0.35779
0.0017809  5.27794e-05 0.359575
0.00179871  5.28082e-05 0.361333
0.0018167  5.2837e-05 0.363079
0.00183486  5.28659e-05 0.364847
0.00185321  5.28927e-05 0.366636
0.00187174  5.29183e-05 0.368447
0.00189046  5.29438e-05 0.370279
0.00190937  5.29694e-05 0.372132
0.00192846  5.2995e-05 0.374006
0.00194774  5.30205e-05 0.3759
0.00196722  5.30461e-05 0.377814
0.00198689  5.30716e-05 0.379748
0.00200676  5.30972e-05 0.381701
0.00202683  5.31227e-05 0.383579
0.0020471  5.31483e-05 0.38547
0.00206757  5.317e-05 0.387377
0.00208825  5.31913e-05 0.389301
0.00210913  5.32125e-05 0.391241
0.00213022  5.32337e-05 0.393195
0.00215152  5.32548e-05 0.395164
0.00217304  5.32759e-05 0.397147
0.00219477  5.32969e-05 0.399142
0.00221672  5.33178e-05 0.401149
0.00223888  5.33387e-05 0.403167
0.00226127  5.33595e-05 0.405189
0.00228388  5.33802e-05 0.407212
0.00230672  5.34008e-05 0.409244
0.00232979  5.34206e-05 0.411286
0.00235309  5.34403e-05 0.413337
0.00237662  5.346e-05 0.415398
0.00240038  5.34795e-05 0.417469
0.00242439  5.3499e-05 0.419551
0.00244863  5.35184e-05 0.421642
0.00247312  5.35377e-05 0.423744
0.00249785  5.35569e-05 0.425857
0.00252283  5.35755e-05 0.42798
0.00254806  5.35937e-05 0.430114
0.00257354  5.36119e-05 0.432258
0.00259927  5.36299e-05 0.434413
0.00262527  5.36478e-05 0.436579
0.00265152  5.36656e-05 0.438757
0.00267803  5.36833e-05 0.440945
0.00270481  5.37008e-05 0.443145
0.00273186  5.37182e-05 0.445355
0.00275918  5.37355e-05 0.447577
0.00278677  5.37532e-05 0.44981
0.00281464  5.37709e-05 0.452054
0.00284279  5.37885e-05 0.454309
0.00287121  5.3806e-05 0.456576
0.00289993  5.38233e-05 0.458853
0.00292893  5.38404e-05 0.461142
0.00295822  5.38574e-05 0.463442
0.0029878  5.38743e-05 0.465753
0.00301768  5.3891e-05 0.468076
0.00304785  5.39076e-05 0.47041
0.00307833  5.39235e-05 0.472756
0.00310911  5.39363e-05 0.475114
0.0031402  5.3949e-05 0.477483
0.00317161  5.39615e-05 0.479865
0.00320332  5.39737e-05 0.482258
0.00323536  5.39858e-05 0.484663
0.00326771  5.39977e-05 0.48708
0.00330039  5.40093e-05 0.489509
0.00333339  5.40207e-05 0.491951
0.00336672  5.40317e-05 0.494404
0.00340039  5.40423e-05 0.49687
0.0034344  5.40528e-05 0.499348
0.00346874  5.4063e-05 0.501839
0.00350343  5.40729e-05 0.504342
0.00353846  5.40826e-05 0.506857
0.00357385  5.40921e-05 0.509385
0.00360958  5.41013e-05 0.511926
0.00364568  5.41102e-05 0.514479
0.00368214  5.41189e-05 0.517045
0.00371896  5.41314e-05 0.519624
0.00375615  5.41439e-05 0.522216
0.00379371  5.41562e-05 0.52482
0.00383165  5.41682e-05 0.527438
0.00386996  5.41799e-05 0.530068
0.00390866  5.41915e-05 0.532712
0.00394775  5.42028e-05 0.535369
0.00398723  5.42138e-05 0.538039
0.0040271  5.42245e-05 0.540722
0.00406737  5.42351e-05 0.543419
0.00410804  5.42449e-05 0.546129
0.00414912  5.42535e-05 0.548853
0.00419062  5.42618e-05 0.551591
0.00423252  5.42697e-05 0.554342
0.00427485  5.42774e-05 0.557106
0.0043176  5.42847e-05 0.559885
0.00436077  5.42917e-05 0.562677
0.00440438  5.42984e-05 0.565483
0.00444842  5.43048e-05 0.568304
0.00449291  5.43109e-05 0.571138
0.00453784  5.43166e-05 0.573987
0.00458321  5.4322e-05 0.57685
0.00462905  5.43318e-05 0.579727
0.00467534  5.43457e-05 0.582618
0.00472209  5.43594e-05 0.585524
0.00476931  5.43727e-05 0.588444
0.004817  5.43858e-05 0.591379
0.00486517  5.43987e-05 0.594328
0.00491383  5.44112e-05 0.597293
0.00496296  5.44235e-05 0.600271
0.00501259  5.44355e-05 0.603265
0.00506272  5.44472e-05 0.606274
0.00511335  5.44586e-05 0.609298
0.00516448  5.44695e-05 0.612337
0.00521613  5.448e-05 0.615391
0.00526829  5.44902e-05 0.61846
0.00532097  5.45001e-05 0.621545
0.00537418  5.45097e-05 0.624645
0.00542792  5.45189e-05 0.62776
0.0054822  5.45278e-05 0.630891
0.00553702  5.45363e-05 0.634037
0.00559239  5.45445e-05 0.6372
0.00564832  5.45524e-05 0.640378
0.0057048  5.45598e-05 0.643571
0.00576185  5.45669e-05 0.646781
0.00581947  5.45737e-05 0.650007
0.00587766  5.458e-05 0.653249
0.00593644  5.4586e-05 0.656507
0.0059958  5.45916e-05 0.659782
0.00605576  5.45968e-05 0.663072
0.00611632  5.46016e-05 0.666379
0.00617748  5.46061e-05 0.669703
0.00623926  5.46103e-05 0.673043
0.00630165  5.46142e-05 0.6764
0.00636466  5.46176e-05 0.679773
0.00642831  5.46205e-05 0.683163
0.00649259  5.46231e-05 0.686571
0.00655752  5.46252e-05 0.689995
0.0066231  5.46268e-05 0.693437
0.00668933  5.4628e-05 0.696895
0.00675622  5.46291e-05 0.700371
0.00682378  5.46297e-05 0.703864
0.00689202  5.46298e-05 0.707374
0.00696094  5.4642e-05 0.710902
0.00703055  5.46574e-05 0.714448
0.00710085  5.46725e-05 0.718011
0.00717186  5.46873e-05 0.721592
0.00724358  5.47017e-05 0.725191
0.00731602  5.47158e-05 0.728808
0.00738918  5.47295e-05 0.732443
0.00746307  5.47428e-05 0.736096
0.0075377  5.47558e-05 0.739768
0.00761308  5.47684e-05 0.743457
0.00768921  5.47806e-05 0.747165
0.0077661  5.47924e-05 0.750891
0.00784376  5.48038e-05 0.754636
0.0079222  5.48148e-05 0.7584
0.00800142  5.48254e-05 0.762183
0.00808144  5.48356e-05 0.765984
0.00816225  5.48454e-05 0.769804
0.00824387  5.48557e-05 0.773644
0.00832631  5.48664e-05 0.777503
0.00840957  5.48771e-05 0.78138
0.00849367  5.48877e-05 0.785277
0.00857861  5.48979e-05 0.789194
0.00866439  5.49076e-05 0.79313
0.00875104  5.49169e-05 0.797086
0.00883855  5.49258e-05 0.801061
0.00892693  5.49341e-05 0.805056
0.0090162  5.4942e-05 0.809072
0.00910636  5.49495e-05 0.813107
0.00919743  5.49564e-05 0.817162
0.0092894  5.49812e-05 0.821238
0.0093823  5.50086e-05 0.825334
0.00947612  5.50356e-05 0.82945
0.00957088  5.50624e-05 0.833587
0.00966659  5.50889e-05 0.837745
0.00976325  5.5115e-05 0.841923
0.00986089  5.51409e-05 0.846122
0.0099595  5.51664e-05 0.850342
0.0100591  5.51916e-05 0.854583
0.0101597  5.52164e-05 0.858845
0.0102613  5.52416e-05 0.863129
0.0103639  5.52695e-05 0.867434
0.0104675  5.5297e-05 0.87176
0.0105722  5.53243e-05 0.876108
0.0106779  5.53512e-05 0.880478
0.0107847  5.53778e-05 0.884869
0.0108926  5.54041e-05 0.889282
0.0110015  5.543e-05 0.893717
0.0111115  5.54555e-05 0.898175
0.0112226  5.54807e-05 0.902654
0.0113348  5.55056e-05 0.907156
0.0114482  5.553e-05 0.911681
0.0115627  5.55541e-05 0.916228
0.0116783  5.55778e-05 0.920798
0.0117951  5.56011e-05 0.92539
0.011913  5.5624e-05 0.930006
0.0120322  5.56464e-05 0.934644
0.0121525  5.56685e-05 0.939306
0.012274  5.56902e-05 0.94399
0.0123967  5.57114e-05 0.948698
0.0125207  5.57322e-05 0.95343
0.0126459  5.57538e-05 0.958185
0.0127724  5.57751e-05 0.962964
0.0129001  5.57959e-05 0.967767
0.0130291  5.58163e-05 0.972594
0.0131594  5.58363e-05 0.977445
0.013291  5.58557e-05 0.98232
0.0134239  5.58747e-05 0.987219
0.0135581  5.58932e-05 0.992143
0.0136937  5.59112e-05 0.997091
0.0138307  5.59317e-05 1.00206
0.013969  5.59743e-05 1.00706
0.0141086  5.60167e-05 1.01208
0.0142497  5.60588e-05 1.01713
0.0143922  5.61006e-05 1.02221
0.0145362  5.61421e-05 1.0273
0.0146815  5.61833e-05 1.03243
0.0148283  5.62243e-05 1.03758
0.0149766  5.62649e-05 1.04275
0.0151264  5.63053e-05 1.04795
0.0152776  5.63453e-05 1.05318
0.0154304  5.63877e-05 1.05843
0.0155847  5.64337e-05 1.06371
0.0157406  5.64794e-05 1.06902
0.015898  5.65248e-05 1.07435
0.016057  5.65699e-05 1.07971
0.0162175  5.66148e-05 1.08509
0.0163797  5.66593e-05 1.0905
0.0165435  5.67035e-05 1.09594
0.0167089  5.67475e-05 1.10141
0.016876  5.67929e-05 1.1069
0.0170448  5.68381e-05 1.11242
0.0172152  5.6883e-05 1.11797
0.0173874  5.69275e-05 1.12355
0.0175613  5.69718e-05 1.12915
0.0177369  5.70156e-05 1.13478
0.0179142  5.70592e-05 1.14044
0.0180934  5.71024e-05 1.14613
0.0182743  5.71453e-05 1.15185
0.0184571  5.71919e-05 1.15759
0.0186416  5.72547e-05 1.16336
0.018828  5.73173e-05 1.16917
0.0190163  5.73797e-05 1.175
0.0192065  5.7442e-05 1.18086
0.0193986  5.7504e-05 1.18675
0.0195925  5.75659e-05 1.19267
0.0197885  5.76276e-05 1.19861
0.0199864  5.7689e-05 1.20459
0.0201862  5.77503e-05 1.2106
0.0203881  5.78113e-05 1.21664
0.020592  5.78764e-05 1.22271
0.0207979  5.79457e-05 1.2288
0.0210059  5.80148e-05 1.23493
0.0212159  5.80837e-05 1.24109
0.0214281  5.81525e-05 1.24728
0.0216424  5.82211e-05 1.2535
0.0218588  5.82895e-05 1.25976
0.0220774  5.83578e-05 1.26604
0.0222981  5.84259e-05 1.27235
0.0225211  5.84937e-05 1.2787
0.0227463  5.85614e-05 1.28508
0.0229738  5.86289e-05 1.29149
0.0232035  5.8709e-05 1.29793
0.0234356  5.87927e-05 1.3044
0.0236699  5.88764e-05 1.31091
0.0239066  5.896e-05 1.31744
0.0241457  5.90435e-05 1.32402
0.0243871  5.9127e-05 1.33062
0.024631  5.92103e-05 1.33725
0.0248773  5.92936e-05 1.34392
0.0251261  5.93774e-05 1.35063
0.0253774  5.94627e-05 1.35736
0.0256311  5.9548e-05 1.36413
0.0258874  5.96332e-05 1.37094
0.0261463  5.97183e-05 1.37777
0.0264078  5.98033e-05 1.38465
0.0266719  5.98883e-05 1.39155
0.0269386  5.99731e-05 1.39849
0.027208  6.00578e-05 1.40547
0.02748  6.01424e-05 1.41248
0.0277548  6.02352e-05 1.41952
0.0280324  6.03381e-05 1.4266
0.0283127  6.0441e-05 1.43372
0.0285958  6.0544e-05 1.44087
0.0288818  6.0647e-05 1.44805
0.0291706  6.075e-05 1.45528
0.0294623  6.08531e-05 1.46254
0.029757  6.09562e-05 1.46983
0.0300545  6.10594e-05 1.47716
0.0303551  6.11625e-05 1.48453
0.0306586  6.12657e-05 1.49193
0.0309652  6.13767e-05 1.49937
0.0312749  6.14904e-05 1.50685
0.0315876  6.16041e-05 1.51437
0.0319035  6.1718e-05 1.52192
0.0322225  6.18319e-05 1.52951
0.0325447  6.1946e-05 1.53714
0.0328702  6.20601e-05 1.5448
0.0331989  6.21744e-05 1.55251
0.0335309  6.22892e-05 1.56025
0.0338662  6.24054e-05 1.56803
0.0342049  6.25217e-05 1.57586
0.0345469  6.26381e-05 1.58371
0.0348924  6.27545e-05 1.59161
0.0352413  6.2871e-05 1.59955
0.0355937  6.29876e-05 1.60753
0.0359496  6.31042e-05 1.61555
0.0363091  6.32209e-05 1.6236
0.0366722  6.33377e-05 1.6317
0.037039  6.34656e-05 1.63984
0.0374093  6.36032e-05 1.64802
0.0377834  6.3741e-05 1.65624
0.0381613  6.38791e-05 1.6645
0.0385429  6.40173e-05 1.6728
0.0389283  6.41559e-05 1.68114
0.0393176  6.42946e-05 1.68953
0.0397108  6.44336e-05 1.69796
0.0401079  6.45728e-05 1.70642
0.040509  6.47123e-05 1.71494
0.040914  6.48519e-05 1.72349
0.0413232  6.49989e-05 1.73208
0.0417364  6.51474e-05 1.74072
0.0421538  6.52975e-05 1.74941
0.0425753  6.54481e-05 1.75813
0.0430011  6.55989e-05 1.7669
0.0434311  6.57501e-05 1.77571
0.0438654  6.59016e-05 1.78457
0.044304  6.60533e-05 1.79347
0.0447471  6.62054e-05 1.80241
0.0451946  6.63577e-05 1.8114
0.0456465  6.65103e-05 1.82044
0.046103  6.66659e-05 1.82952
0.046564  6.68422e-05 1.83864
0.0470296  6.70189e-05 1.84781
0.0474999  6.71962e-05 1.85703
0.0479749  6.7374e-05 1.86629
0.0484547  6.75522e-05 1.8756
0.0489392  6.7731e-05 1.88495
0.0494286  6.79103e-05 1.89435
0.0499229  6.809e-05 1.9038
0.0504221  6.82712e-05 1.9133
0.0509264  6.84536e-05 1.92284
0.0514356  6.86392e-05 1.93243
0.05195  6.88294e-05 1.94207
0.0524695  6.902e-05 1.95176
0.0529942  6.92113e-05 1.96149
0.0535241  6.94031e-05 1.97127
0.0540594  6.95955e-05 1.9811
0.0546  6.97885e-05 1.99099
0.055146  6.9982e-05 2.00092
0.0556974  7.01761e-05 2.01089
0.0562544  7.03708e-05 2.02092
0.0568169  7.0566e-05 2.031
0.0573851  7.07618e-05 2.04113
0.0579589  7.09581e-05 2.05131
0.0585385  7.1155e-05 2.06154
0.0591239  7.13524e-05 2.07183
0.0597152  7.15505e-05 2.08216
0.0603123  7.1749e-05 2.09255
0.0609154  7.19481e-05 2.10298
0.0615246  7.21485e-05 2.11347
0.0621398  7.23562e-05 2.12401
0.0627612  7.25645e-05 2.1346
0.0633888  7.27735e-05 2.14525
0.0640227  7.2983e-05 2.15595
0.064663  7.31932e-05 2.1667
0.0653096  7.3404e-05 2.17751
0.0659627  7.36155e-05 2.18837
0.0666223  7.38275e-05 2.19929
0.0672885  7.40414e-05 2.21025
0.0679614  7.42564e-05 2.22128
0.068641  7.44721e-05 2.23236
0.0693275  7.47012e-05 2.24349
0.0700207  7.49529e-05 2.25468
0.0707209  7.52055e-05 2.26592
0.0714281  7.54591e-05 2.27723
0.0721424  7.57137e-05 2.28858
0.0728638  7.59693e-05 2.3
0.0735925  7.62259e-05 2.31147
0.0743284  7.64834e-05 2.323
0.0750717  7.6742e-05 2.33459
0.0758224  7.70015e-05 2.34623
0.0765806  7.7262e-05 2.35793
0.0773464  7.75235e-05 2.36969
0.0781199  7.77859e-05 2.38151
0.0789011  7.80494e-05 2.39339
0.0796901  7.83139e-05 2.40532
0.080487  7.85793e-05 2.41732
0.0812919  7.88458e-05 2.42938
0.0821048  7.91148e-05 2.44149
0.0829259  7.93916e-05 2.45367
0.0837551  7.967e-05 2.46591
0.0845927  7.99511e-05 2.47821
0.0854386  8.02332e-05 2.49057
0.086293  8.05165e-05 2.50299
0.0871559  8.08009e-05 2.51547
0.0880275  8.10864e-05 2.52802
0.0889077  8.1373e-05 2.54063
0.0897968  8.16608e-05 2.5533
0.0906948  8.19497e-05 2.56603
0.0916017  8.22397e-05 2.57883
0.0925178  8.25309e-05 2.5917
0.0934429  8.28232e-05 2.60462
0.0943774  8.31166e-05 2.61761
0.0953211  8.34112e-05 2.63067
0.0962743  8.37069e-05 2.64379
0.0972371  8.40037e-05 2.65697
0.0982095  8.43017e-05 2.67023
0.0991916  8.46009e-05 2.68354
0.100183  8.49012e-05 2.69693
0.101185  8.52026e-05 2.71038
0.102197  8.55053e-05 2.7239
0.103219  8.58161e-05 2.73748
0.104251  8.61305e-05 2.75114
0.105294  8.64461e-05 2.76486
0.106347  8.67631e-05 2.77865
0.10741  8.70812e-05 2.79251
0.108484  8.74007e-05 2.80643
0.109569  8.77214e-05 2.82043
0.110665  8.80434e-05 2.8345
0.111772  8.83666e-05 2.84863
0.112889  8.86912e-05 2.86284
0.114018  8.9017e-05 2.87712
0.115158  8.93441e-05 2.89147
0.11631  8.96725e-05 2.90589
0.117473  9.00022e-05 2.92039
0.118648  9.03332e-05 2.93495
0.119834  9.06655e-05 2.94959
0.121033  9.09991e-05 2.9643
0.122243  9.1334e-05 2.97909
0.123465  9.16702e-05 2.99395
0.1247  9.20077e-05 3.00888
0.125947  9.2348e-05 3.02388
0.127206  9.26912e-05 3.03896
0.128478  9.30357e-05 3.05412
0.129763  9.33816e-05 3.06935
0.131061  9.37289e-05 3.08466
0.132372  9.40775e-05 3.10004
0.133695  9.44274e-05 3.1155
0.135032  9.47788e-05 3.13104
0.136383  9.51315e-05 3.14666
0.137746  9.54855e-05 3.16235
0.139124  9.58613e-05 3.17812
0.140515  9.6247e-05 3.19398
0.14192  9.66345e-05 3.20991
0.143339  9.70236e-05 3.22592
0.144773  9.74143e-05 3.24201
0.146221  9.78068e-05 3.25819
0.147683  9.8201e-05 3.27444
0.14916  9.85968e-05 3.29078
0.150651  9.89944e-05 3.30719
0.152158  9.93937e-05 3.32369
0.153679  9.97947e-05 3.34027
0.155216  0.000100211 3.35693
0.156768  0.00010063 3.37367
0.158336  0.000101051 3.39049
0.159919  0.000101473 3.4074
0.161518  0.000101897 3.42438
0.163134  0.000102323 3.44145
0.164765  0.000102752 3.45861
0.166413  0.000103181 3.47584
0.168077  0.000103613 3.49317
0.169757  0.000104047 3.51058
0.171455  0.000104483 3.52808
0.17317  0.000104921 3.54567
0.174901  0.00010536 3.56335
0.17665  0.000105802 3.58112
0.178417  0.000106245 3.59899
0.180201  0.000106691 3.61695
0.182003  0.00010706 3.63501
0.183823  0.000107429 3.65317
0.185661  0.000107808 3.67142
0.187518  0.000108189 3.68978
0.189393  0.000108572 3.70825
0.191287  0.000108955 3.72681
0.1932  0.000109339 3.74548
0.195132  0.000109724 3.76426
0.197083  0.00011011 3.78315
0.199054  0.000110497 3.80215
0.201045  0.000110884 3.82126
0.203055  0.000111272 3.84049
0.205086  0.000111661 3.85984
0.207136  0.00011205 3.8793
0.209208  0.000112441 3.89887
0.2113  0.000112832 3.91857
0.213413  0.000113223 3.93838
0.215547  0.000113616 3.9583
0.217702  0.000114009 3.97835
0.219879  0.000114402 3.99851
0.222078  0.000114796 4.0188
0.224299  0.000115191 4.0392
0.226542  0.000115587 4.05972
0.228807  0.000115982 4.08036
0.231095  0.000116382 4.10113
0.233406  0.000116787 4.12201
0.235741  0.000117193 4.14302
0.238098  0.000117599 4.16414
0.240479  0.000118214 4.17765
0.242884  0.000118834 4.19113
0.245313  0.000119458 4.2046
0.247766  0.000120088 4.21805
0.250243  0.000120722 4.23147
0.252746  0.000121363 4.24488
0.255273  0.00012201 4.25826
0.257826  0.000122662 4.27162
0.260404  0.000123319 4.28496
0.263008  0.000123981 4.29826
0.265638  0.000124648 4.31154
0.268295  0.000125321 4.3248
0.270978  0.000125999 4.33802
0.273687  0.000126682 4.3512
0.276424  0.000127371 4.36436
0.279189  0.000128073 4.37748
0.28198  0.000128781 4.39057
0.2848  0.000129494 4.40361
0.287648  0.000130214 4.41662
0.290525  0.000130939 4.42959
0.29343  0.00013167 4.44252
0.296364  0.000132407 4.4554
0.299328  0.000133149 4.46824
0.302321  0.000133899 4.48103
0.305344  0.000134654 4.49378
0.308398  0.000135419 4.50647
0.311482  0.000136199 4.51912
0.314597  0.000136984 4.53171
0.317743  0.000137777 4.54425
0.32092  0.000138576 4.55674
0.324129  0.000139382 4.56917
0.32737  0.000140194 4.58154
0.330644  0.000141014 4.59385
0.333951  0.00014184 4.60611
0.33729  0.000142674 4.61829
0.340663  0.000143515 4.63042
0.34407  0.000144364 4.64248
0.34751  0.000145219 4.65447
0.350985  0.000146083 4.66639
0.354495  0.000146953 4.67824
0.35804  0.000147831 4.69001
0.361621  0.000148716 4.70172
0.365237  0.000149609 4.71335
0.368889  0.000150511 4.7249
0.372578  0.000151427 4.73637
0.376304  0.000152352 4.74776
0.380067  0.000153284 4.75906
0.383868  0.000154224 4.77029
0.387706  0.000155173 4.78142
0.391583  0.00015613 4.79247
0.395499  0.000157095 4.80343
0.399454  0.000158069 4.81429
0.403449  0.000159051 4.82507
0.407483  0.000160043 4.83575
0.411558  0.000161045 4.84633
0.415674  0.000162058 4.85681
0.41983  0.000163081 4.8672
0.424029  0.000164113 4.87748
0.428269  0.000165155 4.88766
0.432552  0.000166206 4.89773
0.436877  0.000167267 4.90769
0.441246  0.000168337 4.91755
0.445658  0.000169416 4.92729
0.450115  0.000170506 4.93692
0.454616  0.000171458 4.95077
0.459162  0.000172398 4.96513
0.463754  0.000173347 4.97949
0.468391  0.000174304 4.99386
0.473075  0.000175265 5.00822
0.477806  0.000176231 5.02258
0.482584  0.000177201 5.03695
0.48741  0.000178176 5.05132
0.492284  0.000179156 5.06569
0.497207  0.000180141 5.08006
0.502179  0.00018113 5.09444
0.507201  0.000182124 5.10881
0.512273  0.000183122 5.1232
0.517396  0.000184128 5.13758
0.52257  0.000185139 5.15197
0.527795  0.000186154 5.16637
0.533073  0.000187173 5.18077
0.538404  0.000188197 5.19517
0.543788  0.000189225 5.20958
0.549226  0.000190257 5.224
0.554718  0.000191293 5.23842
0.560265  0.000192333 5.25285
0.565868  0.000193377 5.26729
0.571527  0.000194425 5.28174
0.577242  0.000195477 5.2962
0.583014  0.000196533 5.31067
0.588844  0.000197593 5.32514
0.594733  0.000198656 5.33963
0.60068  0.000199723 5.35413
0.606687  0.000200793 5.36864
0.612754  0.000201867 5.38316
0.618881  0.000202947 5.39769
0.62507  0.000204031 5.41224
0.631321  0.000205118 5.42681
0.637634  0.000206208 5.44138
0.644011  0.000207302 5.45596
0.650451  0.000208399 5.47056
0.656955  0.000209499 5.48518
0.663525  0.000210601 5.49982
0.67016  0.000211706 5.51448
0.676862  0.000212815 5.52916
0.68363  0.000213926 5.54386
0.690466  0.00021504 5.55859
0.697371  0.000216163 5.57333
0.704345  0.000217288 5.5881
0.711388  0.000218415 5.6029
0.718502  0.000219545 5.61772
0.725687  0.000220665 5.63257
0.732944  0.00022178 5.64746
0.740273  0.000222897 5.66237
0.747676  0.000224014 5.67731
0.755153  0.000225133 5.69229
0.762705  0.000226253 5.7073
0.770332  0.000227373 5.72234
0.778035  0.000228495 5.73743
0.785815  0.000229616 5.75255
0.793673  0.000230739 5.76771
0.80161  0.000231861 5.78291
0.809626  0.000232984 5.79816
0.817722  0.000234106 5.81346
0.8259  0.000235231 5.8288
0.834159  0.000236356 5.84418
0.8425  0.000237481 5.85962
0.850925  0.000238605 5.8751
0.859435  0.000239729 5.89064
0.868029  0.000240852 5.90623
0.876709  0.000241974 5.92188
0.885476  0.000243094 5.93758
0.894331  0.000244213 5.95334
0.903274  0.00024533 5.96916
0.912307  0.000246446 5.98504
0.92143  0.00024756 6.00099
0.930644  0.000248677 6.017
0.939951  0.000249791 6.03308
0.94935  0.000250903 6.04923
0.958844  0.000252013 6.06544
0.968432  0.000253119 6.08173
0.978117  0.000254223 6.0981
0.987898  0.000255323 6.11454
0.997777  0.00025642 6.13106
1.00775  0.000257514 6.14767
1.01783  0.000258604 6.16435
1.02801  0.000259691 6.18113
1.03829  0.000260776 6.19799
1.04867  0.000261857 6.21494
1.05916  0.000262933 6.23198
1.06975  0.000264004 6.24912
1.08045  0.000265071 6.26636
1.09125  0.000266133 6.28369
1.10217  0.000267189 6.30113
1.11319  0.00026824 6.31867
1.12432  0.000269286 6.33632
1.13556  0.000270325 6.35408
1.14692  0.000271359 6.37195
1.15839  0.000272386 6.38994
1.16997  0.000273407 6.40805
1.18167  0.000274421 6.42628
1.19349  0.000275428 6.44463
1.20542  0.000276429 6.4631
1.21748  0.000277422 6.48171
1.22965  0.000278408 6.50045
1.24195  0.000279386 6.51932
1.25437  0.000280356 6.53834
1.26691  0.000281319 6.5575
1.27958  0.000282274 6.5768
1.29238  0.00028322 6.59625
1.3053  0.000284157 6.61585
1.31835  0.000285086 6.63561
1.33154  0.000286006 6.65553
1.34485  0.000286917 6.67561
1.3583  0.000287818 6.69585
1.37188  0.000288709 6.71626
1.3856  0.000289593 6.73685
1.39946  0.000290469 6.75761
1.41345  0.000291335 6.77856
1.42759  0.000292191 6.79968
1.44186  0.000293036 6.82099
1.45628  0.000293871 6.8425
1.47085  0.000294695 6.8642
1.48555  0.000295508 6.8861
1.50041  0.000296309 6.90821
1.51541  0.0002971 6.93052
1.53057  0.000297879 6.95305
1.54587  0.000298648 6.9758
1.56133  0.000299406 6.99876
1.57695  0.000300152 7.02195
1.59271  0.000300886 7.04538
1.60864  0.000301608 7.06904
1.62473  0.000302318 7.09294
1.64098  0.000303015 7.11708
1.65739  0.000303699 7.14147
1.67396  0.00030437 7.16612
1.6907  0.000305029 7.19103
1.70761  0.000305675 7.2162
1.72468  0.000306307 7.24164
1.74193  0.000306926 7.26736
1.75935  0.000307531 7.29335
1.77694  0.000308123 7.31963
1.79471  0.000308702 7.34621
1.81266  0.000309266 7.37308
1.83078  0.000309816 7.40025
1.84909  0.000310354 7.42773
1.86758  0.000310878 7.45552
1.88626  0.000311388 7.48363
1.90512  0.000311884 7.51207
1.92417  0.000312366 7.54084
1.94341  0.000312833 7.56995
1.96285  0.000313286 7.5994
1.98248  0.000313724 7.6292
2.0023  0.000314147 7.65936
2.02232  0.000314556 7.68988
2.04255  0.000314949 7.72077
2.06297  0.000315329 7.75204
2.0836  0.000315695 7.78369
2.10444  0.000316046 7.81573
2.12548  0.000316383 7.84817
2.14674  0.000316704 7.88101
2.16821  0.00031701 7.91426
2.18989  0.0003173 7.94794
2.21179  0.000317576 7.98204
2.2339  0.000317837 8.01657
2.25624  0.000318082 8.05154
2.27881  0.000318313 8.08697
2.30159  0.000318528 8.12285
2.32461  0.00031873 8.1592
2.34786  0.000318917 8.19602
2.37134  0.000319088 8.23332
2.39505  0.000319245 8.27111
2.419  0.000319386 8.30939
2.44319  0.000319512 8.34819
2.46762  0.000319624 8.3875
2.4923  0.00031972 8.42733
2.51722  0.000319802 8.4677
2.54239  0.000319869 8.50861
2.56782  0.000319921 8.55008
2.59349  0.000319958 8.5921
2.61943  0.000319981 8.6347
2.64562  0.000319989 8.67787
2.67208  0.000319983 8.72164
2.6988  0.000319961 8.766
2.72579  0.000319926 8.81097
2.75305  0.000319876 8.85657
2.78058  0.000319813 8.90279
2.80838  0.000319736 8.94966
2.83647  0.000319645 8.99717
2.86483  0.00031954 9.04535
2.89348  0.000319421 9.0942
2.92241  0.000319289 9.14374
2.95164  0.000319142 9.19397
2.98115  0.000318982 9.24491
3.01097  0.000318809 9.29657
3.04108  0.000318622 9.34896
3.07149  0.000318422 9.40209
3.1022  0.000318211 9.45597
3.13322  0.000317987 9.51062
3.16456  0.00031775 9.56605
3.1962  0.0003175 9.62226
3.22816  0.000317237 9.67929
3.26045  0.000316963 9.73713
3.29305  0.000316675 9.7958
3.32598  0.000316376 9.85531
3.35924  0.000316065 9.91568
3.39283  0.000315742 9.97692
3.42676  0.000315408 10.039
3.46103  0.000315062 10.1021
3.49564  0.000314704 10.166
3.53059  0.000314336 10.2309
3.5659  0.000313956 10.2967
3.60156  0.000313565 10.3634
3.63758  0.000313164 10.4312
3.67395  0.000312752 10.4999
3.71069  0.00031233 10.5696
3.7478  0.000311899 10.6403
3.78528  0.000311458 10.7121
3.82313  0.000311006 10.7849
3.86136  0.000310545 10.8588
3.89997  0.000310075 10.9338
3.93897  0.000309595 11.0098
3.97836  0.000309105 11.087
4.01815  0.000308607 11.1653
4.05833  0.0003081 11.2448
4.09891  0.000307584 11.3254
4.1399  0.000307061 11.4073
4.1813  0.000306529 11.4903
4.22311  0.000305989 11.5745
4.26534  0.000305441 11.66
4.308  0.000304886 11.7468
4.35108  0.000304323 11.8348
4.39459  0.000303752 11.9241
4.43853  0.000303174 12.0148
4.48292  0.000302589 12.1068
4.52775  0.000301996 12.2001
4.57303  0.000301397 12.2948
4.61876  0.000300792 12.391
4.66494  0.000300181 12.4885
4.71159  0.000299564 12.5875
4.75871  0.000298941 12.6879
4.8063  0.000298312 12.7899
4.85436  0.000297677 12.8933
4.9029  0.000297037 12.9983
4.95193  0.000296391 13.1048
5.00145  0.000295739 13.2129
5.05146  0.000295083 13.3226
5.10198  0.000294421 13.4339
5.153  0.000293756 13.5469
5.20453  0.000293085 13.6615
5.25657  0.000292411 13.7779
5.30914  0.000291731 13.8959
5.36223  0.000291048 14.0157
5.41585  0.000290361 14.1373
5.47001  0.000289669 14.2607
5.52471  0.000288974 14.3859
5.57996  0.000288275 14.5129
5.63576  0.000287572 14.6418
5.69212  0.000286866 14.7726
5.74904  0.000286157 14.9054
5.80653  0.000285445 15.0401
5.86459  0.000284729 15.1768
5.92324  0.000284011 15.3156
5.98247  0.00028329 15.4564
6.0423  0.000282566 15.5992
6.10272  0.00028184 15.7442
6.16375  0.000281111 15.8913
6.22538  0.00028038 16.0406
6.28764  0.000279647 16.192
6.35051  0.000278912 16.3457
6.41402  0.000278175 16.5017
6.47816  0.000277436 16.66
6.54294  0.000276696 16.8206
6.60837  0.000275953 16.9835
6.67445  0.000275209 17.1489
6.7412  0.000274463 17.3167
6.80861  0.000273716 17.487
6.8767  0.000272967 17.6597
6.94546  0.000272218 17.8351
7.01492  0.000271468 18.0129
7.08507  0.000270717 18.1934
7.15592  0.000269964 18.3766
7.22748  0.000269211 18.5624
7.29975  0.000268456 18.751
7.37275  0.000267701 18.9423
7.44648  0.000266945 19.1365
7.52094  0.000266188 19.3335
7.59615  0.00026543 19.5334
7.67211  0.000264672 19.7362
7.74883  0.000263913 19.942
7.82632  0.000263153 20.1508
7.90459  0.000262393 20.3626
7.98363  0.000261632 20.5776
8.06347  0.000260871 20.7957
8.1441  0.000260109 21.017
8.22554  0.000259347 21.2416
8.3078  0.000258585 21.4694
8.39088  0.000257823 21.7006
8.47479  0.000257061 21.9351
8.55953  0.000256298 22.1731
8.64513  0.000255535 22.4146
8.73158  0.000254772 22.6596
8.8189  0.000254009 22.9082
8.90709  0.000253245 23.1604
8.99616  0.000252482 23.4163
9.08612  0.000251718 23.676
9.17698  0.000250954 23.9394
9.26875  0.00025019 24.2067
9.36144  0.000249427 24.4779
9.45505  0.000248664 24.7531
9.5496  0.0002479 25.0323
9.6451  0.000247136 25.3156
9.74155  0.000246373 25.6031
9.83896  0.000245609 25.8947
9.93735  0.000244845 26.1906
10.0367  0.000244081 26.4909
10.1371  0.000243317 26.7955
10.2385  0.000242553 27.1046
10.3409  0.00024179 27.4182
10.4443  0.000241026 27.7364
10.5487  0.000240262 28.0593
10.6542  0.000239499 28.3869
10.7607  0.000238735 28.7194
10.8683  0.000237971 29.0566
10.977  0.000237207 29.3989
11.0868  0.000236443 29.7461
11.1977  0.000235679 30.0985
11.3096  0.000234914 30.456
11.4227  0.00023415 30.8188
11.537  0.000233385 31.1869
11.6523  0.00011648 31.5604
11.7689  0.000116226 31.9394
11.8865  0.000115969 32.324
12.0054  0.00011571 32.7143
12.1255  0.000115448 33.1103
12.2467  0.000115184 33.5121
12.3692  0.000114917 33.9199
12.4929  0.000114648 34.3336
12.6178  0.000114375 34.7535
12.744  0.0001141 35.1796
12.8714  0.000113823 35.612
13.0001  0.000113542 36.0508
13.1301  0.000113259 36.4961
13.2614  0.000112973 36.948
13.3941  0.000112684 37.4065
13.528  0.000112392 37.8719
13.6633  0.000112097 38.3442
13.7999  0.0001118 38.8235
13.9379  0.0001115 39.3099
14.0773  0.000111197 39.8036
14.2181  0.000110902 40.3046
14.3602  0.000110615 40.8131
14.5038  0.000110326 41.3292
14.6489  0.000110034 41.853
14.7954  0.000109738 42.3846
14.9433  0.00010944 42.9242
15.0928  0.000109139 43.4719
15.2437  0.000108835 44.0277
15.3961  0.000108528 44.592
15.5501  0.000108218 45.1646
15.7056  0.000107905 45.7459
15.8626  0.000107589 46.336
16.0213  0.00010727 46.9349
16.1815  0.000106947 47.5429
16.3433  0.000106621 48.1601
16.5067  0.000106293 48.7865
16.6718  0.00010596 49.4225
16.8385  0.000105625 50.0681
17.0069  0.000105286 50.7235
17.177  0.000104944 51.3889
17.3487  0.000104598 52.0643
17.5222  0.000104249 52.7501
17.6974  0.000103897 53.4463
17.8744  0.000103562 54.1531
18.0532  0.000103262 54.8707
18.2337  0.000102959 55.5993
18.416  0.000102653 56.339
18.6002  0.000102344 57.0901
18.7862  0.000102032 57.8527
18.9741  0.000101717 58.6271
19.1638  0.000101399 59.4133
19.3554  0.000101077 60.2117
19.549  0.000100752 61.0224
19.7445  0.000100425 61.8457
19.9419  0.000100093 62.6816
20.1413  9.97589e-05 63.5305
20.3427  9.9421e-05 64.3926
20.5462  9.90799e-05 65.2681
20.7516  9.87356e-05 66.1572
20.9592  9.83878e-05 67.0601
21.1687  9.80366e-05 67.9771
21.3804  9.76819e-05 68.9084
21.5942  9.73236e-05 69.8543
21.8102  9.69617e-05 70.815
22.0283  9.65962e-05 71.7908
22.2486  9.62271e-05 72.7819
22.4711  9.58606e-05 73.7886
22.6958  9.55119e-05 74.8111
22.9227  9.51598e-05 75.8498
23.1519  9.48042e-05 76.9048
23.3835  9.44452e-05 77.9765
23.6173  9.40826e-05 79.0652
23.8535  9.37164e-05 80.1712
24.092  9.33465e-05 81.2947
24.3329  9.29729e-05 82.436
24.5763  9.25956e-05 83.5956
24.822  9.22145e-05 84.7736
25.0702  9.18296e-05 85.9704
25.3209  9.14409e-05 87.1864
25.5742  9.10483e-05 88.4218
25.8299  9.06518e-05 89.677
26.0882  9.02513e-05 90.9524
26.3491  8.98468e-05 92.2483
26.6126  8.94383e-05 93.565
26.8787  8.90257e-05 94.9029
27.1475  8.86089e-05 96.2625
27.419  8.8188e-05 97.644
27.6931  8.7763e-05 99.0479
27.9701  8.73338e-05 100.474
28.2498  8.69075e-05 101.924
28.5323  8.65505e-05 103.398
28.8176  8.61898e-05 104.895
29.1058  8.58256e-05 106.417
29.3968  8.54577e-05 107.963
29.6908  8.50861e-05 109.535
29.9877  8.47108e-05 111.132
30.2876  8.43318e-05 112.756
30.5905  8.39489e-05 114.406
30.8964  8.35624e-05 116.084
31.2053  8.31721e-05 117.789
31.5174  8.2778e-05 119.522
31.8326  8.23799e-05 121.283
32.1509  8.19778e-05 123.074
32.4724  8.15716e-05 124.894
32.7971  8.11615e-05 126.745
33.1251  8.07472e-05 128.626
33.4563  8.03288e-05 130.538
33.7909  7.99062e-05 132.482
34.1288  7.94794e-05 134.458
34.4701  7.90483e-05 136.468
34.8148  7.8613e-05 138.51
35.1629  7.81732e-05 140.587
35.5146  7.77291e-05 142.699
35.8697  0.000138008 144.845
36.2284  0.000137262 147.028
36.5907  0.000136524 149.248
36.9566  0.00013579 151.504
37.3262  0.000135058 153.799
37.6994  0.000134326 156.132
38.0764  0.000133594 158.505
38.4572  0.000132864 160.918
38.8418  0.000132135 163.372
39.2302  0.000131407 165.867
39.6225  0.000130679 168.405
40.0187  0.000129953 170.986
40.4189  0.000129228 173.611
40.8231  0.000128505 176.281
41.2313  0.000127782 178.997
41.6436  0.000127062 181.759
42.0601  0.000126342 184.568
42.4807  0.000125624 187.425
42.9055  0.000124907 190.332
43.3345  0.000124191 193.288
43.7679  0.000123477 196.296
44.2056  0.000122764 199.355
44.6476  0.000122053 202.467
45.0941  0.000121343 205.633
45.545  0.000120635 208.853
46.0005  0.000119928 212.129
46.4605  0.000119223 215.463
46.9251  0.00011852 218.853
47.3943  0.000117819 222.303
47.8683  0.000117119 225.812
48.347  0.000116421 229.383
48.8304  0.000115725 233.015
49.3187  0.000115031 236.711
49.8119  0.000114338 240.471
50.31  0.000113648 244.296
50.8131  0.000112959 248.188
51.3213  0.000112273 252.148
51.8345  0.000111588 256.176
52.3528  0.000110906 260.276
52.8764  0.000110227 264.446
53.4051  0.000109551 268.69
53.9392  0.000108877 273.008
54.4786  0.000108205 277.401
55.0234  0.000107535 281.872
55.5736  0.000106866 286.421
56.1293  0.0001062 291.05
56.6906  0.000105536 295.76
57.2575  0.000104874 300.553
57.8301  0.000104214 305.43
58.4084  0.000103556 310.393
58.9925  0.0001029 315.444
59.5824  0.000102247 320.583
60.1782  0.000101593 325.814
60.78  0.000100939 331.137
61.3878  0.000100287 336.554
62.0017  9.96383e-05 342.066
62.6217  9.89916e-05 347.677
63.2479  9.83472e-05 353.386
63.8804  9.77053e-05 359.197
64.5192  9.70658e-05 365.111
65.1644  9.64288e-05 371.13
65.816  9.57942e-05 377.256
66.4742  9.51621e-05 383.491
67.1389  9.45326e-05 389.837
67.8103  9.39055e-05 396.296
68.4884  9.32811e-05 402.869
69.1733  9.26592e-05 409.56
69.8651  9.20401e-05 416.371
70.5637  9.14235e-05 423.302
71.2693  9.08096e-05 430.358
71.982  9.01983e-05 437.54
72.7019  8.95896e-05 444.849
73.4289  8.89834e-05 452.29
74.1632  8.83798e-05 459.864
74.9048  8.77789e-05 467.573
75.6538  8.71807e-05 475.42
76.4104  8.65851e-05 483.408
77.1745  8.59923e-05 491.539
77.9462  8.54021e-05 499.815
78.7257  8.48147e-05 508.24
79.513  8.42301e-05 516.816
80.3081  8.36481e-05 525.545
81.1112  8.30689e-05 534.431
81.9223  8.24925e-05 543.477
82.7415  8.19183e-05 552.684
83.5689  8.13468e-05 562.057
84.4046  8.07823e-05 571.598
85.2486  8.02237e-05 581.311
86.1011  7.96677e-05 591.197
86.9621  7.91145e-05 601.261
87.8318  7.85639e-05 611.506
88.7101  7.80161e-05 621.934
89.5972  7.74709e-05 632.55
90.4932  7.69284e-05 643.356
91.3981  7.63887e-05 654.356
92.3121  7.58517e-05 665.554
93.2352  7.53175e-05 676.953
94.1675  7.4786e-05 688.558
95.1092  7.42572e-05 700.37
96.0603  7.37312e-05 712.396
97.0209  7.32079e-05 724.637
97.9911  7.26875e-05 737.099
98.971  7.21698e-05 749.786
99.9607  7.16549e-05 762.701
100.96  7.11428e-05 775.849
101.97  7.06333e-05 789.234
102.99  7.01265e-05 802.86
104.02  6.96222e-05 816.732
105.06  6.91207e-05 830.855
106.11  6.86219e-05 845.233
107.171  6.81259e-05 859.87
108.243  6.76327e-05 874.772
109.326  6.71422e-05 889.943
110.419  6.66544e-05 905.389
111.523  6.61694e-05 921.114
112.638  6.56872e-05 937.124
113.765  6.52077e-05 953.423
114.902  6.47309e-05 970.018
116.051  6.42569e-05 986.914
117.212  6.37856e-05 1004.12
118.384  6.33171e-05 1021.63
119.568  6.28513e-05 1039.46
120.763  6.23883e-05 1057.62
121.971  6.19279e-05 1076.1
123.191  6.14704e-05 1094.92
124.423  6.10155e-05 1114.08
125.667  6.05633e-05 1133.59
126.924  6.01139e-05 1153.45
128.193  5.96672e-05 1173.68
129.475  5.92232e-05 1194.27
130.77  5.87819e-05 1215.23
132.077  5.83433e-05 1236.58
133.398  5.79073e-05 1258.32
134.732  5.74741e-05 1280.45
136.079  5.70435e-05 1302.98
137.44  5.66156e-05 1325.92
138.814  5.61905e-05 1349.28
140.203  5.5768e-05 1373.07
141.605  5.53482e-05 1397.29
143.021  5.4931e-05 1421.95
144.451  5.45164e-05 1447.06
145.895  5.41045e-05 1472.63
147.354  5.36956e-05 1498.66
148.828  5.32897e-05 1525.17
150.316  5.28864e-05 1552.16
151.819  5.24856e-05 1579.65
153.338  5.20874e-05 1607.63
154.871  5.16918e-05 1636.13
156.42  5.12987e-05 1665.14
157.984  5.09082e-05 1694.69
159.564  5.05202e-05 1724.77
161.159  5.01347e-05 1755.41
162.771  4.97518e-05 1786.6
164.399  4.93713e-05 1818.37
166.043  4.89934e-05 1850.71
167.703  4.86179e-05 1883.65
169.38  4.8245e-05 1917.18
171.074  4.78745e-05 1951.33
172.785  4.75064e-05 1986.11
174.512  4.71406e-05 2021.52
176.258  4.67773e-05 2057.58
178.02  4.64164e-05 2094.3
179.8  4.60579e-05 2131.69
181.598  4.57019e-05 2169.76
183.414  4.53482e-05 2208.53
185.248  4.49969e-05 2248.01
187.101  4.4648e-05 2288.22
188.972  4.43015e-05 2329.16
190.862  4.39575e-05 2370.85
192.77  4.36157e-05 2413.3
194.698  4.32764e-05 2456.53
196.645  4.29394e-05 2500.55
198.611  4.26048e-05 2545.38
200.598  4.22725e-05 2591.03
202.604  4.19425e-05 2637.52
204.63  4.16149e-05 2684.86
206.676  4.12896e-05 2733.07
208.743  4.09666e-05 2782.16
210.83  4.06458e-05 2832.15
212.938  4.03274e-05 2883.06
215.068  4.00112e-05 2934.9
217.218  3.96973e-05 2987.69
219.391  3.93856e-05 3041.45
221.584  3.90762e-05 3096.2
223.8  3.8769e-05 3151.95
226.038  3.8464e-05 3208.72
228.299  3.81612e-05 3266.54
230.582  3.78606e-05 3325.41
232.888  3.75622e-05 3385.37
235.216  3.72659e-05 3446.42
237.569  3.69719e-05 3508.6
239.944  3.66799e-05 3571.91
242.344  3.63901e-05 3636.39
244.767  3.61023e-05 3702.06
247.215  3.58167e-05 3768.92
249.687  3.55331e-05 3837.02
252.184  3.52516e-05 3906.36
254.706  3.49722e-05 3976.98
257.253  3.46949e-05 4048.89
259.825  3.44196e-05 4122.13
262.423  3.41464e-05 4196.71
265.048  3.38752e-05 4272.66
267.698  3.36061e-05 4350
270.375  3.33389e-05 4428.76
273.079  3.30738e-05 4508.97
275.81  3.28106e-05 4590.65
278.568  3.25494e-05 4673.84
281.354  3.22902e-05 4758.54
284.167  3.2033e-05 4844.81
287.009  3.17777e-05 4932.66
289.879  3.15243e-05 5022.12
292.778  3.12729e-05 5113.22
295.705  3.10234e-05 5206
298.662  3.07757e-05 5300.48
301.649  3.053e-05 5396.7
304.666  3.02861e-05 5494.68
307.712  3.00442e-05 5594.46
310.789  2.98041e-05 5696.08
313.897  2.95659e-05 5799.56
317.036  2.93295e-05 5904.94
320.207  2.90949e-05 6012.25
323.409  2.88622e-05 6121.54
326.643  2.86312e-05 6232.83
329.909  2.8402e-05 6346.16
333.208  2.81746e-05 6461.57
336.54  2.79489e-05 6579.11
339.906  2.7725e-05 6698.8
343.305  2.75029e-05 6820.69
346.738  2.72825e-05 6944.81
350.205  2.70638e-05 7071.22
353.707  2.68468e-05 7199.94
357.244  2.66314e-05 7331.03
360.817  2.64177e-05 7464.52
364.425  2.62057e-05 7600.46
368.069  2.59954e-05 7738.9
371.75  2.57867e-05 7879.87
375.467  2.55797e-05 8023.44
379.222  2.53743e-05 8169.63
383.014  2.51705e-05 8318.51
386.844  2.49683e-05 8470.12
390.713  2.47677e-05 8624.52
394.62  2.45687e-05 8781.74
398.566  2.43712e-05 8941.85
402.552  2.41753e-05 9104.9
406.577  2.3981e-05 9270.93
410.643  2.37882e-05 9440.01
414.75  2.3597e-05 9612.2
418.897  2.34073e-05 9787.53
423.086  2.32191e-05 9966.09
427.317  2.30324e-05 10147.9
431.59  2.28471e-05 10333.1
435.906  2.26632e-05 10521.6
440.265  2.24809e-05 10713.6
444.668  2.23e-05 10909.2
449.114  2.21205e-05 11108.3
453.605  2.19425e-05 11311
458.142  2.17659e-05 11517.5
462.723  2.15908e-05 11727.8
467.35  2.14171e-05 11941.9
472.024  2.12448e-05 12159.9
476.744  2.10739e-05 12381.9
481.511  2.09043e-05 12608
486.326  2.07362e-05 12838.2
491.19  2.05694e-05 13072.7
496.102  2.04039e-05 13311.4
501.063  2.02398e-05 13554.5
506.073  2.00771e-05 13802.1
511.134  1.99156e-05 14054.2
516.245  1.97555e-05 14310.8
521.408  1.95967e-05 14572.2
526.622  1.94392e-05 14838.4
531.888  1.9283e-05 15109.4
537.207  1.91281e-05 15385.4
542.579  1.89744e-05 15666.5
548.005  1.8822e-05 15952.7
553.485  1.86708e-05 16244.1
559.02  1.85209e-05 16540.8
564.61  1.83722e-05 16843
570.256  1.82247e-05 17150.7
575.959  1.80784e-05 17464
581.718  1.79333e-05 17783
587.535  1.77895e-05 18107.8
593.411  1.76468e-05 18438.6
599.345  1.75052e-05 18775.4
605.338  1.73649e-05 19118.4
611.392  1.72257e-05 19467.6
617.506  1.70876e-05 19823.3
623.681  1.69508e-05 20185.3
629.917  1.6815e-05 20554
636.217  1.66804e-05 20929.5
642.579  1.65468e-05 21311.7
649.005  1.64081e-05 21701
655.495  1.62768e-05 22097.3
662.05  1.61466e-05 22500.9
668.67  1.60175e-05 22911.8
675.357  1.58894e-05 23330.2
682.11  1.57624e-05 23756.2
688.931  1.56365e-05 24190
695.821  1.55115e-05 24631.7
702.779  1.53877e-05 25081.4
709.807  1.52648e-05 25539.3
716.905  1.5143e-05 26005.5
724.074  1.50222e-05 26480.3
731.315  1.49023e-05 26963.6
738.628  1.47835e-05 27455.8
746.014  1.46657e-05 27956.9
753.474  1.45488e-05 28467.1
761.009  1.4433e-05 28986.5
768.619  1.43181e-05 29515.5
776.305  1.42041e-05 30054
784.068  1.40911e-05 30602.3
791.909  1.39791e-05 31160.6
799.828  1.3868e-05 31729
807.826  1.37578e-05 32307.7
815.905  1.36485e-05 32896.9
824.064  1.35402e-05 33496.8
832.304  1.34328e-05 34107.6
840.627  1.33263e-05 34729.4
849.034  1.32207e-05 35362.6
857.524  1.3116e-05 36007.2
866.099  1.30121e-05 36663.5
874.76  1.29092e-05 37331.6
883.508  1.28071e-05 38011.9
892.343  1.27059e-05 38704.5
901.266  1.26055e-05 39409.6
910.279  1.2506e-05 40127.5
919.382  1.24073e-05 40858.4
928.575  1.23095e-05 41602.5
937.861  1.22125e-05 42360
947.24  1.21163e-05 43131.2
956.712  1.2021e-05 43916.4
966.279  1.19264e-05 44715.7
975.942  1.18327e-05 45529.5
985.702  1.17397e-05 46358
995.559  1.16476e-05 47201.4
