0.001  0.1641 6.57707e-05
0.00101  0.164388 6.60987e-05
0.0010201  0.164678 6.64284e-05
0.0010303  0.16497 6.67597e-05
0.0010406  0.165264 6.70927e-05
0.00105101  0.165561 6.74273e-05
0.00106152  0.16586 6.77636e-05
0.00107214  0.166162 6.81016e-05
0.00108286  0.166466 6.84413e-05
0.00109369  0.166712 6.87826e-05
0.00110462  0.166947 6.91257e-05
0.00111567  0.167185 6.94704e-05
0.00112683  0.167424 6.98169e-05
0.00113809  0.167664 7.01651e-05
0.00114947  0.167907 7.05151e-05
0.00116097  0.168151 7.08668e-05
0.00117258  0.168397 7.12202e-05
0.0011843  0.168645 7.15755e-05
0.00119615  0.168894 7.19324e-05
0.00120811  0.169146 7.22912e-05
0.00122019  0.169399 7.26518e-05
0.00123239  0.169654 7.30141e-05
0.00124472  0.169911 7.33783e-05
0.00125716  0.170169 7.37443e-05
0.00126973  0.17043 7.41121e-05
0.00128243  0.170692 7.44817e-05
0.00129526  0.170957 7.48532e-05
0.00130821  0.171223 7.52265e-05
0.00132129  0.171491 7.56017e-05
0.0013345  0.171762 7.59788e-05
0.00134785  0.172034 7.63577e-05
0.00136133  0.17228 7.67386e-05
0.00137494  0.172486 7.71213e-05
0.00138869  0.172694 7.7506e-05
0.00140258  0.172903 7.78925e-05
0.0014166  0.173113 7.8281e-05
0.00143077  0.173324 7.86715e-05
0.00144508  0.173537 7.90638e-05
0.00145953  0.173752 7.94582e-05
0.00147412  0.173967 7.98545e-05
0.00148886  0.174184 8.02528e-05
0.00150375  0.174403 8.0653e-05
0.00151879  0.174623 8.10553e-05
0.00153398  0.174844 8.14595e-05
0.00154932  0.175067 8.18658e-05
0.00156481  0.175291 8.22741e-05
0.00158046  0.175517 8.26845e-05
0.00159626  0.175744 8.30904e-05
0.00161223  0.175973 8.34915e-05
0.00162835  0.176203 8.38977e-05
0.00164463  0.176434 8.43088e-05
0.00166108  0.176667 8.47249e-05
0.00167769  0.176902 8.51459e-05
0.00169447  0.177138 8.55717e-05
0.00171141  0.177376 8.60023e-05
0.00172852  0.177615 8.64376e-05
0.00174581  0.177856 8.68775e-05
0.00176327  0.178099 8.73219e-05
0.0017809  0.178343 8.77708e-05
0.00179871  0.178588 8.82048e-05
0.0018167  0.178836 8.86394e-05
0.00183486  0.179084 8.90779e-05
0.00185321  0.179335 8.95202e-05
0.00187174  0.179587 8.9966e-05
0.00189046  0.179841 9.04154e-05
0.00190937  0.180096 9.0868e-05
0.00192846  0.180354 9.13238e-05
0.00194774  0.180613 9.17825e-05
0.00196722  0.180873 9.2244e-05
0.00198689  0.181136 9.27081e-05
0.00200676  0.1814 9.31735e-05
0.00202683  0.181665 9.36386e-05
0.0020471  0.181886 9.41059e-05
0.00206757  0.182083 9.45754e-05
0.00208825  0.182282 9.50471e-05
0.00210913  0.182481 9.55211e-05
0.00213022  0.182682 9.59973e-05
0.00215152  0.182883 9.64759e-05
0.00217304  0.183086 9.69569e-05
0.00219477  0.183289 9.74403e-05
0.00221672  0.183494 9.79261e-05
0.00223888  0.1837 9.84144e-05
0.00226127  0.183907 9.89049e-05
0.00228388  0.184116 9.9398e-05
0.00230672  0.184325 9.98935e-05
0.00232979  0.184535 0.000100392
0.00235309  0.184747 0.000100892
0.00237662  0.18496 0.000101396
0.00240038  0.185174 0.000101901
0.00242439  0.185389 0.00010241
0.00244863  0.185605 0.000102921
0.00247312  0.185823 0.000103434
0.00249785  0.186041 0.00010395
0.00252283  0.186261 0.000104469
0.00254806  0.186482 0.00010499
0.00257354  0.186705 0.000105514
0.00259927  0.186928 0.00010604
0.00262527  0.187153 0.000106569
0.00265152  0.187379 0.0001071
0.00267803  0.187606 0.000107634
0.00270481  0.187834 0.000108171
0.00273186  0.188026 0.000108711
0.00275918  0.188205 0.000109253
0.00278677  0.188384 0.000109798
0.00281464  0.188565 0.000110345
0.00284279  0.188746 0.000110895
0.00287121  0.188928 0.000111449
0.00289993  0.189111 0.000112004
0.00292893  0.189294 0.000112563
0.00295822  0.189478 0.000113124
0.0029878  0.189663 0.000113689
0.00301768  0.189849 0.000114256
0.00304785  0.190035 0.000114825
0.00307833  0.190223 0.000115398
0.00310911  0.190411 0.000115974
0.0031402  0.190599 0.000116552
0.00317161  0.190789 0.000117133
0.00320332  0.190979 0.000117718
0.00323536  0.191171 0.000118305
0.00326771  0.191363 0.000118895
0.00330039  0.191555 0.000119488
0.00333339  0.191749 0.000120084
0.00336672  0.191943 0.000120683
0.00340039  0.192138 0.000121285
0.0034344  0.192334 0.00012189
0.00346874  0.192531 0.000122497
0.00350343  0.192728 0.000123108
0.00353846  0.192927 0.000123722
0.00357385  0.193126 0.000124339
0.00360958  0.193326 0.00012496
0.00364568  0.193526 0.000125583
0.00368214  0.193728 0.000126209
0.00371896  0.19393 0.000126839
0.00375615  0.194133 0.000127471
0.00379371  0.194337 0.000128107
0.00383165  0.194542 0.000128746
0.00386996  0.194748 0.000129388
0.00390866  0.194954 0.000130033
0.00394775  0.195161 0.000130682
0.00398723  0.19537 0.000131334
0.0040271  0.195578 0.000131989
0.00406737  0.195788 0.000132647
0.00410804  0.195957 0.000133308
0.00414912  0.196127 0.000133973
0.00419062  0.196297 0.000134642
0.00423252  0.196467 0.000135313
0.00427485  0.196637 0.000135988
0.0043176  0.196808 0.000136666
0.00436077  0.19698 0.000137348
0.00440438  0.197152 0.000138033
0.00444842  0.197324 0.000138721
0.00449291  0.197497 0.000139413
0.00453784  0.19767 0.000140108
0.00458321  0.197843 0.000140807
0.00462905  0.198017 0.00014151
0.00467534  0.198191 0.000142215
0.00472209  0.198366 0.000142925
0.00476931  0.198541 0.000143637
0.004817  0.198716 0.000144354
0.00486517  0.198892 0.000145074
0.00491383  0.199068 0.000145797
0.00496296  0.199245 0.000146524
0.00501259  0.199421 0.000147255
0.00506272  0.199599 0.00014799
0.00511335  0.199776 0.000148728
0.00516448  0.199954 0.00014947
0.00521613  0.200133 0.000150215
0.00526829  0.200311 0.000150964
0.00532097  0.20049 0.000151717
0.00537418  0.20067 0.000152474
0.00542792  0.200848 0.000153234
0.0054822  0.201011 0.000153999
0.00553702  0.201174 0.000154767
0.00559239  0.201338 0.000155539
0.00564832  0.201501 0.000156314
0.0057048  0.201665 0.000157094
0.00576185  0.201829 0.000157877
0.00581947  0.201993 0.000158665
0.00587766  0.202157 0.000159456
0.00593644  0.202321 0.000160251
0.0059958  0.202485 0.000161051
0.00605576  0.20265 0.000161854
0.00611632  0.202814 0.000162661
0.00617748  0.202979 0.000163472
0.00623926  0.203144 0.000164288
0.00630165  0.203308 0.000165107
0.00636466  0.203473 0.000165931
0.00642831  0.203638 0.000166758
0.00649259  0.203803 0.00016759
0.00655752  0.203968 0.000168426
0.0066231  0.204133 0.000169266
0.00668933  0.204299 0.00017011
0.00675622  0.204464 0.000170958
0.00682378  0.204626 0.000171811
0.00689202  0.204788 0.000172668
0.00696094  0.204949 0.000173529
0.00703055  0.20511 0.000174395
0.00710085  0.205272 0.000175264
0.00717186  0.205433 0.000176139
0.00724358  0.205594 0.000177017
0.00731602  0.205755 0.0001779
0.00738918  0.205916 0.000178787
0.00746307  0.206077 0.000179679
0.0075377  0.206237 0.000180575
0.00761308  0.206398 0.000181476
0.00768921  0.206558 0.000182381
0.0077661  0.206719 0.00018329
0.00784376  0.206879 0.000184205
0.0079222  0.207039 0.000185123
0.00800142  0.207199 0.000186047
0.00808144  0.207359 0.000186974
0.00816225  0.207519 0.000187907
0.00824387  0.207682 0.000188844
0.00832631  0.207845 0.000189786
0.00840957  0.208007 0.000190733
0.00849367  0.20817 0.000191684
0.00857861  0.208332 0.00019264
0.00866439  0.208494 0.000193601
0.00875104  0.208655 0.000194566
0.00883855  0.208817 0.000195537
0.00892693  0.208978 0.000196512
0.0090162  0.209139 0.000197492
0.00910636  0.209299 0.000198477
0.00919743  0.20946 0.000199467
0.0092894  0.20962 0.000200462
0.0093823  0.20978 0.000201462
0.00947612  0.209939 0.000202466
0.00957088  0.210098 0.000203476
0.00966659  0.210257 0.000204491
0.00976325  0.210415 0.000205511
0.00986089  0.210573 0.000206536
0.0099595  0.210731 0.000207566
0.0100591  0.210888 0.000208601
0.0101597  0.211045 0.000209642
0.0102613  0.211201 0.000210687
0.0103639  0.211357 0.000211738
0.0104675  0.211512 0.000212794
0.0105722  0.211667 0.000213855
0.0106779  0.211822 0.000214922
0.0107847  0.211976 0.000215994
0.0108926  0.212138 0.000217071
0.0110015  0.212313 0.000218154
0.0111115  0.212487 0.000219242
0.0112226  0.212661 0.000220335
0.0113348  0.212835 0.000221434
0.0114482  0.213008 0.000222539
0.0115627  0.213181 0.000223648
0.0116783  0.213353 0.000224764
0.0117951  0.213525 0.000225885
0.011913  0.213697 0.000227011
0.0120322  0.213868 0.000228144
0.0121525  0.214039 0.000229281
0.012274  0.214209 0.000230425
0.0123967  0.214379 0.000231574
0.0125207  0.214548 0.000232729
0.0126459  0.214717 0.00023389
0.0127724  0.214885 0.000235057
0.0129001  0.215052 0.000236229
0.0130291  0.215219 0.000237408
0.0131594  0.215386 0.000238592
0.013291  0.215551 0.000239782
0.0134239  0.215717 0.000240978
0.0135581  0.215881 0.00024218
0.0136937  0.216091 0.000243388
0.0138307  0.2163 0.000244602
0.013969  0.216509 0.000245822
0.0141086  0.216718 0.000247048
0.0142497  0.216927 0.00024828
0.0143922  0.217136 0.000249517
0.0145362  0.217344 0.000250761
0.0146815  0.217552 0.000252011
0.0148283  0.217759 0.000253268
0.0149766  0.217966 0.00025453
0.0151264  0.218173 0.000255799
0.0152776  0.21838 0.000257074
0.0154304  0.218586 0.000258356
0.0155847  0.218792 0.000259645
0.0157406  0.218997 0.00026094
0.015898  0.219202 0.000262242
0.016057  0.219406 0.00026355
0.0162175  0.21961 0.000264866
0.0163797  0.219814 0.000266189
0.0165435  0.220017 0.000267519
0.0167089  0.220219 0.000268856
0.016876  0.220421 0.0002702
0.0170448  0.220623 0.000271551
0.0172152  0.220824 0.00027291
0.0173874  0.221024 0.000274275
0.0175613  0.221224 0.000275649
0.0177369  0.221423 0.000277029
0.0179142  0.221621 0.000278418
0.0180934  0.221819 0.000279814
0.0182743  0.222016 0.000281217
0.0184571  0.222212 0.000282628
0.0186416  0.222407 0.000284046
0.018828  0.222602 0.000285472
0.0190163  0.222796 0.000286905
0.0192065  0.222989 0.000288346
0.0193986  0.223182 0.000289793
0.0195925  0.223373 0.000291248
0.0197885  0.223564 0.00029271
0.0199864  0.223754 0.000294179
0.0201862  0.223943 0.000295655
0.0203881  0.22415 0.000297138
0.020592  0.224418 0.000298628
0.0207979  0.224686 0.000300125
0.0210059  0.224954 0.000301629
0.0212159  0.225222 0.00030314
0.0214281  0.225489 0.000304658
0.0216424  0.225756 0.000306183
0.0218588  0.226023 0.000307715
0.0220774  0.22629 0.000309255
0.0222981  0.226556 0.000310801
0.0225211  0.226822 0.000312355
0.0227463  0.227088 0.000313917
0.0229738  0.227353 0.000315485
0.0232035  0.227618 0.000317061
0.0234356  0.227883 0.000318645
0.0236699  0.228147 0.000320236
0.0239066  0.228411 0.000321835
0.0241457  0.228675 0.000323441
0.0243871  0.228938 0.000325055
0.024631  0.229201 0.000326677
0.0248773  0.229463 0.000328307
0.0251261  0.229724 0.000329945
0.0253774  0.229986 0.000331591
0.0256311  0.230246 0.000333246
0.0258874  0.230506 0.000334909
0.0261463  0.230766 0.00033658
0.0264078  0.231024 0.000338259
0.0266719  0.231283 0.000339947
0.0269386  0.23154 0.000341643
0.027208  0.231833 0.000343348
0.02748  0.232195 0.000345061
0.0277548  0.232559 0.000346782
0.0280324  0.232922 0.000348512
0.0283127  0.233286 0.000350251
0.0285958  0.23365 0.000351998
0.0288818  0.234015 0.000353754
0.0291706  0.23438 0.000355519
0.0294623  0.234745 0.000357292
0.029757  0.23511 0.000359074
0.0300545  0.235475 0.000360865
0.0303551  0.235841 0.000362664
0.0306586  0.236207 0.000364473
0.0309652  0.236573 0.00036629
0.0312749  0.236939 0.000368116
0.0315876  0.237306 0.000369951
0.0319035  0.237672 0.000371795
0.0322225  0.238039 0.000373648
0.0325447  0.238406 0.00037551
0.0328702  0.238773 0.000377382
0.0331989  0.23914 0.000379262
0.0335309  0.239507 0.000381152
0.0338662  0.239874 0.000383051
0.0342049  0.240241 0.000384959
0.0345469  0.240609 0.000386877
0.0348924  0.240976 0.000388805
0.0352413  0.241343 0.000390742
0.0355937  0.24171 0.000392689
0.0359496  0.242077 0.000394646
0.0363091  0.242444 0.000396612
0.0366722  0.242811 0.000398589
0.037039  0.243177 0.000400576
0.0374093  0.243544 0.000402572
0.0377834  0.24391 0.000404579
0.0381613  0.244276 0.000406595
0.0385429  0.244642 0.000408622
0.0389283  0.245008 0.000410659
0.0393176  0.245374 0.000412706
0.0397108  0.245739 0.000414763
0.0401079  0.246104 0.000416831
0.040509  0.246468 0.000418909
0.040914  0.246908 0.000420997
0.0413232  0.247401 0.000423096
0.0417364  0.247895 0.000425205
0.0421538  0.248389 0.000427324
0.0425753  0.248885 0.000429455
0.0430011  0.249382 0.000431596
0.0434311  0.249879 0.000433747
0.0438654  0.250377 0.000435909
0.044304  0.250876 0.000438083
0.0447471  0.251376 0.000440267
0.0451946  0.251877 0.000442462
0.0456465  0.252378 0.000444668
0.046103  0.252881 0.000446885
0.046564  0.253384 0.000449113
0.0470296  0.253888 0.000451352
0.0474999  0.254392 0.000453603
0.0479749  0.254897 0.000455864
0.0484547  0.255403 0.000458137
0.0489392  0.25591 0.000460421
0.0494286  0.256418 0.000462717
0.0499229  0.256926 0.000465024
0.0504221  0.257434 0.000467342
0.0509264  0.257944 0.000469673
0.0514356  0.258454 0.000472014
0.05195  0.258964 0.000474368
0.0524695  0.259475 0.000476733
0.0529942  0.259987 0.00047911
0.0535241  0.260499 0.000481498
0.0540594  0.261012 0.000483899
0.0546  0.261595 0.000486311
0.055146  0.262213 0.000488736
0.0556974  0.262832 0.000491172
0.0562544  0.263453 0.000493621
0.0568169  0.264075 0.000496082
0.0573851  0.264699 0.000498555
0.0579589  0.265325 0.00050104
0.0585385  0.265952 0.000503538
0.0591239  0.26658 0.000506048
0.0597152  0.26721 0.00050857
0.0603123  0.267841 0.000511106
0.0609154  0.268474 0.000513653
0.0615246  0.269108 0.000516214
0.0621398  0.269743 0.000518787
0.0627612  0.27038 0.000521373
0.0633888  0.271019 0.000523971
0.0640227  0.271659 0.000526583
0.064663  0.2723 0.000529208
0.0653096  0.272942 0.000531846
0.0659627  0.273586 0.000534497
0.0666223  0.274232 0.000537161
0.0672885  0.274878 0.000539838
0.0679614  0.275547 0.000542529
0.068641  0.276279 0.000545233
0.0693275  0.277013 0.000547951
0.0700207  0.27775 0.000550682
0.0707209  0.278489 0.000553427
0.0714281  0.27923 0.000556185
0.0721424  0.279973 0.000558957
0.0728638  0.280718 0.000561743
0.0735925  0.281465 0.000564543
0.0743284  0.282214 0.000567357
0.0750717  0.282965 0.000570185
0.0758224  0.283719 0.000573027
0.0765806  0.284474 0.000575884
0.0773464  0.285232 0.000578754
0.0781199  0.285992 0.000581639
0.0789011  0.286753 0.000584538
0.0796901  0.287517 0.000587451
0.080487  0.288283 0.00059038
0.0812919  0.289051 0.000593322
0.0821048  0.289906 0.00059628
0.0829259  0.290771 0.000599252
0.0837551  0.291639 0.000602239
0.0845927  0.292511 0.000605241
0.0854386  0.293385 0.000608258
0.086293  0.294262 0.00061129
0.0871559  0.295142 0.000614337
0.0880275  0.296025 0.0006174
0.0889077  0.296911 0.000620477
0.0897968  0.297799 0.00062357
0.0906948  0.298691 0.000626679
0.0916017  0.299586 0.000629803
0.0925178  0.300484 0.000632942
0.0934429  0.301384 0.000636098
0.0943774  0.302288 0.000639269
0.0953211  0.303195 0.000642455
0.0962743  0.304104 0.000645658
0.0972371  0.305016 0.000648876
0.0982095  0.305932 0.000652111
0.0991916  0.30685 0.000655362
0.100183  0.307772 0.000658629
0.101185  0.308696 0.000661912
0.102197  0.309623 0.000665212
0.103219  0.310553 0.000668528
0.104251  0.311486 0.000671861
0.105294  0.312422 0.00067521
0.106347  0.313361 0.000678576
0.10741  0.314303 0.000681959
0.108484  0.315249 0.000685358
0.109569  0.3163 0.000688775
0.110665  0.317355 0.000692209
0.111772  0.318414 0.000695659
0.112889  0.319476 0.000699128
0.114018  0.320543 0.000702613
0.115158  0.321614 0.000706116
0.11631  0.322689 0.000709637
0.117473  0.323768 0.000713175
0.118648  0.324851 0.000716731
0.119834  0.325937 0.000720304
0.121033  0.327028 0.000723896
0.122243  0.328123 0.000727506
0.123465  0.329222 0.000731133
0.1247  0.330325 0.000734779
0.125947  0.331432 0.000738443
0.127206  0.332542 0.000742126
0.128478  0.333657 0.000745827
0.129763  0.334776 0.000749546
0.131061  0.3359 0.000753285
0.132372  0.337027 0.000757042
0.133695  0.338158 0.000760817
0.135032  0.339293 0.000764611
0.136383  0.3405 0.000768424
0.137746  0.34176 0.000772256
0.139124  0.343025 0.000776106
0.140515  0.344295 0.000779975
0.14192  0.345571 0.000783863
0.143339  0.346852 0.000787771
0.144773  0.348138 0.000791697
0.146221  0.349429 0.000795643
0.147683  0.350726 0.000799608
0.14916  0.352028 0.000803593
0.150651  0.353336 0.000807598
0.152158  0.354649 0.000811623
0.153679  0.355967 0.000815668
0.155216  0.357291 0.000819734
0.156768  0.35862 0.000823821
0.158336  0.359955 0.000827929
0.159919  0.361295 0.000832058
0.161518  0.362641 0.000836209
0.163134  0.363992 0.000840382
0.164765  0.365349 0.000844578
0.166413  0.366711 0.000848796
0.168077  0.368079 0.000853037
0.169757  0.369452 0.000857302
0.171455  0.370831 0.00086159
0.17317  0.372215 0.000865903
0.174901  0.373605 0.000870241
0.17665  0.375001 0.000874604
0.178417  0.376402 0.000878992
0.180201  0.377809 0.000883407
0.182003  0.379222 0.000887849
0.183823  0.38064 0.000892317
0.185661  0.382064 0.000896811
0.187518  0.383494 0.000901333
0.189393  0.38493 0.000905882
0.191287  0.386371 0.000910457
0.1932  0.387818 0.000915061
0.195132  0.38927 0.000919692
0.197083  0.390729 0.00092435
0.199054  0.392193 0.000929037
0.201045  0.393663 0.000933752
0.203055  0.395139 0.000938496
0.205086  0.396766 0.000943268
0.207136  0.398428 0.000948068
0.209208  0.400098 0.000952898
0.2113  0.401776 0.000957756
0.213413  0.403461 0.000962643
0.215547  0.405154 0.000967559
0.217702  0.406855 0.000972504
0.219879  0.408564 0.000977479
0.222078  0.41028 0.000981028
0.224299  0.412004 0.000984115
0.226542  0.413735 0.000987195
0.228807  0.415475 0.000990269
0.231095  0.417222 0.000993336
0.233406  0.418977 0.000996396
0.235741  0.420741 0.000999448
0.238098  0.422512 0.00100249
0.240479  0.424292 0.00100553
0.242884  0.426079 0.00100855
0.245313  0.427875 0.00101157
0.247766  0.429678 0.00101458
0.250243  0.43149 0.00101758
0.252746  0.43331 0.00102057
0.255273  0.435139 0.00102355
0.257826  0.436975 0.00102652
0.260404  0.43882 0.00102948
0.263008  0.440674 0.00103243
0.265638  0.442535 0.00103537
0.268295  0.444405 0.0010383
0.270978  0.446284 0.00104121
0.273687  0.448171 0.00104411
0.276424  0.450066 0.001047
0.279189  0.45197 0.00104988
0.28198  0.453883 0.00105274
0.2848  0.455804 0.00105559
0.287648  0.457734 0.00105843
0.290525  0.459672 0.00106125
0.29343  0.46162 0.00106406
0.296364  0.463575 0.00106685
0.299328  0.46554 0.00106963
0.302321  0.467514 0.00107239
0.305344  0.469496 0.00107513
0.308398  0.471487 0.00107786
0.311482  0.473487 0.00108057
0.314597  0.475496 0.00108326
0.317743  0.477514 0.00108593
0.32092  0.479541 0.00108859
0.324129  0.481578 0.00109123
0.32737  0.483623 0.00109385
0.330644  0.485677 0.00109644
0.333951  0.48774 0.00109902
0.33729  0.489813 0.00110158
0.340663  0.491895 0.00110412
0.34407  0.493986 0.00110663
0.34751  0.496086 0.00110913
0.350985  0.498196 0.0011116
0.354495  0.500315 0.00111405
0.35804  0.502444 0.00111648
0.361621  0.504581 0.00111888
0.365237  0.506729 0.00112126
0.368889  0.508886 0.00112362
0.372578  0.511052 0.00112595
0.376304  0.513228 0.00112826
0.380067  0.515414 0.00113138
0.383868  0.517609 0.00113473
0.387706  0.519814 0.00113807
0.391583  0.522029 0.00114142
0.395499  0.524253 0.00114476
0.399454  0.52679 0.00114811
0.403449  0.529736 0.00115146
0.407483  0.532737 0.0011548
0.411558  0.535886 0.00115815
0.415674  0.539067 0.0011615
0.41983  0.54228 0.00116485
0.424029  0.545525 0.00116821
0.428269  0.548803 0.00117156
0.432552  0.552113 0.00117491
0.436877  0.555456 0.00117827
0.441246  0.558833 0.00118163
0.445658  0.562244 0.00118499
0.450115  0.565688 0.00118835
0.454616  0.569168 0.00119171
0.459162  0.572682 0.00119508
0.463754  0.576231 0.00119844
0.468391  0.579815 0.00120181
0.473075  0.583436 0.00120518
0.477806  0.587092 0.00120856
0.482584  0.590786 0.00121193
0.48741  0.594516 0.00121531
0.492284  0.598283 0.00121869
0.497207  0.602089 0.00122208
0.502179  0.60584 0.00122547
0.507201  0.60942 0.00122886
0.512273  0.613035 0.00123226
0.517396  0.616687 0.00123566
0.52257  0.620375 0.00123906
0.527795  0.6241 0.00124247
0.533073  0.627863 0.00124588
0.538404  0.631663 0.0012493
0.543788  0.635516 0.00125272
0.549226  0.63945 0.00125614
0.554718  0.643424 0.00125958
0.560265  0.647437 0.00126301
0.565868  0.65149 0.00126646
0.571527  0.655584 0.00126991
0.577242  0.659719 0.00127336
0.583014  0.663895 0.00127682
0.588844  0.668113 0.00128029
0.594733  0.672374 0.00128376
0.60068  0.676676 0.00128725
0.606687  0.681022 0.00129074
0.612754  0.685412 0.00129423
0.618881  0.689845 0.00129774
0.62507  0.694322 0.00130125
0.631321  0.6987 0.00130478
0.637634  0.702426 0.00130831
0.644011  0.706189 0.00131185
0.650451  0.70999 0.0013154
0.656955  0.713828 0.00131896
0.663525  0.717706 0.00132253
0.67016  0.721622 0.00132611
0.676862  0.725577 0.00132971
0.68363  0.729605 0.00133331
0.690466  0.73368 0.00133693
0.697371  0.737796 0.00134055
0.704345  0.741953 0.00134419
0.711388  0.746152 0.00134785
0.718502  0.750392 0.00135151
0.725687  0.754675 0.00135519
0.732944  0.759001 0.00135889
0.740273  0.76337 0.0013626
0.747676  0.767783 0.00136632
0.755153  0.77224 0.00137006
0.762705  0.776742 0.00137382
0.770332  0.781289 0.00137759
0.778035  0.785881 0.00138138
0.785815  0.790519 0.00138519
0.793673  0.795152 0.00138902
0.80161  0.798591 0.00139286
0.809626  0.802065 0.00139673
0.817722  0.805594 0.00140061
0.8259  0.809177 0.00140452
0.834159  0.812796 0.00140844
0.8425  0.816451 0.00141239
0.850925  0.820143 0.00141635
0.859435  0.823872 0.00142035
0.868029  0.827638 0.00142436
0.876709  0.831441 0.0014284
0.885476  0.835283 0.00143246
0.894331  0.839163 0.00143654
0.903274  0.843082 0.00144066
0.912307  0.84704 0.00144479
0.92143  0.851038 0.00144896
0.930644  0.855076 0.00145315
0.939951  0.859154 0.00145737
0.94935  0.863273 0.00146162
0.958844  0.867433 0.0014659
0.968432  0.871635 0.00147021
0.978117  0.875878 0.00147455
0.987898  0.880165 0.00147892
0.997777  0.884494 0.00148332
1.00775  0.887733 0.00148776
1.01783  0.890887 0.00149223
1.02801  0.894072 0.00149673
1.03829  0.89729 0.00150127
1.04867  0.90054 0.00150585
1.05916  0.903822 0.00151046
1.06975  0.907137 0.00151511
1.08045  0.910486 0.0015198
1.09125  0.91389 0.00152453
1.10217  0.917344 0.0015293
1.11319  0.920833 0.00153411
1.12432  0.924356 0.00153896
1.13556  0.927915 0.00154386
1.14692  0.931509 0.0015488
1.15839  0.935139 0.00155378
1.16997  0.938805 0.00155882
1.18167  0.942509 0.00156389
1.19349  0.946249 0.00156902
1.20542  0.950026 0.00157419
1.21748  0.953842 0.00157941
1.22965  0.957695 0.00158468
1.24195  0.961587 0.00159001
1.25437  0.965518 0.00159538
1.26691  0.968486 0.00160081
1.27958  0.971189 0.0016063
1.29238  0.973919 0.00161184
1.3053  0.976676 0.00161743
1.31835  0.979461 0.00162308
1.33154  0.982273 0.00162879
1.34485  0.985114 0.00163457
1.3583  0.98799 0.0016404
1.37188  0.990924 0.00164629
1.3856  0.993888 0.00165224
1.39946  0.996882 0.00165826
1.41345  0.999906 0.00166435
1.42759  1.00296 0.0016705
1.44186  1.00604 0.00167672
1.45628  1.00916 0.001683
1.47085  1.01231 0.00168936
1.48555  1.01548 0.00169579
1.50041  1.01869 0.00170229
1.51541  1.02194 0.00170886
1.53057  1.02521 0.0017155
1.54587  1.02852 0.00172222
1.56133  1.03186 0.00172902
1.57695  1.03523 0.00173589
1.59271  1.03769 0.00174285
1.60864  1.03963 0.00174988
1.62473  1.0416 0.001757
1.64098  1.04358 0.00176419
1.65739  1.04558 0.00177147
1.67396  1.04761 0.00177884
1.6907  1.04965 0.00178629
1.70761  1.05171 0.00179383
1.72468  1.0538 0.00180146
1.74193  1.05591 0.00180918
1.75935  1.05803 0.00181699
1.77694  1.06018 0.0018249
1.79471  1.06235 0.00183289
1.81266  1.06454 0.00184099
1.83078  1.06675 0.00184918
1.84909  1.06899 0.00185747
1.86758  1.07125 0.00186585
1.88626  1.07353 0.00187434
1.90512  1.07583 0.00188294
1.92417  1.07816 0.00189163
1.94341  1.08051 0.00190043
1.96285  1.08288 0.00190934
1.98248  1.08527 0.00191835
2.0023  1.08754 0.00192747
2.02232  1.08966 0.00193671
2.04255  1.09183 0.00194605
2.06297  1.09403 0.00195551
2.0836  1.09626 0.00196508
2.10444  1.09851 0.00197477
2.12548  1.10078 0.00198458
2.14674  1.10308 0.0019945
2.16821  1.1054 0.00200455
2.18989  1.10774 0.00201472
2.21179  1.1101 0.00202501
2.2339  1.11249 0.00203542
2.25624  1.1149 0.00204597
2.27881  1.11734 0.00205664
2.30159  1.1198 0.00206744
2.32461  1.12228 0.00207837
2.34786  1.12479 0.00208943
2.37134  1.12733 0.00210063
2.39505  1.12989 0.00211196
2.419  1.13248 0.00212344
2.44319  1.13509 0.00213505
2.46762  1.13773 0.0021468
2.4923  1.14039 0.00215869
2.51722  1.14265 0.00217073
2.54239  1.1442 0.00218291
2.56782  1.14577 0.00219524
2.59349  1.14736 0.00220773
2.61943  1.14896 0.00222036
2.64562  1.15057 0.00223314
2.67208  1.1522 0.00224608
2.6988  1.15385 0.00225917
2.72579  1.15553 0.00227242
2.75305  1.15724 0.00228583
2.78058  1.15896 0.0022994
2.80838  1.1607 0.00231314
2.83647  1.16246 0.00232704
2.86483  1.16423 0.0023411
2.89348  1.16603 0.00235534
2.92241  1.16784 0.00236974
2.95164  1.16967 0.00238431
2.98115  1.17152 0.00239906
3.01097  1.17339 0.00241399
3.04108  1.17527 0.00242909
3.07149  1.17718 0.00244437
3.1022  1.1791 0.00245983
3.13322  1.18104 0.00247548
3.16456  1.1828 0.00249131
3.1962  1.18391 0.00250733
3.22816  1.18504 0.00252354
3.26045  1.18617 0.00253994
3.29305  1.18731 0.00255653
3.32598  1.18847 0.00257332
3.35924  1.18964 0.00259031
3.39283  1.19082 0.00260749
3.42676  1.19201 0.00262488
3.46103  1.19322 0.00264248
3.49564  1.19443 0.00266028
3.53059  1.19566 0.00267829
3.5659  1.1969 0.00269652
3.60156  1.19815 0.00271495
3.63758  1.19942 0.00273361
3.67395  1.2007 0.00275248
3.71069  1.20199 0.00277158
3.7478  1.20329 0.00279089
3.78528  1.20461 0.00281044
3.82313  1.20594 0.00283021
3.86136  1.20728 0.00285022
3.89997  1.20864 0.00287045
3.93897  1.21001 0.00289093
3.97836  1.21131 0.00291164
4.01815  1.2119 0.0029326
4.05833  1.21249 0.00295379
4.09891  1.2131 0.00297524
4.1399  1.21372 0.00299694
4.1813  1.21435 0.00301888
4.22311  1.21499 0.00304109
4.26534  1.21563 0.00306355
4.308  1.21628 0.00308628
4.35108  1.21694 0.00310927
4.39459  1.2176 0.00313253
4.43853  1.21827 0.00315606
4.48292  1.21894 0.00317986
4.52775  1.21962 0.00320395
4.57303  1.22031 0.00322831
4.61876  1.22101 0.00325296
4.66494  1.22171 0.0032779
4.71159  1.22242 0.00330313
4.75871  1.22314 0.00332865
4.8063  1.22386 0.00335448
4.85436  1.22459 0.0033806
4.9029  1.22533 0.00340703
4.95193  1.22608 0.00343378
5.00145  1.22683 0.00346083
5.05146  1.22704 0.00348821
5.10198  1.22723 0.0035159
5.153  1.22742 0.00354393
5.20453  1.22761 0.00357228
5.25657  1.22781 0.00360096
5.30914  1.22801 0.00362998
5.36223  1.22821 0.00365935
5.41585  1.22841 0.00368905
5.47001  1.22862 0.00371911
5.52471  1.22884 0.00374953
5.57996  1.22906 0.0037803
5.63576  1.22928 0.00381144
5.69212  1.2295 0.00384294
5.74904  1.22973 0.00387482
5.80653  1.22995 0.00390708
5.86459  1.23018 0.00393971
5.92324  1.23042 0.00397274
5.98247  1.23065 0.00400615
6.0423  1.23089 0.00403997
6.10272  1.23113 0.00407419
6.16375  1.23137 0.00410881
6.22538  1.23161 0.00414386
6.28764  1.23186 0.00417932
6.35051  1.23152 0.0042152
6.41402  1.23105 0.00425152
6.47816  1.23058 0.00428827
6.54294  1.2301 0.00432546
6.60837  1.22962 0.00436311
6.67445  1.22913 0.00440121
6.7412  1.22864 0.00443977
6.80861  1.22814 0.0044788
6.8767  1.22765 0.0045183
6.94546  1.22715 0.00455829
7.01492  1.22664 0.00459876
7.08507  1.22613 0.00463974
7.15592  1.22562 0.00468121
7.22748  1.2251 0.00472319
7.29975  1.22457 0.00476569
7.37275  1.22404 0.0048087
7.44648  1.22351 0.00485225
7.52094  1.22296 0.00489634
7.59615  1.22242 0.00494096
7.67211  1.22186 0.00498613
7.74883  1.22131 0.00503186
7.82632  1.22074 0.00507816
7.90459  1.22017 0.00512502
7.98363  1.2192 0.00517246
8.06347  1.21803 0.00522049
8.1441  1.21685 0.00526911
8.22554  1.21566 0.00531832
8.3078  1.21446 0.00536814
8.39088  1.21325 0.00541858
8.47479  1.21203 0.00546963
8.55953  1.21079 0.00552131
8.64513  1.20955 0.00557362
8.73158  1.20829 0.00562657
8.8189  1.20701 0.00568017
8.90709  1.20573 0.00573442
8.99616  1.20443 0.00578934
9.08612  1.20312 0.00584492
9.17698  1.20179 0.00590119
9.26875  1.20046 0.00595816
9.36144  1.1991 0.00601582
9.45505  1.19774 0.0060742
9.5496  1.19636 0.00613331
9.6451  1.19497 0.00619315
9.74155  1.19356 0.00625374
9.83896  1.19214 0.00631509
9.93735  1.19071 0.00637722
10.0367  1.18908 0.00644013
10.1371  1.18727 0.00650383
10.2385  1.18544 0.00656835
10.3409  1.1836 0.0066337
10.4443  1.18174 0.00669988
10.5487  1.17986 0.00676692
10.6542  1.17796 0.00683483
10.7607  1.17604 0.00690363
10.8683  1.17411 0.00697333
10.977  1.17216 0.00704395
11.0868  1.17019 0.00711551
11.1977  1.1682 0.00718802
11.3096  1.16619 0.0072615
11.4227  1.16416 0.00733597
11.537  1.16211 0.00741144
11.6523  1.16004 0.00748794
11.7689  1.15795 0.00756548
11.8865  1.15584 0.00764409
12.0054  1.15371 0.00772379
12.1255  1.15155 0.00780459
12.2467  1.14938 0.00788653
12.3692  1.14718 0.00796961
12.4929  1.14496 0.00805387
12.6178  1.14267 0.00813933
12.744  1.14027 0.008226
12.8714  1.13785 0.00831392
13.0001  1.13541 0.00840309
13.1301  1.13294 0.00849354
13.2614  1.13045 0.00858529
13.3941  1.12793 0.00867836
13.528  1.12539 0.00877277
13.6633  1.12283 0.00886854
13.7999  1.12024 0.0089657
13.9379  1.11763 0.00906426
14.0773  1.11499 0.00916424
14.2181  1.11232 0.00926567
14.3602  1.10963 0.00936858
14.5038  1.10691 0.00947298
14.6489  1.10416 0.00957889
14.7954  1.10139 0.00968633
14.9433  1.09859 0.00979533
15.0928  1.09576 0.00990591
15.2437  1.0929 0.0100181
15.3961  1.09001 0.0101319
15.5501  1.0871 0.0102474
15.7056  1.08415 0.0103645
15.8626  1.08125 0.0104833
16.0213  1.07851 0.0106038
16.1815  1.07575 0.0107261
16.3433  1.07296 0.0108502
16.5067  1.07014 0.010976
16.6718  1.0673 0.0111037
16.8385  1.06443 0.0112333
17.0069  1.06152 0.0113648
17.177  1.05859 0.0114982
17.3487  1.05563 0.0116335
17.5222  1.05264 0.0117709
17.6974  1.04962 0.0119103
17.8744  1.04657 0.0120518
18.0532  1.04349 0.0121954
18.2337  1.04037 0.0123411
18.416  1.03723 0.012489
18.6002  1.03406 0.0126392
18.7862  1.03085 0.0127915
18.9741  1.02761 0.0129462
19.1638  1.02434 0.0131032
19.3554  1.02104 0.0132625
19.549  1.0177 0.0134243
19.7445  1.01433 0.0135884
19.9419  1.01095 0.0137551
20.1413  1.00767 0.0139243
20.3427  1.00437 0.014096
20.5462  1.00103 0.0142703
20.7516  0.997662 0.0144473
20.9592  0.99426 0.0146269
21.1687  0.990824 0.0148093
21.3804  0.987354 0.0149944
21.5942  0.983848 0.0151824
21.8102  0.980308 0.0153732
22.0283  0.976733 0.015567
22.2486  0.973121 0.0157637
22.4711  0.969474 0.0159633
22.6958  0.96579 0.0161661
22.9227  0.962069 0.0163719
23.1519  0.958311 0.0165809
23.3835  0.954516 0.0167932
23.6173  0.950682 0.0170087
23.8535  0.94681 0.0172276
24.092  0.9429 0.0174498
24.3329  0.93895 0.0176756
24.5763  0.934961 0.0179049
24.822  0.930932 0.0181378
25.0702  0.926862 0.0183743
25.3209  0.92337 0.0186146
25.5742  0.919853 0.0188587
25.8299  0.916301 0.0191067
26.0882  0.912714 0.0193586
26.3491  0.90909 0.0196144
26.6126  0.905431 0.0198743
26.8787  0.901734 0.0201382
27.1475  0.898002 0.0204063
27.419  0.894235 0.0206785
27.6931  0.890431 0.020955
27.9701  0.886589 0.0212357
28.2498  0.882708 0.0215209
28.5323  0.878789 0.0218104
28.8176  0.87483 0.0221044
29.1058  0.870832 0.0224031
29.3968  0.866794 0.0227065
29.6908  0.862715 0.0230148
29.9877  0.858596 0.0233281
30.2876  0.854436 0.0236464
30.5905  0.850233 0.0239701
30.8964  0.845989 0.0242991
31.2053  0.841703 0.0246336
31.5174  0.837373 0.0249738
31.8326  0.884181 0.0253197
32.1509  0.879349 0.0256716
32.4724  0.874504 0.0260296
32.7971  0.869649 0.0263937
33.1251  0.864785 0.0267641
33.4563  0.859914 0.0271409
33.7909  0.855036 0.0275242
34.1288  0.850153 0.0279141
34.4701  0.845266 0.0283108
34.8148  0.840377 0.0287144
35.1629  0.835486 0.029125
35.5146  0.830596 0.0295427
35.8697  0.825707 0.0299676
36.2284  0.82082 0.0303999
36.5907  0.815936 0.0308397
36.9566  0.811056 0.0312869
37.3262  0.806181 0.0317416
37.6994  0.801361 0.0322039
38.0764  0.79656 0.0326739
38.4572  0.791767 0.0331515
38.8418  0.78691 0.0336369
39.2302  0.781963 0.0341301
39.6225  0.777028 0.0346311
40.0187  0.772103 0.03514
40.4189  0.767191 0.0356568
40.8231  0.762293 0.0361818
41.2313  0.75741 0.0367152
41.6436  0.752542 0.037257
42.0601  0.747688 0.0378076
42.4807  0.742849 0.0383671
42.9055  0.738026 0.0389357
43.3345  0.733219 0.0395137
43.7679  0.728429 0.0401013
44.2056  0.724029 0.0406986
44.6476  0.719637 0.041306
45.0941  0.715261 0.0419236
45.545  0.710911 0.0425517
46.0005  0.706563 0.0431904
46.4605  0.702217 0.0438399
46.9251  0.697864 0.0445003
47.3943  0.693515 0.0451717
47.8683  0.689171 0.0458545
48.347  0.684834 0.0465486
48.8304  0.680503 0.0472543
49.3187  0.676181 0.0479718
49.8119  0.671866 0.0487012
50.31  0.667561 0.0494426
50.8131  0.663266 0.0501964
51.3213  0.658981 0.0509626
51.8345  0.654707 0.0517416
52.3528  0.650445 0.0525335
52.8764  0.646218 0.0533386
53.4051  0.642008 0.0541572
53.9392  0.637812 0.0549896
54.4786  0.633616 0.0558359
55.0234  0.629417 0.0566964
55.5736  0.625234 0.0575714
56.1293  0.621065 0.0584613
56.6906  0.616913 0.0593662
57.2575  0.612776 0.0602864
57.8301  0.608655 0.0612222
58.4084  0.604539 0.0621739
58.9925  0.600428 0.0631418
59.5824  0.596334 0.0641261
60.1782  0.592267 0.0651271
60.78  0.588235 0.0661451
61.3878  0.584221 0.0671805
62.0017  0.580226 0.0682334
62.6217  0.57625 0.0693043
63.2479  0.572292 0.0703934
63.8804  0.568354 0.0715011
64.5192  0.564434 0.0726276
65.1644  0.560535 0.0737733
65.816  0.556654 0.0749386
66.4742  0.552769 0.0761238
67.1389  0.548897 0.0773293
67.8103  0.545047 0.0785554
68.4884  0.541217 0.0798025
69.1733  0.537313 0.0810709
69.8651  0.533421 0.0823611
70.5637  0.529555 0.0836735
71.2693  0.525715 0.0850084
71.982  0.521901 0.0863663
72.7019  0.518112 0.0877475
73.4289  0.51435 0.0891525
74.1632  0.510613 0.0905817
74.9048  0.506901 0.0920355
75.6538  0.50323 0.0935145
76.4104  0.499589 0.0950189
77.1745  0.495974 0.0965493
77.9462  0.492366 0.0981062
78.7257  0.488755 0.0996901
79.513  0.485169 0.101301
80.3081  0.481608 0.10294
81.1112  0.478071 0.104608
81.9223  0.47456 0.106304
82.7415  0.471073 0.10803
83.5689  0.46761 0.109786
84.4046  0.464172 0.111572
85.2486  0.460758 0.11339
86.1011  0.457368 0.115239
86.9621  0.454001 0.11712
87.8318  0.450658 0.119034
88.7101  0.447338 0.120981
89.5972  0.444042 0.122962
90.4932  0.440771 0.124978
91.3981  0.437531 0.127029
92.3121  0.434314 0.129115
93.2352  0.43112 0.131238
94.1675  0.427948 0.133398
95.1092  0.424799 0.135595
96.0603  0.421672 0.137831
97.0209  0.418566 0.140106
97.9911  0.415483 0.14242
98.971  0.412422 0.144775
99.9607  0.409383 0.147171
100.96  0.406365 0.149609
101.97  0.403368 0.152089
102.99  0.400393 0.154612
104.02  0.397438 0.157179
105.06  0.394505 0.159791
106.11  0.391596 0.162449
107.171  0.388709 0.165154
108.243  0.385842 0.167905
109.326  0.382997 0.170705
110.419  0.380172 0.173554
111.523  0.377367 0.176452
112.638  0.374582 0.179402
113.765  0.371819 0.182403
114.902  0.369077 0.185456
116.051  0.366354 0.188564
117.212  0.36364 0.191726
118.384  0.360912 0.194943
119.568  0.358203 0.198217
120.763  0.355514 0.201549
121.971  0.352844 0.204939
123.191  0.350221 0.20839
124.423  0.347639 0.2119
125.667  0.345074 0.215473
126.924  0.342526 0.219109
128.193  0.339994 0.22281
129.475  0.337477 0.226575
130.77  0.334977 0.230407
132.077  0.332493 0.234307
133.398  0.330025 0.238276
134.732  0.327574 0.242315
136.079  0.325138 0.246425
137.44  0.32272 0.250608
138.814  0.320317 0.254865
140.203  0.317931 0.259198
141.605  0.31556 0.263607
143.021  0.313206 0.268094
144.451  0.310867 0.272661
145.895  0.308544 0.277308
147.354  0.306237 0.282038
148.828  0.303945 0.286852
150.316  0.301669 0.291751
151.819  0.299409 0.296737
153.338  0.297166 0.301811
154.871  0.294939 0.306975
156.42  0.292727 0.312231
157.984  0.29053 0.31758
159.564  0.288348 0.323024
161.159  0.286181 0.328565
162.771  0.28403 0.334204
164.399  0.281894 0.339943
166.043  0.279772 0.345784
167.703  0.277666 0.351729
169.38  0.275574 0.357779
171.074  0.273497 0.363936
172.785  0.271434 0.370203
174.512  0.269387 0.376581
176.258  0.267354 0.383071
178.02  0.265335 0.389677
179.8  0.263331 0.3964
181.598  0.261341 0.403242
183.414  0.259365 0.410206
185.248  0.257403 0.417294
187.101  0.255456 0.424508
188.972  0.253522 0.431851
190.862  0.251603 0.439325
192.77  0.249697 0.446933
194.698  0.247805 0.454677
196.645  0.245918 0.46256
198.611  0.243961 0.470585
200.598  0.242019 0.478754
202.604  0.240092 0.487071
204.63  0.238179 0.495537
206.676  0.23628 0.504157
208.743  0.234396 0.512933
210.83  0.232525 0.521867
212.938  0.230669 0.530964
215.068  0.228826 0.540226
217.218  0.226998 0.549657
219.391  0.225183 0.559259
221.584  0.223381 0.569036
223.8  0.221593 0.578993
226.038  0.219819 0.589131
228.299  0.218058 0.599455
230.582  0.216305 0.609967
232.888  0.214564 0.620673
235.216  0.212835 0.631574
237.569  0.211121 0.642674
239.944  0.209419 0.653978
242.344  0.20773 0.665489
244.767  0.206053 0.677211
247.215  0.20439 0.689147
249.687  0.202739 0.701302
252.184  0.201101 0.713679
254.706  0.199475 0.726283
257.253  0.197862 0.739117
259.825  0.196261 0.752186
262.423  0.194673 0.765492
265.048  0.193096 0.77904
267.698  0.191532 0.792834
270.375  0.18998 0.806878
273.079  0.18844 0.821175
275.81  0.186912 0.83573
278.568  0.185458 0.850548
281.354  0.184082 0.865631
284.167  0.182716 0.880985
287.009  0.181359 0.896613
289.879  0.180011 0.912521
292.778  0.178671 0.928712
295.705  0.177339 0.945192
298.662  0.176016 0.961964
301.649  0.174702 0.979033
304.666  0.173397 0.996404
307.712  0.1721 1.01408
310.789  0.170811 1.03207
313.897  0.169531 1.05038
317.036  0.16826 1.069
320.207  0.166997 1.08796
323.409  0.165742 1.10724
326.643  0.164496 1.12687
329.909  0.163258 1.14684
333.208  0.162029 1.16716
336.54  0.160808 1.18784
339.906  0.159595 1.20888
343.305  0.158391 1.2303
346.738  0.157195 1.2521
350.205  0.156007 1.27428
353.707  0.154828 1.29686
357.244  0.153656 1.31984
360.817  0.152493 1.34323
364.425  0.151338 1.36703
368.069  0.150192 1.39126
371.75  0.149053 1.41592
375.467  0.147923 1.44102
379.222  0.1468 1.46657
383.014  0.145685 1.49257
386.844  0.144578 1.51903
390.713  0.143474 1.54596
394.62  0.142378 1.57337
398.566  0.14129 1.60127
402.552  0.14021 1.62967
406.577  0.139138 1.65856
410.643  0.138074 1.68798
414.75  0.137018 1.71791
418.897  0.135969 1.74838
423.086  0.134929 1.77939
427.317  0.133896 1.81095
431.59  0.132871 1.84308
435.906  0.131853 1.87577
440.265  0.130843 1.90905
444.668  0.12984 1.94293
449.114  0.128845 1.9774
453.605  0.127858 2.01249
458.142  0.126878 2.04821
462.723  0.125905 2.08457
467.35  0.124939 2.12157
472.024  0.123981 2.15924
476.744  0.12303 2.19757
481.511  0.122087 2.23659
486.326  0.12115 2.27631
491.19  0.120221 2.31673
496.102  0.119298 2.35788
501.063  0.118383 2.39975
506.073  0.117475 2.44238
511.134  0.116573 2.48576
516.245  0.115679 2.52992
521.408  0.114791 2.57486
526.622  0.11391 2.62061
531.888  0.113036 2.66717
537.207  0.112169 2.71456
542.579  0.111308 2.7628
548.005  0.110454 2.8119
553.485  0.109606 2.86187
559.02  0.108763 2.91273
564.61  0.107927 2.96451
570.256  0.107097 3.0172
575.959  0.106225 3.07084
581.718  0.105408 3.12543
587.535  0.104598 3.181
593.411  0.103793 3.23756
599.345  0.102996 3.29513
605.338  0.102204 3.35372
611.392  0.101419 3.41336
617.506  0.100639 3.47407
623.681  0.099866 3.53586
629.917  0.0990988 3.59875
636.217  0.0983376 3.66276
642.579  0.0975824 3.72791
649.005  0.0968331 3.79423
655.495  0.0960898 3.86172
662.05  0.0953523 3.93043
668.67  0.0946207 4.00035
675.357  0.0938948 4.07152
682.11  0.0931747 4.14396
688.931  0.0924603 4.2177
695.821  0.0917517 4.29274
702.779  0.0910486 4.36912
709.807  0.0903512 4.44686
716.905  0.0896594 4.52599
724.074  0.0889731 4.60652
731.315  0.0882923 4.68849
738.628  0.087617 4.77192
746.014  0.0869471 4.85683
753.474  0.0862826 4.94325
761.009  0.0856235 5.03121
768.619  0.0849697 5.12074
776.305  0.0843212 5.21185
784.068  0.083678 5.30459
791.909  0.0830399 5.39898
799.828  0.0824071 5.49504
807.826  0.0817792 5.59281
815.905  0.0811556 5.69232
824.064  0.0805371 5.7936
832.304  0.0799236 5.89668
840.627  0.0793151 6.00159
849.034  0.0787115 6.10836
857.524  0.0781128 6.21703
866.099  0.0775189 6.32763
874.76  0.0769299 6.44019
883.508  0.0763457 6.55475
892.343  0.0757663 6.67134
901.266  0.0751915 6.79
910.279  0.0746215 6.91077
919.382  0.074056 7.03368
928.575  0.0734952 7.15877
937.861  0.072939 7.28607
947.24  0.0723873 7.41563
956.712  0.0718401 7.54749
966.279  0.0712974 7.68168
975.942  0.0707591 7.81824
985.702  0.0702252 7.95723
995.559  0.0696957 8.09867
