0.001  7.64286e-06 0.311452
0.00101  7.66787e-06 0.313006
0.0010201  7.69297e-06 0.314567
0.0010303  7.71816e-06 0.316136
0.0010406  7.74344e-06 0.317713
0.00105101  7.76881e-06 0.319297
0.00106152  7.79426e-06 0.32089
0.00107214  7.81981e-06 0.32249
0.00108286  7.84545e-06 0.324099
0.00109369  7.87121e-06 0.325715
0.00110462  7.89711e-06 0.32734
0.00111567  7.9231e-06 0.328972
0.00112683  7.94918e-06 0.330613
0.00113809  7.97535e-06 0.332262
0.00114947  8.00162e-06 0.333919
0.00116097  8.02797e-06 0.335584
0.00117258  8.05442e-06 0.337258
0.0011843  8.08096e-06 0.33894
0.00119615  8.10759e-06 0.340631
0.00120811  8.13431e-06 0.34233
0.00122019  8.16128e-06 0.344037
0.00123239  8.18841e-06 0.345753
0.00124472  8.21564e-06 0.347477
0.00125716  8.24296e-06 0.34921
0.00126973  8.27038e-06 0.350952
0.00128243  8.29789e-06 0.352702
0.00129526  8.32549e-06 0.354462
0.00130821  8.35319e-06 0.35623
0.00132129  8.38098e-06 0.358006
0.0013345  8.40886e-06 0.359792
0.00134785  8.43684e-06 0.361586
0.00136133  8.46492e-06 0.36339
0.00137494  8.49309e-06 0.365202
0.00138869  8.52312e-06 0.367023
0.00140258  8.55595e-06 0.368854
0.0014166  8.58892e-06 0.370694
0.00143077  8.62203e-06 0.372542
0.00144508  8.65528e-06 0.374401
0.00145953  8.6887e-06 0.376268
0.00147412  8.7223e-06 0.378145
0.00148886  8.75604e-06 0.380031
0.00150375  8.78992e-06 0.381926
0.00151879  8.82394e-06 0.383831
0.00153398  8.85811e-06 0.385745
0.00154932  8.89242e-06 0.387669
0.00156481  8.92687e-06 0.389603
0.00158046  8.96147e-06 0.391546
0.00159626  8.99622e-06 0.393499
0.00161223  9.03111e-06 0.395461
0.00162835  9.06614e-06 0.397434
0.00164463  9.10132e-06 0.399416
0.00166108  9.13665e-06 0.401408
0.00167769  9.17213e-06 0.40341
0.00169447  9.20776e-06 0.405422
0.00171141  9.24353e-06 0.407444
0.00172852  9.27945e-06 0.409476
0.00174581  9.31552e-06 0.411518
0.00176327  9.35174e-06 0.413571
0.0017809  9.38811e-06 0.415634
0.00179871  9.42464e-06 0.417707
0.0018167  9.46131e-06 0.41979
0.00183486  9.49844e-06 0.421884
0.00185321  9.53661e-06 0.423988
0.00187174  9.57586e-06 0.426103
0.00189046  9.61528e-06 0.428228
0.00190937  9.65487e-06 0.430364
0.00192846  9.69464e-06 0.43251
0.00194774  9.73459e-06 0.434667
0.00196722  9.77471e-06 0.436835
0.00198689  9.81501e-06 0.439014
0.00200676  9.85549e-06 0.441203
0.00202683  9.89614e-06 0.443404
0.0020471  9.93698e-06 0.445615
0.00206757  9.97799e-06 0.447838
0.00208825  1.00192e-05 0.450071
0.00210913  1.00606e-05 0.452316
0.00213022  1.01021e-05 0.454572
0.00215152  1.01439e-05 0.456839
0.00217304  1.01858e-05 0.459118
0.00219477  1.02279e-05 0.461408
0.00221672  1.02703e-05 0.463709
0.00223888  1.03128e-05 0.466022
0.00226127  1.03555e-05 0.468346
0.00228388  1.03984e-05 0.470682
0.00230672  1.04416e-05 0.473029
0.00232979  1.04861e-05 0.475389
0.00235309  1.05309e-05 0.47776
0.00237662  1.05758e-05 0.480143
0.00240038  1.06209e-05 0.482537
0.00242439  1.06663e-05 0.484944
0.00244863  1.0712e-05 0.487363
0.00247312  1.0758e-05 0.489793
0.00249785  1.08042e-05 0.492236
0.00252283  1.08506e-05 0.494691
0.00254806  1.08972e-05 0.497158
0.00257354  1.0944e-05 0.499638
0.00259927  1.0991e-05 0.50213
0.00262527  1.10382e-05 0.504635
0.00265152  1.10857e-05 0.507151
0.00267803  1.11333e-05 0.509681
0.00270481  1.11812e-05 0.512223
0.00273186  1.12293e-05 0.514778
0.00275918  1.12776e-05 0.517345
0.00278677  1.1327e-05 0.519925
0.00281464  1.1377e-05 0.522518
0.00284279  1.14272e-05 0.525124
0.00287121  1.14776e-05 0.527744
0.00289993  1.15283e-05 0.530376
0.00292893  1.15792e-05 0.533021
0.00295822  1.16304e-05 0.53568
0.0029878  1.16819e-05 0.538351
0.00301768  1.17335e-05 0.541036
0.00304785  1.17856e-05 0.543735
0.00307833  1.18379e-05 0.546447
0.00310911  1.18905e-05 0.549172
0.0031402  1.19433e-05 0.551911
0.00317161  1.19964e-05 0.554664
0.00320332  1.20497e-05 0.55743
0.00323536  1.21032e-05 0.56021
0.00326771  1.2157e-05 0.563004
0.00330039  1.22111e-05 0.565812
0.00333339  1.22654e-05 0.568635
0.00336672  1.232e-05 0.571471
0.00340039  1.23748e-05 0.574321
0.0034344  1.24298e-05 0.577185
0.00346874  1.24852e-05 0.580064
0.00350343  1.25407e-05 0.582957
0.00353846  1.25966e-05 0.585864
0.00357385  1.26527e-05 0.588786
0.00360958  1.2709e-05 0.591723
0.00364568  1.27657e-05 0.594674
0.00368214  1.28228e-05 0.59764
0.00371896  1.28812e-05 0.600621
0.00375615  1.29401e-05 0.603617
0.00379371  1.29992e-05 0.606627
0.00383165  1.30586e-05 0.609653
0.00386996  1.31183e-05 0.612694
0.00390866  1.31783e-05 0.615749
0.00394775  1.32386e-05 0.61882
0.00398723  1.32991e-05 0.621907
0.0040271  1.33599e-05 0.625008
0.00406737  1.34211e-05 0.628126
0.00410804  1.34825e-05 0.631259
0.00414912  1.35442e-05 0.634407
0.00419062  1.36062e-05 0.637571
0.00423252  1.36685e-05 0.640751
0.00427485  1.37311e-05 0.643947
0.0043176  1.37939e-05 0.647159
0.00436077  1.38571e-05 0.650386
0.00440438  1.39206e-05 0.65363
0.00444842  1.39844e-05 0.65689
0.00449291  1.40484e-05 0.660166
0.00453784  1.41128e-05 0.663459
0.00458321  1.41775e-05 0.666768
0.00462905  1.42429e-05 0.670094
0.00467534  1.43094e-05 0.673436
0.00472209  1.43761e-05 0.676795
0.00476931  1.44432e-05 0.68017
0.004817  1.45106e-05 0.683562
0.00486517  1.45784e-05 0.686972
0.00491383  1.46466e-05 0.690398
0.00496296  1.47152e-05 0.693841
0.00501259  1.47842e-05 0.697302
0.00506272  1.48534e-05 0.70078
0.00511335  1.4923e-05 0.704275
0.00516448  1.49929e-05 0.707788
0.00521613  1.50632e-05 0.711318
0.00526829  1.51338e-05 0.714866
0.00532097  1.52047e-05 0.718431
0.00537418  1.5276e-05 0.722014
0.00542792  1.53476e-05 0.725615
0.0054822  1.54197e-05 0.729234
0.00553702  1.54921e-05 0.732871
0.00559239  1.55648e-05 0.736526
0.00564832  1.5638e-05 0.7402
0.0057048  1.57114e-05 0.743892
0.00576185  1.57852e-05 0.747602
0.00581947  1.58594e-05 0.751331
0.00587766  1.59339e-05 0.755078
0.00593644  1.60088e-05 0.758844
0.0059958  1.60841e-05 0.762629
0.00605576  1.61597e-05 0.766432
0.00611632  1.62359e-05 0.770255
0.00617748  1.63125e-05 0.774096
0.00623926  1.63895e-05 0.777957
0.00630165  1.64668e-05 0.781837
0.00636466  1.65445e-05 0.785737
0.00642831  1.66226e-05 0.789656
0.00649259  1.6701e-05 0.793594
0.00655752  1.67798e-05 0.797553
0.0066231  1.6859e-05 0.801531
0.00668933  1.69386e-05 0.805528
0.00675622  1.70186e-05 0.809546
0.00682378  1.70989e-05 0.813584
0.00689202  1.71797e-05 0.817641
0.00696094  1.72615e-05 0.821719
0.00703055  1.73441e-05 0.825817
0.00710085  1.74271e-05 0.829936
0.00717186  1.75105e-05 0.834075
0.00724358  1.75943e-05 0.838235
0.00731602  1.76785e-05 0.842415
0.00738918  1.77631e-05 0.846617
0.00746307  1.78482e-05 0.850839
0.0075377  1.79336e-05 0.855082
0.00761308  1.80195e-05 0.859347
0.00768921  1.81057e-05 0.863633
0.0077661  1.81924e-05 0.86794
0.00784376  1.82796e-05 0.872269
0.0079222  1.83671e-05 0.87662
0.00800142  1.84551e-05 0.880993
0.00808144  1.85435e-05 0.885388
0.00816225  1.86323e-05 0.889805
0.00824387  1.87216e-05 0.894244
0.00832631  1.88113e-05 0.898705
0.00840957  1.89014e-05 0.903189
0.00849367  1.8992e-05 0.907694
0.00857861  1.9083e-05 0.912222
0.00866439  1.91744e-05 0.916772
0.00875104  1.92663e-05 0.921344
0.00883855  1.93587e-05 0.925938
0.00892693  1.94515e-05 0.930555
0.0090162  1.95447e-05 0.935194
0.00910636  1.96385e-05 0.939856
0.00919743  1.9733e-05 0.94454
0.0092894  1.98286e-05 0.949248
0.0093823  1.99248e-05 0.953979
0.00947612  2.00215e-05 0.958734
0.00957088  2.01187e-05 0.963513
0.00966659  2.02164e-05 0.968316
0.00976325  2.03145e-05 0.973144
0.00986089  2.04132e-05 0.977998
0.0099595  2.05123e-05 0.982877
0.0100591  2.06119e-05 0.987782
0.0101597  2.06979e-05 0.992714
0.0102613  2.0782e-05 0.997673
0.0103639  2.08663e-05 1.00266
0.0104675  2.09509e-05 1.00767
0.0105722  2.10357e-05 1.01271
0.0106779  2.11207e-05 1.01778
0.0107847  2.1206e-05 1.02288
0.0108926  2.12915e-05 1.02801
0.0110015  2.13773e-05 1.03317
0.0111115  2.14633e-05 1.03836
0.0112226  2.15496e-05 1.04358
0.0113348  2.16361e-05 1.04883
0.0114482  2.17228e-05 1.05411
0.0115627  2.18098e-05 1.05942
0.0116783  2.18969e-05 1.06477
0.0117951  2.19843e-05 1.07015
0.011913  2.20719e-05 1.07556
0.0120322  2.21597e-05 1.081
0.0121525  2.22477e-05 1.08647
0.012274  2.23359e-05 1.09198
0.0123967  2.24244e-05 1.09752
0.0125207  2.2513e-05 1.10309
0.0126459  2.26018e-05 1.10869
0.0127724  2.26908e-05 1.11433
0.0129001  2.278e-05 1.12
0.0130291  2.28694e-05 1.1257
0.0131594  2.2959e-05 1.13144
0.013291  2.30488e-05 1.13721
0.0134239  2.31388e-05 1.14301
0.0135581  2.32289e-05 1.14885
0.0136937  2.33192e-05 1.15472
0.0138307  2.34097e-05 1.16063
0.013969  2.3501e-05 1.16658
0.0141086  2.35924e-05 1.17256
0.0142497  2.3684e-05 1.17857
0.0143922  2.37758e-05 1.18463
0.0145362  2.38678e-05 1.19071
0.0146815  2.39599e-05 1.19684
0.0148283  2.40522e-05 1.203
0.0149766  2.41446e-05 1.2092
0.0151264  2.42372e-05 1.21544
0.0152776  2.43299e-05 1.22172
0.0154304  2.44228e-05 1.22803
0.0155847  2.45157e-05 1.23438
0.0157406  2.46088e-05 1.24077
0.015898  2.47021e-05 1.2472
0.016057  2.47954e-05 1.25367
0.0162175  2.48888e-05 1.26018
0.0163797  2.49824e-05 1.26673
0.0165435  2.5076e-05 1.27332
0.0167089  2.51698e-05 1.27995
0.016876  2.52636e-05 1.28662
0.0170448  2.53575e-05 1.29333
0.0172152  2.54515e-05 1.30008
0.0173874  2.55456e-05 1.30687
0.0175613  2.56397e-05 1.31371
0.0177369  2.57339e-05 1.32059
0.0179142  2.58281e-05 1.32751
0.0180934  2.59224e-05 1.33447
0.0182743  2.60169e-05 1.34148
0.0184571  2.61116e-05 1.34853
0.0186416  2.62067e-05 1.35563
0.018828  2.63019e-05 1.36277
0.0190163  2.6397e-05 1.36996
0.0192065  2.64922e-05 1.37719
0.0193986  2.65873e-05 1.38446
0.0195925  2.66825e-05 1.39179
0.0197885  2.67776e-05 1.39916
0.0199864  2.68728e-05 1.40657
0.0201862  2.69679e-05 1.41404
0.0203881  2.7063e-05 1.42155
0.020592  2.7158e-05 1.42911
0.0207979  2.7253e-05 1.43671
0.0210059  2.7348e-05 1.44437
0.0212159  2.74429e-05 1.45208
0.0214281  2.75377e-05 1.45983
0.0216424  2.76324e-05 1.46764
0.0218588  2.77271e-05 1.47549
0.0220774  2.78216e-05 1.4834
0.0222981  2.79161e-05 1.49136
0.0225211  2.80104e-05 1.49937
0.0227463  2.81046e-05 1.50744
0.0229738  2.81987e-05 1.51555
0.0232035  2.82928e-05 1.52372
0.0234356  2.83868e-05 1.53195
0.0236699  2.84807e-05 1.54022
0.0239066  2.85744e-05 1.54856
0.0241457  2.86679e-05 1.55695
0.0243871  2.87613e-05 1.56539
0.024631  2.88545e-05 1.57389
0.0248773  2.89475e-05 1.58245
0.0251261  2.90403e-05 1.59106
0.0253774  2.91329e-05 1.59974
0.0256311  2.92252e-05 1.60847
0.0258874  2.93172e-05 1.61726
0.0261463  2.9409e-05 1.62611
0.0264078  2.95005e-05 1.63502
0.0266719  2.95917e-05 1.644
0.0269386  2.96826e-05 1.65303
0.027208  2.97731e-05 1.66212
0.02748  2.98634e-05 1.67128
0.0277548  2.99534e-05 1.6805
0.0280324  3.00431e-05 1.68979
0.0283127  3.01325e-05 1.69914
0.0285958  3.02216e-05 1.70856
0.0288818  3.03102e-05 1.71804
0.0291706  3.03984e-05 1.72759
0.0294623  3.04863e-05 1.7372
0.029757  3.05736e-05 1.74688
0.0300545  3.06606e-05 1.75664
0.0303551  3.07471e-05 1.76646
0.0306586  3.08332e-05 1.77635
0.0309652  3.09188e-05 1.78631
0.0312749  3.10039e-05 1.79634
0.0315876  3.10885e-05 1.80645
0.0319035  3.11726e-05 1.81663
0.0322225  3.12561e-05 1.82688
0.0325447  3.1339e-05 1.83721
0.0328702  3.14214e-05 1.84761
0.0331989  3.15032e-05 1.85809
0.0335309  3.15844e-05 1.86865
0.0338662  3.16649e-05 1.87928
0.0342049  3.17448e-05 1.88999
0.0345469  3.18241e-05 1.90079
0.0348924  3.19027e-05 1.91166
0.0352413  3.19806e-05 1.92261
0.0355937  3.20578e-05 1.93365
0.0359496  3.21343e-05 1.94477
0.0363091  3.22101e-05 1.95598
0.0366722  3.22852e-05 1.96726
0.037039  3.23596e-05 1.97864
0.0374093  3.24334e-05 1.9901
0.0377834  3.25064e-05 2.00165
0.0381613  3.25786e-05 2.01329
0.0385429  3.26499e-05 2.02502
0.0389283  3.27204e-05 2.03685
0.0393176  3.27901e-05 2.04876
0.0397108  3.28589e-05 2.06077
0.0401079  3.29267e-05 2.07287
0.040509  3.29922e-05 2.08507
0.040914  3.30555e-05 2.09737
0.0413232  3.31178e-05 2.10976
0.0417364  3.31791e-05 2.12226
0.0421538  3.32393e-05 2.13486
0.0425753  3.32985e-05 2.14756
0.0430011  3.33566e-05 2.16036
0.0434311  3.34136e-05 2.17327
0.0438654  3.34696e-05 2.18629
0.044304  3.35243e-05 2.19941
0.0447471  3.3578e-05 2.21264
0.0451946  3.36305e-05 2.22599
0.0456465  3.36818e-05 2.23944
0.046103  3.37319e-05 2.25302
0.046564  3.3781e-05 2.2667
0.0470296  3.38289e-05 2.28051
0.0474999  3.38755e-05 2.29443
0.0479749  3.39208e-05 2.30847
0.0484547  3.39649e-05 2.32263
0.0489392  3.40077e-05 2.33692
0.0494286  3.40493e-05 2.35133
0.0499229  3.40895e-05 2.36587
0.0504221  3.41283e-05 2.38053
0.0509264  3.41658e-05 2.39533
0.0514356  3.42019e-05 2.41026
0.05195  3.42366e-05 2.42532
0.0524695  3.42699e-05 2.44051
0.0529942  3.43018e-05 2.45584
0.0535241  3.43322e-05 2.47132
0.0540594  3.43612e-05 2.48693
0.0546  3.43886e-05 2.50268
0.055146  3.44146e-05 2.51858
0.0556974  3.44391e-05 2.53463
0.0562544  3.44621e-05 2.55083
0.0568169  3.44835e-05 2.56717
0.0573851  3.45034e-05 2.58368
0.0579589  3.45217e-05 2.60033
0.0585385  3.45384e-05 2.61715
0.0591239  3.45535e-05 2.63412
0.0597152  3.45671e-05 2.65126
0.0603123  3.4579e-05 2.66856
0.0609154  3.45893e-05 2.68603
0.0615246  3.4598e-05 2.70367
0.0621398  3.4605e-05 2.72148
0.0627612  3.46104e-05 2.73946
0.0633888  3.46141e-05 2.75762
0.0640227  3.46161e-05 2.77597
0.064663  3.46164e-05 2.79449
0.0653096  3.4615e-05 2.8132
0.0659627  3.46119e-05 2.8321
0.0666223  3.4607e-05 2.85119
0.0672885  3.46004e-05 2.87047
0.0679614  3.45921e-05 2.88995
0.068641  3.4582e-05 2.90963
0.0693275  3.45702e-05 2.92951
0.0700207  3.45568e-05 2.9496
0.0707209  3.45415e-05 2.96989
0.0714281  3.45245e-05 2.9904
0.0721424  3.45058e-05 3.01113
0.0728638  3.44852e-05 3.03207
0.0735925  3.44628e-05 3.05324
0.0743284  3.44387e-05 3.07463
0.0750717  3.44127e-05 3.09625
0.0758224  3.4385e-05 3.11811
0.0765806  3.43554e-05 3.1402
0.0773464  3.4324e-05 3.16253
0.0781199  3.42908e-05 3.1851
0.0789011  3.42558e-05 3.20793
0.0796901  3.4219e-05 3.231
0.080487  3.41803e-05 3.25434
0.0812919  3.41399e-05 3.27793
0.0821048  3.40976e-05 3.30179
0.0829259  3.40535e-05 3.32592
0.0837551  3.40076e-05 3.35032
0.0845927  3.39599e-05 3.37499
0.0854386  3.39104e-05 3.39995
0.086293  3.38591e-05 3.4252
0.0871559  3.3806e-05 3.45074
0.0880275  3.37512e-05 3.47657
0.0889077  3.36945e-05 3.50271
0.0897968  3.3636e-05 3.52915
0.0906948  3.35758e-05 3.5559
0.0916017  3.35139e-05 3.58297
0.0925178  3.34503e-05 3.61036
0.0934429  3.3385e-05 3.63808
0.0943774  3.3318e-05 3.66613
0.0953211  3.32492e-05 3.69452
0.0962743  3.31788e-05 3.72325
0.0972371  3.31066e-05 3.75234
0.0982095  3.30327e-05 3.78177
0.0991916  3.29572e-05 3.81157
0.100183  3.28799e-05 3.84174
0.101185  3.2801e-05 3.87228
0.102197  3.27205e-05 3.9032
0.103219  3.26383e-05 3.93451
0.104251  3.25546e-05 3.96622
0.105294  3.24692e-05 3.99832
0.106347  3.23822e-05 4.03083
0.10741  3.22936e-05 4.06375
0.108484  3.22035e-05 4.09709
0.109569  3.21119e-05 4.13086
0.110665  3.20187e-05 4.16507
0.111772  3.19241e-05 4.19972
0.112889  3.18279e-05 4.23483
0.114018  3.17303e-05 4.27039
0.115158  3.16312e-05 4.30642
0.11631  3.15307e-05 4.34292
0.117473  3.14288e-05 4.37991
0.118648  3.13255e-05 4.41739
0.119834  3.12208e-05 4.45537
0.121033  3.11148e-05 4.49385
0.122243  3.10075e-05 4.53286
0.123465  3.08989e-05 4.57239
0.1247  3.0789e-05 4.61246
0.125947  3.06778e-05 4.65308
0.127206  3.05654e-05 4.69425
0.128478  3.04518e-05 4.73599
0.129763  3.0337e-05 4.7783
0.131061  3.0221e-05 4.8212
0.132372  3.01039e-05 4.8647
0.133695  2.99857e-05 4.9088
0.135032  2.98663e-05 4.95352
0.136383  2.97459e-05 4.99887
0.137746  2.96244e-05 5.04485
0.139124  2.9502e-05 5.09149
0.140515  2.93786e-05 5.13879
0.14192  2.92542e-05 5.18677
0.143339  2.91289e-05 5.23543
0.144773  2.90026e-05 5.2848
0.146221  2.88755e-05 5.33487
0.147683  2.87475e-05 5.38567
0.14916  2.86186e-05 5.43721
0.150651  2.84889e-05 5.4895
0.152158  2.83585e-05 5.54255
0.153679  2.82272e-05 5.59638
0.155216  2.80952e-05 5.651
0.156768  2.79625e-05 5.70643
0.158336  2.78291e-05 5.76268
0.159919  2.76951e-05 5.81977
0.161518  2.75604e-05 5.8777
0.163134  2.74251e-05 5.93651
0.164765  2.72892e-05 5.99619
0.166413  2.71527e-05 6.05678
0.168077  2.70157e-05 6.11828
0.169757  2.68782e-05 6.18071
0.171455  2.67402e-05 6.24408
0.17317  2.66018e-05 6.30843
0.174901  2.64629e-05 6.37375
0.17665  2.63237e-05 6.44008
0.178417  2.6184e-05 6.50742
0.180201  2.6044e-05 6.5758
0.182003  2.59037e-05 6.64524
0.183823  2.57631e-05 6.71576
0.185661  2.56223e-05 6.78737
0.187518  2.54812e-05 6.86009
0.189393  2.53399e-05 6.93395
0.191287  2.51984e-05 7.00897
0.1932  2.50568e-05 7.08516
0.195132  2.49149e-05 7.16255
0.197083  2.4773e-05 7.24116
0.199054  2.46309e-05 7.32101
0.201045  2.44887e-05 7.40213
0.203055  2.43465e-05 7.48454
0.205086  2.42043e-05 7.56825
0.207136  2.4062e-05 7.65331
0.209208  2.39197e-05 7.73972
0.2113  2.37775e-05 7.82752
0.213413  2.36353e-05 7.91673
0.215547  2.34932e-05 8.00737
0.217702  2.33511e-05 8.09947
0.219879  2.32092e-05 8.19306
0.222078  2.30674e-05 8.28817
0.224299  2.29258e-05 8.38482
0.226542  2.27843e-05 8.48304
0.228807  2.2643e-05 8.58287
0.231095  2.2502e-05 8.68432
0.233406  2.23612e-05 8.78742
0.235741  2.22207e-05 8.89222
0.238098  2.20804e-05 8.99873
0.240479  2.19404e-05 9.107
0.242884  2.18007e-05 9.21704
0.245313  2.16613e-05 9.3289
0.247766  2.15223e-05 9.4426
0.250243  2.13837e-05 9.55819
0.252746  2.12454e-05 9.67569
0.255273  2.11075e-05 9.79514
0.257826  2.09699e-05 9.91657
0.260404  2.08328e-05 10.04
0.263008  2.06962e-05 10.1655
0.265638  2.05599e-05 10.2931
0.268295  2.04241e-05 10.4229
0.270978  2.02888e-05 10.5548
0.273687  2.0154e-05 10.6889
0.276424  2.00197e-05 10.8253
0.279189  1.98859e-05 10.9639
0.28198  1.97526e-05 11.1049
0.2848  1.96198e-05 11.2482
0.287648  1.94876e-05 11.394
0.290525  1.93559e-05 11.5422
0.29343  1.92248e-05 11.6929
0.296364  1.90943e-05 11.8462
0.299328  1.89644e-05 12.0021
0.302321  1.8835e-05 12.1606
0.305344  1.87062e-05 12.3218
0.308398  1.85781e-05 12.4857
0.311482  1.84506e-05 12.6524
0.314597  1.83237e-05 12.8219
0.317743  1.81974e-05 12.9943
0.32092  1.80718e-05 13.1697
0.324129  1.79468e-05 13.348
0.32737  1.78224e-05 13.5294
0.330644  1.76987e-05 13.7139
0.333951  1.75757e-05 13.9015
0.33729  1.74533e-05 14.0923
0.340663  1.73316e-05 14.2864
0.34407  1.72106e-05 14.4838
0.34751  1.70903e-05 14.6846
0.350985  1.69706e-05 14.8888
0.354495  1.68516e-05 15.0965
0.35804  1.67334e-05 15.3077
0.361621  1.66158e-05 15.5226
0.365237  1.64989e-05 15.7412
0.368889  1.63827e-05 15.9635
0.372578  1.62673e-05 16.1897
0.376304  1.61525e-05 16.4197
0.380067  1.60385e-05 16.6536
0.383868  1.59252e-05 16.8916
0.387706  1.58126e-05 17.1337
0.391583  1.57007e-05 17.38
0.395499  1.55895e-05 17.6304
0.399454  1.5479e-05 17.8852
0.403449  1.53692e-05 18.1444
0.407483  1.52601e-05 18.4081
0.411558  1.51517e-05 18.6762
0.415674  1.50441e-05 18.949
0.41983  1.49371e-05 19.2265
0.424029  1.48309e-05 19.5088
0.428269  1.47254e-05 19.796
0.432552  1.46206e-05 20.0881
0.436877  1.45164e-05 20.3852
0.441246  1.4413e-05 20.6874
0.445658  1.43103e-05 20.9949
0.450115  1.42083e-05 21.3077
0.454616  1.41069e-05 21.6258
0.459162  1.40063e-05 21.9495
0.463754  1.39064e-05 22.2787
0.468391  1.38072e-05 22.6137
0.473075  1.37086e-05 22.9544
0.477806  1.36108e-05 23.3009
0.482584  1.35136e-05 23.6535
0.48741  1.34171e-05 24.0122
0.492284  1.33213e-05 24.377
0.497207  1.32262e-05 24.7482
0.502179  1.31317e-05 25.1257
0.507201  1.30379e-05 25.5098
0.512273  1.29448e-05 25.9005
0.517396  1.28523e-05 26.2979
0.52257  1.27605e-05 26.7022
0.527795  1.26693e-05 27.1135
0.533073  1.25788e-05 27.5319
0.538404  1.24889e-05 27.9575
0.543788  1.23997e-05 28.3905
0.549226  1.23111e-05 28.8309
0.554718  1.22231e-05 29.279
0.560265  1.21358e-05 29.7348
0.565868  1.2049e-05 30.1984
0.571527  1.19629e-05 30.6701
0.577242  1.18775e-05 31.1499
0.583014  1.17926e-05 31.638
0.588844  1.17083e-05 32.1345
0.594733  1.16246e-05 32.6396
0.60068  1.15416e-05 33.1534
0.606687  1.14591e-05 33.6761
0.612754  1.13772e-05 34.2078
0.618881  1.12959e-05 34.7487
0.62507  1.12152e-05 35.299
0.631321  1.1135e-05 35.8587
0.637634  1.10555e-05 36.4281
0.644011  1.09765e-05 37.0073
0.650451  1.0898e-05 37.5966
0.656955  1.08202e-05 38.196
0.663525  1.07428e-05 38.8057
0.67016  1.06661e-05 39.426
0.676862  1.05898e-05 40.057
0.68363  1.05141e-05 40.699
0.690466  1.0439e-05 41.3519
0.697371  1.03644e-05 42.0162
0.704345  1.02903e-05 42.6919
0.711388  1.02168e-05 43.3793
0.718502  1.01437e-05 44.0786
0.725687  1.00712e-05 44.79
0.732944  9.99922e-06 45.5136
0.740273  9.92773e-06 46.2497
0.747676  9.85674e-06 46.9986
0.755153  9.78625e-06 47.7604
0.762705  9.71626e-06 48.5353
0.770332  9.64675e-06 49.3237
0.778035  9.57773e-06 50.1256
0.785815  9.5092e-06 50.9415
0.793673  9.44114e-06 51.7714
0.80161  9.37355e-06 52.6156
0.809626  9.30644e-06 53.4745
0.817722  9.2398e-06 54.3482
0.8259  9.17361e-06 55.2369
0.834159  9.10789e-06 56.1411
0.8425  9.04262e-06 57.0609
0.850925  8.9778e-06 57.9965
0.859435  8.91343e-06 58.9484
0.868029  8.84951e-06 59.9167
0.876709  8.78602e-06 60.9018
0.885476  8.72297e-06 61.9039
0.894331  8.66036e-06 62.9234
0.903274  8.59818e-06 63.9604
0.912307  8.53642e-06 65.0155
0.92143  8.4751e-06 66.0887
0.930644  8.41421e-06 67.1806
0.939951  8.35375e-06 68.2913
0.94935  8.29369e-06 69.4213
0.958844  8.23405e-06 70.5709
0.968432  8.17481e-06 71.7403
0.978117  8.11597e-06 72.9301
0.987898  8.05754e-06 74.1404
0.997777  7.9995e-06 75.3717
1.00775  7.93678e-06 76.6243
1.01783  7.87957e-06 77.8987
1.02801  7.82275e-06 79.1951
1.03829  7.76631e-06 80.514
1.04867  7.71025e-06 81.8558
1.05916  7.65458e-06 83.2208
1.06975  7.59928e-06 84.6096
1.08045  7.54435e-06 86.0224
1.09125  7.4898e-06 87.4598
1.10217  7.43561e-06 88.9221
1.11319  7.38179e-06 90.4098
1.12432  7.32834e-06 91.9233
1.13556  7.27524e-06 93.4631
1.14692  7.2225e-06 95.0297
1.15839  7.17012e-06 96.6234
1.16997  7.11809e-06 98.2449
1.18167  7.06641e-06 99.8946
1.19349  7.01508e-06 101.573
1.20542  6.96409e-06 103.281
1.21748  6.91344e-06 105.018
1.22965  6.86313e-06 106.785
1.24195  6.81317e-06 108.584
1.25437  6.76353e-06 110.413
1.26691  6.71423e-06 112.275
1.27958  6.66526e-06 114.168
1.29238  6.61662e-06 116.095
1.3053  6.56831e-06 118.056
1.31835  6.52031e-06 120.05
1.33154  6.47264e-06 122.08
1.34485  6.42529e-06 124.144
1.3583  6.37826e-06 126.245
1.37188  6.33154e-06 128.383
1.3856  6.28514e-06 130.557
1.39946  6.23904e-06 132.77
1.41345  6.19326e-06 135.021
1.42759  6.14778e-06 137.312
1.44186  6.1026e-06 139.643
1.45628  6.05773e-06 142.014
1.47085  6.01316e-06 144.427
1.48555  5.96889e-06 146.882
1.50041  5.92492e-06 149.38
1.51541  5.88124e-06 151.922
1.53057  5.83785e-06 154.508
1.54587  5.79475e-06 157.14
1.56133  5.75195e-06 159.818
1.57695  5.70943e-06 162.542
1.59271  5.66719e-06 165.315
1.60864  5.62524e-06 168.136
1.62473  5.58357e-06 171.006
1.64098  5.54219e-06 173.927
1.65739  5.50108e-06 176.899
1.67396  5.46024e-06 179.923
1.6907  5.41969e-06 183
1.70761  5.3794e-06 186.132
1.72468  5.33939e-06 189.318
1.74193  5.29964e-06 192.56
1.75935  5.26017e-06 195.859
1.77694  5.22096e-06 199.216
1.79471  5.18202e-06 202.632
1.81266  5.14333e-06 206.108
1.83078  5.10492e-06 209.646
1.84909  5.06676e-06 213.245
1.86758  5.02886e-06 216.908
1.88626  4.99121e-06 220.635
1.90512  4.95382e-06 224.429
1.92417  4.91669e-06 228.289
1.94341  4.87981e-06 232.217
1.96285  4.84317e-06 236.215
1.98248  4.80679e-06 240.283
2.0023  4.7706e-06 244.423
2.02232  4.73415e-06 248.637
2.04255  4.69798e-06 252.925
2.06297  4.66208e-06 257.289
2.0836  4.62642e-06 261.731
2.10444  4.59102e-06 266.252
2.12548  4.55586e-06 270.853
2.14674  4.52095e-06 275.536
2.16821  4.48629e-06 280.302
2.18989  4.45186e-06 285.153
2.21179  4.41768e-06 290.09
2.2339  4.38375e-06 295.116
2.25624  4.35005e-06 300.231
2.27881  4.31659e-06 305.438
2.30159  4.28338e-06 310.737
2.32461  4.2504e-06 316.132
2.34786  4.21766e-06 321.622
2.37134  4.18515e-06 327.211
2.39505  4.15287e-06 332.899
2.419  4.12083e-06 338.689
2.44319  4.08901e-06 344.583
2.46762  4.05741e-06 350.581
2.4923  4.02604e-06 356.687
2.51722  3.99489e-06 362.902
2.54239  3.96396e-06 369.228
2.56782  3.93326e-06 375.667
2.59349  3.90278e-06 382.221
2.61943  3.87252e-06 388.892
2.64562  3.84247e-06 395.683
2.67208  3.81265e-06 402.595
2.6988  3.78304e-06 409.631
2.72579  3.75365e-06 416.792
2.75305  3.72447e-06 424.082
2.78058  3.69551e-06 431.503
2.80838  3.66675e-06 439.056
2.83647  3.6382e-06 446.745
2.86483  3.60986e-06 454.572
2.89348  3.58173e-06 462.539
2.92241  3.55381e-06 470.649
2.95164  3.52609e-06 478.905
2.98115  3.49858e-06 487.308
3.01097  3.47127e-06 495.863
3.04108  3.44415e-06 504.571
3.07149  3.41724e-06 513.436
3.1022  3.39052e-06 522.459
3.13322  3.364e-06 531.645
3.16456  3.33768e-06 540.996
3.1962  3.31155e-06 550.515
3.22816  3.28561e-06 560.205
3.26045  3.25986e-06 570.07
3.29305  3.2343e-06 580.112
3.32598  3.20892e-06 590.334
3.35924  3.18367e-06 600.741
3.39283  3.15852e-06 611.335
3.42676  3.13355e-06 622.12
3.46103  3.10878e-06 633.1
3.49564  3.08418e-06 644.278
3.53059  3.05977e-06 655.657
3.5659  3.03554e-06 667.242
3.60156  3.01149e-06 679.036
3.63758  2.98762e-06 691.043
3.67395  2.96393e-06 703.267
3.71069  2.94042e-06 715.711
3.7478  2.91708e-06 728.381
3.78528  2.89392e-06 741.28
3.82313  2.87093e-06 754.412
3.86136  2.84811e-06 767.782
3.89997  2.82547e-06 781.394
3.93897  2.803e-06 795.252
3.97836  2.78069e-06 809.362
4.01815  2.75856e-06 823.726
4.05833  2.73659e-06 838.351
4.09891  2.71478e-06 853.241
4.1399  2.69313e-06 868.401
4.1813  2.67165e-06 883.836
4.22311  2.65033e-06 899.55
4.26534  2.62917e-06 915.549
4.308  2.60818e-06 931.838
4.35108  2.58734e-06 948.422
4.39459  2.56666e-06 965.307
4.43853  2.54613e-06 982.498
4.48292  2.52576e-06 1000
4.52775  2.50555e-06 1017.82
4.57303  2.48549e-06 1035.96
4.61876  2.46558e-06 1054.43
4.66494  2.44583e-06 1073.24
4.71159  2.42631e-06 1092.39
4.75871  2.40707e-06 1111.88
4.8063  2.38797e-06 1131.73
4.85436  2.36901e-06 1151.94
4.9029  2.3502e-06 1172.51
4.95193  2.33152e-06 1193.45
5.00145  2.31299e-06 1214.78
5.05146  2.29459e-06 1236.49
5.10198  2.27633e-06 1258.59
5.153  2.25821e-06 1281.09
5.20453  2.24023e-06 1304.01
5.25657  2.22238e-06 1327.33
5.30914  2.20467e-06 1351.08
5.36223  2.18709e-06 1375.26
5.41585  2.16965e-06 1399.88
5.47001  2.15233e-06 1424.94
5.52471  2.13515e-06 1450.46
5.57996  2.1181e-06 1476.43
5.63576  2.10118e-06 1502.89
5.69212  2.08438e-06 1529.82
5.74904  2.06771e-06 1557.23
5.80653  2.05116e-06 1585.15
5.86459  2.03474e-06 1613.57
5.92324  2.01844e-06 1642.51
5.98247  2.00227e-06 1671.98
6.0423  1.98622e-06 1701.98
6.10272  1.97029e-06 1732.52
6.16375  1.95449e-06 1763.62
6.22538  1.9388e-06 1795.28
6.28764  1.92324e-06 1827.52
6.35051  1.9078e-06 1860.35
6.41402  1.89247e-06 1893.77
6.47816  1.87727e-06 1927.8
6.54294  1.86218e-06 1962.45
6.60837  1.8472e-06 1997.72
6.67445  1.83235e-06 2033.64
6.7412  1.8176e-06 2070.22
6.80861  1.80298e-06 2107.46
6.8767  1.78846e-06 2145.37
6.94546  1.77406e-06 2183.98
7.01492  1.75977e-06 2223.29
7.08507  1.74559e-06 2263.32
7.15592  1.73152e-06 2304.07
7.22748  1.71756e-06 2345.57
7.29975  1.7037e-06 2387.82
7.37275  1.68996e-06 2430.84
7.44648  1.67632e-06 2474.64
7.52094  1.66279e-06 2519.24
7.59615  1.64936e-06 2564.66
7.67211  1.63604e-06 2610.9
7.74883  1.62283e-06 2657.99
7.82632  1.60971e-06 2705.93
7.90459  1.5967e-06 2754.75
7.98363  1.58379e-06 2804.46
8.06347  1.57099e-06 2855.07
8.1441  1.55828e-06 2906.61
8.22554  1.54567e-06 2959.08
8.3078  1.53316e-06 3012.52
8.39088  1.52076e-06 3066.93
8.47479  1.50844e-06 3122.33
8.55953  1.49623e-06 3178.74
8.64513  1.48411e-06 3236.18
8.73158  1.47208e-06 3294.67
8.8189  1.46016e-06 3354.23
8.90709  1.44832e-06 3414.87
8.99616  1.43658e-06 3476.62
9.08612  1.42493e-06 3539.5
9.17698  1.41337e-06 3603.53
9.26875  1.40191e-06 3668.72
9.36144  1.39053e-06 3735.11
9.45505  1.37924e-06 3802.71
9.5496  1.36805e-06 3871.54
9.6451  1.35694e-06 3941.63
9.74155  1.34591e-06 4013
9.83896  1.33497e-06 4085.68
9.93735  1.32412e-06 4159.68
10.0367  1.31336e-06 4235.04
10.1371  1.30268e-06 4311.77
10.2385  1.29208e-06 4389.91
10.3409  1.28157e-06 4469.48
10.4443  1.27115e-06 4550.5
10.5487  1.2608e-06 4633
10.6542  1.25054e-06 4717.01
10.7607  1.24036e-06 4802.55
10.8683  1.23026e-06 4889.66
10.977  1.22025e-06 4978.37
11.0868  1.21031e-06 5068.7
11.1977  1.20045e-06 5160.68
11.3096  1.19067e-06 5254.34
11.4227  1.18097e-06 5349.71
11.537  1.17135e-06 5446.83
11.6523  1.1618e-06 5545.73
11.7689  1.15233e-06 5646.44
11.8865  1.14294e-06 5748.99
12.0054  1.13362e-06 5853.42
12.1255  1.12438e-06 5959.76
12.2467  1.11521e-06 6068.04
12.3692  1.10611e-06 6178.31
12.4929  1.09709e-06 6290.6
12.6178  1.08814e-06 6404.94
12.744  1.07927e-06 6521.37
12.8714  1.07046e-06 6639.94
13.0001  1.06172e-06 6760.68
13.1301  1.05306e-06 6883.62
13.2614  1.04447e-06 7008.82
13.3941  1.03594e-06 7136.32
13.528  1.02748e-06 7266.14
13.6633  1.01909e-06 7398.35
13.7999  1.01077e-06 7532.97
13.9379  1.00252e-06 7670.07
14.0773  9.94326e-07 7809.67
14.2181  9.86204e-07 7951.83
14.3602  9.78147e-07 8096.59
14.5038  9.70156e-07 8244.01
14.6489  9.62229e-07 8394.12
14.7954  9.54367e-07 8546.99
14.9433  9.46569e-07 8702.66
15.0928  9.38834e-07 8861.18
15.2437  9.31162e-07 9022.6
15.3961  9.23552e-07 9186.98
15.5501  9.16004e-07 9354.37
15.7056  9.08518e-07 9524.83
15.8626  9.01093e-07 9698.42
16.0213  8.93728e-07 9875.18
16.1815  8.86423e-07 10055.2
16.3433  8.79178e-07 10238.5
16.5067  8.71992e-07 10425.1
16.6718  8.64864e-07 10615.2
16.8385  8.57795e-07 10808.8
17.0069  8.50784e-07 11005.9
17.177  8.4383e-07 11206.6
17.3487  8.36932e-07 11411
17.5222  8.30092e-07 11619.2
17.6974  8.23307e-07 11831.1
17.8744  8.16578e-07 12047
18.0532  8.09904e-07 12266.8
18.2337  8.03284e-07 12490.6
18.416  7.96719e-07 12718.5
18.6002  7.90208e-07 12950.6
18.7862  7.8375e-07 13187
18.9741  7.77346e-07 13427.7
19.1638  7.70994e-07 13672.7
19.3554  7.64694e-07 13922.3
19.549  7.58445e-07 14176.5
19.7445  7.52247e-07 14435.3
19.9419  7.461e-07 14698.9
20.1413  7.40004e-07 14967.2
20.3427  7.33958e-07 15240.5
20.5462  7.27961e-07 15518.9
20.7516  7.22014e-07 15802.3
20.9592  7.16116e-07 16090.9
21.1687  7.10267e-07 16384.7
21.3804  7.04466e-07 16684
21.5942  6.98712e-07 16988.8
21.8102  6.93007e-07 17299.1
22.0283  6.87348e-07 17615.1
22.2486  6.81736e-07 17936.9
22.4711  6.76171e-07 18264.6
22.6958  6.70651e-07 18598.3
22.9227  6.65178e-07 18938.1
23.1519  6.59749e-07 19284.1
23.3835  6.54366e-07 19636.5
23.6173  6.49027e-07 19995.3
23.8535  6.43732e-07 20360.7
24.092  6.38481e-07 20732.8
24.3329  6.33274e-07 21111.7
24.5763  6.2811e-07 21497.5
24.822  6.22989e-07 21890.4
25.0702  6.1791e-07 22290.5
25.3209  6.12874e-07 22697.8
25.5742  6.07879e-07 23112.7
25.8299  6.02927e-07 23535.1
26.0882  5.98015e-07 23965.3
26.3491  5.93144e-07 24403.3
26.6126  5.88314e-07 24849.4
26.8787  5.83524e-07 25303.6
27.1475  5.78773e-07 25766.1
27.419  5.74063e-07 26237.1
27.6931  5.69392e-07 26716.7
27.9701  5.64759e-07 27205.1
28.2498  5.60166e-07 27702.4
28.5323  5.55611e-07 28208.7
28.8176  5.51093e-07 28724.4
29.1058  5.46614e-07 29249.4
29.3968  5.42172e-07 29784.1
29.6908  5.37767e-07 30328.5
29.9877  5.33399e-07 30882.9
30.2876  5.29068e-07 31447.4
30.5905  5.24773e-07 32022.2
30.8964  5.20514e-07 32607.5
31.2053  5.1629e-07 33203.5
31.5174  5.12102e-07 33810.4
31.8326  5.07949e-07 34428.4
32.1509  5.03831e-07 35057.7
32.4724  4.99748e-07 35698.4
32.7971  4.95699e-07 36350.8
33.1251  4.91684e-07 37015.2
33.4563  4.87703e-07 37691.6
33.7909  4.83755e-07 38380.4
34.1288  4.7984e-07 39081.8
34.4701  4.75958e-07 39795.9
34.8148  4.72109e-07 40523.1
35.1629  4.68293e-07 41263.6
35.5146  4.64508e-07 42017.5
35.8697  4.60756e-07 42785.2
36.2284  4.57035e-07 43566.9
36.5907  4.53346e-07 44362.8
36.9566  4.49687e-07 45173.2
37.3262  4.4606e-07 45998.4
37.6994  4.42463e-07 46838.6
38.0764  4.38897e-07 47694.1
38.4572  4.35361e-07 48565.1
38.8418  4.31854e-07 49452.1
39.2302  4.28378e-07 50355.1
39.6225  4.2493e-07 51274.6
40.0187  4.21512e-07 52210.9
40.4189  4.18123e-07 53164.1
40.8231  4.14763e-07 54134.7
41.2313  4.11431e-07 55123
41.6436  4.08127e-07 56129.2
42.0601  4.04852e-07 57153.7
42.4807  4.01604e-07 58196.8
42.9055  3.98384e-07 59258.8
43.3345  3.95191e-07 60340.2
43.7679  3.92025e-07 61441.2
44.2056  3.88886e-07 62562.1
44.6476  3.85774e-07 63703.4
45.0941  3.82689e-07 64865.5
45.545  3.79629e-07 66048.6
46.0005  3.76596e-07 67253.1
46.4605  3.73589e-07 68479.5
46.9251  3.70607e-07 69728.2
47.3943  3.6765e-07 70999.4
47.8683  3.64719e-07 72293.7
48.347  3.61813e-07 73611.5
48.8304  3.58932e-07 74953.1
49.3187  3.56075e-07 76319
49.8119  3.53242e-07 77709.6
50.31  3.50434e-07 79125.4
50.8131  3.4765e-07 80566.8
51.3213  3.4489e-07 82034.3
51.8345  3.42153e-07 83528.3
52.3528  3.3944e-07 85049.3
52.8764  3.3675e-07 86597.8
53.4051  3.34083e-07 88174.3
53.9392  3.31439e-07 89779.2
54.4786  3.28818e-07 91413.2
55.0234  3.26219e-07 93076.6
55.5736  3.23642e-07 94770
56.1293  3.21088e-07 96494
56.6906  3.18555e-07 98249
57.2575  3.16044e-07 100036
57.8301  3.13555e-07 101855
58.4084  3.11087e-07 103706
58.9925  3.08641e-07 105591
59.5824  3.06215e-07 107510
60.1782  3.03811e-07 109464
60.78  3.01427e-07 111452
61.3878  2.99064e-07 113477
62.0017  2.96721e-07 115537
62.6217  2.94398e-07 117635
63.2479  2.92095e-07 119771
63.8804  2.89813e-07 121945
64.5192  2.8755e-07 124158
65.1644  2.85306e-07 126410
65.816  2.83082e-07 128703
66.4742  2.80877e-07 131037
67.1389  2.78691e-07 133413
67.8103  2.76525e-07 135832
68.4884  2.74377e-07 138294
69.1733  2.72247e-07 140800
69.8651  2.70136e-07 143350
70.5637  2.68044e-07 145947
71.2693  2.65969e-07 148590
71.982  2.63913e-07 151280
72.7019  2.61874e-07 154018
73.4289  2.59853e-07 156805
74.1632  2.5785e-07 159641
74.9048  2.55864e-07 162529
75.6538  2.53895e-07 165467
76.4104  2.51944e-07 168459
77.1745  2.5001e-07 171503
77.9462  2.48092e-07 174602
78.7257  2.46191e-07 177756
79.513  2.44307e-07 180966
80.3081  2.42439e-07 184234
81.1112  2.40588e-07 187559
81.9223  2.38752e-07 190944
82.7415  2.36933e-07 194389
83.5689  2.3513e-07 197894
84.4046  2.33342e-07 201462
85.2486  2.3157e-07 205094
86.1011  2.29814e-07 208789
86.9621  2.28073e-07 212550
87.8318  2.26347e-07 216377
88.7101  2.24636e-07 220272
89.5972  2.22941e-07 224236
90.4932  2.2126e-07 228270
91.3981  2.19594e-07 232374
92.3121  2.17943e-07 236551
93.2352  2.16306e-07 240802
94.1675  2.14684e-07 245128
95.1092  2.13076e-07 249530
96.0603  2.11482e-07 254010
97.0209  2.09902e-07 258569
97.9911  2.08336e-07 263208
98.971  2.06784e-07 267930
99.9607  2.05246e-07 272734
100.96  2.03721e-07 277623
101.97  2.0221e-07 282599
102.99  2.00712e-07 287663
104.02  1.99227e-07 292816
105.06  1.97756e-07 298061
106.11  1.96297e-07 303399
107.171  1.94852e-07 308832
108.243  1.93419e-07 314361
109.326  1.91999e-07 319989
110.419  1.90592e-07 325718
111.523  1.89197e-07 331549
112.638  1.87814e-07 337484
113.765  1.86444e-07 343526
114.902  1.85086e-07 349675
116.051  1.8374e-07 355935
117.212  1.82406e-07 362306
118.384  1.81085e-07 368792
119.568  1.79774e-07 375393
120.763  1.78476e-07 382112
121.971  1.77189e-07 388951
123.191  1.75914e-07 395912
124.423  1.7465e-07 402997
125.667  1.73397e-07 410208
126.924  1.72156e-07 417548
128.193  1.70926e-07 425018
129.475  1.69706e-07 432621
130.77  1.68498e-07 440359
132.077  1.67301e-07 448234
133.398  1.66114e-07 456249
134.732  1.64938e-07 464406
136.079  1.63773e-07 472707
137.44  1.62618e-07 481155
138.814  1.61474e-07 489751
140.203  1.6034e-07 498500
141.605  1.59216e-07 507402
143.021  1.58102e-07 516460
144.451  1.56998e-07 525678
145.895  1.55905e-07 535058
147.354  1.54821e-07 544602
148.828  1.53747e-07 554314
150.316  1.52683e-07 564195
151.819  1.51629e-07 574250
153.338  1.50584e-07 584480
154.871  1.49548e-07 594889
156.42  1.48523e-07 605480
157.984  1.47506e-07 616255
159.564  1.46499e-07 627218
161.159  1.455e-07 638372
162.771  1.44511e-07 649720
164.399  1.43531e-07 661265
166.043  1.4256e-07 673010
167.703  1.41598e-07 684959
169.38  1.40645e-07 697115
171.074  1.39701e-07 709481
172.785  1.38765e-07 722060
174.512  1.37837e-07 734857
176.258  1.36919e-07 747874
178.02  1.36008e-07 761116
179.8  1.35107e-07 774585
181.598  1.34213e-07 788285
183.414  1.33328e-07 802221
185.248  1.32451e-07 816395
187.101  1.31582e-07 830813
188.972  1.30721e-07 845476
190.862  1.29868e-07 860391
192.77  1.29023e-07 875560
194.698  1.28185e-07 890988
196.645  1.27356e-07 906678
198.611  1.26534e-07 922636
200.598  1.2572e-07 938864
202.604  1.24914e-07 955368
204.63  1.24115e-07 972151
206.676  1.23324e-07 989218
208.743  1.22539e-07 1.00657e+06
210.83  1.21763e-07 1.02422e+06
212.938  1.20993e-07 1.04217e+06
215.068  1.20231e-07 1.06042e+06
217.218  1.19476e-07 1.07898e+06
219.391  1.18728e-07 1.09784e+06
221.584  1.17988e-07 1.11703e+06
223.8  1.17254e-07 1.13654e+06
226.038  1.16527e-07 1.15637e+06
228.299  1.15807e-07 1.17653e+06
230.582  1.15094e-07 1.19703e+06
232.888  1.14387e-07 1.21788e+06
235.216  1.13687e-07 1.23907e+06
237.569  1.12994e-07 1.26061e+06
239.944  1.12308e-07 1.28251e+06
242.344  1.11628e-07 1.30477e+06
244.767  1.10954e-07 1.32741e+06
247.215  1.10287e-07 1.35041e+06
249.687  1.09627e-07 1.3738e+06
252.184  1.08973e-07 1.39757e+06
254.706  1.08325e-07 1.42174e+06
257.253  1.07683e-07 1.4463e+06
259.825  1.07047e-07 1.47126e+06
262.423  1.06418e-07 1.49664e+06
265.048  1.05794e-07 1.52243e+06
267.698  1.05177e-07 1.54864e+06
270.375  1.04565e-07 1.57528e+06
273.079  1.0396e-07 1.60235e+06
275.81  1.0336e-07 1.62987e+06
278.568  1.02767e-07 1.65783e+06
281.354  1.02179e-07 1.68625e+06
284.167  1.01596e-07 1.71512e+06
287.009  1.0102e-07 1.74447e+06
289.879  1.00449e-07 1.77429e+06
292.778  9.98837e-08 1.80459e+06
295.705  9.9324e-08 1.83538e+06
298.662  9.87698e-08 1.86666e+06
301.649  9.8221e-08 1.89845e+06
304.666  9.76776e-08 1.93074e+06
307.712  9.71396e-08 1.96356e+06
310.789  9.6607e-08 1.9969e+06
313.897  9.60796e-08 2.03077e+06
317.036  9.55575e-08 2.06518e+06
320.207  9.50405e-08 2.10014e+06
323.409  9.45288e-08 2.13565e+06
326.643  9.40221e-08 2.17173e+06
329.909  9.35205e-08 2.20837e+06
333.208  9.3024e-08 2.2456e+06
336.54  9.25324e-08 2.28342e+06
339.906  9.20458e-08 2.32183e+06
343.305  9.15641e-08 2.36084e+06
346.738  9.10873e-08 2.40047e+06
350.205  9.06153e-08 2.44072e+06
353.707  9.01481e-08 2.4816e+06
357.244  8.96857e-08 2.52311e+06
360.817  8.92279e-08 2.56528e+06
364.425  8.87749e-08 2.6081e+06
368.069  8.83265e-08 2.65159e+06
371.75  8.78827e-08 2.69575e+06
375.467  8.74435e-08 2.74059e+06
379.222  8.70088e-08 2.78613e+06
383.014  8.65785e-08 2.83238e+06
386.844  8.61528e-08 2.87933e+06
390.713  8.57314e-08 2.92701e+06
394.62  8.53145e-08 2.97542e+06
398.566  8.49019e-08 3.02457e+06
402.552  8.44936e-08 3.07447e+06
406.577  8.40896e-08 3.12513e+06
410.643  8.36898e-08 3.17657e+06
414.75  8.32943e-08 3.22878e+06
418.897  8.29029e-08 3.2818e+06
423.086  8.25156e-08 3.33561e+06
427.317  8.21325e-08 3.39024e+06
431.59  8.17535e-08 3.44569e+06
435.906  8.13785e-08 3.50198e+06
440.265  8.10075e-08 3.55912e+06
444.668  8.06405e-08 3.61711e+06
449.114  8.02774e-08 3.67597e+06
453.605  7.99183e-08 3.73571e+06
458.142  7.9563e-08 3.79635e+06
462.723  7.92116e-08 3.85788e+06
467.35  7.88641e-08 3.92034e+06
472.024  7.85203e-08 3.98371e+06
476.744  7.81803e-08 4.04803e+06
481.511  7.7844e-08 4.1133e+06
486.326  7.75114e-08 4.17953e+06
491.19  7.71825e-08 4.24674e+06
496.102  7.68572e-08 4.31493e+06
501.063  7.65356e-08 4.38413e+06
506.073  7.62175e-08 4.45433e+06
511.134  7.5903e-08 4.52556e+06
516.245  7.5592e-08 4.59783e+06
521.408  7.52846e-08 4.67115e+06
526.622  7.49806e-08 4.74553e+06
531.888  7.468e-08 4.82099e+06
537.207  7.43829e-08 4.89754e+06
542.579  7.40892e-08 4.9752e+06
548.005  7.37988e-08 5.05398e+06
553.485  7.35118e-08 5.13388e+06
559.02  7.3228e-08 5.21493e+06
564.61  7.29476e-08 5.29715e+06
570.256  7.26704e-08 5.38053e+06
575.959  7.23965e-08 5.4651e+06
581.718  7.21258e-08 5.55087e+06
587.535  7.18582e-08 5.63786e+06
593.411  7.15938e-08 5.72609e+06
599.345  7.13326e-08 5.81555e+06
605.338  7.10744e-08 5.90628e+06
611.392  7.08194e-08 5.99829e+06
617.506  7.05674e-08 6.09159e+06
623.681  7.03184e-08 6.18619e+06
629.917  7.00725e-08 6.28212e+06
636.217  6.98295e-08 6.37938e+06
642.579  6.95895e-08 6.47799e+06
649.005  6.93525e-08 6.57797e+06
655.495  6.91183e-08 6.67934e+06
662.05  6.88871e-08 6.78211e+06
668.67  6.86587e-08 6.8863e+06
675.357  6.84332e-08 6.99192e+06
682.11  6.82105e-08 7.09899e+06
688.931  6.79906e-08 7.20753e+06
695.821  6.77735e-08 7.31755e+06
702.779  6.75592e-08 7.42908e+06
709.807  6.73476e-08 7.54212e+06
716.905  6.71387e-08 7.65669e+06
724.074  6.69325e-08 7.77282e+06
731.315  6.6729e-08 7.89051e+06
738.628  6.65281e-08 8.0098e+06
746.014  6.63299e-08 8.13069e+06
753.474  6.61343e-08 8.2532e+06
761.009  6.59413e-08 8.37735e+06
768.619  6.57508e-08 8.50317e+06
776.305  6.55629e-08 8.63066e+06
784.068  6.53776e-08 8.75985e+06
791.909  6.51947e-08 8.89076e+06
799.828  6.50143e-08 9.02339e+06
807.826  6.48365e-08 9.15778e+06
815.905  6.4661e-08 9.29394e+06
824.064  6.4488e-08 9.4319e+06
832.304  6.43174e-08 9.57166e+06
840.627  6.41493e-08 9.71326e+06
849.034  6.39834e-08 9.8567e+06
857.524  6.382e-08 1.0002e+07
866.099  6.36589e-08 1.01492e+07
874.76  6.35001e-08 1.02983e+07
883.508  6.33436e-08 1.04494e+07
892.343  6.31894e-08 1.06024e+07
901.266  6.30375e-08 1.07574e+07
910.279  6.28878e-08 1.09143e+07
919.382  6.27403e-08 1.10733e+07
928.575  6.25951e-08 1.12343e+07
937.861  6.2452e-08 1.13974e+07
947.24  6.23112e-08 1.15625e+07
956.712  6.21725e-08 1.17298e+07
966.279  6.20359e-08 1.18991e+07
975.942  6.19015e-08 1.20707e+07
985.702  6.17692e-08 1.22443e+07
995.559  6.16389e-08 1.24202e+07
