 loop =           0  is type =           0   0.00000000       20.0000000       0.00000000       1.29999995       0.00000000       0.00000000       0.00000000       0.00000000       0.00000000    
 loop =          -1  is type =           1   0.00000000       80.4629974       1.07509995      0.776000023       11.4962997       1.58270001      0.744000018       0.00000000       0.00000000    
 loop =          -1  is type =           2   0.00000000       0.00000000       0.00000000       0.00000000       8.60000000E-05   1.58270001      0.744000018       0.00000000       0.00000000    
 WOUT,ITER,FALLOC = F           0 F
