 loop =           0  is type =           0   0.00000000       20.0000000       0.00000000       1.38080001       0.00000000       0.00000000       0.00000000       0.00000000       0.00000000    
 loop =          -1  is type =           1   0.00000000       46.9207001       1.15450001      0.674799979       3.68280005       1.15450001      0.674799979       0.00000000       0.00000000    
 loop =          -1  is type =           2   0.00000000       0.00000000       0.00000000       0.00000000       6.99970007       1.29939997      0.529100001       0.00000000       0.00000000    
 loop =          -1  is type =           3   0.00000000       5.03410006      0.947000027      0.589999974     -0.209999993      0.947000027      0.589999974       0.00000000       0.00000000    
 WOUT,ITER,FALLOC = F           0 F
