 loop =           0  is type =           0   0.00000000       20.0000000       0.00000000       1.38000000       0.00000000       0.00000000       0.00000000       0.00000000       0.00000000    
 loop =          -1  is type =           1   0.00000000       46.9199982       1.14999998      0.670000017       3.68000007       1.14999998      0.670000017       0.00000000       0.00000000    
 loop =          -1  is type =           2   0.00000000       0.00000000       0.00000000       0.00000000       4.67000008       1.29999995      0.529999971       0.00000000       0.00000000    
 loop =          -1  is type =           3   0.00000000       2.51999998      0.949999988      0.589999974     -0.109999999      0.949999988      0.589999974       0.00000000       0.00000000    
 WOUT,ITER,FALLOC = F           0 F
