0.001  6.36916e-06 0.314017
0.00101  6.40093e-06 0.315583
0.0010201  6.43285e-06 0.317157
0.0010303  6.46494e-06 0.318739
0.0010406  6.49718e-06 0.320329
0.00105101  6.52959e-06 0.321927
0.00106152  6.56215e-06 0.323532
0.00107214  6.59488e-06 0.325146
0.00108286  6.62777e-06 0.326767
0.00109369  6.66083e-06 0.328397
0.00110462  6.69405e-06 0.330035
0.00111567  6.72744e-06 0.331681
0.00112683  6.76099e-06 0.333335
0.00113809  6.79471e-06 0.334998
0.00114947  6.8286e-06 0.336669
0.00116097  6.86266e-06 0.338348
0.00117258  6.89689e-06 0.340035
0.0011843  6.93129e-06 0.341731
0.00119615  6.96586e-06 0.343436
0.00120811  7.0006e-06 0.345149
0.00122019  7.03552e-06 0.34687
0.00123239  7.07061e-06 0.3486
0.00124472  7.10587e-06 0.350339
0.00125716  7.14131e-06 0.352086
0.00126973  7.17693e-06 0.353842
0.00128243  7.21272e-06 0.355607
0.00129526  7.2487e-06 0.35738
0.00130821  7.28485e-06 0.359163
0.00132129  7.32119e-06 0.360954
0.0013345  7.3577e-06 0.362754
0.00134785  7.3944e-06 0.364564
0.00136133  7.43128e-06 0.366382
0.00137494  7.46834e-06 0.368209
0.00138869  7.50559e-06 0.370046
0.00140258  7.54303e-06 0.371891
0.0014166  7.58065e-06 0.373746
0.00143077  7.61846e-06 0.37561
0.00144508  7.65645e-06 0.377483
0.00145953  7.69464e-06 0.379366
0.00147412  7.73302e-06 0.381258
0.00148886  7.77159e-06 0.38316
0.00150375  7.81035e-06 0.385071
0.00151879  7.8493e-06 0.386991
0.00153398  7.88845e-06 0.388921
0.00154932  7.9278e-06 0.390861
0.00156481  7.96734e-06 0.392811
0.00158046  8.00707e-06 0.39477
0.00159626  8.04701e-06 0.396739
0.00161223  8.08714e-06 0.398717
0.00162835  8.12748e-06 0.400706
0.00164463  8.16802e-06 0.402705
0.00166108  8.20875e-06 0.404713
0.00167769  8.2497e-06 0.406732
0.00169447  8.29084e-06 0.40876
0.00171141  8.33219e-06 0.410799
0.00172852  8.37375e-06 0.412848
0.00174581  8.41551e-06 0.414907
0.00176327  8.45749e-06 0.416976
0.0017809  8.49967e-06 0.419056
0.00179871  8.54206e-06 0.421146
0.0018167  8.58467e-06 0.423246
0.00183486  8.62748e-06 0.425357
0.00185321  8.67051e-06 0.427479
0.00187174  8.71376e-06 0.429611
0.00189046  8.75722e-06 0.431754
0.00190937  8.8009e-06 0.433907
0.00192846  8.84479e-06 0.436071
0.00194774  8.8889e-06 0.438246
0.00196722  8.93324e-06 0.440432
0.00198689  8.97779e-06 0.442628
0.00200676  9.02257e-06 0.444836
0.00202683  9.06757e-06 0.447054
0.0020471  9.1128e-06 0.449284
0.00206757  9.15825e-06 0.451525
0.00208825  9.20392e-06 0.453777
0.00210913  9.24983e-06 0.45604
0.00213022  9.29596e-06 0.458315
0.00215152  9.34233e-06 0.460601
0.00217304  9.38892e-06 0.462898
0.00219477  9.43575e-06 0.465207
0.00221672  9.48281e-06 0.467527
0.00223888  9.53011e-06 0.469859
0.00226127  9.57764e-06 0.472202
0.00228388  9.62541e-06 0.474557
0.00230672  9.67342e-06 0.476924
0.00232979  9.72166e-06 0.479303
0.00235309  9.77015e-06 0.481693
0.00237662  9.81888e-06 0.484096
0.00240038  9.86785e-06 0.48651
0.00242439  9.91707e-06 0.488937
0.00244863  9.96653e-06 0.491375
0.00247312  1.00162e-05 0.493826
0.00249785  1.00662e-05 0.496289
0.00252283  1.01164e-05 0.498764
0.00254806  1.01669e-05 0.501252
0.00257354  1.02176e-05 0.503752
0.00259927  1.02685e-05 0.506264
0.00262527  1.03197e-05 0.508789
0.00265152  1.03712e-05 0.511327
0.00267803  1.04229e-05 0.513877
0.00270481  1.04749e-05 0.51644
0.00273186  1.05272e-05 0.519016
0.00275918  1.05797e-05 0.521604
0.00278677  1.06324e-05 0.524206
0.00281464  1.06855e-05 0.52682
0.00284279  1.07388e-05 0.529448
0.00287121  1.07923e-05 0.532088
0.00289993  1.08462e-05 0.534742
0.00292893  1.09002e-05 0.537409
0.00295822  1.09546e-05 0.54009
0.0029878  1.10093e-05 0.542784
0.00301768  1.10642e-05 0.545491
0.00304785  1.11193e-05 0.548211
0.00307833  1.11748e-05 0.550945
0.00310911  1.12305e-05 0.553693
0.0031402  1.12865e-05 0.556455
0.00317161  1.13428e-05 0.55923
0.00320332  1.13994e-05 0.562019
0.00323536  1.14563e-05 0.564822
0.00326771  1.15134e-05 0.56764
0.00330039  1.15708e-05 0.570471
0.00333339  1.16285e-05 0.573316
0.00336672  1.16865e-05 0.576175
0.00340039  1.17448e-05 0.579049
0.0034344  1.18034e-05 0.581937
0.00346874  1.18623e-05 0.584839
0.00350343  1.19214e-05 0.587756
0.00353846  1.19809e-05 0.590688
0.00357385  1.20407e-05 0.593634
0.00360958  1.21007e-05 0.596595
0.00364568  1.21611e-05 0.59957
0.00368214  1.22217e-05 0.602561
0.00371896  1.22827e-05 0.605566
0.00375615  1.23439e-05 0.608586
0.00379371  1.24055e-05 0.611622
0.00383165  1.24674e-05 0.614672
0.00386996  1.25296e-05 0.617738
0.00390866  1.2592e-05 0.620819
0.00394775  1.26548e-05 0.623915
0.00398723  1.2718e-05 0.627027
0.0040271  1.27814e-05 0.630154
0.00406737  1.28451e-05 0.633297
0.00410804  1.29092e-05 0.636456
0.00414912  1.29736e-05 0.63963
0.00419062  1.30383e-05 0.64282
0.00423252  1.31033e-05 0.646026
0.00427485  1.31687e-05 0.649248
0.0043176  1.32344e-05 0.652486
0.00436077  1.33004e-05 0.655741
0.00440438  1.33667e-05 0.659011
0.00444842  1.34334e-05 0.662298
0.00449291  1.35004e-05 0.665601
0.00453784  1.35677e-05 0.668921
0.00458321  1.36354e-05 0.672257
0.00462905  1.37034e-05 0.67561
0.00467534  1.37717e-05 0.67898
0.00472209  1.38404e-05 0.682366
0.00476931  1.39095e-05 0.68577
0.004817  1.39788e-05 0.68919
0.00486517  1.40485e-05 0.692627
0.00491383  1.41186e-05 0.696082
0.00496296  1.4189e-05 0.699553
0.00501259  1.42598e-05 0.703042
0.00506272  1.43309e-05 0.706549
0.00511335  1.44024e-05 0.710073
0.00516448  1.44742e-05 0.713614
0.00521613  1.45464e-05 0.717174
0.00526829  1.4619e-05 0.720751
0.00532097  1.46919e-05 0.724345
0.00537418  1.47652e-05 0.727958
0.00542792  1.48388e-05 0.731589
0.0054822  1.49128e-05 0.735238
0.00553702  1.49872e-05 0.738904
0.00559239  1.50619e-05 0.74259
0.00564832  1.51371e-05 0.746293
0.0057048  1.52126e-05 0.750016
0.00576185  1.52884e-05 0.753756
0.00581947  1.53647e-05 0.757516
0.00587766  1.54413e-05 0.761294
0.00593644  1.55183e-05 0.765091
0.0059958  1.55957e-05 0.768907
0.00605576  1.56735e-05 0.772742
0.00611632  1.57517e-05 0.776596
0.00617748  1.58303e-05 0.780469
0.00623926  1.59092e-05 0.784362
0.00630165  1.59886e-05 0.788274
0.00636466  1.60683e-05 0.792205
0.00642831  1.61484e-05 0.796156
0.00649259  1.6229e-05 0.800127
0.00655752  1.63099e-05 0.804118
0.0066231  1.63913e-05 0.808129
0.00668933  1.6473e-05 0.812159
0.00675622  1.65552e-05 0.81621
0.00682378  1.66378e-05 0.820281
0.00689202  1.67207e-05 0.824372
0.00696094  1.68041e-05 0.828483
0.00703055  1.68879e-05 0.832615
0.00710085  1.69722e-05 0.836768
0.00717186  1.70568e-05 0.840942
0.00724358  1.71419e-05 0.845136
0.00731602  1.72274e-05 0.849351
0.00738918  1.73133e-05 0.853587
0.00746307  1.73997e-05 0.857845
0.0075377  1.74864e-05 0.862123
0.00761308  1.75737e-05 0.866423
0.00768921  1.76613e-05 0.870744
0.0077661  1.77494e-05 0.875087
0.00784376  1.78379e-05 0.879452
0.0079222  1.79269e-05 0.883838
0.00800142  1.80163e-05 0.888246
0.00808144  1.81062e-05 0.892676
0.00816225  1.81965e-05 0.897129
0.00824387  1.82872e-05 0.901603
0.00832631  1.83784e-05 0.9061
0.00840957  1.84701e-05 0.910619
0.00849367  1.85622e-05 0.915161
0.00857861  1.86548e-05 0.919725
0.00866439  1.87478e-05 0.924312
0.00875104  1.88413e-05 0.928922
0.00883855  1.89353e-05 0.933555
0.00892693  1.90298e-05 0.938211
0.0090162  1.91247e-05 0.942891
0.00910636  1.92201e-05 0.947594
0.00919743  1.93159e-05 0.95232
0.0092894  1.94123e-05 0.95707
0.0093823  1.95091e-05 0.961843
0.00947612  1.96064e-05 0.96664
0.00957088  1.97042e-05 0.971462
0.00966659  1.98024e-05 0.976307
0.00976325  1.99012e-05 0.981176
0.00986089  2.00005e-05 0.986069
0.0099595  2.01002e-05 0.990987
0.0100591  2.02005e-05 0.99593
0.0101597  2.03012e-05 1.0009
0.0102613  2.04025e-05 1.00589
0.0103639  2.05042e-05 1.01091
0.0104675  2.06065e-05 1.01595
0.0105722  2.07093e-05 1.02102
0.0106779  2.08126e-05 1.02611
0.0107847  2.09164e-05 1.03123
0.0108926  2.10207e-05 1.03637
0.0110015  2.11255e-05 1.04154
0.0111115  2.12309e-05 1.04673
0.0112226  2.13368e-05 1.05195
0.0113348  2.14432e-05 1.0572
0.0114482  2.15502e-05 1.06247
0.0115627  2.16576e-05 1.06777
0.0116783  2.17657e-05 1.0731
0.0117951  2.18742e-05 1.07845
0.011913  2.19833e-05 1.08383
0.0120322  2.2093e-05 1.08923
0.0121525  2.22032e-05 1.09467
0.012274  2.23139e-05 1.10013
0.0123967  2.24252e-05 1.10561
0.0125207  2.2537e-05 1.11113
0.0126459  2.26494e-05 1.11667
0.0127724  2.27624e-05 1.12224
0.0129001  2.28759e-05 1.12784
0.0130291  2.299e-05 1.13346
0.0131594  2.31047e-05 1.13911
0.013291  2.32199e-05 1.1448
0.0134239  2.33357e-05 1.15051
0.0135581  2.34521e-05 1.15624
0.0136937  2.35691e-05 1.16201
0.0138307  2.36866e-05 1.16781
0.013969  2.38048e-05 1.17363
0.0141086  2.39235e-05 1.17948
0.0142497  2.40428e-05 1.18537
0.0143922  2.41627e-05 1.19128
0.0145362  2.42833e-05 1.19722
0.0146815  2.44044e-05 1.20319
0.0148283  2.45261e-05 1.20919
0.0149766  2.46484e-05 1.21522
0.0151264  2.47714e-05 1.22128
0.0152776  2.48949e-05 1.22737
0.0154304  2.50191e-05 1.23349
0.0155847  2.51438e-05 1.23965
0.0157406  2.52693e-05 1.24583
0.015898  2.53953e-05 1.25204
0.016057  2.55219e-05 1.25829
0.0162175  2.56492e-05 1.26457
0.0163797  2.57772e-05 1.27088
0.0165435  2.59057e-05 1.27722
0.0167089  2.60349e-05 1.28359
0.016876  2.61648e-05 1.28999
0.0170448  2.62953e-05 1.29643
0.0172152  2.64264e-05 1.30289
0.0173874  2.65582e-05 1.30939
0.0175613  2.66907e-05 1.31592
0.0177369  2.68238e-05 1.32248
0.0179142  2.69576e-05 1.32907
0.0180934  2.70921e-05 1.3357
0.0182743  2.72272e-05 1.34236
0.0184571  2.7363e-05 1.34905
0.0186416  2.74995e-05 1.35577
0.018828  2.76366e-05 1.36253
0.0190163  2.77745e-05 1.36932
0.0192065  2.7913e-05 1.37615
0.0193986  2.80522e-05 1.38301
0.0195925  2.81921e-05 1.38991
0.0197885  2.83327e-05 1.39684
0.0199864  2.8474e-05 1.40381
0.0201862  2.8611e-05 1.41082
0.0203881  2.87333e-05 1.41786
0.020592  2.88561e-05 1.42494
0.0207979  2.89793e-05 1.43206
0.0210059  2.91028e-05 1.43922
0.0212159  2.92268e-05 1.44642
0.0214281  2.93511e-05 1.45366
0.0216424  2.94758e-05 1.46094
0.0218588  2.96008e-05 1.46827
0.0220774  2.97263e-05 1.47563
0.0222981  2.98521e-05 1.48304
0.0225211  2.99783e-05 1.49049
0.0227463  3.01049e-05 1.49798
0.0229738  3.02319e-05 1.50552
0.0232035  3.03592e-05 1.5131
0.0234356  3.04869e-05 1.52073
0.0236699  3.06149e-05 1.5284
0.0239066  3.07433e-05 1.53612
0.0241457  3.08721e-05 1.54388
0.0243871  3.10012e-05 1.55169
0.024631  3.11307e-05 1.55954
0.0248773  3.12605e-05 1.56744
0.0251261  3.13907e-05 1.57538
0.0253774  3.15212e-05 1.58337
0.0256311  3.1652e-05 1.59141
0.0258874  3.17832e-05 1.59949
0.0261463  3.19147e-05 1.60762
0.0264078  3.20465e-05 1.61579
0.0266719  3.21787e-05 1.62402
0.0269386  3.23112e-05 1.63229
0.027208  3.2444e-05 1.64061
0.02748  3.25771e-05 1.64897
0.0277548  3.27106e-05 1.65739
0.0280324  3.28443e-05 1.66586
0.0283127  3.29783e-05 1.67437
0.0285958  3.31127e-05 1.68294
0.0288818  3.32473e-05 1.69156
0.0291706  3.33822e-05 1.70023
0.0294623  3.35174e-05 1.70895
0.029757  3.36529e-05 1.71772
0.0300545  3.37886e-05 1.72655
0.0303551  3.39247e-05 1.73542
0.0306586  3.40609e-05 1.74435
0.0309652  3.41975e-05 1.75334
0.0312749  3.43343e-05 1.76237
0.0315876  3.44713e-05 1.77147
0.0319035  3.46086e-05 1.78061
0.0322225  3.47461e-05 1.78981
0.0325447  3.48838e-05 1.79907
0.0328702  3.50218e-05 1.80838
0.0331989  3.51599e-05 1.81775
0.0335309  3.52983e-05 1.82717
0.0338662  3.54369e-05 1.83665
0.0342049  3.55757e-05 1.84619
0.0345469  3.57147e-05 1.85578
0.0348924  3.58538e-05 1.86544
0.0352413  3.59932e-05 1.87515
0.0355937  3.61327e-05 1.88492
0.0359496  3.62723e-05 1.89475
0.0363091  3.64121e-05 1.90465
0.0366722  3.65521e-05 1.9146
0.037039  3.66922e-05 1.92461
0.0374093  3.68324e-05 1.93469
0.0377834  3.69727e-05 1.94483
0.0381613  3.71131e-05 1.95503
0.0385429  3.72537e-05 1.96529
0.0389283  3.73943e-05 1.97561
0.0393176  3.75351e-05 1.986
0.0397108  3.76759e-05 1.99646
0.0401079  3.78167e-05 2.00698
0.040509  3.79576e-05 2.01757
0.040914  3.80986e-05 2.02822
0.0413232  3.82396e-05 2.03894
0.0417364  3.83806e-05 2.04973
0.0421538  3.85217e-05 2.06058
0.0425753  3.86627e-05 2.0715
0.0430011  3.88038e-05 2.08249
0.0434311  3.89448e-05 2.09356
0.0438654  3.90858e-05 2.10469
0.044304  3.92268e-05 2.11589
0.0447471  3.93677e-05 2.12716
0.0451946  3.95086e-05 2.13851
0.0456465  3.96493e-05 2.14993
0.046103  3.979e-05 2.16142
0.046564  3.99306e-05 2.17299
0.0470296  4.00711e-05 2.18463
0.0474999  4.02115e-05 2.19634
0.0479749  4.03517e-05 2.20814
0.0484547  4.04918e-05 2.22
0.0489392  4.06317e-05 2.23195
0.0494286  4.07715e-05 2.24397
0.0499229  4.0911e-05 2.25608
0.0504221  4.10504e-05 2.26826
0.0509264  4.11896e-05 2.28052
0.0514356  4.13285e-05 2.29286
0.05195  4.14671e-05 2.30529
0.0524695  4.16056e-05 2.3178
0.0529942  4.17437e-05 2.33039
0.0535241  4.18816e-05 2.34306
0.0540594  4.20191e-05 2.35582
0.0546  4.21563e-05 2.36866
0.055146  4.22932e-05 2.38159
0.0556974  4.24298e-05 2.39461
0.0562544  4.2566e-05 2.40772
0.0568169  4.27018e-05 2.42091
0.0573851  4.28372e-05 2.4342
0.0579589  4.29722e-05 2.44757
0.0585385  4.31068e-05 2.46104
0.0591239  4.32409e-05 2.4746
0.0597152  4.33745e-05 2.48825
0.0603123  4.35077e-05 2.50199
0.0609154  4.36404e-05 2.51583
0.0615246  4.37725e-05 2.52977
0.0621398  4.39042e-05 2.54381
0.0627612  4.40352e-05 2.55794
0.0633888  4.41658e-05 2.57217
0.0640227  4.42957e-05 2.5865
0.064663  4.4425e-05 2.60094
0.0653096  4.45537e-05 2.61547
0.0659627  4.46818e-05 2.63011
0.0666223  4.48092e-05 2.64486
0.0672885  4.49359e-05 2.65971
0.0679614  4.50619e-05 2.67466
0.068641  4.51872e-05 2.68972
0.0693275  4.53118e-05 2.70489
0.0700207  4.54356e-05 2.72017
0.0707209  4.55586e-05 2.73556
0.0714281  4.56809e-05 2.75106
0.0721424  4.58023e-05 2.76667
0.0728638  4.59229e-05 2.78239
0.0735925  4.60426e-05 2.79823
0.0743284  4.61615e-05 2.81419
0.0750717  4.62795e-05 2.83027
0.0758224  4.63966e-05 2.84646
0.0765806  4.65127e-05 2.86278
0.0773464  4.66279e-05 2.87922
0.0781199  4.67421e-05 2.89579
0.0789011  4.68554e-05 2.91248
0.0796901  4.69676e-05 2.9293
0.080487  4.70788e-05 2.94626
0.0812919  4.71698e-05 2.96334
0.0821048  4.7258e-05 2.98057
0.0829259  4.73447e-05 2.99793
0.0837551  4.74298e-05 3.01542
0.0845927  4.75134e-05 3.03306
0.0854386  4.75954e-05 3.05085
0.086293  4.76757e-05 3.06878
0.0871559  4.77545e-05 3.08686
0.0880275  4.78316e-05 3.10509
0.0889077  4.79069e-05 3.12347
0.0897968  4.79806e-05 3.14201
0.0906948  4.80525e-05 3.16071
0.0916017  4.81226e-05 3.17957
0.0925178  4.81909e-05 3.19859
0.0934429  4.82574e-05 3.21778
0.0943774  4.83221e-05 3.23713
0.0953211  4.83848e-05 3.25665
0.0962743  4.84457e-05 3.27634
0.0972371  4.85046e-05 3.2962
0.0982095  4.85615e-05 3.31624
0.0991916  4.86165e-05 3.33645
0.100183  4.86695e-05 3.35685
0.101185  4.87204e-05 3.37742
0.102197  4.87692e-05 3.39818
0.103219  4.8816e-05 3.41913
0.104251  4.88606e-05 3.44026
0.105294  4.89031e-05 3.46159
0.106347  4.89435e-05 3.48311
0.10741  4.89816e-05 3.50483
0.108484  4.90176e-05 3.52675
0.109569  4.90513e-05 3.54887
0.110665  4.90827e-05 3.5712
0.111772  4.91119e-05 3.59374
0.112889  4.91388e-05 3.61649
0.114018  4.91633e-05 3.63946
0.115158  4.91855e-05 3.66265
0.11631  4.92053e-05 3.68605
0.117473  4.92227e-05 3.70969
0.118648  4.92378e-05 3.73355
0.119834  4.92504e-05 3.75764
0.121033  4.92605e-05 3.78197
0.122243  4.92682e-05 3.80654
0.123465  4.92733e-05 3.83135
0.1247  4.9276e-05 3.85641
0.125947  4.92762e-05 3.88171
0.127206  4.92738e-05 3.90728
0.128478  4.92688e-05 3.93309
0.129763  4.92613e-05 3.95917
0.131061  4.92512e-05 3.98552
0.132372  4.92385e-05 4.01213
0.133695  4.92232e-05 4.03902
0.135032  4.92052e-05 4.06618
0.136383  4.91847e-05 4.09363
0.137746  4.91614e-05 4.12137
0.139124  4.91355e-05 4.14939
0.140515  4.91069e-05 4.17772
0.14192  4.90756e-05 4.20634
0.143339  4.90417e-05 4.23527
0.144773  4.9005e-05 4.26451
0.146221  4.89656e-05 4.29406
0.147683  4.89235e-05 4.32394
0.14916  4.88787e-05 4.35414
0.150651  4.88312e-05 4.38467
0.152158  4.87809e-05 4.41553
0.153679  4.87279e-05 4.44674
0.155216  4.86722e-05 4.4783
0.156768  4.86137e-05 4.51021
0.158336  4.85525e-05 4.54247
0.159919  4.84885e-05 4.57511
0.161518  4.84219e-05 4.60811
0.163134  4.83524e-05 4.64149
0.164765  4.82803e-05 4.67526
0.166413  4.82054e-05 4.70941
0.168077  4.81278e-05 4.74396
0.169757  4.80474e-05 4.77891
0.171455  4.79644e-05 4.81427
0.17317  4.78786e-05 4.85005
0.174901  4.77902e-05 4.88625
0.17665  4.7699e-05 4.92288
0.178417  4.76052e-05 4.95995
0.180201  4.75087e-05 4.99747
0.182003  4.74096e-05 5.03544
0.183823  4.73078e-05 5.07387
0.185661  4.72034e-05 5.11277
0.187518  4.70964e-05 5.15215
0.189393  4.69868e-05 5.19201
0.191287  4.68746e-05 5.23237
0.1932  4.67598e-05 5.27322
0.195132  4.66425e-05 5.31459
0.197083  4.65227e-05 5.35648
0.199054  4.64003e-05 5.3989
0.201045  4.62755e-05 5.44186
0.203055  4.61482e-05 5.48536
0.205086  4.60185e-05 5.52942
0.207136  4.58864e-05 5.57405
0.209208  4.57518e-05 5.61926
0.2113  4.56149e-05 5.66506
0.213413  4.54757e-05 5.71145
0.215547  4.53342e-05 5.75845
0.217702  4.51903e-05 5.80607
0.219879  4.50443e-05 5.85433
0.222078  4.48959e-05 5.90322
0.224299  4.47454e-05 5.95277
0.226542  4.45928e-05 6.00298
0.228807  4.4438e-05 6.05387
0.231095  4.42811e-05 6.10545
0.233406  4.41221e-05 6.15774
0.235741  4.39611e-05 6.21073
0.238098  4.37982e-05 6.26446
0.240479  4.36332e-05 6.31892
0.242884  4.34663e-05 6.37414
0.245313  4.32976e-05 6.43013
0.247766  4.31269e-05 6.4869
0.250243  4.29545e-05 6.54446
0.252746  4.27803e-05 6.60284
0.255273  4.26044e-05 6.66204
0.257826  4.24267e-05 6.72208
0.260404  4.22474e-05 6.78298
0.263008  4.20665e-05 6.84475
0.265638  4.1884e-05 6.90741
0.268295  4.16999e-05 6.97097
0.270978  4.15144e-05 7.03545
0.273687  4.13274e-05 7.10087
0.276424  4.1139e-05 7.16725
0.279189  4.09493e-05 7.2346
0.28198  4.07582e-05 7.30293
0.2848  4.05658e-05 7.37228
0.287648  4.03722e-05 7.44266
0.290525  4.01773e-05 7.51408
0.29343  3.99814e-05 7.58657
0.296364  3.97843e-05 7.66014
0.299328  3.95861e-05 7.73482
0.302321  3.9387e-05 7.81063
0.305344  3.91868e-05 7.88758
0.308398  3.89857e-05 7.9657
0.311482  3.87837e-05 8.04501
0.314597  3.85809e-05 8.12553
0.317743  3.83772e-05 8.20729
0.32092  3.81728e-05 8.29031
0.324129  3.79677e-05 8.3746
0.32737  3.77619e-05 8.46021
0.330644  3.75555e-05 8.54714
0.333951  3.73485e-05 8.63542
0.33729  3.71409e-05 8.72509
0.340663  3.69328e-05 8.81616
0.34407  3.67243e-05 8.90866
0.34751  3.65154e-05 9.00261
0.350985  3.63061e-05 9.09806
0.354495  3.60964e-05 9.19501
0.35804  3.58864e-05 9.2935
0.361621  3.56762e-05 9.39357
0.365237  3.54658e-05 9.49523
0.368889  3.52552e-05 9.59852
0.372578  3.50445e-05 9.70347
0.376304  3.48337e-05 9.81011
0.380067  3.46228e-05 9.91847
0.383868  3.44119e-05 10.0286
0.387706  3.42011e-05 10.1405
0.391583  3.39902e-05 10.2542
0.395499  3.37795e-05 10.3697
0.399454  3.35689e-05 10.4872
0.403449  3.33585e-05 10.6066
0.407483  3.31483e-05 10.7279
0.411558  3.29383e-05 10.8512
0.415674  3.27286e-05 10.9766
0.41983  3.25192e-05 11.104
0.424029  3.23101e-05 11.2335
0.428269  3.21014e-05 11.3652
0.432552  3.1893e-05 11.499
0.436877  3.16852e-05 11.6351
0.441246  3.14777e-05 11.7734
0.445658  3.12708e-05 11.914
0.450115  3.10643e-05 12.057
0.454616  3.08585e-05 12.2024
0.459162  3.06531e-05 12.3502
0.463754  3.04484e-05 12.5005
0.468391  3.02443e-05 12.6534
0.473075  3.00409e-05 12.8088
0.477806  2.98381e-05 12.9668
0.482584  2.9636e-05 13.1274
0.48741  2.94347e-05 13.2908
0.492284  2.92341e-05 13.457
0.497207  2.90342e-05 13.626
0.502179  2.88352e-05 13.7978
0.507201  2.86369e-05 13.9726
0.512273  2.84395e-05 14.1503
0.517396  2.82429e-05 14.331
0.52257  2.80471e-05 14.5149
0.527795  2.78523e-05 14.7019
0.533073  2.76583e-05 14.892
0.538404  2.74653e-05 15.0854
0.543788  2.72731e-05 15.2822
0.549226  2.7082e-05 15.4822
0.554718  2.68917e-05 15.6858
0.560265  2.67025e-05 15.8928
0.565868  2.65142e-05 16.1033
0.571527  2.63269e-05 16.3175
0.577242  2.61406e-05 16.5354
0.583014  2.59554e-05 16.757
0.588844  2.57711e-05 16.9824
0.594733  2.55879e-05 17.2117
0.60068  2.54058e-05 17.445
0.606687  2.52246e-05 17.6823
0.612754  2.50446e-05 17.9236
0.618881  2.48656e-05 18.1692
0.62507  2.46877e-05 18.419
0.631321  2.45109e-05 18.6731
0.637634  2.43351e-05 18.9316
0.644011  2.41605e-05 19.1945
0.650451  2.39869e-05 19.4621
0.656955  2.38144e-05 19.7342
0.663525  2.36431e-05 20.0111
0.67016  2.34728e-05 20.2927
0.676862  2.33036e-05 20.5793
0.68363  2.31356e-05 20.8708
0.690466  2.29687e-05 21.1674
0.697371  2.28028e-05 21.4691
0.704345  2.26381e-05 21.776
0.711388  2.24745e-05 22.0883
0.718502  2.2312e-05 22.406
0.725687  2.21507e-05 22.7292
0.732944  2.19904e-05 23.058
0.740273  2.18313e-05 23.3925
0.747676  2.16732e-05 23.7328
0.755153  2.15163e-05 24.079
0.762705  2.13604e-05 24.4313
0.770332  2.12057e-05 24.7897
0.778035  2.10521e-05 25.1543
0.785815  2.08995e-05 25.5252
0.793673  2.07481e-05 25.9026
0.80161  2.05977e-05 26.2865
0.809626  2.04485e-05 26.6771
0.817722  2.03003e-05 27.0745
0.8259  2.01532e-05 27.4787
0.834159  2.00071e-05 27.89
0.8425  1.98621e-05 28.3085
0.850925  1.97182e-05 28.7342
0.859435  1.95753e-05 29.1673
0.868029  1.94335e-05 29.608
0.876709  1.92928e-05 30.0563
0.885476  1.9153e-05 30.5124
0.894331  1.90144e-05 30.9764
0.903274  1.88767e-05 31.4484
0.912307  1.874e-05 31.9287
0.92143  1.86044e-05 32.4173
0.930644  1.84698e-05 32.9144
0.939951  1.83362e-05 33.4201
0.94935  1.82035e-05 33.9346
0.958844  1.80719e-05 34.458
0.968432  1.79412e-05 34.9905
0.978117  1.78116e-05 35.5323
0.987898  1.76829e-05 36.0834
0.997777  1.75551e-05 36.6441
1.00775  1.74283e-05 37.2146
1.01783  1.73024e-05 37.7949
1.02801  1.71775e-05 38.3853
1.03829  1.70535e-05 38.9859
1.04867  1.69305e-05 39.597
1.05916  1.68083e-05 40.2186
1.06975  1.66871e-05 40.8511
1.08045  1.65668e-05 41.4945
1.09125  1.64473e-05 42.149
1.10217  1.63288e-05 42.8149
1.11319  1.62111e-05 43.4924
1.12432  1.60943e-05 44.1815
1.13556  1.59784e-05 44.8827
1.14692  1.58633e-05 45.5959
1.15839  1.57491e-05 46.3215
1.16997  1.56357e-05 47.0597
1.18167  1.55232e-05 47.8107
1.19349  1.54115e-05 48.5747
1.20542  1.53006e-05 49.3519
1.21748  1.51905e-05 50.1426
1.22965  1.50812e-05 50.947
1.24195  1.49728e-05 51.7653
1.25437  1.48651e-05 52.5978
1.26691  1.47582e-05 53.4447
1.27958  1.46521e-05 54.3062
1.29238  1.45468e-05 55.1827
1.3053  1.44422e-05 56.0744
1.31835  1.43384e-05 56.9814
1.33154  1.42354e-05 57.9042
1.34485  1.4133e-05 58.843
1.3583  1.40315e-05 59.798
1.37188  1.39306e-05 60.7696
1.3856  1.38305e-05 61.7579
1.39946  1.37311e-05 62.7634
1.41345  1.36324e-05 63.7863
1.42759  1.35345e-05 64.8269
1.44186  1.34372e-05 65.8855
1.45628  1.33406e-05 66.9624
1.47085  1.32447e-05 68.058
1.48555  1.31495e-05 69.1725
1.50041  1.3055e-05 70.3063
1.51541  1.29611e-05 71.4598
1.53057  1.28679e-05 72.6332
1.54587  1.27754e-05 73.827
1.56133  1.26835e-05 75.0414
1.57695  1.25923e-05 76.2769
1.59271  1.25017e-05 77.5338
1.60864  1.24117e-05 78.8124
1.62473  1.23224e-05 80.1132
1.64098  1.22337e-05 81.4365
1.65739  1.21456e-05 82.7827
1.67396  1.20581e-05 84.1522
1.6907  1.19712e-05 85.5455
1.70761  1.1885e-05 86.963
1.72468  1.17993e-05 88.405
1.74193  1.17143e-05 89.872
1.75935  1.16298e-05 91.3644
1.77694  1.15459e-05 92.8827
1.79471  1.14626e-05 94.4273
1.81266  1.13798e-05 95.9987
1.83078  1.12977e-05 97.5974
1.84909  1.12161e-05 99.2238
1.86758  1.1135e-05 100.878
1.88626  1.10545e-05 102.562
1.90512  1.09746e-05 104.274
1.92417  1.08952e-05 106.017
1.94341  1.08164e-05 107.789
1.96285  1.07381e-05 109.592
1.98248  1.06603e-05 111.427
2.0023  1.05831e-05 113.293
2.02232  1.05064e-05 115.192
2.04255  1.04302e-05 117.124
2.06297  1.03545e-05 119.09
2.0836  1.02793e-05 121.089
2.10444  1.02047e-05 123.124
2.12548  1.01306e-05 125.194
2.14674  1.00569e-05 127.299
2.16821  9.98379e-06 129.442
2.18989  9.91115e-06 131.621
2.21179  9.839e-06 133.839
2.2339  9.76734e-06 136.095
2.25624  9.69616e-06 138.391
2.27881  9.62547e-06 140.726
2.30159  9.55525e-06 143.102
2.32461  9.4855e-06 145.52
2.34786  9.41623e-06 147.98
2.37134  9.34743e-06 150.482
2.39505  9.27909e-06 153.029
2.419  9.21121e-06 155.619
2.44319  9.14378e-06 158.255
2.46762  9.07681e-06 160.937
2.4923  9.0103e-06 163.666
2.51722  8.94423e-06 166.442
2.54239  8.87861e-06 169.267
2.56782  8.81343e-06 172.141
2.59349  8.74868e-06 175.065
2.61943  8.68438e-06 178.041
2.64562  8.62051e-06 181.068
2.67208  8.55706e-06 184.148
2.6988  8.49405e-06 187.283
2.72579  8.43146e-06 190.472
2.75305  8.36929e-06 193.717
2.78058  8.30754e-06 197.018
2.80838  8.24621e-06 200.378
2.83647  8.18529e-06 203.796
2.86483  8.12478e-06 207.274
2.89348  8.06468e-06 210.813
2.92241  8.00498e-06 214.414
2.95164  7.94569e-06 218.079
2.98115  7.8868e-06 221.807
3.01097  7.8283e-06 225.601
3.04108  7.7702e-06 229.462
3.07149  7.7125e-06 233.39
3.1022  7.65518e-06 237.388
3.13322  7.59825e-06 241.455
3.16456  7.54171e-06 245.595
3.1962  7.48555e-06 249.807
3.22816  7.42977e-06 254.093
3.26045  7.37437e-06 258.455
3.29305  7.31934e-06 262.893
3.32598  7.26469e-06 267.41
3.35924  7.2104e-06 272.006
3.39283  7.15649e-06 276.683
3.42676  7.10294e-06 281.442
3.46103  7.04976e-06 286.284
3.49564  6.99694e-06 291.212
3.53059  6.94448e-06 296.226
3.5659  6.89237e-06 301.329
3.60156  6.84063e-06 306.521
3.63758  6.78923e-06 311.804
3.67395  6.73819e-06 317.181
3.71069  6.68749e-06 322.652
3.7478  6.63714e-06 328.22
3.78528  6.58714e-06 333.887
3.82313  6.53748e-06 339.654
3.86136  6.48816e-06 345.523
3.89997  6.43917e-06 351.497
3.93897  6.39053e-06 357.577
3.97836  6.34221e-06 363.765
4.01815  6.29423e-06 370.064
4.05833  6.24658e-06 376.475
4.09891  6.19926e-06 383.002
4.1399  6.15227e-06 389.645
4.1813  6.1056e-06 396.407
4.22311  6.05925e-06 403.291
4.26534  6.01322e-06 410.299
4.308  5.96751e-06 417.434
4.35108  5.92212e-06 424.698
4.39459  5.87704e-06 432.093
4.43853  5.83227e-06 439.622
4.48292  5.78781e-06 447.289
4.52775  5.74367e-06 455.094
4.57303  5.69983e-06 463.042
4.61876  5.6563e-06 471.134
4.66494  5.61306e-06 479.373
4.71159  5.57014e-06 487.762
4.75871  5.52751e-06 496.303
4.8063  5.48517e-06 504.999
4.85436  5.44314e-06 513.852
4.9029  5.4014e-06 522.867
4.95193  5.35995e-06 532.044
5.00145  5.31879e-06 541.387
5.05146  5.27792e-06 550.9
5.10198  5.23734e-06 560.584
5.153  5.19705e-06 570.444
5.20453  5.15704e-06 580.483
5.25657  5.11731e-06 590.703
5.30914  5.07786e-06 601.109
5.36223  5.03869e-06 611.703
5.41585  4.99979e-06 622.49
5.47001  4.96117e-06 633.472
5.52471  4.92283e-06 644.654
5.57996  4.88476e-06 656.039
5.63576  4.84695e-06 667.631
5.69212  4.80942e-06 679.434
5.74904  4.77215e-06 691.452
5.80653  4.73515e-06 703.688
5.86459  4.69841e-06 716.147
5.92324  4.66194e-06 728.832
5.98247  4.62572e-06 741.748
6.0423  4.58976e-06 754.899
6.10272  4.55406e-06 768.29
6.16375  4.51862e-06 781.923
6.22538  4.48343e-06 795.805
6.28764  4.44849e-06 809.94
6.35051  4.41381e-06 824.331
6.41402  4.37937e-06 838.985
6.47816  4.34518e-06 853.905
6.54294  4.31124e-06 869.096
6.60837  4.27754e-06 884.564
6.67445  4.24409e-06 900.314
6.7412  4.21087e-06 916.35
6.80861  4.1779e-06 932.678
6.8767  4.14517e-06 949.304
6.94546  4.11267e-06 966.233
7.01492  4.08041e-06 983.47
7.08507  4.04838e-06 1001.02
7.15592  4.01659e-06 1018.89
7.22748  3.98502e-06 1037.09
7.29975  3.95369e-06 1055.62
7.37275  3.92259e-06 1074.48
7.44648  3.89171e-06 1093.69
7.52094  3.86106e-06 1113.25
7.59615  3.83063e-06 1133.17
7.67211  3.80042e-06 1153.45
7.74883  3.77044e-06 1174.1
7.82632  3.74067e-06 1195.13
7.90459  3.71113e-06 1216.54
7.98363  3.6818e-06 1238.34
8.06347  3.65143e-06 1260.54
8.1441  3.62117e-06 1283.15
8.22554  3.59113e-06 1306.16
8.3078  3.56133e-06 1329.6
8.39088  3.53177e-06 1353.47
8.47479  3.50247e-06 1377.77
8.55953  3.4734e-06 1402.51
8.64513  3.44457e-06 1427.71
8.73158  3.41599e-06 1453.37
8.8189  3.38763e-06 1479.5
8.90709  3.35952e-06 1506.1
8.99616  3.33164e-06 1533.19
9.08612  3.30398e-06 1560.78
9.17698  3.27656e-06 1588.87
9.26875  3.24936e-06 1617.47
9.36144  3.22239e-06 1646.6
9.45505  3.19565e-06 1676.26
9.5496  3.16912e-06 1706.46
9.6451  3.14281e-06 1737.21
9.74155  3.11672e-06 1768.53
9.83896  3.09085e-06 1800.42
9.93735  3.06519e-06 1832.9
10.0367  3.03975e-06 1865.96
10.1371  3.01451e-06 1899.64
10.2385  2.98948e-06 1933.93
10.3409  2.96467e-06 1968.84
10.4443  2.94005e-06 2004.4
10.5487  2.91564e-06 2040.6
10.6542  2.89143e-06 2077.47
10.7607  2.86743e-06 2115.02
10.8683  2.84362e-06 2153.25
10.977  2.82001e-06 2192.18
11.0868  2.7966e-06 2231.83
11.1977  2.77338e-06 2272.2
11.3096  2.75035e-06 2313.31
11.4227  2.72751e-06 2355.18
11.537  2.70486e-06 2397.81
11.6523  2.68238e-06 2441.22
11.7689  2.66009e-06 2485.43
11.8865  2.63798e-06 2530.45
12.0054  2.61605e-06 2576.29
12.1255  2.59431e-06 2622.98
12.2467  2.57275e-06 2670.52
12.3692  2.55136e-06 2718.93
12.4929  2.53016e-06 2768.23
12.6178  2.50913e-06 2818.43
12.744  2.48827e-06 2869.56
12.8714  2.46759e-06 2921.62
13.0001  2.44708e-06 2974.64
13.1301  2.42673e-06 3028.63
13.2614  2.40656e-06 3083.61
13.3941  2.38655e-06 3139.6
13.528  2.36671e-06 3196.62
13.6633  2.34704e-06 3254.68
13.7999  2.32752e-06 3313.81
13.9379  2.30817e-06 3374.03
14.0773  2.28898e-06 3435.35
14.2181  2.26995e-06 3497.79
14.3602  2.25108e-06 3561.39
14.5038  2.23236e-06 3626.14
14.6489  2.2138e-06 3692.09
14.7954  2.19539e-06 3759.25
14.9433  2.17714e-06 3827.64
15.0928  2.15903e-06 3897.29
15.2437  2.14108e-06 3968.22
15.3961  2.12328e-06 4040.45
15.5501  2.10562e-06 4114.01
15.7056  2.08811e-06 4188.92
15.8626  2.07075e-06 4265.2
16.0213  2.05353e-06 4342.88
16.1815  2.03645e-06 4422
16.3433  2.01952e-06 4502.56
16.5067  2.00272e-06 4584.61
16.6718  1.98606e-06 4668.16
16.8385  1.96954e-06 4753.25
17.0069  1.95315e-06 4839.91
17.177  1.9369e-06 4928.15
17.3487  1.92079e-06 5018.02
17.5222  1.9048e-06 5109.54
17.6974  1.88896e-06 5202.75
17.8744  1.87324e-06 5297.66
18.0532  1.85765e-06 5394.32
18.2337  1.8422e-06 5492.76
18.416  1.82687e-06 5593.01
18.6002  1.81167e-06 5695.1
18.7862  1.79659e-06 5799.07
18.9741  1.78164e-06 5904.95
19.1638  1.76681e-06 6012.78
19.3554  1.75211e-06 6122.6
19.549  1.73753e-06 6234.43
19.7445  1.72307e-06 6348.32
19.9419  1.70874e-06 6464.3
20.1413  1.69452e-06 6582.42
20.3427  1.68041e-06 6702.71
20.5462  1.66643e-06 6825.22
20.7516  1.65256e-06 6949.98
20.9592  1.63881e-06 7077.03
21.1687  1.62517e-06 7206.42
21.3804  1.61165e-06 7338.19
21.5942  1.59824e-06 7472.39
21.8102  1.58494e-06 7609.06
22.0283  1.57175e-06 7748.24
22.2486  1.55867e-06 7889.98
22.4711  1.5457e-06 8034.34
22.6958  1.53284e-06 8181.34
22.9227  1.52008e-06 8331.06
23.1519  1.50743e-06 8483.53
23.3835  1.49489e-06 8638.8
23.6173  1.48245e-06 8796.94
23.8535  1.47012e-06 8957.98
24.092  1.45789e-06 9121.99
24.3329  1.44576e-06 9289.02
24.5763  1.43373e-06 9459.13
24.822  1.4218e-06 9632.36
25.0702  1.40997e-06 9808.79
25.3209  1.39824e-06 9988.46
25.5742  1.38661e-06 10171.4
25.8299  1.37508e-06 10357.8
26.0882  1.36364e-06 10547.6
26.3491  1.3523e-06 10740.8
26.6126  1.34105e-06 10937.7
26.8787  1.3299e-06 11138.1
27.1475  1.31884e-06 11342.3
27.419  1.30787e-06 11550.2
27.6931  1.29699e-06 11761.9
27.9701  1.28621e-06 11977.5
28.2498  1.27551e-06 12197.1
28.5323  1.26491e-06 12420.8
28.8176  1.25439e-06 12648.5
29.1058  1.24396e-06 12880.5
29.3968  1.23362e-06 13116.7
29.6908  1.22337e-06 13357.3
29.9877  1.2132e-06 13602.3
30.2876  1.20312e-06 13851.8
30.5905  1.19312e-06 14105.9
30.8964  1.18321e-06 14364.7
31.2053  1.17337e-06 14628.3
31.5174  1.16363e-06 14896.7
31.8326  1.15396e-06 15170
32.1509  1.14437e-06 15448.4
32.4724  1.13487e-06 15731.9
32.7971  1.12544e-06 16020.6
33.1251  1.11609e-06 16314.7
33.4563  1.10683e-06 16614.1
33.7909  1.09764e-06 16919.1
34.1288  1.08852e-06 17229.7
34.4701  1.07949e-06 17546
34.8148  1.07053e-06 17868.1
35.1629  1.06164e-06 18196.1
35.5146  1.05283e-06 18530.2
35.8697  1.0441e-06 18870.5
36.2284  1.03544e-06 19217
36.5907  1.02685e-06 19569.8
36.9566  1.01833e-06 19929.2
37.3262  1.00988e-06 20295.2
37.6994  1.00151e-06 20667.9
38.0764  9.93205e-07 21047.5
38.4572  9.84972e-07 21434.1
38.8418  9.76807e-07 21827.7
39.2302  9.68712e-07 22228.7
39.6225  9.60684e-07 22637
40.0187  9.52725e-07 23052.8
40.4189  9.44832e-07 23476.2
40.8231  9.37007e-07 23907.5
41.2313  9.29247e-07 24346.7
41.6436  9.21553e-07 24793.9
42.0601  9.13923e-07 25249.4
42.4807  9.06359e-07 25713.3
42.9055  8.98858e-07 26185.7
43.3345  8.9142e-07 26666.7
43.7679  8.84046e-07 27156.7
44.2056  8.76733e-07 27655.6
44.6476  8.69483e-07 28163.7
45.0941  8.62294e-07 28681.2
45.545  8.55165e-07 29208.2
46.0005  8.48097e-07 29744.8
46.4605  8.41089e-07 30291.3
46.9251  8.34141e-07 30847.9
47.3943  8.27251e-07 31414.7
47.8683  8.20419e-07 31991.9
48.347  8.13645e-07 32579.7
48.8304  8.06929e-07 33178.3
49.3187  8.0027e-07 33788
49.8119  7.93667e-07 34408.8
50.31  7.8712e-07 35041
50.8131  7.80628e-07 35684.8
51.3213  7.74192e-07 36340.5
51.8345  7.67811e-07 37008.2
52.3528  7.61483e-07 37688.2
52.8764  7.55209e-07 38380.6
53.4051  7.48989e-07 39085.8
53.9392  7.42822e-07 39803.9
54.4786  7.36706e-07 40535.1
55.0234  7.30643e-07 41279.9
55.5736  7.24632e-07 42038.2
56.1293  7.18671e-07 42810.5
56.6906  7.12762e-07 43597
57.2575  7.06902e-07 44397.9
57.8301  7.01093e-07 45213.4
58.4084  6.95333e-07 46044
58.9925  6.89622e-07 46889.7
59.5824  6.83959e-07 47751
60.1782  6.78345e-07 48628
60.78  6.72779e-07 49521.2
61.3878  6.6726e-07 50430.7
62.0017  6.61789e-07 51356.9
62.6217  6.56364e-07 52300
63.2479  6.50985e-07 53260.4
63.8804  6.45652e-07 54238.5
64.5192  6.40365e-07 55234.4
65.1644  6.35123e-07 56248.6
65.816  6.29926e-07 57281.3
66.4742  6.24773e-07 58332.9
67.1389  6.19664e-07 59403.8
67.8103  6.14599e-07 60494.3
68.4884  6.09577e-07 61604.8
69.1733  6.04598e-07 62735.5
69.8651  5.99662e-07 63887
70.5637  5.94768e-07 65059.5
71.2693  5.89916e-07 66253.5
71.982  5.85105e-07 67469.2
72.7019  5.80336e-07 68707.2
73.4289  5.75608e-07 69967.9
74.1632  5.7092e-07 71251.5
74.9048  5.66272e-07 72558.6
75.6538  5.61664e-07 73889.6
76.4104  5.57096e-07 75244.9
77.1745  5.52567e-07 76625
77.9462  5.48077e-07 78030.2
78.7257  5.43625e-07 79461.1
79.513  5.39211e-07 80918.1
80.3081  5.34836e-07 82401.7
81.1112  5.30498e-07 83912.4
81.9223  5.26197e-07 85450.6
82.7415  5.21934e-07 87016.8
83.5689  5.17707e-07 88611.6
84.4046  5.13516e-07 90235.5
85.2486  5.09362e-07 91888.9
86.1011  5.05243e-07 93572.5
86.9621  5.0116e-07 95286.7
87.8318  4.97111e-07 97032.2
88.7101  4.93098e-07 98809.4
89.5972  4.8912e-07 100619
90.4932  4.85175e-07 102461
91.3981  4.81265e-07 104337
92.3121  4.77388e-07 106248
93.2352  4.73545e-07 108192
94.1675  4.69735e-07 110173
95.1092  4.65958e-07 112189
96.0603  4.62214e-07 114242
97.0209  4.58502e-07 116332
97.9911  4.54822e-07 118460
98.971  4.51174e-07 120627
99.9607  4.47557e-07 122833
100.96  4.43972e-07 125079
101.97  4.40418e-07 127365
102.99  4.36894e-07 129694
104.02  4.33401e-07 132064
105.06  4.29939e-07 134477
106.11  4.26506e-07 136935
107.171  4.23103e-07 139436
108.243  4.1973e-07 141983
109.326  4.16386e-07 144576
110.419  4.1307e-07 147216
111.523  4.09784e-07 149904
112.638  4.06526e-07 152640
113.765  4.03297e-07 155426
114.902  4.00096e-07 158262
116.051  3.96922e-07 161149
117.212  3.93776e-07 164089
118.384  3.90657e-07 167081
119.568  3.87566e-07 170128
120.763  3.84501e-07 173229
121.971  3.81464e-07 176387
123.191  3.78452e-07 179601
124.423  3.75467e-07 182873
125.667  3.72508e-07 186204
126.924  3.69575e-07 189596
128.193  3.66667e-07 193048
129.475  3.63785e-07 196562
130.77  3.60928e-07 200140
132.077  3.58095e-07 203782
133.398  3.55288e-07 207489
134.732  3.52505e-07 211263
136.079  3.49747e-07 215105
137.44  3.47012e-07 219015
138.814  3.44302e-07 222996
140.203  3.41615e-07 227048
141.605  3.38952e-07 231173
143.021  3.36312e-07 235372
144.451  3.33695e-07 239646
145.895  3.31101e-07 243997
147.354  3.2853e-07 248425
148.828  3.25982e-07 252933
150.316  3.23456e-07 257521
151.819  3.20952e-07 262191
153.338  3.1847e-07 266945
154.871  3.1601e-07 271783
156.42  3.13571e-07 276708
157.984  3.11154e-07 281721
159.564  3.08759e-07 286823
161.159  3.06384e-07 292016
162.771  3.0403e-07 297302
164.399  3.01697e-07 302682
166.043  2.99385e-07 308157
167.703  2.97093e-07 313730
169.38  2.94821e-07 319402
171.074  2.9257e-07 325174
172.785  2.90338e-07 331049
174.512  2.88126e-07 337029
176.258  2.85933e-07 343115
178.02  2.8376e-07 349308
179.8  2.81606e-07 355611
181.598  2.79471e-07 362026
183.414  2.77355e-07 368555
185.248  2.75258e-07 375199
187.101  2.7318e-07 381960
188.972  2.7112e-07 388841
190.862  2.69078e-07 395844
192.77  2.67054e-07 402970
194.698  2.65048e-07 410221
196.645  2.6306e-07 417601
198.611  2.6109e-07 425111
200.598  2.59138e-07 432752
202.604  2.57202e-07 440528
204.63  2.55284e-07 448441
206.676  2.53383e-07 456493
208.743  2.51499e-07 464686
210.83  2.49632e-07 473023
212.938  2.47781e-07 481506
215.068  2.45947e-07 490138
217.218  2.4413e-07 498921
219.391  2.42328e-07 507858
221.584  2.40543e-07 516951
223.8  2.38774e-07 526203
226.038  2.3702e-07 535617
228.299  2.35282e-07 545196
230.582  2.3356e-07 554942
232.888  2.31853e-07 564858
235.216  2.30162e-07 574949
237.569  2.28486e-07 585217
239.944  2.26825e-07 595665
242.344  2.25178e-07 606297
244.767  2.23547e-07 617116
247.215  2.2193e-07 628125
249.687  2.20328e-07 639329
252.184  2.1874e-07 650730
254.706  2.17167e-07 662333
257.253  2.15608e-07 674141
259.825  2.14063e-07 686158
262.423  2.12532e-07 698386
265.048  2.11014e-07 710832
267.698  2.09511e-07 723497
270.375  2.08021e-07 736386
273.079  2.06544e-07 749503
275.81  2.05081e-07 762852
278.568  2.03631e-07 776438
281.354  2.02195e-07 790263
284.167  2.00771e-07 804334
287.009  1.99361e-07 818653
289.879  1.97963e-07 833225
292.778  1.96578e-07 848054
295.705  1.95205e-07 863145
298.662  1.93845e-07 878500
301.649  1.92498e-07 894125
304.666  1.91162e-07 910024
307.712  1.89839e-07 926201
310.789  1.88529e-07 942661
313.897  1.8723e-07 959408
317.036  1.85943e-07 976447
320.207  1.84667e-07 993782
323.409  1.83404e-07 1.01142e+06
326.643  1.82152e-07 1.02936e+06
329.909  1.80911e-07 1.04761e+06
333.208  1.79682e-07 1.06618e+06
336.54  1.78465e-07 1.08508e+06
339.906  1.77258e-07 1.1043e+06
343.305  1.76063e-07 1.12385e+06
346.738  1.74879e-07 1.14374e+06
350.205  1.73705e-07 1.16397e+06
353.707  1.72543e-07 1.18455e+06
357.244  1.71391e-07 1.20549e+06
360.817  1.7025e-07 1.22679e+06
364.425  1.69119e-07 1.24845e+06
368.069  1.67999e-07 1.27049e+06
371.75  1.6689e-07 1.2929e+06
375.467  1.6579e-07 1.3157e+06
379.222  1.64701e-07 1.33889e+06
383.014  1.63622e-07 1.36248e+06
386.844  1.62553e-07 1.38647e+06
390.713  1.61495e-07 1.41086e+06
394.62  1.60446e-07 1.43568e+06
398.566  1.59406e-07 1.46091e+06
402.552  1.58377e-07 1.48658e+06
406.577  1.57357e-07 1.51268e+06
410.643  1.56347e-07 1.53922e+06
414.75  1.55346e-07 1.56621e+06
418.897  1.54355e-07 1.59366e+06
423.086  1.53373e-07 1.62157e+06
427.317  1.524e-07 1.64995e+06
431.59  1.51436e-07 1.67882e+06
435.906  1.50482e-07 1.70816e+06
440.265  1.49536e-07 1.738e+06
444.668  1.486e-07 1.76834e+06
449.114  1.47672e-07 1.79919e+06
453.605  1.46753e-07 1.83056e+06
458.142  1.45843e-07 1.86245e+06
462.723  1.44941e-07 1.89488e+06
467.35  1.44049e-07 1.92784e+06
472.024  1.43164e-07 1.96136e+06
476.744  1.42288e-07 1.99543e+06
481.511  1.41421e-07 2.03007e+06
486.326  1.40561e-07 2.06528e+06
491.19  1.3971e-07 2.10108e+06
496.102  1.38867e-07 2.13746e+06
501.063  1.38033e-07 2.17445e+06
506.073  1.37206e-07 2.21205e+06
511.134  1.36387e-07 2.25027e+06
516.245  1.35576e-07 2.28912e+06
521.408  1.34773e-07 2.32861e+06
526.622  1.33978e-07 2.36874e+06
531.888  1.3319e-07 2.40954e+06
537.207  1.3241e-07 2.451e+06
542.579  1.31638e-07 2.49313e+06
548.005  1.30873e-07 2.53596e+06
553.485  1.30115e-07 2.57948e+06
559.02  1.29365e-07 2.62371e+06
564.61  1.28623e-07 2.66866e+06
570.256  1.27887e-07 2.71434e+06
575.959  1.27159e-07 2.76075e+06
581.718  1.26438e-07 2.80792e+06
587.535  1.25724e-07 2.85585e+06
593.411  1.25017e-07 2.90455e+06
599.345  1.24317e-07 2.95404e+06
605.338  1.23624e-07 3.00432e+06
611.392  1.22938e-07 3.0554e+06
617.506  1.22258e-07 3.10731e+06
623.681  1.21585e-07 3.16005e+06
629.917  1.2092e-07 3.21362e+06
636.217  1.2026e-07 3.26806e+06
642.579  1.19607e-07 3.32335e+06
649.005  1.18961e-07 3.37953e+06
655.495  1.18321e-07 3.4366e+06
662.05  1.17688e-07 3.49457e+06
668.67  1.17061e-07 3.55346e+06
675.357  1.16441e-07 3.61328e+06
682.11  1.15826e-07 3.67404e+06
688.931  1.15218e-07 3.73576e+06
695.821  1.14616e-07 3.79844e+06
702.779  1.1402e-07 3.86211e+06
709.807  1.1343e-07 3.92678e+06
716.905  1.12846e-07 3.99245e+06
724.074  1.12269e-07 4.05916e+06
731.315  1.11697e-07 4.12689e+06
738.628  1.11131e-07 4.19569e+06
746.014  1.1057e-07 4.26555e+06
753.474  1.10016e-07 4.33649e+06
761.009  1.09467e-07 4.40853e+06
768.619  1.08924e-07 4.48168e+06
776.305  1.08387e-07 4.55596e+06
784.068  1.07855e-07 4.63138e+06
791.909  1.07329e-07 4.70796e+06
799.828  1.06808e-07 4.78572e+06
807.826  1.06292e-07 4.86466e+06
815.905  1.05783e-07 4.94481e+06
824.064  1.05278e-07 5.02617e+06
832.304  1.04779e-07 5.10878e+06
840.627  1.04285e-07 5.19264e+06
849.034  1.03796e-07 5.27778e+06
857.524  1.03312e-07 5.3642e+06
866.099  1.02834e-07 5.45192e+06
874.76  1.02361e-07 5.54097e+06
883.508  1.01893e-07 5.63136e+06
892.343  1.01429e-07 5.72311e+06
901.266  1.00971e-07 5.81622e+06
910.279  1.00518e-07 5.91074e+06
919.382  1.0007e-07 6.00666e+06
928.575  9.96262e-08 6.10401e+06
937.861  9.91876e-08 6.20281e+06
947.24  9.87537e-08 6.30307e+06
956.712  9.83246e-08 6.40483e+06
966.279  9.79002e-08 6.50808e+06
975.942  9.74805e-08 6.61286e+06
985.702  9.70654e-08 6.71918e+06
995.559  9.6655e-08 6.82707e+06
