0.001  7.98792e-05 0.156868
0.00101  7.99537e-05 0.15765
0.0010201  8.00287e-05 0.158436
0.0010303  8.01041e-05 0.159227
0.0010406  8.01799e-05 0.160021
0.00105101  8.02562e-05 0.160819
0.00106152  8.03329e-05 0.161621
0.00107214  8.04101e-05 0.162427
0.00108286  8.04877e-05 0.163237
0.00109369  8.05657e-05 0.164051
0.00110462  8.06442e-05 0.16487
0.00111567  8.07232e-05 0.165692
0.00112683  8.08025e-05 0.166518
0.00113809  8.08824e-05 0.167349
0.00114947  8.09627e-05 0.168183
0.00116097  8.10435e-05 0.169022
0.00117258  8.11247e-05 0.169865
0.0011843  8.12065e-05 0.170713
0.00119615  8.12886e-05 0.171564
0.00120811  8.13713e-05 0.17242
0.00122019  8.14544e-05 0.17328
0.00123239  8.15381e-05 0.174144
0.00124472  8.16222e-05 0.175012
0.00125716  8.17068e-05 0.175885
0.00126973  8.17918e-05 0.176763
0.00128243  8.18774e-05 0.177644
0.00129526  8.19635e-05 0.17853
0.00130821  8.205e-05 0.179421
0.00132129  8.21371e-05 0.180315
0.0013345  8.22247e-05 0.181215
0.00134785  8.23128e-05 0.182119
0.00136133  8.24014e-05 0.183027
0.00137494  8.24905e-05 0.18394
0.00138869  8.258e-05 0.184857
0.00140258  8.26563e-05 0.185779
0.0014166  8.2728e-05 0.186706
0.00143077  8.28001e-05 0.187637
0.00144508  8.28725e-05 0.188573
0.00145953  8.29452e-05 0.189513
0.00147412  8.30184e-05 0.190459
0.00148886  8.30871e-05 0.191408
0.00150375  8.31525e-05 0.192363
0.00151879  8.32182e-05 0.193323
0.00153398  8.32841e-05 0.194287
0.00154932  8.33502e-05 0.195256
0.00156481  8.34167e-05 0.19623
0.00158046  8.34834e-05 0.197208
0.00159626  8.35504e-05 0.198174
0.00161223  8.36176e-05 0.199132
0.00162835  8.36851e-05 0.200101
0.00164463  8.37529e-05 0.201082
0.00166108  8.3821e-05 0.202075
0.00167769  8.38893e-05 0.203079
0.00169447  8.39579e-05 0.204095
0.00171141  8.40268e-05 0.205122
0.00172852  8.40959e-05 0.206161
0.00174581  8.41654e-05 0.20721
0.00176327  8.42351e-05 0.208271
0.0017809  8.4305e-05 0.209342
0.00179871  8.43753e-05 0.210374
0.0018167  8.44458e-05 0.211411
0.00183486  8.45166e-05 0.212457
0.00185321  8.45869e-05 0.213512
0.00187174  8.46478e-05 0.214575
0.00189046  8.47057e-05 0.215647
0.00190937  8.47639e-05 0.216727
0.00192846  8.48221e-05 0.217814
0.00194774  8.48805e-05 0.218908
0.00196722  8.49391e-05 0.220009
0.00198689  8.49956e-05 0.221116
0.00200676  8.5051e-05 0.222225
0.00202683  8.51065e-05 0.223335
0.0020471  8.51621e-05 0.224449
0.00206757  8.52178e-05 0.225569
0.00208825  8.52736e-05 0.226694
0.00210913  8.53295e-05 0.227824
0.00213022  8.53855e-05 0.22896
0.00215152  8.54416e-05 0.230102
0.00217304  8.54978e-05 0.231249
0.00219477  8.55541e-05 0.232402
0.00221672  8.56105e-05 0.233561
0.00223888  8.5667e-05 0.234725
0.00226127  8.57236e-05 0.235895
0.00228388  8.57802e-05 0.237071
0.00230672  8.5837e-05 0.238253
0.00232979  8.58938e-05 0.239441
0.00235309  8.59507e-05 0.240635
0.00237662  8.60077e-05 0.241836
0.00240038  8.60648e-05 0.243042
0.00242439  8.6122e-05 0.244254
0.00244863  8.61792e-05 0.245473
0.00247312  8.62364e-05 0.246698
0.00249785  8.6293e-05 0.247928
0.00252283  8.63496e-05 0.249165
0.00254806  8.64064e-05 0.250408
0.00257354  8.64632e-05 0.251657
0.00259927  8.652e-05 0.252913
0.00262527  8.6577e-05 0.254174
0.00265152  8.66339e-05 0.255442
0.00267803  8.66909e-05 0.256716
0.00270481  8.6748e-05 0.257996
0.00273186  8.68052e-05 0.259283
0.00275918  8.68623e-05 0.260576
0.00278677  8.69174e-05 0.261875
0.00281464  8.69649e-05 0.263181
0.00284279  8.70112e-05 0.264494
0.00287121  8.70574e-05 0.265813
0.00289993  8.71035e-05 0.267138
0.00292893  8.71495e-05 0.268471
0.00295822  8.71955e-05 0.26981
0.0029878  8.7242e-05 0.271155
0.00301768  8.72884e-05 0.272508
0.00304785  8.73348e-05 0.273867
0.00307833  8.73811e-05 0.275233
0.00310911  8.74274e-05 0.276606
0.0031402  8.74735e-05 0.277985
0.00317161  8.75195e-05 0.279372
0.00320332  8.75654e-05 0.280765
0.00323536  8.76112e-05 0.282165
0.00326771  8.76569e-05 0.283573
0.00330039  8.77025e-05 0.284987
0.00333339  8.77479e-05 0.286408
0.00336672  8.77932e-05 0.287837
0.00340039  8.78384e-05 0.289272
0.0034344  8.78835e-05 0.290715
0.00346874  8.79284e-05 0.292165
0.00350343  8.79732e-05 0.293622
0.00353846  8.80179e-05 0.295086
0.00357385  8.80624e-05 0.296558
0.00360958  8.81067e-05 0.298037
0.00364568  8.81509e-05 0.299524
0.00368214  8.81949e-05 0.301018
0.00371896  8.82376e-05 0.302519
0.00375615  8.82772e-05 0.304028
0.00379371  8.83162e-05 0.305544
0.00383165  8.83549e-05 0.307068
0.00386996  8.83934e-05 0.308599
0.00390866  8.84317e-05 0.310139
0.00394775  8.84698e-05 0.311685
0.00398723  8.85119e-05 0.31324
0.0040271  8.85538e-05 0.314802
0.00406737  8.85955e-05 0.316372
0.00410804  8.8637e-05 0.31795
0.00414912  8.86783e-05 0.319536
0.00419062  8.87193e-05 0.32113
0.00423252  8.87601e-05 0.322731
0.00427485  8.88006e-05 0.324341
0.0043176  8.88409e-05 0.325959
0.00436077  8.8881e-05 0.327584
0.00440438  8.89207e-05 0.329218
0.00444842  8.89603e-05 0.33086
0.00449291  8.89995e-05 0.33251
0.00453784  8.90384e-05 0.334168
0.00458321  8.90771e-05 0.335835
0.00462905  8.91155e-05 0.33751
0.00467534  8.91528e-05 0.339194
0.00472209  8.91896e-05 0.340885
0.00476931  8.9226e-05 0.342585
0.004817  8.92621e-05 0.344294
0.00486517  8.92979e-05 0.346011
0.00491383  8.93333e-05 0.347737
0.00496296  8.93735e-05 0.349471
0.00501259  8.94175e-05 0.351214
0.00506272  8.94613e-05 0.352966
0.00511335  8.95047e-05 0.354726
0.00516448  8.95479e-05 0.356495
0.00521613  8.95908e-05 0.358273
0.00526829  8.96334e-05 0.36006
0.00532097  8.96757e-05 0.361856
0.00537418  8.97177e-05 0.363661
0.00542792  8.97593e-05 0.365475
0.0054822  8.98007e-05 0.367297
0.00553702  8.98417e-05 0.369129
0.00559239  8.98827e-05 0.37097
0.00564832  8.9924e-05 0.37282
0.0057048  8.99649e-05 0.37468
0.00576185  9.00054e-05 0.376549
0.00581947  9.00457e-05 0.378427
0.00587766  9.00855e-05 0.380314
0.00593644  9.0125e-05 0.382211
0.0059958  9.0164e-05 0.384117
0.00605576  9.02028e-05 0.386033
0.00611632  9.02411e-05 0.387958
0.00617748  9.0279e-05 0.389893
0.00623926  9.03165e-05 0.391838
0.00630165  9.03536e-05 0.393792
0.00636466  9.03902e-05 0.395756
0.00642831  9.04264e-05 0.39773
0.00649259  9.04622e-05 0.399714
0.00655752  9.04976e-05 0.401707
0.0066231  9.05324e-05 0.403711
0.00668933  9.05668e-05 0.405724
0.00675622  9.06008e-05 0.407748
0.00682378  9.06342e-05 0.409782
0.00689202  9.06672e-05 0.411825
0.00696094  9.06996e-05 0.413879
0.00703055  9.07315e-05 0.415943
0.00710085  9.0763e-05 0.418018
0.00717186  9.07938e-05 0.420103
0.00724358  9.08242e-05 0.422198
0.00731602  9.0854e-05 0.424304
0.00738918  9.08832e-05 0.42642
0.00746307  9.0928e-05 0.428547
0.0075377  9.09782e-05 0.430684
0.00761308  9.1028e-05 0.432832
0.00768921  9.10774e-05 0.434991
0.0077661  9.11265e-05 0.43716
0.00784376  9.11752e-05 0.439341
0.0079222  9.12234e-05 0.441532
0.00800142  9.12713e-05 0.443734
0.00808144  9.13187e-05 0.445947
0.00816225  9.13657e-05 0.448171
0.00824387  9.14123e-05 0.450407
0.00832631  9.14585e-05 0.452653
0.00840957  9.15041e-05 0.454911
0.00849367  9.15493e-05 0.45718
0.00857861  9.15941e-05 0.45946
0.00866439  9.16383e-05 0.461751
0.00875104  9.16821e-05 0.464054
0.00883855  9.17254e-05 0.466369
0.00892693  9.17681e-05 0.468695
0.0090162  9.18104e-05 0.471032
0.00910636  9.18521e-05 0.473382
0.00919743  9.18933e-05 0.475743
0.0092894  9.19362e-05 0.478115
0.0093823  9.1987e-05 0.4805
0.00947612  9.20387e-05 0.482897
0.00957088  9.20899e-05 0.485305
0.00966659  9.21406e-05 0.487725
0.00976325  9.21908e-05 0.490158
0.00986089  9.22406e-05 0.492603
0.0099595  9.23091e-05 0.495059
0.0100591  9.23794e-05 0.497528
0.0101597  9.24495e-05 0.50001
0.0102613  9.25192e-05 0.502504
0.0103639  9.25886e-05 0.50501
0.0104675  9.26577e-05 0.507529
0.0105722  9.27265e-05 0.51006
0.0106779  9.27949e-05 0.512604
0.0107847  9.28629e-05 0.515161
0.0108926  9.29306e-05 0.51773
0.0110015  9.29979e-05 0.520312
0.0111115  9.30649e-05 0.522907
0.0112226  9.31314e-05 0.525515
0.0113348  9.31976e-05 0.528136
0.0114482  9.32634e-05 0.53077
0.0115627  9.33287e-05 0.533418
0.0116783  9.33936e-05 0.536078
0.0117951  9.34581e-05 0.538752
0.011913  9.35221e-05 0.541439
0.0120322  9.35857e-05 0.544139
0.0121525  9.36488e-05 0.546853
0.012274  9.37115e-05 0.54958
0.0123967  9.37736e-05 0.552321
0.0125207  9.38353e-05 0.555076
0.0126459  9.38964e-05 0.557845
0.0127724  9.39571e-05 0.560627
0.0129001  9.40172e-05 0.563423
0.0130291  9.40768e-05 0.566233
0.0131594  9.41358e-05 0.569057
0.013291  9.41943e-05 0.571896
0.0134239  9.42521e-05 0.574748
0.0135581  9.43095e-05 0.577614
0.0136937  9.43662e-05 0.580495
0.0138307  9.44223e-05 0.58339
0.013969  9.4485e-05 0.5863
0.0141086  9.45611e-05 0.589224
0.0142497  9.46369e-05 0.592163
0.0143922  9.47122e-05 0.595116
0.0145362  9.4787e-05 0.598085
0.0146815  9.48614e-05 0.601068
0.0148283  9.49392e-05 0.604065
0.0149766  9.50385e-05 0.607078
0.0151264  9.51376e-05 0.610106
0.0152776  9.52364e-05 0.613149
0.0154304  9.53349e-05 0.616207
0.0155847  9.54332e-05 0.61928
0.0157406  9.55313e-05 0.622369
0.015898  9.5629e-05 0.625473
0.016057  9.57265e-05 0.628592
0.0162175  9.58237e-05 0.631728
0.0163797  9.59206e-05 0.634878
0.0165435  9.60171e-05 0.638045
0.0167089  9.61134e-05 0.641227
0.016876  9.62093e-05 0.644425
0.0170448  9.63048e-05 0.64764
0.0172152  9.64e-05 0.65087
0.0173874  9.64948e-05 0.654116
0.0175613  9.65893e-05 0.657378
0.0177369  9.66834e-05 0.660657
0.0179142  9.67771e-05 0.663952
0.0180934  9.68703e-05 0.667263
0.0182743  9.69632e-05 0.670591
0.0184571  9.70556e-05 0.673936
0.0186416  9.71596e-05 0.677297
0.018828  9.72791e-05 0.680675
0.0190163  9.73985e-05 0.68407
0.0192065  9.75177e-05 0.687482
0.0193986  9.76367e-05 0.690911
0.0195925  9.77555e-05 0.694357
0.0197885  9.78791e-05 0.69782
0.0199864  9.80183e-05 0.7013
0.0201862  9.81574e-05 0.704798
0.0203881  9.82966e-05 0.708313
0.020592  9.84356e-05 0.711846
0.0207979  9.85747e-05 0.715396
0.0210059  9.87137e-05 0.718964
0.0212159  9.88526e-05 0.72255
0.0214281  9.89915e-05 0.726154
0.0216424  9.91302e-05 0.729776
0.0218588  9.92689e-05 0.733415
0.0220774  9.94075e-05 0.737073
0.0222981  9.9546e-05 0.740749
0.0225211  9.96844e-05 0.744444
0.0227463  9.98226e-05 0.748157
0.0229738  9.99607e-05 0.751888
0.0232035  0.000100099 0.755638
0.0234356  0.000100237 0.759407
0.0236699  0.000100374 0.763195
0.0239066  0.000100512 0.767001
0.0241457  0.000100649 0.770827
0.0243871  0.000100786 0.774671
0.024631  0.000100923 0.778535
0.0248773  0.000101073 0.782418
0.0251261  0.000101227 0.78632
0.0253774  0.00010138 0.790242
0.0256311  0.000101533 0.794183
0.0258874  0.000101686 0.798144
0.0261463  0.00010184 0.802125
0.0264078  0.000101993 0.806126
0.0266719  0.000102145 0.810146
0.0269386  0.000102298 0.814187
0.027208  0.000102451 0.818248
0.02748  0.000102603 0.822329
0.0277548  0.000102756 0.82643
0.0280324  0.000102931 0.830552
0.0283127  0.000103117 0.834694
0.0285958  0.000103303 0.838857
0.0288818  0.000103489 0.843041
0.0291706  0.000103676 0.847246
0.0294623  0.000103862 0.851472
0.029757  0.000104058 0.855718
0.0300545  0.000104264 0.859986
0.0303551  0.00010447 0.864276
0.0306586  0.000104676 0.868586
0.0309652  0.000104883 0.872918
0.0312749  0.000105089 0.877272
0.0315876  0.000105297 0.881647
0.0319035  0.000105504 0.886044
0.0322225  0.000105712 0.890463
0.0325447  0.00010592 0.894905
0.0328702  0.000106128 0.899368
0.0331989  0.000106336 0.903854
0.0335309  0.000106545 0.908362
0.0338662  0.000106754 0.912892
0.0342049  0.000106964 0.917445
0.0345469  0.000107173 0.922021
0.0348924  0.000107383 0.92662
0.0352413  0.000107593 0.931241
0.0355937  0.000107803 0.935886
0.0359496  0.000108013 0.940553
0.0363091  0.000108224 0.945245
0.0366722  0.000108435 0.949959
0.037039  0.000108646 0.954697
0.0374093  0.000108878 0.959459
0.0377834  0.000109116 0.964244
0.0381613  0.000109356 0.969053
0.0385429  0.000109595 0.973886
0.0389283  0.000109835 0.978744
0.0393176  0.000110075 0.983625
0.0397108  0.000110328 0.988531
0.0401079  0.00011059 0.993461
0.040509  0.000110853 0.998416
0.040914  0.000111116 1.0034
0.0413232  0.00011138 1.0084
0.0417364  0.000111645 1.01343
0.0421538  0.00011191 1.01848
0.0425753  0.000112175 1.02356
0.0430011  0.000112442 1.02867
0.0434311  0.000112709 1.0338
0.0438654  0.000112976 1.03896
0.044304  0.000113244 1.04414
0.0447471  0.000113513 1.04935
0.0451946  0.000113782 1.05458
0.0456465  0.000114052 1.05984
0.046103  0.000114322 1.06512
0.046564  0.0001146 1.07044
0.0470296  0.000114893 1.07578
0.0474999  0.000115187 1.08114
0.0479749  0.000115482 1.08653
0.0484547  0.000115777 1.09195
0.0489392  0.000116073 1.0974
0.0494286  0.000116374 1.10287
0.0499229  0.000116695 1.10837
0.0504221  0.000117017 1.1139
0.0509264  0.00011734 1.11946
0.0514356  0.000117664 1.12504
0.05195  0.000117989 1.13065
0.0524695  0.000118314 1.13629
0.0529942  0.000118641 1.14196
0.0535241  0.000118969 1.14765
0.0540594  0.000119298 1.15338
0.0546  0.000119627 1.15913
0.055146  0.000119958 1.16491
0.0556974  0.000120293 1.17072
0.0562544  0.000120647 1.17656
0.0568169  0.000121005 1.18243
0.0573851  0.000121364 1.18833
0.0579589  0.000121724 1.19425
0.0585385  0.000122086 1.20021
0.0591239  0.000122448 1.20619
0.0597152  0.000122812 1.21221
0.0603123  0.000123177 1.21826
0.0609154  0.000123544 1.22433
0.0615246  0.000123911 1.23044
0.0621398  0.00012428 1.23658
0.0627612  0.00012465 1.24274
0.0633888  0.000125021 1.24894
0.0640227  0.000125393 1.25517
0.064663  0.000125766 1.26143
0.0653096  0.000126141 1.26772
0.0659627  0.000126517 1.27405
0.0666223  0.000126893 1.2804
0.0672885  0.000127272 1.28679
0.0679614  0.000127651 1.2932
0.068641  0.000128031 1.29965
0.0693275  0.000128413 1.30614
0.0700207  0.000128796 1.31265
0.0707209  0.00012918 1.3192
0.0714281  0.000129565 1.32578
0.0721424  0.000129951 1.33239
0.0728638  0.000130339 1.33903
0.0735925  0.000130728 1.34571
0.0743284  0.000131137 1.35242
0.0750717  0.000131588 1.35917
0.0758224  0.000132043 1.36595
0.0765806  0.000132499 1.37276
0.0773464  0.000132958 1.37961
0.0781199  0.000133418 1.38649
0.0789011  0.00013388 1.3934
0.0796901  0.000134344 1.40035
0.080487  0.00013481 1.40734
0.0812919  0.000135278 1.41436
0.0821048  0.000135747 1.42141
0.0829259  0.000136218 1.4285
0.0837551  0.000136691 1.43563
0.0845927  0.000137166 1.44279
0.0854386  0.000137643 1.44998
0.086293  0.000138121 1.45721
0.0871559  0.000138602 1.46448
0.0880275  0.000139084 1.47179
0.0889077  0.000139568 1.47913
0.0897968  0.000140054 1.4865
0.0906948  0.000140542 1.49392
0.0916017  0.000141031 1.50137
0.0925178  0.000141523 1.50886
0.0934429  0.000142037 1.51638
0.0943774  0.000142563 1.52394
0.0953211  0.000143091 1.53155
0.0962743  0.000143621 1.53918
0.0972371  0.000144153 1.54686
0.0982095  0.000144688 1.55458
0.0991916  0.000145224 1.56233
0.100183  0.000145763 1.57012
0.101185  0.000146304 1.57795
0.102197  0.000146848 1.58582
0.103219  0.000147393 1.59373
0.104251  0.000147941 1.60168
0.105294  0.000148491 1.60967
0.106347  0.000149043 1.6177
0.10741  0.000149598 1.62577
0.108484  0.000150155 1.63388
0.109569  0.000150714 1.64202
0.110665  0.000151275 1.65021
0.111772  0.000151839 1.65844
0.112889  0.000152405 1.66672
0.114018  0.000152973 1.67503
0.115158  0.000153544 1.68338
0.11631  0.000154116 1.69178
0.117473  0.000154691 1.70021
0.118648  0.000155269 1.70869
0.119834  0.000155849 1.71722
0.121033  0.000156431 1.72578
0.122243  0.000157015 1.73439
0.123465  0.000157602 1.74304
0.1247  0.000158191 1.75173
0.125947  0.000158782 1.76047
0.127206  0.000159376 1.76925
0.128478  0.000159972 1.77808
0.129763  0.000160571 1.78695
0.131061  0.000161172 1.79586
0.132372  0.000161775 1.80482
0.133695  0.000162381 1.81382
0.135032  0.000162989 1.82287
0.136383  0.000163599 1.83196
0.137746  0.000164212 1.8411
0.139124  0.000164832 1.85028
0.140515  0.000165487 1.85951
0.14192  0.000166153 1.86878
0.143339  0.000166822 1.8781
0.144773  0.000167494 1.88746
0.146221  0.000168169 1.89687
0.147683  0.000168846 1.90632
0.14916  0.000169548 1.91583
0.150651  0.000170261 1.92538
0.152158  0.000170977 1.93497
0.153679  0.000171696 1.94462
0.155216  0.000172418 1.95432
0.156768  0.000173144 1.96406
0.158336  0.000173873 1.97386
0.159919  0.000174605 1.98371
0.161518  0.000175234 1.99362
0.163134  0.000175857 2.00357
0.164765  0.000176481 2.01358
0.166413  0.000177107 2.02365
0.168077  0.000177734 2.03377
0.169757  0.000178363 2.04395
0.171455  0.000178993 2.05418
0.17317  0.000179625 2.06448
0.174901  0.000180258 2.07483
0.17665  0.000180892 2.08524
0.178417  0.000181528 2.09571
0.180201  0.000182165 2.10625
0.182003  0.000182803 2.11685
0.183823  0.000183443 2.1275
0.185661  0.000184084 2.13823
0.187518  0.000184726 2.14901
0.189393  0.00018537 2.15986
0.191287  0.000186015 2.17077
0.1932  0.000186661 2.18174
0.195132  0.000187308 2.19278
0.197083  0.000187956 2.20388
0.199054  0.000188615 2.21505
0.201045  0.000189277 2.22628
0.203055  0.00018994 2.23758
0.205086  0.000190605 2.24894
0.207136  0.00019127 2.26036
0.209208  0.000191937 2.27186
0.2113  0.000192605 2.28342
0.213413  0.000193487 2.29236
0.215547  0.000194518 2.29951
0.217702  0.000195557 2.30666
0.219879  0.000196604 2.31379
0.222078  0.00019766 2.3209
0.224299  0.000198725 2.328
0.226542  0.000199798 2.33508
0.228807  0.000200879 2.34215
0.231095  0.00020197 2.3492
0.233406  0.00020307 2.35623
0.235741  0.000204178 2.36324
0.238098  0.000205296 2.37023
0.240479  0.000206423 2.3772
0.242884  0.000207559 2.38415
0.245313  0.000208705 2.39107
0.247766  0.000209863 2.39798
0.250243  0.000211036 2.40486
0.252746  0.000212219 2.41171
0.255273  0.000213412 2.41854
0.257826  0.000214615 2.42535
0.260404  0.000215828 2.43213
0.263008  0.000217051 2.43888
0.265638  0.000218285 2.4456
0.268295  0.000219529 2.45229
0.270978  0.000220784 2.45895
0.273687  0.000222049 2.46558
0.276424  0.000223326 2.47218
0.279189  0.000224625 2.47875
0.28198  0.00022596 2.48528
0.2848  0.000227309 2.49178
0.287648  0.000228669 2.49825
0.290525  0.000230041 2.50468
0.29343  0.000231425 2.51107
0.296364  0.000232822 2.51743
0.299328  0.000234238 2.52374
0.302321  0.000235667 2.53002
0.305344  0.000237109 2.53626
0.308398  0.000238563 2.54245
0.311482  0.000240031 2.54861
0.314597  0.000241512 2.55472
0.317743  0.000243006 2.56079
0.32092  0.000244513 2.56681
0.324129  0.000246034 2.57279
0.32737  0.000247569 2.57872
0.330644  0.000249118 2.5846
0.333951  0.000250681 2.59044
0.33729  0.000252258 2.59622
0.340663  0.00025385 2.60196
0.34407  0.000255456 2.60764
0.34751  0.000257077 2.61328
0.350985  0.000258713 2.61886
0.354495  0.000260364 2.62438
0.35804  0.00026203 2.62985
0.361621  0.000263712 2.63527
0.365237  0.000265409 2.64062
0.368889  0.000267122 2.64592
0.372578  0.000268857 2.65117
0.376304  0.000270618 2.65635
0.380067  0.000272395 2.66147
0.383868  0.000274189 2.66653
0.387706  0.000276 2.67152
0.391583  0.000277828 2.67646
0.395499  0.000279674 2.68133
0.399454  0.000281545 2.68613
0.403449  0.000283433 2.69087
0.407483  0.00028534 2.69554
0.411558  0.000287265 2.70014
0.415674  0.000289208 2.70467
0.41983  0.000291105 2.70974
0.424029  0.000292781 2.71702
0.428269  0.000294467 2.72429
0.432552  0.000296161 2.73156
0.436877  0.000297865 2.73882
0.441246  0.000299579 2.74608
0.445658  0.000301301 2.75333
0.450115  0.000303033 2.76057
0.454616  0.000304774 2.76781
0.459162  0.000306524 2.77505
0.463754  0.000308285 2.78228
0.468391  0.000310062 2.78951
0.473075  0.00031185 2.79673
0.477806  0.000313648 2.80395
0.482584  0.000315454 2.81116
0.48741  0.000317269 2.81837
0.492284  0.000319094 2.82558
0.497207  0.000320933 2.83278
0.502179  0.000322782 2.83998
0.507201  0.000324641 2.84718
0.512273  0.000326508 2.85438
0.517396  0.000328384 2.86157
0.52257  0.000330269 2.86877
0.527795  0.000332162 2.87596
0.533073  0.000334064 2.88314
0.538404  0.000335975 2.89033
0.543788  0.000337893 2.89752
0.549226  0.000339821 2.9047
0.554718  0.000341756 2.91188
0.560265  0.000343706 2.91906
0.565868  0.000345668 2.92624
0.571527  0.000347638 2.93342
0.577242  0.000349616 2.9406
0.583014  0.000351601 2.94778
0.588844  0.000353595 2.95496
0.594733  0.000355596 2.96215
0.60068  0.000357605 2.96933
0.606687  0.000359622 2.97652
0.612754  0.000361645 2.98372
0.618881  0.000363676 2.99092
0.62507  0.000365715 2.99812
0.631321  0.00036776 3.00533
0.637634  0.000369812 3.01255
0.644011  0.000371773 3.01978
0.650451  0.000373676 3.02702
0.656955  0.000375582 3.03427
0.663525  0.000377489 3.04153
0.67016  0.000379398 3.04881
0.676862  0.000381308 3.0561
0.68363  0.00038322 3.0634
0.690466  0.000385133 3.07072
0.697371  0.000387046 3.07806
0.704345  0.00038896 3.08542
0.711388  0.000390874 3.0928
0.718502  0.000392788 3.1002
0.725687  0.000394702 3.10762
0.732944  0.000396616 3.11506
0.740273  0.000398529 3.12253
0.747676  0.000400454 3.13002
0.755153  0.000402381 3.13753
0.762705  0.000404307 3.14507
0.770332  0.000406231 3.15264
0.778035  0.000408152 3.16024
0.785815  0.000410071 3.16786
0.793673  0.000411988 3.17551
0.80161  0.000413901 3.18319
0.809626  0.000415811 3.1909
0.817722  0.000417717 3.19864
0.8259  0.000419619 3.20641
0.834159  0.000421517 3.21422
0.8425  0.00042341 3.22206
0.850925  0.000425298 3.22994
0.859435  0.000427181 3.23785
0.868029  0.000429058 3.2458
0.876709  0.000430929 3.25379
0.885476  0.000432794 3.26182
0.894331  0.000434652 3.26989
0.903274  0.000436503 3.27801
0.912307  0.000438346 3.28617
0.92143  0.000440182 3.29437
0.930644  0.000442012 3.30262
0.939951  0.000443841 3.31092
0.94935  0.000445661 3.31927
0.958844  0.000447472 3.32766
0.968432  0.000449273 3.33611
0.978117  0.000451065 3.34461
0.987898  0.000452847 3.35317
0.997777  0.000454622 3.36178
1.00775  0.000456387 3.37045
1.01783  0.000458141 3.37917
1.02801  0.000459883 3.38796
1.03829  0.000461613 3.39681
1.04867  0.00046333 3.40572
1.05916  0.000465035 3.4147
1.06975  0.000466727 3.42374
1.08045  0.000468405 3.43285
1.09125  0.000470069 3.44203
1.10217  0.000471719 3.45128
1.11319  0.000473354 3.4606
1.12432  0.000474975 3.47
1.13556  0.000476579 3.47948
1.14692  0.000478168 3.48903
1.15839  0.000479741 3.49867
1.16997  0.000481298 3.50838
1.18167  0.000482837 3.51818
1.19349  0.00048436 3.52807
1.20542  0.000485865 3.53804
1.21748  0.000487352 3.5481
1.22965  0.00048882 3.55825
1.24195  0.00049027 3.5685
1.25437  0.000491701 3.57884
1.26691  0.000493113 3.58929
1.27958  0.000494505 3.59983
1.29238  0.000495877 3.61047
1.3053  0.000497228 3.62122
1.31835  0.000498559 3.63208
1.33154  0.000499869 3.64304
1.34485  0.000501158 3.65411
1.3583  0.000502425 3.6653
1.37188  0.00050367 3.67661
1.3856  0.000504893 3.68803
1.39946  0.000506099 3.69958
1.41345  0.000507285 3.71124
1.42759  0.000508449 3.72304
1.44186  0.00050959 3.73496
1.45628  0.000510707 3.74702
1.47085  0.0005118 3.7592
1.48555  0.000512871 3.77153
1.50041  0.00051392 3.78399
1.51541  0.000514944 3.7966
1.53057  0.000515944 3.80935
1.54587  0.000516919 3.82225
1.56133  0.000517869 3.8353
1.57695  0.000518793 3.8485
1.59271  0.000519693 3.86186
1.60864  0.000520566 3.87538
1.62473  0.000521413 3.88906
1.64098  0.000522235 3.90291
1.65739  0.00052303 3.91693
1.67396  0.000523799 3.93112
1.6907  0.000524541 3.94549
1.70761  0.000525256 3.96004
1.72468  0.000525945 3.97476
1.74193  0.000526606 3.98968
1.75935  0.000527241 4.00478
1.77694  0.000527849 4.02008
1.79471  0.000528429 4.03558
1.81266  0.000528982 4.05127
1.83078  0.000529508 4.06717
1.84909  0.000530006 4.08328
1.86758  0.000530481 4.0996
1.88626  0.000530931 4.11614
1.90512  0.000531354 4.13289
1.92417  0.000531749 4.14987
1.94341  0.000532117 4.16708
1.96285  0.000532458 4.18452
1.98248  0.000532772 4.20219
2.0023  0.00053306 4.22011
2.02232  0.00053332 4.23826
2.04255  0.000533554 4.25667
2.06297  0.00053376 4.27534
2.0836  0.000533939 4.29426
2.10444  0.000534092 4.31344
2.12548  0.000534217 4.33289
2.14674  0.000534315 4.35261
2.16821  0.000534387 4.3726
2.18989  0.000534431 4.39288
2.21179  0.00053445 4.41344
2.2339  0.000534442 4.4343
2.25624  0.000534408 4.45545
2.27881  0.000534348 4.4769
2.30159  0.000534262 4.49866
2.32461  0.00053415 4.52073
2.34786  0.000534013 4.54312
2.37134  0.00053385 4.56583
2.39505  0.000533663 4.58887
2.419  0.00053345 4.61224
2.44319  0.000533213 4.63595
2.46762  0.000532952 4.66
2.4923  0.000532667 4.68441
2.51722  0.000532359 4.70917
2.54239  0.000532028 4.73429
2.56782  0.000531672 4.75978
2.59349  0.000531294 4.78564
2.61943  0.000530893 4.81189
2.64562  0.000530469 4.83852
2.67208  0.000530023 4.86554
2.6988  0.000529555 4.89296
2.72579  0.000529065 4.92079
2.75305  0.000528554 4.94903
2.78058  0.000528022 4.97768
2.80838  0.000527474 5.00677
2.83647  0.000526905 5.03628
2.86483  0.000526317 5.06624
2.89348  0.000525709 5.09664
2.92241  0.000525082 5.12749
2.95164  0.000524436 5.15881
2.98115  0.000523771 5.19059
3.01097  0.000523089 5.22285
3.04108  0.000522389 5.25559
3.07149  0.000521671 5.28882
3.1022  0.000520936 5.32255
3.13322  0.000520184 5.35678
3.16456  0.000519415 5.39153
3.1962  0.00051863 5.4268
3.22816  0.000517829 5.46259
3.26045  0.000517012 5.49893
3.29305  0.00051618 5.53581
3.32598  0.000515333 5.57325
3.35924  0.000514472 5.61124
3.39283  0.000513596 5.64981
3.42676  0.000512707 5.68896
3.46103  0.000511804 5.72869
3.49564  0.000510889 5.76903
3.53059  0.00050996 5.80997
3.5659  0.000509019 5.85152
3.60156  0.000508066 5.8937
3.63758  0.000507101 5.93652
3.67395  0.000506125 5.97997
3.71069  0.000505138 6.02408
3.7478  0.000504143 6.06885
3.78528  0.000503138 6.1143
3.82313  0.000502123 6.16042
3.86136  0.000501099 6.20724
3.89997  0.000500065 6.25476
3.93897  0.000499022 6.30299
3.97836  0.000497971 6.35195
4.01815  0.000496912 6.40164
4.05833  0.000495846 6.45207
4.09891  0.000494771 6.50326
4.1399  0.00049369 6.55521
4.1813  0.000492601 6.60794
4.22311  0.000491505 6.66146
4.26534  0.000490402 6.71578
4.308  0.000489293 6.77091
4.35108  0.000488179 6.82686
4.39459  0.000487058 6.88364
4.43853  0.000485932 6.94127
4.48292  0.000484801 6.99976
4.52775  0.000483665 7.05911
4.57303  0.000482524 7.11935
4.61876  0.000481378 7.18049
4.66494  0.00048023 7.24253
4.71159  0.000479078 7.30549
4.75871  0.000477923 7.36939
4.8063  0.000476764 7.43423
4.85436  0.000475602 7.50003
4.9029  0.000474436 7.5668
4.95193  0.000473268 7.63456
5.00145  0.000472098 7.70332
5.05146  0.000470926 7.7731
5.10198  0.000469751 7.8439
5.153  0.000468574 7.91574
5.20453  0.000467395 7.98864
5.25657  0.000466214 8.06262
5.30914  0.000465032 8.13768
5.36223  0.000463848 8.21384
5.41585  0.000462662 8.29112
5.47001  0.000461475 8.36953
5.52471  0.000460287 8.44908
5.57996  0.000459099 8.52981
5.63576  0.000457911 8.61171
5.69212  0.000456723 8.69481
5.74904  0.000455533 8.77912
5.80653  0.000454344 8.86466
5.86459  0.000453153 8.95144
5.92324  0.000451963 9.03949
5.98247  0.000450772 9.12882
6.0423  0.000449581 9.21945
6.10272  0.00044839 9.3114
6.16375  0.000447199 9.40468
6.22538  0.000446008 9.49931
6.28764  0.000444817 9.59532
6.35051  0.000443627 9.69271
6.41402  0.000442436 9.79152
6.47816  0.000441246 9.89175
6.54294  0.000440056 9.99344
6.60837  0.000438867 10.0966
6.67445  0.000437678 10.2012
6.7412  0.000436489 10.3074
6.80861  0.000435301 10.4151
6.8767  0.000434114 10.5243
6.94546  0.000432927 10.6351
7.01492  0.00043174 10.7475
7.08507  0.000430554 10.8615
7.15592  0.000429369 10.9772
7.22748  0.000428184 11.0945
7.29975  0.000427 11.2135
7.37275  0.000425816 11.3343
7.44648  0.000424634 11.4567
7.52094  0.000423455 11.5809
7.59615  0.000422276 11.7069
7.67211  0.000421097 11.8347
7.74883  0.00041992 11.9644
7.82632  0.000418743 12.0959
7.90459  0.000417566 12.2292
7.98363  0.00041639 12.3645
8.06347  0.000415214 12.5018
8.1441  0.000414039 12.641
8.22554  0.000412865 12.7822
8.3078  0.00041169 12.9254
8.39088  0.000410517 13.0706
8.47479  0.000409343 13.218
8.55953  0.00040817 13.3674
8.64513  0.000406997 13.519
8.73158  0.000405825 13.6728
8.8189  0.000404653 13.8287
8.90709  0.000403481 13.9869
8.99616  0.000402309 14.1474
9.08612  0.000401137 14.3102
9.17698  0.000399966 14.4752
9.26875  0.000398794 14.6427
9.36144  0.000397624 14.8126
9.45505  0.000396454 14.9849
9.5496  0.000395285 15.1596
9.6451  0.000394115 15.3369
9.74155  0.000392945 15.5167
9.83896  0.000391775 15.6991
9.93735  0.000390605 15.8841
10.0367  0.000389435 16.0718
10.1371  0.000388265 16.2621
10.2385  0.000387094 16.4552
10.3409  0.000385924 16.6511
10.4443  0.000384753 16.8498
10.5487  0.000383581 17.0513
10.6542  0.000382409 17.2558
10.7607  0.000381236 17.4632
10.8683  0.000380063 17.6735
10.977  0.000378889 17.887
11.0868  0.000377715 18.1035
11.1977  0.00037654 18.3231
11.3096  0.000375364 18.5459
11.4227  0.000374187 18.7719
11.537  0.00037301 19.0012
11.6523  0.000371832 19.2338
11.7689  0.000370653 19.4698
11.8865  0.000369473 19.7092
12.0054  0.000368292 19.9521
12.1255  0.00036711 20.1985
12.2467  0.000365927 20.4485
12.3692  0.000364743 20.7021
12.4929  0.000363558 20.9594
12.6178  0.000362372 21.2205
12.744  0.000361185 21.4854
12.8714  0.000359997 21.7541
13.0001  0.000358807 22.0268
13.1301  0.000357616 22.3034
13.2614  0.000356424 22.5841
13.3941  0.000355231 22.869
13.528  0.000354036 23.158
13.6633  0.000352841 23.4513
13.7999  0.000351643 23.7488
13.9379  0.000350445 24.0508
14.0773  0.000349247 24.3572
14.2181  0.000348047 24.6681
14.3602  0.000346846 24.9836
14.5038  0.000345643 25.3038
14.6489  0.000344439 25.6287
14.7954  0.000343234 25.9584
14.9433  0.000342028 26.2931
15.0928  0.00034082 26.6327
15.2437  0.000339611 26.9773
15.3961  0.000338401 27.3271
15.5501  0.000337189 27.6821
15.7056  0.000335975 28.0424
15.8626  0.00033476 28.4081
16.0213  0.000333544 28.7793
16.1815  0.000332326 29.156
16.3433  0.000331107 29.5384
16.5067  0.000329886 29.9265
16.6718  0.000328663 30.3205
16.8385  0.000327439 30.7204
17.0069  0.000326214 31.1263
17.177  0.000324987 31.5384
17.3487  0.000323759 31.9567
17.5222  0.000322529 32.3813
17.6974  0.000321298 32.8124
17.8744  0.000320065 33.25
18.0532  0.000318831 33.6943
18.2337  0.000317596 34.1453
18.416  0.000316359 34.6032
18.6002  0.000315121 35.0681
18.7862  0.000313882 35.5401
18.9741  0.000312642 36.0194
19.1638  0.000311401 36.506
19.3554  0.000310158 37
19.549  0.000308914 37.5017
19.7445  0.000307669 38.0111
19.9419  0.000306423 38.5284
20.1413  0.000305175 39.0537
20.3427  0.000303927 39.5871
20.5462  0.000302677 40.1288
20.7516  0.000301426 40.6788
20.9592  0.000300174 41.2375
21.1687  0.000298921 41.8048
21.3804  0.000297667 42.3809
21.5942  0.000296411 42.966
21.8102  0.000295155 43.5602
22.0283  0.000293898 44.1636
22.2486  0.00029264 44.7765
22.4711  0.00029138 45.399
22.6958  0.00029012 46.0312
22.9227  0.000288859 46.6733
23.1519  0.000287598 47.3255
23.3835  0.000286335 47.988
23.6173  0.000285072 48.661
23.8535  0.000283808 49.3447
24.092  0.000282543 50.0393
24.3329  0.000281278 50.7449
24.5763  0.000280012 51.4619
24.822  0.000278746 52.1904
25.0702  0.000277479 52.9307
25.3209  0.000276212 53.6829
25.5742  0.000274945 54.4472
25.8299  0.000273677 55.2239
26.0882  0.000272409 56.013
26.3491  0.00027114 56.8148
26.6126  0.000269871 57.6294
26.8787  0.000268603 58.4569
27.1475  0.000267334 59.2975
27.419  0.000266065 60.1514
27.6931  0.000264795 61.0187
27.9701  0.000263527 61.8997
28.2498  0.000262258 62.7944
28.5323  0.00026099 63.7031
28.8176  0.000259722 64.6262
29.1058  0.000258455 65.5639
29.3968  0.000257187 66.5169
29.6908  0.00025592 67.4855
29.9877  0.000254654 68.4701
30.2876  0.000253388 69.4713
30.5905  0.000252122 70.4895
30.8964  0.000250857 71.5252
31.2053  0.000249593 72.579
31.5174  0.000248329 73.6512
31.8326  0.000228415 74.7426
32.1509  0.000227257 75.8535
32.4724  0.000226104 76.9844
32.7971  0.000224954 78.1358
33.1251  0.000223805 79.308
33.4563  0.000222656 80.5015
33.7909  0.000221508 81.7169
34.1288  0.000220362 82.9545
34.4701  0.000219216 84.2148
34.8148  0.000218071 85.4984
35.1629  0.000216928 86.8058
35.5146  0.000215785 88.1375
35.8697  0.000214644 89.4939
36.2284  0.000213505 90.8754
36.5907  0.000212366 92.282
36.9566  0.00021123 93.714
37.3262  0.000210094 95.1714
37.6994  0.000208961 96.6544
38.0764  0.000207829 98.1631
38.4572  0.0002067 99.6976
38.8418  0.000205571 101.258
39.2302  0.000204443 102.844
39.6225  0.000203316 104.457
40.0187  0.000202191 106.096
40.4189  0.000201069 107.761
40.8231  0.000199948 109.453
41.2313  0.00019883 111.172
41.6436  0.000197713 112.921
42.0601  0.000196599 114.698
42.4807  0.000195487 116.505
42.9055  0.000194378 118.342
43.3345  0.00019327 120.211
43.7679  0.000192166 122.112
44.2056  0.000191063 124.045
44.6476  0.000189963 126.013
45.0941  0.000188866 128.015
45.545  0.000187771 130.052
46.0005  0.000186678 132.125
46.4605  0.000185589 134.234
46.9251  0.000184502 136.38
47.3943  0.000183418 138.564
47.8683  0.000182337 140.785
48.347  0.000181259 143.045
48.8304  0.000180181 145.344
49.3187  0.000179106 147.683
49.8119  0.000178034 150.063
50.31  0.000176965 152.484
50.8131  0.000175899 154.946
51.3213  0.000174836 157.45
51.8345  0.000173776 159.998
52.3528  0.00017272 162.59
52.8764  0.000171667 165.227
53.4051  0.000170618 167.91
53.9392  0.000169571 170.64
54.4786  0.000168528 173.417
55.0234  0.000167489 176.243
55.5736  0.000166453 179.118
56.1293  0.000165421 182.043
56.6906  0.000164392 185.02
57.2575  0.000163366 188.049
57.8301  0.000162345 191.132
58.4084  0.000161326 194.269
58.9925  0.000160312 197.461
59.5824  0.000159301 200.709
60.1782  0.000158293 204.014
60.78  0.00015729 207.378
61.3878  0.00015629 210.801
62.0017  0.000155294 214.284
62.6217  0.000154301 217.829
63.2479  0.000153312 221.436
63.8804  0.000152327 225.107
64.5192  0.000151346 228.842
65.1644  0.000150368 232.644
65.816  0.000149393 236.513
66.4742  0.000148421 240.45
67.1389  0.000147454 244.457
67.8103  0.000146491 248.535
68.4884  0.000145531 252.686
69.1733  0.000144575 256.91
69.8651  0.000143624 261.209
70.5637  0.000142676 265.584
71.2693  0.000141732 270.038
71.982  0.000140792 274.57
72.7019  0.000139857 279.184
73.4289  0.000138925 283.879
74.1632  0.000137997 288.659
74.9048  0.000137074 293.523
75.6538  0.000136155 298.475
76.4104  0.00013524 303.514
77.1745  0.000134329 308.644
77.9462  0.000133423 313.866
78.7257  0.00013252 319.181
79.513  0.000131621 324.591
80.3081  0.000130727 330.097
81.1112  0.000129837 335.703
81.9223  0.000128951 341.408
82.7415  0.000128069 347.216
83.5689  0.000127191 353.129
84.4046  0.000126317 359.147
85.2486  0.000125448 365.273
86.1011  0.000124583 371.509
86.9621  0.000123723 377.858
87.8318  0.000122868 384.32
88.7101  0.000122016 390.899
89.5972  0.000121169 397.596
90.4932  0.000120327 404.413
91.3981  0.000119488 411.354
92.3121  0.000118652 418.419
93.2352  0.000117821 425.612
94.1675  0.000116995 432.934
95.1092  0.000116172 440.389
96.0603  0.000115354 447.978
97.0209  0.00011454 455.704
97.9911  0.00011373 463.57
98.971  0.000112924 471.578
99.9607  0.000112122 479.731
100.96  0.000111325 488.031
101.97  0.000110532 496.481
102.99  0.000109743 505.085
104.02  0.000108959 513.844
105.06  0.000108179 522.762
106.11  0.000107402 531.841
107.171  0.000106631 541.085
108.243  0.000105863 550.497
109.326  0.000105099 560.08
110.419  0.00010434 569.836
111.523  0.000103585 579.769
112.638  0.000102834 589.883
113.765  0.000102088 600.181
114.902  0.000101345 610.666
116.051  0.000100607 621.341
117.212  9.98729e-05 632.21
118.384  9.91431e-05 643.277
119.568  9.84174e-05 654.546
120.763  9.76959e-05 666.02
121.971  9.69787e-05 677.702
123.191  9.62655e-05 689.598
124.423  9.55566e-05 701.71
125.667  9.48518e-05 714.042
126.924  9.41512e-05 726.6
128.193  9.34547e-05 739.387
129.475  9.27624e-05 752.406
130.77  9.20745e-05 765.664
132.077  9.13909e-05 779.163
133.398  9.07114e-05 792.909
134.732  9.0036e-05 806.906
136.079  8.93647e-05 821.158
137.44  8.86974e-05 835.671
138.814  8.80341e-05 850.449
140.203  8.7375e-05 865.498
141.605  8.672e-05 880.821
143.021  8.6069e-05 896.425
144.451  8.5422e-05 912.314
145.895  8.47791e-05 928.494
147.354  8.41401e-05 944.97
148.828  8.35052e-05 961.748
150.316  8.28743e-05 978.833
151.819  8.22473e-05 996.231
153.338  8.16243e-05 1013.95
154.871  8.10053e-05 1031.99
156.42  8.03902e-05 1050.36
157.984  7.9779e-05 1069.07
159.564  7.91718e-05 1088.12
161.159  7.85684e-05 1107.52
162.771  7.79687e-05 1127.28
164.399  7.73729e-05 1147.4
166.043  7.67809e-05 1167.89
167.703  7.61929e-05 1188.75
169.38  7.56086e-05 1210
171.074  7.50283e-05 1231.64
172.785  7.44517e-05 1253.67
174.512  7.3879e-05 1276.11
176.258  7.33101e-05 1298.96
178.02  7.27451e-05 1322.23
179.8  7.21837e-05 1345.93
181.598  7.16262e-05 1370.07
183.414  7.10724e-05 1394.65
185.248  7.05224e-05 1419.68
187.101  6.99762e-05 1445.17
188.972  6.94338e-05 1471.12
190.862  6.8895e-05 1497.56
192.77  6.836e-05 1524.48
194.698  6.78286e-05 1551.9
196.645  6.73009e-05 1579.82
198.611  6.67769e-05 1608.26
200.598  6.62566e-05 1637.22
202.604  6.57399e-05 1666.71
204.63  6.52267e-05 1696.74
206.676  6.47172e-05 1727.33
208.743  6.42112e-05 1758.48
210.83  6.37088e-05 1790.2
212.938  6.32099e-05 1822.51
215.068  6.27145e-05 1855.41
217.218  6.22227e-05 1888.91
219.391  6.17343e-05 1923.04
221.584  6.12494e-05 1957.79
223.8  6.07679e-05 1993.18
226.038  6.02899e-05 2029.23
228.299  5.98153e-05 2065.94
230.582  5.93441e-05 2103.32
232.888  5.88763e-05 2141.39
235.216  5.84119e-05 2180.17
237.569  5.79508e-05 2219.66
239.944  5.74931e-05 2259.87
242.344  5.70387e-05 2300.83
244.767  5.65876e-05 2342.54
247.215  5.61399e-05 2385.02
249.687  5.56954e-05 2428.28
252.184  5.52541e-05 2472.34
254.706  5.48161e-05 2517.21
257.253  5.43814e-05 2562.91
259.825  5.39498e-05 2609.45
262.423  5.35215e-05 2656.84
265.048  5.30963e-05 2705.11
267.698  5.26742e-05 2754.27
270.375  5.22554e-05 2804.34
273.079  5.18397e-05 2855.33
275.81  5.14272e-05 2907.25
278.568  5.10177e-05 2960.14
281.354  5.06114e-05 3014
284.167  5.02082e-05 3068.85
287.009  4.9808e-05 3124.71
289.879  4.94108e-05 3181.6
292.778  4.90166e-05 3239.54
295.705  4.86254e-05 3298.54
298.662  4.82372e-05 3358.64
301.649  4.7852e-05 3419.84
304.666  4.74697e-05 3482.16
307.712  4.70903e-05 3545.64
310.789  4.67138e-05 3610.28
313.897  4.63402e-05 3676.12
317.036  4.59695e-05 3743.17
320.207  4.56016e-05 3811.45
323.409  4.52365e-05 3880.99
326.643  4.48742e-05 3951.81
329.909  4.45147e-05 4023.93
333.208  4.4158e-05 4097.39
336.54  4.38041e-05 4172.19
339.906  4.34528e-05 4248.37
343.305  4.31043e-05 4325.96
346.738  4.27586e-05 4404.97
350.205  4.24155e-05 4485.44
353.707  4.2075e-05 4567.39
357.244  4.17373e-05 4650.84
360.817  4.14022e-05 4735.84
364.425  4.10697e-05 4822.39
368.069  4.07398e-05 4910.54
371.75  4.04125e-05 5000.31
375.467  4.00878e-05 5091.73
379.222  3.97657e-05 5184.84
383.014  3.94459e-05 5279.65
386.844  3.91287e-05 5376.21
390.713  3.8814e-05 5474.55
394.62  3.85018e-05 5574.69
398.566  3.81921e-05 5676.68
402.552  3.78849e-05 5780.54
406.577  3.75801e-05 5886.3
410.643  3.72777e-05 5994.02
414.75  3.69778e-05 6103.71
418.897  3.66803e-05 6215.42
423.086  3.63851e-05 6329.18
427.317  3.60923e-05 6445.03
431.59  3.58019e-05 6563.01
435.906  3.55138e-05 6683.15
440.265  3.52281e-05 6805.5
444.668  3.49446e-05 6930.1
449.114  3.46634e-05 7056.99
453.605  3.43846e-05 7186.2
458.142  3.41079e-05 7317.79
462.723  3.38335e-05 7451.79
467.35  3.35614e-05 7588.25
472.024  3.32915e-05 7727.21
476.744  3.30237e-05 7868.72
481.511  3.27582e-05 8012.83
486.326  3.24948e-05 8159.58
491.19  3.22336e-05 8309.03
496.102  3.19745e-05 8461.21
501.063  3.17175e-05 8616.18
506.073  3.14626e-05 8773.99
511.134  3.12098e-05 8934.69
516.245  3.09591e-05 9098.34
521.408  3.07104e-05 9264.98
526.622  3.04638e-05 9434.68
531.888  3.02192e-05 9607.48
537.207  2.99766e-05 9783.45
542.579  2.97359e-05 9962.64
548.005  2.94973e-05 10145.1
553.485  2.92607e-05 10330.9
559.02  2.90259e-05 10520.1
564.61  2.87932e-05 10712.8
570.256  2.85623e-05 10909
575.959  2.83334e-05 11108.8
581.718  2.81063e-05 11312.2
587.535  2.78811e-05 11519.3
593.411  2.76577e-05 11730.3
599.345  2.74362e-05 11945.1
605.338  2.72164e-05 12163.8
611.392  2.69985e-05 12386.5
617.506  2.67824e-05 12613.3
623.681  2.65681e-05 12844.2
629.917  2.63555e-05 13079.3
636.217  2.61447e-05 13318.7
642.579  2.59356e-05 13562.5
649.005  2.57282e-05 13810.7
655.495  2.55226e-05 14063.5
662.05  2.53186e-05 14320.9
668.67  2.51164e-05 14582.9
675.357  2.49159e-05 14849.8
682.11  2.4717e-05 15121.4
688.931  2.45197e-05 15398.1
695.821  2.43242e-05 15679.8
702.779  2.41302e-05 15966.6
709.807  2.39379e-05 16258.6
716.905  2.37472e-05 16555.9
724.074  2.35581e-05 16858.7
731.315  2.33706e-05 17167
738.628  2.31846e-05 17480.8
746.014  2.30003e-05 17800.4
753.474  2.28175e-05 18125.8
761.009  2.26363e-05 18457
768.619  2.24566e-05 18794.3
776.305  2.22785e-05 19137.8
784.068  2.20924e-05 19487.4
791.909  2.19173e-05 19843.4
799.828  2.17437e-05 20205.9
807.826  2.15716e-05 20574.9
815.905  2.1401e-05 20950.7
824.064  2.12318e-05 21333.2
832.304  2.1064e-05 21722.7
840.627  2.08977e-05 22119.2
849.034  2.07328e-05 22522.9
857.524  2.05693e-05 22933.9
866.099  2.04072e-05 23352.4
874.76  2.02465e-05 23778.4
883.508  2.00871e-05 24212.1
892.343  1.99291e-05 24653.7
901.266  1.97724e-05 25103.3
910.279  1.96171e-05 25561
919.382  1.94631e-05 26026.9
928.575  1.93104e-05 26501.3
937.861  1.9159e-05 26984.2
947.24  1.90089e-05 27475.8
956.712  1.88601e-05 27976.3
966.279  1.87126e-05 28485.8
975.942  1.85663e-05 29004.5
985.702  1.84213e-05 29532.6
995.559  1.82775e-05 30070.2
