0.001  6.94878e-05 0.177212
0.00101  6.95557e-05 0.178095
0.0010201  6.9624e-05 0.178984
0.0010303  6.96927e-05 0.179876
0.0010406  6.97618e-05 0.180774
0.00105101  6.98313e-05 0.181675
0.00106152  6.99012e-05 0.182581
0.00107214  6.99715e-05 0.183492
0.00108286  7.00422e-05 0.184407
0.00109369  7.01133e-05 0.185327
0.00110462  7.01839e-05 0.186251
0.00111567  7.02485e-05 0.18718
0.00112683  7.03134e-05 0.188114
0.00113809  7.03704e-05 0.189052
0.00114947  7.04272e-05 0.189995
0.00116097  7.04843e-05 0.190942
0.00117258  7.05416e-05 0.191895
0.0011843  7.05925e-05 0.192852
0.00119615  7.0643e-05 0.193814
0.00120811  7.06937e-05 0.19478
0.00122019  7.07446e-05 0.195752
0.00123239  7.07957e-05 0.196728
0.00124472  7.0847e-05 0.197709
0.00125716  7.08985e-05 0.198695
0.00126973  7.09502e-05 0.199686
0.00128243  7.10021e-05 0.200682
0.00129526  7.10542e-05 0.201683
0.00130821  7.11065e-05 0.202689
0.00132129  7.1159e-05 0.2037
0.0013345  7.12117e-05 0.204716
0.00134785  7.12646e-05 0.205737
0.00136133  7.13177e-05 0.206763
0.00137494  7.1371e-05 0.207795
0.00138869  7.14246e-05 0.208831
0.00140258  7.14783e-05 0.209872
0.0014166  7.15322e-05 0.210919
0.00143077  7.15864e-05 0.211971
0.00144508  7.16407e-05 0.213028
0.00145953  7.16952e-05 0.214091
0.00147412  7.17488e-05 0.215159
0.00148886  7.17984e-05 0.216232
0.00150375  7.1848e-05 0.217275
0.00151879  7.18917e-05 0.218328
0.00153398  7.19354e-05 0.219394
0.00154932  7.19791e-05 0.220473
0.00156481  7.2023e-05 0.221565
0.00158046  7.2064e-05 0.222669
0.00159626  7.21051e-05 0.223787
0.00161223  7.21462e-05 0.224916
0.00162835  7.21873e-05 0.226058
0.00164463  7.22286e-05 0.227211
0.00166108  7.22698e-05 0.228376
0.00167769  7.23112e-05 0.229532
0.00169447  7.23525e-05 0.230661
0.00171141  7.2394e-05 0.231799
0.00172852  7.24354e-05 0.232948
0.00174581  7.24769e-05 0.234107
0.00176327  7.25185e-05 0.235275
0.0017809  7.25601e-05 0.236451
0.00179871  7.26017e-05 0.237636
0.0018167  7.26434e-05 0.238829
0.00183486  7.26851e-05 0.240029
0.00185321  7.27269e-05 0.241237
0.00187174  7.27687e-05 0.24245
0.00189046  7.28105e-05 0.243663
0.00190937  7.28524e-05 0.244879
0.00192846  7.28943e-05 0.246101
0.00194774  7.29362e-05 0.247328
0.00196722  7.29777e-05 0.248562
0.00198689  7.3019e-05 0.249801
0.00200676  7.30603e-05 0.251047
0.00202683  7.31017e-05 0.252298
0.0020471  7.3143e-05 0.253556
0.00206757  7.31844e-05 0.25482
0.00208825  7.32257e-05 0.256091
0.00210913  7.32671e-05 0.257367
0.00213022  7.33085e-05 0.25865
0.00215152  7.33499e-05 0.25994
0.00217304  7.33912e-05 0.261236
0.00219477  7.34326e-05 0.262539
0.00221672  7.3472e-05 0.263848
0.00223888  7.3509e-05 0.265164
0.00226127  7.35446e-05 0.266487
0.00228388  7.35765e-05 0.267816
0.00230672  7.36082e-05 0.269152
0.00232979  7.36399e-05 0.270495
0.00235309  7.36716e-05 0.271845
0.00237662  7.37036e-05 0.273201
0.00240038  7.37355e-05 0.274564
0.00242439  7.37673e-05 0.275933
0.00244863  7.3799e-05 0.27731
0.00247312  7.38305e-05 0.278693
0.00249785  7.38619e-05 0.280083
0.00252283  7.38932e-05 0.281479
0.00254806  7.39244e-05 0.282883
0.00257354  7.39554e-05 0.284294
0.00259927  7.39863e-05 0.285712
0.00262527  7.40171e-05 0.287136
0.00265152  7.40477e-05 0.288568
0.00267803  7.40781e-05 0.290008
0.00270481  7.41084e-05 0.291454
0.00273186  7.41385e-05 0.292908
0.00275918  7.41685e-05 0.294368
0.00278677  7.41983e-05 0.295837
0.00281464  7.42279e-05 0.297312
0.00284279  7.42574e-05 0.298795
0.00287121  7.42867e-05 0.300285
0.00289993  7.43158e-05 0.301783
0.00292893  7.43447e-05 0.303288
0.00295822  7.43724e-05 0.304801
0.0029878  7.43992e-05 0.306321
0.00301768  7.44249e-05 0.307849
0.00304785  7.44492e-05 0.309384
0.00307833  7.44732e-05 0.310927
0.00310911  7.44969e-05 0.312478
0.0031402  7.45217e-05 0.314036
0.00317161  7.45487e-05 0.315603
0.00320332  7.45755e-05 0.317177
0.00323536  7.4602e-05 0.318759
0.00326771  7.46283e-05 0.320348
0.00330039  7.46544e-05 0.321946
0.00333339  7.46802e-05 0.323552
0.00336672  7.47058e-05 0.325165
0.00340039  7.47311e-05 0.326787
0.0034344  7.47561e-05 0.328417
0.00346874  7.47809e-05 0.330055
0.00350343  7.48053e-05 0.331701
0.00353846  7.48295e-05 0.333355
0.00357385  7.48535e-05 0.335018
0.00360958  7.48771e-05 0.336689
0.00364568  7.49004e-05 0.338368
0.00368214  7.49234e-05 0.340056
0.00371896  7.49457e-05 0.341752
0.00375615  7.49677e-05 0.343456
0.00379371  7.4989e-05 0.345169
0.00383165  7.50098e-05 0.346891
0.00386996  7.50304e-05 0.348621
0.00390866  7.50506e-05 0.35036
0.00394775  7.50778e-05 0.352107
0.00398723  7.51053e-05 0.353863
0.0040271  7.51326e-05 0.355628
0.00406737  7.51596e-05 0.357402
0.00410804  7.51863e-05 0.359184
0.00414912  7.52127e-05 0.360976
0.00419062  7.52388e-05 0.362776
0.00423252  7.52646e-05 0.364585
0.00427485  7.529e-05 0.366404
0.0043176  7.53152e-05 0.368231
0.00436077  7.534e-05 0.370068
0.00440438  7.53644e-05 0.371913
0.00444842  7.53888e-05 0.373768
0.00449291  7.54129e-05 0.375633
0.00453784  7.5437e-05 0.377506
0.00458321  7.54608e-05 0.379389
0.00462905  7.54843e-05 0.381281
0.00467534  7.55074e-05 0.383182
0.00472209  7.55301e-05 0.385094
0.00476931  7.55525e-05 0.387014
0.004817  7.55744e-05 0.388944
0.00486517  7.5596e-05 0.390884
0.00491383  7.56171e-05 0.392834
0.00496296  7.56379e-05 0.394793
0.00501259  7.56582e-05 0.396762
0.00506272  7.56781e-05 0.398741
0.00511335  7.56976e-05 0.40073
0.00516448  7.57166e-05 0.402728
0.00521613  7.57352e-05 0.404737
0.00526829  7.57533e-05 0.406756
0.00532097  7.5771e-05 0.408784
0.00537418  7.57882e-05 0.410823
0.00542792  7.58049e-05 0.412872
0.0054822  7.58211e-05 0.414931
0.00553702  7.58368e-05 0.417001
0.00559239  7.5852e-05 0.419081
0.00564832  7.58668e-05 0.421171
0.0057048  7.5881e-05 0.423271
0.00576185  7.58946e-05 0.425382
0.00581947  7.59078e-05 0.427504
0.00587766  7.59228e-05 0.429636
0.00593644  7.5951e-05 0.431779
0.0059958  7.5979e-05 0.433932
0.00605576  7.60085e-05 0.436097
0.00611632  7.60384e-05 0.438272
0.00617748  7.60678e-05 0.440458
0.00623926  7.60969e-05 0.442654
0.00630165  7.61256e-05 0.444862
0.00636466  7.61538e-05 0.447081
0.00642831  7.61816e-05 0.449311
0.00649259  7.6209e-05 0.451551
0.00655752  7.6236e-05 0.453804
0.0066231  7.62624e-05 0.456067
0.00668933  7.62885e-05 0.458341
0.00675622  7.63141e-05 0.460627
0.00682378  7.63391e-05 0.462925
0.00689202  7.63638e-05 0.465234
0.00696094  7.63879e-05 0.467554
0.00703055  7.64115e-05 0.469886
0.00710085  7.64346e-05 0.47223
0.00717186  7.64572e-05 0.474585
0.00724358  7.64793e-05 0.476952
0.00731602  7.65008e-05 0.479331
0.00738918  7.6524e-05 0.481721
0.00746307  7.65492e-05 0.484124
0.0075377  7.65755e-05 0.486538
0.00761308  7.66053e-05 0.488965
0.00768921  7.66346e-05 0.491404
0.0077661  7.66634e-05 0.493855
0.00784376  7.66965e-05 0.496318
0.0079222  7.6743e-05 0.498793
0.00800142  7.67891e-05 0.501281
0.00808144  7.6835e-05 0.503781
0.00816225  7.68804e-05 0.506294
0.00824387  7.69256e-05 0.508819
0.00832631  7.69703e-05 0.511356
0.00840957  7.70147e-05 0.513907
0.00849367  7.70588e-05 0.51647
0.00857861  7.71025e-05 0.519046
0.00866439  7.71457e-05 0.521635
0.00875104  7.71886e-05 0.524236
0.00883855  7.72311e-05 0.526851
0.00892693  7.72732e-05 0.529479
0.0090162  7.73148e-05 0.532119
0.00910636  7.7356e-05 0.534773
0.00919743  7.73968e-05 0.53744
0.0092894  7.74372e-05 0.540121
0.0093823  7.74771e-05 0.542815
0.00947612  7.75165e-05 0.545522
0.00957088  7.75555e-05 0.548243
0.00966659  7.7594e-05 0.550977
0.00976325  7.7632e-05 0.553725
0.00986089  7.76695e-05 0.556487
0.0099595  7.77065e-05 0.559263
0.0100591  7.7743e-05 0.562052
0.0101597  7.77789e-05 0.564855
0.0102613  7.78143e-05 0.567672
0.0103639  7.78492e-05 0.570503
0.0104675  7.78835e-05 0.573349
0.0105722  7.79173e-05 0.576208
0.0106779  7.79504e-05 0.579082
0.0107847  7.7983e-05 0.58197
0.0108926  7.8015e-05 0.584873
0.0110015  7.80464e-05 0.58779
0.0111115  7.80832e-05 0.590722
0.0112226  7.81218e-05 0.593668
0.0113348  7.81651e-05 0.596629
0.0114482  7.82124e-05 0.599605
0.0115627  7.82593e-05 0.602595
0.0116783  7.83058e-05 0.6056
0.0117951  7.83631e-05 0.608621
0.011913  7.84311e-05 0.611656
0.0120322  7.84988e-05 0.614707
0.0121525  7.85662e-05 0.617773
0.012274  7.86333e-05 0.620854
0.0123967  7.87001e-05 0.623951
0.0125207  7.87665e-05 0.627063
0.0126459  7.88327e-05 0.63019
0.0127724  7.88985e-05 0.633333
0.0129001  7.89639e-05 0.636492
0.0130291  7.9029e-05 0.639666
0.0131594  7.90937e-05 0.642857
0.013291  7.91581e-05 0.646063
0.0134239  7.92221e-05 0.649285
0.0135581  7.92857e-05 0.652524
0.0136937  7.93489e-05 0.655778
0.0138307  7.94117e-05 0.659049
0.013969  7.9474e-05 0.662336
0.0141086  7.9536e-05 0.665639
0.0142497  7.95975e-05 0.668959
0.0143922  7.96586e-05 0.672296
0.0145362  7.97192e-05 0.675649
0.0146815  7.97793e-05 0.679018
0.0148283  7.98479e-05 0.682405
0.0149766  7.99182e-05 0.685808
0.0151264  7.99961e-05 0.689229
0.0152776  8.00787e-05 0.692667
0.0154304  8.01609e-05 0.696121
0.0155847  8.0243e-05 0.699593
0.0157406  8.03355e-05 0.703083
0.015898  8.04351e-05 0.706589
0.016057  8.05345e-05 0.710113
0.0162175  8.06339e-05 0.713655
0.0163797  8.07331e-05 0.717214
0.0165435  8.08322e-05 0.720791
0.0167089  8.09311e-05 0.724386
0.016876  8.10298e-05 0.727999
0.0170448  8.11284e-05 0.73163
0.0172152  8.12269e-05 0.735279
0.0173874  8.13251e-05 0.738946
0.0175613  8.14231e-05 0.742632
0.0177369  8.1521e-05 0.746336
0.0179142  8.16186e-05 0.750058
0.0180934  8.17161e-05 0.753799
0.0182743  8.18133e-05 0.757559
0.0184571  8.19103e-05 0.761337
0.0186416  8.2007e-05 0.765134
0.018828  8.21035e-05 0.76895
0.0190163  8.21998e-05 0.772785
0.0192065  8.22958e-05 0.77664
0.0193986  8.23915e-05 0.780513
0.0195925  8.24895e-05 0.784406
0.0197885  8.25991e-05 0.788319
0.0199864  8.27087e-05 0.79225
0.0201862  8.2818e-05 0.796202
0.0203881  8.29272e-05 0.800173
0.020592  8.30362e-05 0.804163
0.0207979  8.31451e-05 0.808174
0.0210059  8.32537e-05 0.812205
0.0212159  8.33622e-05 0.816256
0.0214281  8.34704e-05 0.820327
0.0216424  8.35784e-05 0.824418
0.0218588  8.36862e-05 0.82853
0.0220774  8.37946e-05 0.832663
0.0222981  8.39152e-05 0.836816
0.0225211  8.40356e-05 0.840989
0.0227463  8.41696e-05 0.845184
0.0229738  8.43056e-05 0.849399
0.0232035  8.44416e-05 0.853635
0.0234356  8.45777e-05 0.857893
0.0236699  8.47274e-05 0.862171
0.0239066  8.48798e-05 0.866472
0.0241457  8.50323e-05 0.870793
0.0243871  8.51849e-05 0.875136
0.024631  8.53377e-05 0.879501
0.0248773  8.54906e-05 0.883888
0.0251261  8.56436e-05 0.888296
0.0253774  8.57968e-05 0.892727
0.0256311  8.59501e-05 0.897179
0.0258874  8.61035e-05 0.901654
0.0261463  8.6257e-05 0.906151
0.0264078  8.64106e-05 0.91067
0.0266719  8.65643e-05 0.915212
0.0269386  8.67181e-05 0.919777
0.027208  8.68719e-05 0.924364
0.02748  8.70258e-05 0.928975
0.0277548  8.71799e-05 0.933608
0.0280324  8.73339e-05 0.938264
0.0283127  8.7488e-05 0.942944
0.0285958  8.76422e-05 0.947647
0.0288818  8.77964e-05 0.952373
0.0291706  8.79506e-05 0.957123
0.0294623  8.81065e-05 0.961897
0.029757  8.82715e-05 0.966694
0.0300545  8.84366e-05 0.971516
0.0303551  8.86138e-05 0.976361
0.0306586  8.87919e-05 0.981231
0.0309652  8.89702e-05 0.986125
0.0312749  8.91486e-05 0.991043
0.0315876  8.93443e-05 0.995986
0.0319035  8.95414e-05 1.00095
0.0322225  8.9739e-05 1.00595
0.0325447  8.99369e-05 1.01096
0.0328702  9.01352e-05 1.01601
0.0331989  9.03338e-05 1.02107
0.0335309  9.05329e-05 1.02616
0.0338662  9.07323e-05 1.03128
0.0342049  9.0932e-05 1.03643
0.0345469  9.11321e-05 1.0416
0.0348924  9.13326e-05 1.04679
0.0352413  9.15334e-05 1.05201
0.0355937  9.17346e-05 1.05726
0.0359496  9.19361e-05 1.06253
0.0363091  9.21379e-05 1.06783
0.0366722  9.234e-05 1.07316
0.037039  9.25487e-05 1.07851
0.0374093  9.27601e-05 1.08389
0.0377834  9.29773e-05 1.08929
0.0381613  9.31996e-05 1.09473
0.0385429  9.34225e-05 1.10019
0.0389283  9.36459e-05 1.10567
0.0393176  9.388e-05 1.11119
0.0397108  9.41247e-05 1.11673
0.0401079  9.437e-05 1.1223
0.040509  9.4616e-05 1.1279
0.040914  9.48627e-05 1.13352
0.0413232  9.511e-05 1.13918
0.0417364  9.5358e-05 1.14486
0.0421538  9.56067e-05 1.15057
0.0425753  9.5856e-05 1.15631
0.0430011  9.6106e-05 1.16207
0.0434311  9.63567e-05 1.16787
0.0438654  9.6608e-05 1.1737
0.044304  9.68638e-05 1.17955
0.0447471  9.7126e-05 1.18543
0.0451946  9.73914e-05 1.19135
0.0456465  9.76664e-05 1.19729
0.046103  9.79423e-05 1.20326
0.046564  9.8219e-05 1.20926
0.0470296  9.84966e-05 1.21529
0.0474999  9.8775e-05 1.22135
0.0479749  9.90543e-05 1.22744
0.0484547  9.93344e-05 1.23357
0.0489392  9.96154e-05 1.23972
0.0494286  9.98972e-05 1.2459
0.0499229  0.00010018 1.25212
0.0504221  0.000100463 1.25836
0.0509264  0.000100748 1.26464
0.0514356  0.000101033 1.27094
0.05195  0.000101319 1.27728
0.0524695  0.000101606 1.28365
0.0529942  0.000101894 1.29005
0.0535241  0.000102182 1.29649
0.0540594  0.000102471 1.30296
0.0546  0.000102762 1.30945
0.055146  0.000103053 1.31599
0.0556974  0.000103345 1.32255
0.0562544  0.000103637 1.32915
0.0568169  0.000103931 1.33577
0.0573851  0.000104225 1.34244
0.0579589  0.00010452 1.34913
0.0585385  0.000104816 1.35586
0.0591239  0.000105141 1.36262
0.0597152  0.00010548 1.36942
0.0603123  0.000105824 1.37625
0.0609154  0.000106178 1.38311
0.0615246  0.000106533 1.39001
0.0621398  0.00010689 1.39694
0.0627612  0.000107248 1.40391
0.0633888  0.000107607 1.41091
0.0640227  0.000107968 1.41795
0.064663  0.00010833 1.42502
0.0653096  0.000108693 1.43213
0.0659627  0.000109058 1.43927
0.0666223  0.000109424 1.44645
0.0672885  0.000109792 1.45367
0.0679614  0.000110161 1.46092
0.068641  0.000110531 1.4682
0.0693275  0.000110903 1.47553
0.0700207  0.000111276 1.48288
0.0707209  0.00011165 1.49028
0.0714281  0.000112026 1.49771
0.0721424  0.000112403 1.50518
0.0728638  0.000112782 1.51269
0.0735925  0.000113162 1.52023
0.0743284  0.000113556 1.52782
0.0750717  0.000113951 1.53544
0.0758224  0.000114359 1.54309
0.0765806  0.000114771 1.55079
0.0773464  0.000115185 1.55853
0.0781199  0.000115601 1.5663
0.0789011  0.000116018 1.57411
0.0796901  0.000116437 1.58196
0.080487  0.000116857 1.58985
0.0812919  0.000117279 1.59778
0.0821048  0.000117703 1.60575
0.0829259  0.000118129 1.61376
0.0837551  0.000118556 1.62181
0.0845927  0.000118985 1.6299
0.0854386  0.000119415 1.63803
0.086293  0.000119848 1.6462
0.0871559  0.000120282 1.65441
0.0880275  0.000120718 1.66266
0.0889077  0.000121155 1.67095
0.0897968  0.000121595 1.67928
0.0906948  0.000122036 1.68766
0.0916017  0.000122478 1.69608
0.0925178  0.000122923 1.70454
0.0934429  0.000123369 1.71304
0.0943774  0.000123817 1.72158
0.0953211  0.000124267 1.73017
0.0962743  0.000124718 1.7388
0.0972371  0.000125171 1.74747
0.0982095  0.000125626 1.75619
0.0991916  0.000126083 1.76495
0.100183  0.000126542 1.77375
0.101185  0.000127002 1.78259
0.102197  0.000127464 1.79149
0.103219  0.000127928 1.80042
0.104251  0.000128394 1.8094
0.105294  0.000128861 1.81842
0.106347  0.00012933 1.82749
0.10741  0.000129801 1.83661
0.108484  0.000130274 1.84577
0.109569  0.000130749 1.85497
0.110665  0.000131231 1.86422
0.111772  0.000131727 1.87352
0.112889  0.000132228 1.88286
0.114018  0.00013275 1.89226
0.115158  0.000133273 1.90169
0.11631  0.000133799 1.91118
0.117473  0.00013433 1.92071
0.118648  0.000134885 1.93029
0.119834  0.000135443 1.93992
0.121033  0.000136004 1.9496
0.122243  0.000136567 1.95932
0.123465  0.000137133 1.9691
0.1247  0.000137701 1.97892
0.125947  0.000138272 1.98879
0.127206  0.000138845 1.99871
0.128478  0.000139421 2.00868
0.129763  0.000139999 2.0187
0.131061  0.00014058 2.02877
0.132372  0.000141164 2.03888
0.133695  0.00014175 2.04905
0.135032  0.000142339 2.05926
0.136383  0.00014293 2.06953
0.137746  0.000143524 2.07985
0.139124  0.000144121 2.09021
0.140515  0.00014472 2.10063
0.14192  0.000145322 2.1111
0.143339  0.000145927 2.12163
0.144773  0.000146534 2.1322
0.146221  0.000147145 2.14284
0.147683  0.000147757 2.15353
0.14916  0.000148373 2.16427
0.150651  0.000148953 2.17507
0.152158  0.000149476 2.18594
0.153679  0.000149999 2.19685
0.155216  0.000150524 2.20783
0.156768  0.000151052 2.21887
0.158336  0.000151589 2.22997
0.159919  0.000152127 2.24114
0.161518  0.000152667 2.25236
0.163134  0.000153208 2.26365
0.164765  0.00015375 2.27501
0.166413  0.000154293 2.28643
0.168077  0.000154837 2.29791
0.169757  0.000155382 2.30947
0.171455  0.000155929 2.32109
0.17317  0.000156476 2.33279
0.174901  0.000157025 2.34455
0.17665  0.000157575 2.35638
0.178417  0.000158126 2.36827
0.180201  0.000158677 2.38024
0.182003  0.00015923 2.39228
0.183823  0.000159784 2.40439
0.185661  0.000160339 2.41656
0.187518  0.000160894 2.42881
0.189393  0.000161451 2.44113
0.191287  0.000162064 2.45262
0.1932  0.000162896 2.46071
0.195132  0.000163735 2.46879
0.197083  0.000164585 2.47686
0.199054  0.000165443 2.48491
0.201045  0.000166308 2.49296
0.203055  0.000167179 2.501
0.205086  0.000168058 2.50902
0.207136  0.000168943 2.51703
0.209208  0.000169835 2.52503
0.2113  0.000170735 2.53302
0.213413  0.000171641 2.54099
0.215547  0.000172554 2.54895
0.217702  0.000173475 2.55689
0.219879  0.000174403 2.56482
0.222078  0.000175348 2.57273
0.224299  0.000176306 2.58062
0.226542  0.00017728 2.58849
0.228807  0.000178271 2.59635
0.231095  0.00017927 2.60418
0.233406  0.000180277 2.61199
0.235741  0.000181295 2.61978
0.238098  0.000182326 2.62755
0.240479  0.000183365 2.63529
0.242884  0.000184413 2.64301
0.245313  0.000185469 2.6507
0.247766  0.000186534 2.65837
0.250243  0.000187608 2.66601
0.252746  0.000188691 2.67363
0.255273  0.000189783 2.68121
0.257826  0.000190884 2.68877
0.260404  0.000191995 2.69629
0.263008  0.000193115 2.70378
0.265638  0.000194244 2.71124
0.268295  0.000195383 2.71867
0.270978  0.000196531 2.72607
0.273687  0.000197689 2.73343
0.276424  0.000198858 2.74075
0.279189  0.000200036 2.74804
0.28198  0.000201224 2.75529
0.2848  0.000202422 2.7625
0.287648  0.000203631 2.76967
0.290525  0.000204851 2.7768
0.29343  0.000206081 2.78389
0.296364  0.000207326 2.79094
0.299328  0.000208583 2.79794
0.302321  0.000209855 2.8049
0.305344  0.000211142 2.81182
0.308398  0.00021244 2.81868
0.311482  0.000213749 2.8255
0.314597  0.000215074 2.83228
0.317743  0.000216413 2.839
0.32092  0.000217764 2.84567
0.324129  0.000219128 2.85229
0.32737  0.000220503 2.85886
0.330644  0.000221891 2.86538
0.333951  0.000223291 2.87184
0.33729  0.000224704 2.87824
0.340663  0.00022613 2.88459
0.34407  0.000227569 2.89088
0.34751  0.00022902 2.89712
0.350985  0.000230485 2.90329
0.354495  0.000231963 2.9094
0.35804  0.000233455 2.91545
0.361621  0.00023496 2.92144
0.365237  0.00023648 2.92736
0.368889  0.000238014 2.93322
0.372578  0.000239566 2.93901
0.376304  0.000241132 2.94474
0.380067  0.000242717 2.9504
0.383868  0.000244317 2.95599
0.387706  0.000245932 2.96151
0.391583  0.000247562 2.96695
0.395499  0.00024905 2.97432
0.399454  0.000250465 2.98268
0.403449  0.000251887 2.99103
0.407483  0.000253317 2.99938
0.411558  0.000254754 3.00773
0.415674  0.000256199 3.01607
0.41983  0.000257652 3.02441
0.424029  0.000259112 3.03275
0.428269  0.000260579 3.04109
0.432552  0.000262054 3.04943
0.436877  0.000263536 3.05776
0.441246  0.000265025 3.06609
0.445658  0.000266526 3.07443
0.450115  0.000268034 3.08276
0.454616  0.000269554 3.09109
0.459162  0.000271081 3.09942
0.463754  0.000272616 3.10775
0.468391  0.000274157 3.11608
0.473075  0.000275706 3.12441
0.477806  0.000277262 3.13274
0.482584  0.000278825 3.14108
0.48741  0.000280395 3.14941
0.492284  0.000281971 3.15775
0.497207  0.000283555 3.16609
0.502179  0.000285145 3.17442
0.507201  0.000286742 3.18277
0.512273  0.000288345 3.19111
0.517396  0.000289955 3.19945
0.52257  0.000291572 3.2078
0.527795  0.000293195 3.21614
0.533073  0.000294825 3.22448
0.538404  0.00029646 3.23284
0.543788  0.000298102 3.24119
0.549226  0.00029975 3.24955
0.554718  0.000301403 3.25792
0.560265  0.000303063 3.26629
0.565868  0.000304728 3.27467
0.571527  0.000306399 3.28305
0.577242  0.000308075 3.29145
0.583014  0.000309757 3.29985
0.588844  0.000311447 3.30827
0.594733  0.000313149 3.3167
0.60068  0.000314848 3.32514
0.606687  0.000316429 3.33359
0.612754  0.000318012 3.34206
0.618881  0.000319596 3.35054
0.62507  0.000321182 3.35905
0.631321  0.000322768 3.36757
0.637634  0.000324355 3.37611
0.644011  0.000325942 3.38467
0.650451  0.000327529 3.39325
0.656955  0.000329117 3.40186
0.663525  0.000330704 3.41049
0.67016  0.000332291 3.41915
0.676862  0.000333878 3.42784
0.68363  0.000335463 3.43656
0.690466  0.000337048 3.44531
0.697371  0.000338631 3.45408
0.704345  0.000340212 3.46289
0.711388  0.000341792 3.47173
0.718502  0.000343369 3.4806
0.725687  0.000344944 3.4895
0.732944  0.000346517 3.49844
0.740273  0.000348089 3.50741
0.747676  0.00034966 3.51642
0.755153  0.000351229 3.52546
0.762705  0.000352797 3.53455
0.770332  0.000354362 3.54367
0.778035  0.000355922 3.55283
0.785815  0.00035748 3.56203
0.793673  0.000359035 3.57127
0.80161  0.000360586 3.58056
0.809626  0.000362132 3.5899
0.817722  0.000363672 3.59928
0.8259  0.000365206 3.6087
0.834159  0.000366734 3.61818
0.8425  0.000368256 3.62771
0.850925  0.000369772 3.63729
0.859435  0.00037128 3.64692
0.868029  0.000372781 3.65661
0.876709  0.000374275 3.66635
0.885476  0.000375761 3.67616
0.894331  0.000377239 3.68602
0.903274  0.000378708 3.69594
0.912307  0.000380168 3.70592
0.92143  0.00038162 3.71597
0.930644  0.000383062 3.72608
0.939951  0.000384494 3.73626
0.94935  0.000385917 3.74651
0.958844  0.000387329 3.75683
0.968432  0.00038873 3.76722
0.978117  0.000390121 3.77768
0.987898  0.0003915 3.78822
0.997777  0.000392867 3.79884
1.00775  0.000394223 3.80953
1.01783  0.000395567 3.82031
1.02801  0.000396898 3.83116
1.03829  0.000398216 3.84211
1.04867  0.000399522 3.85314
1.05916  0.000400813 3.86426
1.06975  0.000402091 3.87547
1.08045  0.000403355 3.88677
1.09125  0.000404605 3.89817
1.10217  0.00040584 3.90967
1.11319  0.000407063 3.92126
1.12432  0.000408272 3.93296
1.13556  0.000409467 3.94476
1.14692  0.000410649 3.95667
1.15839  0.000411814 3.96868
1.16997  0.000412963 3.98081
1.18167  0.000414098 3.99304
1.19349  0.000415217 4.00539
1.20542  0.000416319 4.01786
1.21748  0.000417404 4.03046
1.22965  0.000418471 4.04317
1.24195  0.00041952 4.05601
1.25437  0.000420551 4.06898
1.26691  0.000421563 4.08208
1.27958  0.000422557 4.09532
1.29238  0.000423531 4.10869
1.3053  0.000424487 4.1222
1.31835  0.000425423 4.13585
1.33154  0.000426339 4.14965
1.34485  0.000427235 4.1636
1.3583  0.000428112 4.1777
1.37188  0.000428968 4.19195
1.3856  0.000429803 4.20636
1.39946  0.000430618 4.22094
1.41345  0.000431411 4.23567
1.42759  0.000432184 4.25057
1.44186  0.000432935 4.26565
1.45628  0.000433665 4.28089
1.47085  0.000434373 4.29632
1.48555  0.000435062 4.31192
1.50041  0.000435729 4.32771
1.51541  0.000436376 4.34369
1.53057  0.000437002 4.35986
1.54587  0.000437606 4.37622
1.56133  0.000438187 4.39278
1.57695  0.000438747 4.40955
1.59271  0.000439285 4.42652
1.60864  0.0004398 4.4437
1.62473  0.000440293 4.4611
1.64098  0.000440762 4.47871
1.65739  0.000441209 4.49655
1.67396  0.000441632 4.51462
1.6907  0.000442032 4.53291
1.70761  0.00044241 4.55144
1.72468  0.000442764 4.57022
1.74193  0.000443094 4.58923
1.75935  0.000443402 4.6085
1.77694  0.000443686 4.62802
1.79471  0.000443947 4.64779
1.81266  0.000444185 4.66783
1.83078  0.000444399 4.68814
1.84909  0.00044459 4.70871
1.86758  0.000444758 4.72957
1.88626  0.000444903 4.75071
1.90512  0.000445025 4.77213
1.92417  0.000445124 4.79385
1.94341  0.0004452 4.81586
1.96285  0.000445253 4.83818
1.98248  0.000445285 4.86081
2.0023  0.000445293 4.88375
2.02232  0.000445279 4.907
2.04255  0.000445243 4.93059
2.06297  0.000445184 4.9545
2.0836  0.000445103 4.97875
2.10444  0.000445 5.00334
2.12548  0.000444875 5.02829
2.14674  0.000444728 5.05358
2.16821  0.000444559 5.07924
2.18989  0.000444369 5.10526
2.21179  0.000444158 5.13165
2.2339  0.000443927 5.15843
2.25624  0.000443675 5.18559
2.27881  0.000443405 5.21314
2.30159  0.000443115 5.24109
2.32461  0.000442804 5.26945
2.34786  0.000442473 5.29821
2.37134  0.000442124 5.3274
2.39505  0.000441754 5.35702
2.419  0.000441366 5.38706
2.44319  0.000440958 5.41755
2.46762  0.000440531 5.44849
2.4923  0.000440085 5.47988
2.51722  0.000439621 5.51174
2.54239  0.000439138 5.54406
2.56782  0.000438638 5.57686
2.59349  0.00043812 5.61015
2.61943  0.000437585 5.64394
2.64562  0.000437032 5.67822
2.67208  0.000436462 5.71302
2.6988  0.000435876 5.74834
2.72579  0.000435274 5.78418
2.75305  0.000434655 5.82056
2.78058  0.000434021 5.85748
2.80838  0.000433371 5.89495
2.83647  0.000432707 5.93299
2.86483  0.000432027 5.97159
2.89348  0.000431333 6.01078
2.92241  0.000430624 6.05055
2.95164  0.000429902 6.09092
2.98115  0.000429167 6.1319
3.01097  0.000428419 6.1735
3.04108  0.000427659 6.21572
3.07149  0.000426886 6.25858
3.1022  0.000426101 6.30209
3.13322  0.000425304 6.34625
3.16456  0.000424497 6.39108
3.1962  0.000423677 6.43658
3.22816  0.000422847 6.48277
3.26045  0.000422005 6.52966
3.29305  0.000421153 6.57726
3.32598  0.000420291 6.62558
3.35924  0.000419418 6.67463
3.39283  0.000418536 6.72442
3.42676  0.000417645 6.77497
3.46103  0.000416744 6.82627
3.49564  0.000415835 6.87836
3.53059  0.000414916 6.93123
3.5659  0.00041399 6.9849
3.60156  0.000413056 7.03938
3.63758  0.000412114 7.09468
3.67395  0.000411164 7.15082
3.71069  0.000410208 7.20781
3.7478  0.000409245 7.26566
3.78528  0.000408276 7.32438
3.82313  0.000407301 7.38399
3.86136  0.00040632 7.4445
3.89997  0.000405333 7.50592
3.93897  0.000404341 7.56827
3.97836  0.000403344 7.63156
4.01815  0.000402342 7.6958
4.05833  0.000401335 7.76101
4.09891  0.000400324 7.8272
4.1399  0.000399308 7.89439
4.1813  0.000398287 7.96258
4.22311  0.000397263 8.03181
4.26534  0.000396235 8.10207
4.308  0.000395203 8.17339
4.35108  0.000394168 8.24578
4.39459  0.00039313 8.31925
4.43853  0.000392089 8.39383
4.48292  0.000391045 8.46952
4.52775  0.00039 8.54634
4.57303  0.000388952 8.62432
4.61876  0.000387902 8.70346
4.66494  0.00038685 8.78378
4.71159  0.000385796 8.86531
4.75871  0.00038474 8.94805
4.8063  0.000383683 9.03203
4.85436  0.000382624 9.11725
4.9029  0.000381564 9.20375
4.95193  0.000380502 9.29153
5.00145  0.000379439 9.38062
5.05146  0.000378376 9.47104
5.10198  0.000377311 9.5628
5.153  0.000376246 9.65592
5.20453  0.00037518 9.75042
5.25657  0.000374114 9.84632
5.30914  0.000373047 9.94365
5.36223  0.00037198 10.0424
5.41585  0.000370912 10.1426
5.47001  0.000369845 10.2444
5.52471  0.000368777 10.3476
5.57996  0.000367709 10.4523
5.63576  0.000366642 10.5586
5.69212  0.000365574 10.6664
5.74904  0.000364507 10.7759
5.80653  0.00036344 10.8869
5.86459  0.000362373 10.9996
5.92324  0.000361309 11.114
5.98247  0.000360245 11.23
6.0423  0.000359182 11.3477
6.10272  0.000358119 11.4672
6.16375  0.000357058 11.5884
6.22538  0.000355997 11.7114
6.28764  0.000354937 11.8362
6.35051  0.000353877 11.9629
6.41402  0.000352818 12.0914
6.47816  0.00035176 12.2217
6.54294  0.000350702 12.354
6.60837  0.000349646 12.4883
6.67445  0.00034859 12.6244
6.7412  0.000347535 12.7626
6.80861  0.000346481 12.9028
6.8767  0.000345427 13.0451
6.94546  0.000344375 13.1894
7.01492  0.000343323 13.3358
7.08507  0.000342272 13.4844
7.15592  0.000341221 13.6352
7.22748  0.000340172 13.7881
7.29975  0.000339123 13.9433
7.37275  0.000338076 14.1007
7.44648  0.000337029 14.2605
7.52094  0.000335984 14.4225
7.59615  0.00033494 14.587
7.67211  0.000333896 14.7538
7.74883  0.000332854 14.9231
7.82632  0.000331812 15.0948
7.90459  0.000330771 15.2691
7.98363  0.000329731 15.4459
8.06347  0.000328692 15.6252
8.1441  0.000327653 15.8072
8.22554  0.000326615 15.9919
8.3078  0.000325578 16.1792
8.39088  0.000324541 16.3693
8.47479  0.000323505 16.5621
8.55953  0.000322469 16.7578
8.64513  0.000321434 16.9563
8.73158  0.000320399 17.1577
8.8189  0.000319364 17.3621
8.90709  0.00031833 17.5694
8.99616  0.000317296 17.7798
9.08612  0.000316263 17.9932
9.17698  0.00031523 18.2098
9.26875  0.000314197 18.4295
9.36144  0.000313164 18.6525
9.45505  0.000312132 18.8787
9.5496  0.000311099 19.1083
9.6451  0.000310067 19.3412
9.74155  0.000309035 19.5775
9.83896  0.000308003 19.8173
9.93735  0.000306971 20.0606
10.0367  0.000305939 20.3075
10.1371  0.000304907 20.558
10.2385  0.000303875 20.8122
10.3409  0.000302843 21.0701
10.4443  0.000301811 21.3318
10.5487  0.000300779 21.5974
10.6542  0.000299746 21.8669
10.7607  0.000298714 22.1404
10.8683  0.000297681 22.4179
10.977  0.000296648 22.6996
11.0868  0.000295615 22.9854
11.1977  0.000294582 23.2754
11.3096  0.000293549 23.5697
11.4227  0.000292516 23.8684
11.537  0.000291482 24.1715
11.6523  0.000290449 24.4791
11.7689  0.000289415 24.7913
11.8865  0.000288381 25.1081
12.0054  0.000287347 25.4297
12.1255  0.000286312 25.7561
12.2467  0.000285276 26.0873
12.3692  0.000284241 26.4234
12.4929  0.000283205 26.7646
12.6178  0.000282168 27.111
12.744  0.00028113 27.4625
12.8714  0.000280093 27.8192
13.0001  0.000279054 28.1814
13.1301  0.000278015 28.5489
13.2614  0.000276976 28.922
13.3941  0.000275936 29.3008
13.528  0.000274895 29.6852
13.6633  0.000273853 30.0755
13.7999  0.000272811 30.4716
13.9379  0.000271769 30.8737
14.0773  0.000270725 31.282
14.2181  0.000269682 31.6964
14.3602  0.000268637 32.1172
14.5038  0.000267592 32.5443
14.6489  0.000266546 32.9779
14.7954  0.0002655 33.4182
14.9433  0.000264453 33.8652
15.0928  0.000263406 34.319
15.2437  0.000262358 34.7798
15.3961  0.00026131 35.2476
15.5501  0.000260261 35.7226
15.7056  0.000259211 36.2049
15.8626  0.000258161 36.6946
16.0213  0.000257111 37.1919
16.1815  0.00025606 37.6969
16.3433  0.000255008 38.2096
16.5067  0.000253956 38.7303
16.6718  0.000252903 39.2591
16.8385  0.000251849 39.796
17.0069  0.000250795 40.3413
17.177  0.000249741 40.8951
17.3487  0.000248685 41.4574
17.5222  0.00024763 42.0286
17.6974  0.000246573 42.6087
17.8744  0.000245516 43.1979
18.0532  0.000244459 43.7963
18.2337  0.000243401 44.4041
18.416  0.000242343 45.0215
18.6002  0.000241285 45.6486
18.7862  0.000240225 46.2856
18.9741  0.000239166 46.9326
19.1638  0.000238106 47.5899
19.3554  0.000237046 48.2576
19.549  0.000235985 48.9358
19.7445  0.000234925 49.6248
19.9419  0.000233864 50.3248
20.1413  0.000232803 51.0358
20.3427  0.000231741 51.7582
20.5462  0.00023068 52.492
20.7516  0.000229618 53.2376
20.9592  0.000228556 53.995
21.1687  0.000227494 54.7645
21.3804  0.000226432 55.5464
21.5942  0.000225369 56.3407
21.8102  0.000224307 57.1478
22.0283  0.000223245 57.968
22.2486  0.000222183 58.8014
22.4711  0.000221121 59.6484
22.6958  0.00022006 60.5091
22.9227  0.000218998 61.3839
23.1519  0.000217937 62.273
23.3835  0.000216877 63.1767
23.6173  0.000215816 64.0952
23.8535  0.000214756 65.029
24.092  0.000213696 65.978
24.3329  0.000212637 66.9427
24.5763  0.000211578 67.9231
24.822  0.00021052 68.9196
25.0702  0.000209461 69.9322
25.3209  0.000208404 70.9612
25.5742  0.000207347 72.0069
25.8299  0.000206291 73.0694
26.0882  0.000205235 74.1489
26.3491  0.00020418 75.2458
26.6126  0.000203125 76.3601
26.8787  0.000202072 77.4923
27.1475  0.000201019 78.6428
27.419  0.000199967 79.8122
27.6931  0.000198916 81.001
27.9701  0.000197866 82.2097
28.2498  0.000196816 83.439
28.5323  0.000195768 84.6895
28.8176  0.000194721 85.9616
29.1058  0.000193675 87.2562
29.3968  0.00019263 88.5738
29.6908  0.000191587 89.915
29.9877  0.00017863 91.2806
30.2876  0.000177657 92.6712
30.5905  0.000176689 94.0872
30.8964  0.000175723 95.5292
31.2053  0.000174757 96.9978
31.5174  0.000173793 98.4936
31.8326  0.000172831 100.017
32.1509  0.00017187 101.569
32.4724  0.00017091 103.15
32.7971  0.000169952 104.761
33.1251  0.000168995 106.402
33.4563  0.00016804 108.073
33.7909  0.000167086 109.777
34.1288  0.000166135 111.512
34.4701  0.000165185 113.279
34.8148  0.000164237 115.078
35.1629  0.00016329 116.91
35.5146  0.000162346 118.774
35.8697  0.000161404 120.67
36.2284  0.000160463 122.6
36.5907  0.000159524 124.562
36.9566  0.000158586 126.558
37.3262  0.000157651 128.587
37.6994  0.000156717 130.649
38.0764  0.000155786 132.745
38.4572  0.000154857 134.876
38.8418  0.000153931 137.043
39.2302  0.000153007 139.246
39.6225  0.000152085 141.486
40.0187  0.000151166 143.765
40.4189  0.00015025 146.084
40.8231  0.000149336 148.442
41.2313  0.000148424 150.842
41.6436  0.000147515 153.284
42.0601  0.000146609 155.769
42.4807  0.000145705 158.299
42.9055  0.000144804 160.874
43.3345  0.000143906 163.495
43.7679  0.000143011 166.162
44.2056  0.000142118 168.877
44.6476  0.000141228 171.64
45.0941  0.000140342 174.451
45.545  0.000139457 177.312
46.0005  0.000138575 180.224
46.4605  0.000137695 183.186
46.9251  0.000136818 186.2
47.3943  0.000135944 189.268
47.8683  0.000135074 192.388
48.347  0.000134207 195.564
48.8304  0.000133343 198.795
49.3187  0.000132482 202.083
49.8119  0.000131624 205.429
50.31  0.00013077 208.833
50.8131  0.000129919 212.298
51.3213  0.000129071 215.825
51.8345  0.000128227 219.414
52.3528  0.000127385 223.066
52.8764  0.000126548 226.784
53.4051  0.000125713 230.567
53.9392  0.000124882 234.419
54.4786  0.000124055 238.338
55.0234  0.000123231 242.328
55.5736  0.00012241 246.389
56.1293  0.000121593 250.522
56.6906  0.000120779 254.729
57.2575  0.000119969 259.011
57.8301  0.000119162 263.369
58.4084  0.000118359 267.805
58.9925  0.000117559 272.32
59.5824  0.000116763 276.916
60.1782  0.000115971 281.594
60.78  0.000115183 286.355
61.3878  0.000114397 291.201
62.0017  0.000113614 296.135
62.6217  0.000112835 301.156
63.2479  0.00011206 306.268
63.8804  0.000111288 311.471
64.5192  0.00011052 316.767
65.1644  0.000109756 322.158
65.816  0.000108995 327.647
66.4742  0.000108239 333.233
67.1389  0.000107485 338.921
67.8103  0.000106736 344.71
68.4884  0.00010599 350.604
69.1733  0.000105248 356.604
69.8651  0.000104509 362.712
70.5637  0.000103775 368.93
71.2693  0.000103044 375.26
71.982  0.000102317 381.704
72.7019  0.000101593 388.264
73.4289  0.000100874 394.942
74.1632  0.000100158 401.742
74.9048  9.94457e-05 408.663
75.6538  9.87374e-05 415.71
76.4104  9.8033e-05 422.884
77.1745  9.73323e-05 430.187
77.9462  9.66353e-05 437.623
78.7257  9.59422e-05 445.193
79.513  9.52528e-05 452.9
80.3081  9.45673e-05 460.746
81.1112  9.38855e-05 468.735
81.9223  9.32084e-05 476.868
82.7415  9.25351e-05 485.148
83.5689  9.18655e-05 493.579
84.4046  9.11995e-05 502.162
85.2486  9.05373e-05 510.901
86.1011  8.98783e-05 519.798
86.9621  8.92229e-05 528.857
87.8318  8.85712e-05 538.08
88.7101  8.79232e-05 547.471
89.5972  8.72789e-05 557.033
90.4932  8.66383e-05 566.768
91.3981  8.60014e-05 576.68
92.3121  8.53682e-05 586.772
93.2352  8.47387e-05 597.048
94.1675  8.41129e-05 607.511
95.1092  8.34908e-05 618.164
96.0603  8.28723e-05 629.011
97.0209  8.22576e-05 640.056
97.9911  8.16465e-05 651.301
98.971  8.1039e-05 662.752
99.9607  8.04353e-05 674.411
100.96  7.98351e-05 686.283
101.97  7.92387e-05 698.371
102.99  7.86458e-05 710.68
104.02  7.80566e-05 723.213
105.06  7.7471e-05 735.975
106.11  7.68891e-05 748.969
107.171  7.63107e-05 762.201
108.243  7.57359e-05 775.675
109.326  7.51648e-05 789.394
110.419  7.45972e-05 803.364
111.523  7.40332e-05 817.59
112.638  7.34729e-05 832.075
113.765  7.29161e-05 846.825
114.902  7.2363e-05 861.845
116.051  7.18133e-05 877.139
117.212  7.12672e-05 892.713
118.384  7.07247e-05 908.572
119.568  7.01857e-05 924.721
120.763  6.96502e-05 941.166
121.971  6.91181e-05 957.912
123.191  6.85899e-05 974.964
124.423  6.80651e-05 992.329
125.667  6.75437e-05 1010.01
126.924  6.70257e-05 1028.02
128.193  6.65111e-05 1046.35
129.475  6.59999e-05 1065.03
130.77  6.5492e-05 1084.04
132.077  6.49876e-05 1103.41
133.398  6.44864e-05 1123.12
134.732  6.39886e-05 1143.2
136.079  6.34942e-05 1163.65
137.44  6.3003e-05 1184.48
138.814  6.25152e-05 1205.68
140.203  6.20307e-05 1227.28
141.605  6.15494e-05 1249.27
143.021  6.10714e-05 1271.66
144.451  6.05967e-05 1294.47
145.895  6.01252e-05 1317.7
147.354  5.96569e-05 1341.35
148.828  5.91919e-05 1365.43
150.316  5.87302e-05 1389.96
151.819  5.82716e-05 1414.94
153.338  5.7816e-05 1440.38
154.871  5.73637e-05 1466.29
156.42  5.69145e-05 1492.67
157.984  5.64685e-05 1519.53
159.564  5.60256e-05 1546.89
161.159  5.55859e-05 1574.76
162.771  5.51492e-05 1603.13
164.399  5.47157e-05 1632.03
166.043  5.42852e-05 1661.46
167.703  5.38578e-05 1691.43
169.38  5.34334e-05 1721.96
171.074  5.30121e-05 1753.04
172.785  5.25938e-05 1784.69
174.512  5.21784e-05 1816.93
176.258  5.17661e-05 1849.76
178.02  5.13568e-05 1883.2
179.8  5.09504e-05 1917.25
181.598  5.0547e-05 1951.93
183.414  5.01464e-05 1987.24
185.248  4.97489e-05 2023.21
187.101  4.93542e-05 2059.84
188.972  4.89625e-05 2097.14
190.862  4.85736e-05 2135.13
192.77  4.81875e-05 2173.82
194.698  4.78043e-05 2213.22
196.645  4.74239e-05 2253.34
198.611  4.70464e-05 2294.21
200.598  4.66716e-05 2335.83
202.604  4.62997e-05 2378.21
204.63  4.59304e-05 2421.38
206.676  4.5564e-05 2465.34
208.743  4.52002e-05 2510.11
210.83  4.48392e-05 2555.7
212.938  4.44809e-05 2602.14
215.068  4.41252e-05 2649.42
217.218  4.37723e-05 2697.59
219.391  4.3422e-05 2746.63
221.584  4.30743e-05 2796.58
223.8  4.27293e-05 2847.46
226.038  4.23869e-05 2899.26
228.299  4.20472e-05 2952.03
230.582  4.17101e-05 3005.76
232.888  4.13755e-05 3060.49
235.216  4.10434e-05 3116.22
237.569  4.07139e-05 3172.98
239.944  4.0387e-05 3230.78
242.344  4.00625e-05 3289.65
244.767  3.97405e-05 3349.61
247.215  3.9421e-05 3410.67
249.687  3.9104e-05 3472.85
252.184  3.87894e-05 3536.18
254.706  3.84773e-05 3600.68
257.253  3.81676e-05 3666.36
259.825  3.78603e-05 3733.25
262.423  3.75554e-05 3801.38
265.048  3.72529e-05 3870.76
267.698  3.69527e-05 3941.42
270.375  3.66548e-05 4013.38
273.079  3.63593e-05 4086.66
275.81  3.6066e-05 4161.3
278.568  3.57751e-05 4237.3
281.354  3.54864e-05 4314.71
284.167  3.52001e-05 4393.55
287.009  3.49159e-05 4473.83
289.879  3.4634e-05 4555.59
292.778  3.43544e-05 4638.86
295.705  3.40769e-05 4723.66
298.662  3.38016e-05 4810.03
301.649  3.35285e-05 4897.98
304.666  3.32576e-05 4987.55
307.712  3.29888e-05 5078.77
310.789  3.27221e-05 5171.67
313.897  3.24576e-05 5266.27
317.036  3.21952e-05 5362.62
320.207  3.19349e-05 5460.74
323.409  3.16766e-05 5560.67
326.643  3.14204e-05 5662.44
329.909  3.11662e-05 5766.07
333.208  3.09141e-05 5871.62
336.54  3.0664e-05 5979.1
339.906  3.04159e-05 6088.56
343.305  3.01698e-05 6200.04
346.738  2.99257e-05 6313.56
350.205  2.96835e-05 6429.17
353.707  2.94432e-05 6546.91
357.244  2.92049e-05 6666.81
360.817  2.89683e-05 6788.92
364.425  2.87337e-05 6913.27
368.069  2.8501e-05 7039.91
371.75  2.82702e-05 7168.87
375.467  2.80413e-05 7300.2
379.222  2.78142e-05 7433.94
383.014  2.7589e-05 7570.15
386.844  2.73656e-05 7708.85
390.713  2.7144e-05 7850.1
394.62  2.69243e-05 7993.95
398.566  2.67064e-05 8140.43
402.552  2.64902e-05 8289.61
406.577  2.62758e-05 8441.52
410.643  2.60632e-05 8596.22
414.75  2.58523e-05 8753.77
418.897  2.56431e-05 8914.2
423.086  2.54356e-05 9077.58
427.317  2.52299e-05 9243.95
431.59  2.50258e-05 9413.38
435.906  2.48234e-05 9585.91
440.265  2.46227e-05 9761.61
444.668  2.44237e-05 9940.52
449.114  2.42263e-05 10122.7
453.605  2.40305e-05 10308.3
458.142  2.38363e-05 10497.2
462.723  2.36438e-05 10689.6
467.35  2.34528e-05 10885.5
472.024  2.32634e-05 11085
476.744  2.30756e-05 11288.2
481.511  2.28894e-05 11495.1
486.326  2.27047e-05 11705.8
491.19  2.25215e-05 11920.3
496.102  2.23398e-05 12138.8
501.063  2.21596e-05 12361.3
506.073  2.1981e-05 12587.8
511.134  2.18038e-05 12818.5
516.245  2.16281e-05 13053.4
521.408  2.14539e-05 13292.6
526.622  2.12811e-05 13536.1
531.888  2.11097e-05 13784.2
537.207  2.09303e-05 14036.7
542.579  2.07618e-05 14293.9
548.005  2.05948e-05 14555.7
553.485  2.04292e-05 14822.4
559.02  2.02649e-05 15093.9
564.61  2.0102e-05 15370.4
570.256  1.99405e-05 15651.9
575.959  1.97803e-05 15938.6
581.718  1.96215e-05 16230.5
587.535  1.94639e-05 16527.7
593.411  1.93077e-05 16830.4
599.345  1.91528e-05 17138.6
605.338  1.89992e-05 17452.4
611.392  1.88469e-05 17771.9
617.506  1.86958e-05 18097.2
623.681  1.8546e-05 18428.5
629.917  1.83975e-05 18765.8
636.217  1.82502e-05 19109.2
642.579  1.81042e-05 19458.9
649.005  1.79594e-05 19815
655.495  1.78158e-05 20177.5
662.05  1.76734e-05 20546.7
668.67  1.75322e-05 20922.6
675.357  1.73922e-05 21305.3
682.11  1.72534e-05 21694.9
688.931  1.71158e-05 22091.7
695.821  1.69793e-05 22495.6
702.779  1.68441e-05 22906.9
709.807  1.67099e-05 23325.7
716.905  1.65769e-05 23752
724.074  1.6445e-05 24186.2
731.315  1.63143e-05 24628.2
738.628  1.61846e-05 25078.2
746.014  1.60561e-05 25536.3
753.474  1.59287e-05 26002.8
761.009  1.58023e-05 26477.8
768.619  1.56771e-05 26961.3
776.305  1.55529e-05 27453.6
784.068  1.54297e-05 27954.9
791.909  1.53077e-05 28465.2
799.828  1.51866e-05 28984.7
807.826  1.50666e-05 29513.7
815.905  1.49476e-05 30052.2
824.064  1.48297e-05 30600.5
832.304  1.47127e-05 31158.7
840.627  1.45968e-05 31726.9
849.034  1.44818e-05 32305.5
857.524  1.43679e-05 32894.4
866.099  1.42549e-05 33494.1
874.76  1.41429e-05 34104.5
883.508  1.40318e-05 34726
892.343  1.39217e-05 35358.6
901.266  1.38125e-05 36002.7
910.279  1.37043e-05 36658.4
919.382  1.3597e-05 37325.9
928.575  1.34906e-05 38005.4
937.861  1.33852e-05 38697.2
947.24  1.32806e-05 39401.4
956.712  1.31769e-05 40118.3
966.279  1.30742e-05 40848.1
975.942  1.29723e-05 41591
985.702  1.28713e-05 42347.3
995.559  1.27712e-05 43117.1
