0.001  1.45509e-05 0.385617
0.00101  1.45465e-05 0.38754
0.0010201  1.45422e-05 0.389473
0.0010303  1.45377e-05 0.391415
0.0010406  1.45331e-05 0.393367
0.00105101  1.45283e-05 0.395329
0.00106152  1.45232e-05 0.397301
0.00107214  1.452e-05 0.399282
0.00108286  1.4518e-05 0.401274
0.00109369  1.45159e-05 0.403275
0.00110462  1.45136e-05 0.405287
0.00111567  1.45111e-05 0.407308
0.00112683  1.45085e-05 0.409339
0.00113809  1.45058e-05 0.411381
0.00114947  1.45029e-05 0.413433
0.00116097  1.44998e-05 0.415495
0.00117258  1.44965e-05 0.417567
0.0011843  1.44931e-05 0.419649
0.00119615  1.44894e-05 0.421742
0.00120811  1.44857e-05 0.423846
0.00122019  1.44817e-05 0.42596
0.00123239  1.44775e-05 0.428084
0.00124472  1.44736e-05 0.430219
0.00125716  1.44699e-05 0.432365
0.00126973  1.44659e-05 0.434522
0.00128243  1.44618e-05 0.436689
0.00129526  1.44575e-05 0.438867
0.00130821  1.4453e-05 0.441056
0.00132129  1.44483e-05 0.443255
0.0013345  1.44436e-05 0.445466
0.00134785  1.44432e-05 0.447688
0.00136133  1.44427e-05 0.449921
0.00137494  1.4442e-05 0.452165
0.00138869  1.44412e-05 0.45442
0.00140258  1.44402e-05 0.456686
0.0014166  1.44391e-05 0.458964
0.00143077  1.44378e-05 0.461253
0.00144508  1.44363e-05 0.463554
0.00145953  1.44346e-05 0.465865
0.00147412  1.44328e-05 0.468189
0.00148886  1.44308e-05 0.470524
0.00150375  1.44286e-05 0.472871
0.00151879  1.44263e-05 0.475229
0.00153398  1.44238e-05 0.477599
0.00154932  1.4421e-05 0.479981
0.00156481  1.44181e-05 0.482375
0.00158046  1.4415e-05 0.484781
0.00159626  1.44117e-05 0.487199
0.00161223  1.44116e-05 0.489629
0.00162835  1.4412e-05 0.492071
0.00164463  1.44123e-05 0.494525
0.00166108  1.44124e-05 0.496992
0.00167769  1.44146e-05 0.49947
0.00169447  1.44182e-05 0.501961
0.00171141  1.44217e-05 0.504465
0.00172852  1.4425e-05 0.506981
0.00174581  1.44282e-05 0.50951
0.00176327  1.44312e-05 0.512051
0.0017809  1.44341e-05 0.514605
0.00179871  1.44369e-05 0.517171
0.0018167  1.44395e-05 0.519751
0.00183486  1.4442e-05 0.522343
0.00185321  1.44443e-05 0.524948
0.00187174  1.44476e-05 0.527566
0.00189046  1.44509e-05 0.530197
0.00190937  1.44541e-05 0.532842
0.00192846  1.44572e-05 0.535499
0.00194774  1.44601e-05 0.53817
0.00196722  1.44629e-05 0.540854
0.00198689  1.44655e-05 0.543552
0.00200676  1.44692e-05 0.546263
0.00202683  1.44758e-05 0.548987
0.0020471  1.44822e-05 0.551725
0.00206757  1.44886e-05 0.554477
0.00208825  1.44947e-05 0.557243
0.00210913  1.45008e-05 0.560022
0.00213022  1.45068e-05 0.562815
0.00215152  1.45155e-05 0.565622
0.00217304  1.45245e-05 0.568443
0.00219477  1.45334e-05 0.571278
0.00221672  1.45422e-05 0.574128
0.00223888  1.45509e-05 0.576991
0.00226127  1.45595e-05 0.579869
0.00228388  1.4568e-05 0.582761
0.00230672  1.45764e-05 0.585667
0.00232979  1.45846e-05 0.588588
0.00235309  1.45928e-05 0.591524
0.00237662  1.46008e-05 0.594474
0.00240038  1.46087e-05 0.597439
0.00242439  1.46165e-05 0.600419
0.00244863  1.46242e-05 0.603413
0.00247312  1.46317e-05 0.606423
0.00249785  1.46407e-05 0.609448
0.00252283  1.46498e-05 0.612487
0.00254806  1.46587e-05 0.615542
0.00257354  1.46675e-05 0.618612
0.00259927  1.46762e-05 0.621697
0.00262527  1.46848e-05 0.624798
0.00265152  1.46933e-05 0.627914
0.00267803  1.47047e-05 0.631046
0.00270481  1.47203e-05 0.634193
0.00273186  1.47358e-05 0.637356
0.00275918  1.47513e-05 0.640535
0.00278677  1.47668e-05 0.64373
0.00281464  1.47821e-05 0.64694
0.00284279  1.47975e-05 0.650167
0.00287121  1.48127e-05 0.65341
0.00289993  1.48279e-05 0.656669
0.00292893  1.4843e-05 0.659944
0.00295822  1.4858e-05 0.663235
0.0029878  1.4873e-05 0.666543
0.00301768  1.4891e-05 0.669635
0.00304785  1.49402e-05 0.670432
0.00307833  1.49896e-05 0.671243
0.00310911  1.50393e-05 0.672068
0.0031402  1.50891e-05 0.672906
0.00317161  1.51392e-05 0.673758
0.00320332  1.519e-05 0.674621
0.00323536  1.52435e-05 0.675497
0.00326771  1.52973e-05 0.676385
0.00330039  1.53513e-05 0.677285
0.00333339  1.54057e-05 0.678197
0.00336672  1.54653e-05 0.67912
0.00340039  1.55256e-05 0.680053
0.0034344  1.55862e-05 0.680998
0.00346874  1.56471e-05 0.681953
0.00350343  1.57084e-05 0.682919
0.00353846  1.57701e-05 0.683894
0.00357385  1.58321e-05 0.68488
0.00360958  1.58944e-05 0.685875
0.00364568  1.59572e-05 0.686879
0.00368214  1.60203e-05 0.687893
0.00371896  1.60841e-05 0.688916
0.00375615  1.61501e-05 0.689948
0.00379371  1.62165e-05 0.690989
0.00383165  1.62833e-05 0.692038
0.00386996  1.63506e-05 0.693096
0.00390866  1.64182e-05 0.694162
0.00394775  1.64863e-05 0.695237
0.00398723  1.65548e-05 0.696319
0.0040271  1.66238e-05 0.69741
0.00406737  1.66931e-05 0.698508
0.00410804  1.67629e-05 0.699614
0.00414912  1.68332e-05 0.700727
0.00419062  1.69039e-05 0.701848
0.00423252  1.6975e-05 0.702976
0.00427485  1.70474e-05 0.704112
0.0043176  1.71228e-05 0.705254
0.00436077  1.71987e-05 0.706404
0.00440438  1.7275e-05 0.707561
0.00444842  1.73519e-05 0.708725
0.00449291  1.74292e-05 0.709896
0.00453784  1.75071e-05 0.711074
0.00458321  1.75855e-05 0.712258
0.00462905  1.76644e-05 0.713449
0.00467534  1.77438e-05 0.714647
0.00472209  1.78238e-05 0.715851
0.00476931  1.79043e-05 0.717062
0.004817  1.79853e-05 0.71828
0.00486517  1.80669e-05 0.719504
0.00491383  1.8149e-05 0.720735
0.00496296  1.8232e-05 0.721972
0.00501259  1.83186e-05 0.723215
0.00506272  1.8412e-05 0.724465
0.00511335  1.85061e-05 0.725722
0.00516448  1.86009e-05 0.726984
0.00521613  1.86963e-05 0.728253
0.00526829  1.87924e-05 0.729528
0.00532097  1.88891e-05 0.73081
0.00537418  1.89895e-05 0.732098
0.00542792  1.90913e-05 0.733393
0.0054822  1.91939e-05 0.734694
0.00553702  1.92971e-05 0.736002
0.00559239  1.94011e-05 0.737316
0.00564832  1.95058e-05 0.738636
0.0057048  1.96113e-05 0.739963
0.00576185  1.97175e-05 0.741296
0.00581947  1.98244e-05 0.742635
0.00587766  1.99321e-05 0.743982
0.00593644  2.00406e-05 0.745334
0.0059958  2.01498e-05 0.746694
0.00605576  2.02597e-05 0.74806
0.00611632  2.03705e-05 0.749433
0.00617748  2.0482e-05 0.750812
0.00623926  2.05954e-05 0.752199
0.00630165  2.07098e-05 0.753592
0.00636466  2.0825e-05 0.754992
0.00642831  2.09411e-05 0.756399
0.00649259  2.10579e-05 0.757812
0.00655752  2.11756e-05 0.759233
0.0066231  2.12941e-05 0.760661
0.00668933  2.14133e-05 0.762096
0.00675622  2.15334e-05 0.763538
0.00682378  2.16544e-05 0.764988
0.00689202  2.17761e-05 0.766444
0.00696094  2.18987e-05 0.767909
0.00703055  2.20222e-05 0.76938
0.00710085  2.21464e-05 0.77086
0.00717186  2.22715e-05 0.772346
0.00724358  2.23975e-05 0.77384
0.00731602  2.25243e-05 0.775342
0.00738918  2.2652e-05 0.776852
0.00746307  2.27812e-05 0.77837
0.0075377  2.29121e-05 0.779896
0.00761308  2.30439e-05 0.781429
0.00768921  2.31766e-05 0.782971
0.0077661  2.33102e-05 0.784521
0.00784376  2.34446e-05 0.78608
0.0079222  2.358e-05 0.787646
0.00800142  2.37166e-05 0.789222
0.00808144  2.38593e-05 0.790805
0.00816225  2.40029e-05 0.792397
0.00824387  2.41475e-05 0.793998
0.00832631  2.4293e-05 0.795608
0.00840957  2.44395e-05 0.797226
0.00849367  2.4587e-05 0.798854
0.00857861  2.47355e-05 0.800491
0.00866439  2.4885e-05 0.802136
0.00875104  2.50354e-05 0.803792
0.00883855  2.51868e-05 0.805456
0.00892693  2.53392e-05 0.80713
0.0090162  2.54926e-05 0.808813
0.00910636  2.5647e-05 0.810506
0.00919743  2.58024e-05 0.812209
0.0092894  2.59589e-05 0.813921
0.0093823  2.61163e-05 0.815643
0.00947612  2.62747e-05 0.817376
0.00957088  2.64341e-05 0.819118
0.00966659  2.65946e-05 0.820871
0.00976325  2.67561e-05 0.822634
0.00986089  2.69186e-05 0.824408
0.0099595  2.70831e-05 0.826192
0.0100591  2.72529e-05 0.827986
0.0101597  2.74269e-05 0.829791
0.0102613  2.7602e-05 0.831608
0.0103639  2.77782e-05 0.833435
0.0104675  2.79555e-05 0.835273
0.0105722  2.81339e-05 0.837122
0.0106779  2.83135e-05 0.838982
0.0107847  2.84942e-05 0.840854
0.0108926  2.86761e-05 0.842737
0.0110015  2.88591e-05 0.844632
0.0111115  2.90433e-05 0.846539
0.0112226  2.92286e-05 0.848457
0.0113348  2.94151e-05 0.850387
0.0114482  2.96027e-05 0.852329
0.0115627  2.97915e-05 0.854283
0.0116783  2.99814e-05 0.85625
0.0117951  3.01725e-05 0.858228
0.011913  3.03648e-05 0.860219
0.0120322  3.05583e-05 0.862223
0.0121525  3.07529e-05 0.864239
0.012274  3.09487e-05 0.866268
0.0123967  3.1146e-05 0.86831
0.0125207  3.13461e-05 0.870365
0.0126459  3.15474e-05 0.872432
0.0127724  3.175e-05 0.874513
0.0129001  3.19537e-05 0.876608
0.0130291  3.21587e-05 0.878715
0.0131594  3.23649e-05 0.880836
0.013291  3.25723e-05 0.882971
0.0134239  3.27827e-05 0.885119
0.0135581  3.29952e-05 0.887281
0.0136937  3.3209e-05 0.889458
0.0138307  3.34241e-05 0.891648
0.013969  3.36404e-05 0.893852
0.0141086  3.3858e-05 0.896071
0.0142497  3.40769e-05 0.898304
0.0143922  3.42971e-05 0.900551
0.0145362  3.45185e-05 0.902813
0.0146815  3.47413e-05 0.90509
0.0148283  3.49653e-05 0.907381
0.0149766  3.51906e-05 0.909688
0.0151264  3.54173e-05 0.912009
0.0152776  3.56452e-05 0.914346
0.0154304  3.58744e-05 0.916698
0.0155847  3.61049e-05 0.919065
0.0157406  3.63368e-05 0.921447
0.015898  3.657e-05 0.923846
0.016057  3.68063e-05 0.926259
0.0162175  3.70467e-05 0.928689
0.0163797  3.72885e-05 0.931134
0.0165435  3.75316e-05 0.933596
0.0167089  3.77765e-05 0.936073
0.016876  3.80243e-05 0.938567
0.0170448  3.82734e-05 0.941077
0.0172152  3.8524e-05 0.943604
0.0173874  3.87759e-05 0.946147
0.0175613  3.90293e-05 0.948707
0.0177369  3.92841e-05 0.951284
0.0179142  3.95404e-05 0.953877
0.0180934  3.9798e-05 0.956487
0.0182743  4.00571e-05 0.959115
0.0184571  4.03176e-05 0.961759
0.0186416  4.05807e-05 0.964421
0.018828  4.0847e-05 0.9671
0.0190163  4.11148e-05 0.969797
0.0192065  4.13841e-05 0.972512
0.0193986  4.16548e-05 0.975244
0.0195925  4.1927e-05 0.977994
0.0197885  4.22007e-05 0.980762
0.0199864  4.2476e-05 0.983548
0.0201862  4.27543e-05 0.986353
0.0203881  4.30343e-05 0.989175
0.020592  4.33159e-05 0.992015
0.0207979  4.3599e-05 0.994874
0.0210059  4.38837e-05 0.997752
0.0212159  4.41699e-05 1.00065
0.0214281  4.44585e-05 1.00356
0.0216424  4.47497e-05 1.0065
0.0218588  4.50424e-05 1.00945
0.0220774  4.53367e-05 1.01242
0.0222981  4.56326e-05 1.01541
0.0225211  4.59301e-05 1.01842
0.0227463  4.62292e-05 1.02145
0.0229738  4.65299e-05 1.0245
0.0232035  4.68322e-05 1.02757
0.0234356  4.71361e-05 1.03066
0.0236699  4.74416e-05 1.03377
0.0239066  4.77488e-05 1.0369
0.0241457  4.80576e-05 1.04005
0.0243871  4.8368e-05 1.04321
0.024631  4.86801e-05 1.0464
0.0248773  4.89938e-05 1.04961
0.0251261  4.93092e-05 1.05284
0.0253774  4.96263e-05 1.0561
0.0256311  4.9945e-05 1.05937
0.0258874  5.02654e-05 1.06266
0.0261463  5.05874e-05 1.06597
0.0264078  5.09112e-05 1.0693
0.0266719  5.12367e-05 1.07265
0.0269386  5.15668e-05 1.07602
0.027208  5.18987e-05 1.07942
0.02748  5.22323e-05 1.08283
0.0277548  5.25677e-05 1.08627
0.0280324  5.29048e-05 1.08972
0.0283127  5.32437e-05 1.0932
0.0285958  5.35844e-05 1.0967
0.0288818  5.39268e-05 1.10022
0.0291706  5.42711e-05 1.10377
0.0294623  5.46171e-05 1.10733
0.029757  5.49649e-05 1.11092
0.0300545  5.53145e-05 1.11454
0.0303551  5.56398e-05 1.11818
0.0306586  5.59541e-05 1.12184
0.0309652  5.62696e-05 1.12553
0.0312749  5.65861e-05 1.12924
0.0315876  5.69037e-05 1.13298
0.0319035  5.72223e-05 1.13674
0.0322225  5.7543e-05 1.14054
0.0325447  5.7865e-05 1.14435
0.0328702  5.81882e-05 1.1482
0.0331989  5.85123e-05 1.15207
0.0335309  5.88385e-05 1.15597
0.0338662  5.91665e-05 1.15989
0.0342049  5.94955e-05 1.16385
0.0345469  5.98256e-05 1.16783
0.0348924  6.01568e-05 1.17185
0.0352413  6.0489e-05 1.17589
0.0355937  6.08223e-05 1.17996
0.0359496  6.11566e-05 1.18406
0.0363091  6.14919e-05 1.18818
0.0366722  6.18283e-05 1.19234
0.037039  6.21657e-05 1.19652
0.0374093  6.25059e-05 1.20074
0.0377834  6.28477e-05 1.20498
0.0381613  6.31905e-05 1.20925
0.0385429  6.35344e-05 1.21355
0.0389283  6.38793e-05 1.21788
0.0393176  6.42252e-05 1.22224
0.0397108  6.45721e-05 1.22662
0.0401079  6.492e-05 1.23104
0.040509  6.52689e-05 1.23549
0.040914  6.56188e-05 1.23996
0.0413232  6.59697e-05 1.24447
0.0417364  6.63215e-05 1.24901
0.0421538  6.66743e-05 1.25357
0.0425753  6.7028e-05 1.25817
0.0430011  6.73838e-05 1.2628
0.0434311  6.77406e-05 1.26746
0.0438654  6.80984e-05 1.27215
0.044304  6.84572e-05 1.27687
0.0447471  6.88169e-05 1.28163
0.0451946  6.91775e-05 1.28641
0.0456465  6.9539e-05 1.29123
0.046103  6.99015e-05 1.29607
0.046564  7.02648e-05 1.30095
0.0470296  7.0629e-05 1.30586
0.0474999  7.09941e-05 1.31081
0.0479749  7.13601e-05 1.31578
0.0484547  7.17269e-05 1.32079
0.0489392  7.20946e-05 1.32583
0.0494286  7.24631e-05 1.3309
0.0499229  7.28333e-05 1.33601
0.0504221  7.32057e-05 1.34115
0.0509264  7.35793e-05 1.34632
0.0514356  7.39537e-05 1.35152
0.05195  7.43289e-05 1.35676
0.0524695  7.47049e-05 1.36203
0.0529942  7.50817e-05 1.36733
0.0535241  7.54598e-05 1.37267
0.0540594  7.58394e-05 1.37804
0.0546  7.62197e-05 1.38345
0.055146  7.66008e-05 1.38889
0.0556974  7.69827e-05 1.39436
0.0562544  7.73653e-05 1.39987
0.0568169  7.77487e-05 1.40541
0.0573851  7.81327e-05 1.41099
0.0579589  7.85175e-05 1.4166
0.0585385  7.8903e-05 1.42224
0.0591239  7.92892e-05 1.42792
0.0597152  7.9676e-05 1.43364
0.0603123  8.00635e-05 1.43939
0.0609154  8.04516e-05 1.44518
0.0615246  8.08404e-05 1.451
0.0621398  8.123e-05 1.45685
0.0627612  8.16207e-05 1.46275
0.0633888  8.20119e-05 1.46867
0.0640227  8.24038e-05 1.47464
0.064663  8.27962e-05 1.48064
0.0653096  8.31892e-05 1.48667
0.0659627  8.35827e-05 1.49274
0.0666223  8.39767e-05 1.49885
0.0672885  8.43723e-05 1.505
0.0679614  8.47685e-05 1.51118
0.068641  8.51652e-05 1.5174
0.0693275  8.55624e-05 1.52365
0.0700207  8.596e-05 1.52995
0.0707209  8.63581e-05 1.53627
0.0714281  8.67566e-05 1.54264
0.0721424  8.71555e-05 1.54904
0.0728638  8.75548e-05 1.55548
0.0735925  8.79544e-05 1.56196
0.0743284  8.83545e-05 1.56848
0.0750717  8.87555e-05 1.57503
0.0758224  8.91569e-05 1.58162
0.0765806  8.95585e-05 1.58825
0.0773464  8.99605e-05 1.59492
0.0781199  9.03627e-05 1.60163
0.0789011  9.07652e-05 1.60837
0.0796901  9.11678e-05 1.61516
0.080487  9.15715e-05 1.62198
0.0812919  9.19757e-05 1.62884
0.0821048  9.23801e-05 1.63574
0.0829259  9.27846e-05 1.64267
0.0837551  9.31893e-05 1.64965
0.0845927  9.35941e-05 1.65666
0.0854386  9.39991e-05 1.66372
0.086293  9.44041e-05 1.67081
0.0871559  9.48091e-05 1.67795
0.0880275  9.52142e-05 1.68512
0.0889077  9.56193e-05 1.69233
0.0897968  9.60245e-05 1.69959
0.0906948  9.64295e-05 1.70688
0.0916017  9.68346e-05 1.71421
0.0925178  9.72395e-05 1.72159
0.0934429  9.76444e-05 1.729
0.0943774  9.80491e-05 1.73645
0.0953211  9.84537e-05 1.74395
0.0962743  9.88581e-05 1.75148
0.0972371  9.92623e-05 1.75906
0.0982095  9.96663e-05 1.76668
0.0991916  0.00010007 1.77434
0.100183  0.000100474 1.78204
0.101185  0.000100879 1.78978
0.102197  0.000101284 1.79756
0.103219  0.000101688 1.80538
0.104251  0.000102092 1.81325
0.105294  0.000102495 1.82115
0.106347  0.000102898 1.8291
0.10741  0.000103301 1.83709
0.108484  0.000103704 1.84512
0.109569  0.000104107 1.85319
0.110665  0.000104509 1.8613
0.111772  0.00010491 1.86946
0.112889  0.000105311 1.87765
0.114018  0.000105711 1.8859
0.115158  0.000106111 1.89418
0.11631  0.00010651 1.90251
0.117473  0.000106909 1.91088
0.118648  0.000107306 1.9193
0.119834  0.000107703 1.92777
0.121033  0.000108083 1.93628
0.122243  0.000108431 1.94484
0.123465  0.000108777 1.95344
0.1247  0.000109122 1.96209
0.125947  0.000109465 1.97079
0.127206  0.000109806 1.97954
0.128478  0.000110145 1.98834
0.129763  0.000110482 1.99719
0.131061  0.000110816 2.00609
0.132372  0.000111149 2.01504
0.133695  0.000111479 2.02404
0.135032  0.000111808 2.0331
0.136383  0.000112134 2.04221
0.137746  0.000112457 2.05137
0.139124  0.000112778 2.06059
0.140515  0.000113097 2.06986
0.14192  0.000113413 2.07919
0.143339  0.000113726 2.08857
0.144773  0.000114037 2.09801
0.146221  0.000114344 2.1075
0.147683  0.000114649 2.11705
0.14916  0.000114952 2.12666
0.150651  0.000115251 2.13632
0.152158  0.000115547 2.14604
0.153679  0.00011584 2.15581
0.155216  0.00011613 2.16565
0.156768  0.000116417 2.17554
0.158336  0.000116701 2.1855
0.159919  0.000116982 2.19551
0.161518  0.000117259 2.20559
0.163134  0.000117534 2.21572
0.164765  0.000117805 2.22592
0.166413  0.000118072 2.23619
0.168077  0.000118337 2.24651
0.169757  0.000118597 2.2569
0.171455  0.000118854 2.26736
0.17317  0.000119108 2.27788
0.174901  0.000119357 2.28847
0.17665  0.000119603 2.29913
0.178417  0.000119845 2.30986
0.180201  0.000120083 2.32065
0.182003  0.000120317 2.33152
0.183823  0.000120547 2.34246
0.185661  0.000120772 2.35346
0.187518  0.000120994 2.36455
0.189393  0.000121212 2.3757
0.191287  0.000121426 2.38693
0.1932  0.000121635 2.39824
0.195132  0.00012184 2.40962
0.197083  0.00012204 2.42108
0.199054  0.000122236 2.43263
0.201045  0.000122427 2.44425
0.203055  0.000122614 2.45595
0.205086  0.000122797 2.46774
0.207136  0.000122974 2.47961
0.209208  0.000123147 2.49156
0.2113  0.000123315 2.5036
0.213413  0.000123478 2.51573
0.215547  0.000123637 2.52796
0.217702  0.00012379 2.54027
0.219879  0.000123939 2.55267
0.222078  0.000124082 2.56517
0.224299  0.00012422 2.57776
0.226542  0.000124353 2.59045
0.228807  0.000124481 2.60324
0.231095  0.000124604 2.61613
0.233406  0.000124721 2.62912
0.235741  0.000124833 2.64222
0.238098  0.000124939 2.65542
0.240479  0.00012504 2.66873
0.242884  0.000125135 2.68215
0.245313  0.000125225 2.69568
0.247766  0.000125309 2.70932
0.250243  0.000125389 2.72308
0.252746  0.000125462 2.73696
0.255273  0.00012553 2.75096
0.257826  0.000125592 2.76508
0.260404  0.000125648 2.77932
0.263008  0.000125698 2.79369
0.265638  0.000125742 2.80819
0.268295  0.000125781 2.82282
0.270978  0.000125815 2.83759
0.273687  0.000125842 2.85249
0.276424  0.000125863 2.86753
0.279189  0.000125879 2.88272
0.28198  0.000125888 2.89805
0.2848  0.000125891 2.91352
0.287648  0.000125889 2.92915
0.290525  0.00012588 2.94493
0.29343  0.000125865 2.96087
0.296364  0.000125844 2.97696
0.299328  0.000125817 2.99322
0.302321  0.000125783 3.00964
0.305344  0.000125744 3.02624
0.308398  0.000125698 3.043
0.311482  0.000125646 3.05995
0.314597  0.000125588 3.07707
0.317743  0.000125524 3.09438
0.32092  0.000125454 3.11187
0.324129  0.000125377 3.12955
0.32737  0.000125295 3.14743
0.330644  0.000125206 3.16551
0.333951  0.000125111 3.18378
0.33729  0.00012501 3.20227
0.340663  0.000124902 3.22097
0.34407  0.000124789 3.23988
0.34751  0.000124669 3.25901
0.350985  0.000124544 3.27837
0.354495  0.000124412 3.29795
0.35804  0.000124274 3.31777
0.361621  0.000124129 3.33783
0.365237  0.000123979 3.35813
0.368889  0.000123823 3.37868
0.372578  0.00012366 3.39948
0.376304  0.000123492 3.42054
0.380067  0.000123318 3.44186
0.383868  0.000123137 3.46346
0.387706  0.000122951 3.48532
0.391583  0.000122759 3.50747
0.395499  0.000122561 3.52991
0.399454  0.000122357 3.55263
0.403449  0.000122147 3.57566
0.407483  0.000121931 3.59899
0.411558  0.00012171 3.62263
0.415674  0.000121483 3.64658
0.41983  0.00012125 3.67086
0.424029  0.000121011 3.69547
0.428269  0.000120767 3.72041
0.432552  0.000120518 3.7457
0.436877  0.000120263 3.77134
0.441246  0.000120003 3.79734
0.445658  0.000119737 3.8237
0.450115  0.000119466 3.85043
0.454616  0.000119189 3.87755
0.459162  0.000118908 3.90505
0.463754  0.000118621 3.93295
0.468391  0.000118329 3.96125
0.473075  0.000118032 3.98996
0.477806  0.000117729 4.01909
0.482584  0.000117422 4.04865
0.48741  0.00011711 4.07865
0.492284  0.000116794 4.10909
0.497207  0.000116472 4.13999
0.502179  0.000116146 4.17136
0.507201  0.000115816 4.20319
0.512273  0.000115481 4.23551
0.517396  0.000115142 4.26833
0.52257  0.000114798 4.30164
0.527795  0.00011445 4.33547
0.533073  0.000114097 4.36982
0.538404  0.000113741 4.4047
0.543788  0.00011338 4.44013
0.549226  0.000113016 4.47611
0.554718  0.000112647 4.51266
0.560265  0.000112275 4.54978
0.565868  0.000111898 4.5875
0.571527  0.000111519 4.62581
0.577242  0.000111135 4.66473
0.583014  0.000110748 4.70428
0.588844  0.000110357 4.74447
0.594733  0.000109963 4.7853
0.60068  0.000109565 4.82679
0.606687  0.000109164 4.86896
0.612754  0.00010876 4.91182
0.618881  0.000108353 4.95538
0.62507  0.000107943 4.99965
0.631321  0.00010753 5.04465
0.637634  0.000107115 5.09039
0.644011  0.000106696 5.13689
0.650451  0.000106275 5.18416
0.656955  0.000105851 5.23222
0.663525  0.000105424 5.28108
0.67016  0.000104995 5.33076
0.676862  0.000104564 5.38127
0.68363  0.000104131 5.43263
0.690466  0.000103695 5.48486
0.697371  0.000103257 5.53797
0.704345  0.000102817 5.59198
0.711388  0.000102375 5.6469
0.718502  0.000101931 5.70276
0.725687  0.000101485 5.75957
0.732944  0.000101038 5.81734
0.740273  0.000100588 5.87611
0.747676  0.000100138 5.93589
0.755153  9.96853e-05 5.99669
0.762705  9.92315e-05 6.05853
0.770332  9.87763e-05 6.12145
0.778035  9.83197e-05 6.18545
0.785815  9.78619e-05 6.25055
0.793673  9.74028e-05 6.31678
0.80161  9.69427e-05 6.38416
0.809626  9.64816e-05 6.45271
0.817722  9.60196e-05 6.52245
0.8259  9.55566e-05 6.59341
0.834159  9.50928e-05 6.6656
0.8425  9.46282e-05 6.73905
0.850925  9.41629e-05 6.81379
0.859435  9.36969e-05 6.88983
0.868029  9.32302e-05 6.96721
0.876709  9.27631e-05 7.04594
0.885476  9.22955e-05 7.12606
0.894331  9.18274e-05 7.20758
0.903274  9.1359e-05 7.29054
0.912307  9.08903e-05 7.37496
0.92143  9.04213e-05 7.46086
0.930644  8.99522e-05 7.54829
0.939951  8.94829e-05 7.63725
0.94935  8.90135e-05 7.72778
0.958844  8.85441e-05 7.81992
0.968432  8.80747e-05 7.91368
0.978117  8.76054e-05 8.00911
0.987898  8.71363e-05 8.10623
0.997777  8.66674e-05 8.20506
1.00775  8.61988e-05 8.30565
1.01783  8.57306e-05 8.40803
1.02801  8.52627e-05 8.51222
1.03829  8.47952e-05 8.61826
1.04867  8.43281e-05 8.72619
1.05916  8.38614e-05 8.83603
1.06975  8.33953e-05 8.94783
1.08045  8.29298e-05 9.06162
1.09125  8.24649e-05 9.17743
1.10217  8.20007e-05 9.2953
1.11319  8.1537e-05 9.41527
1.12432  8.10742e-05 9.53738
1.13556  8.0612e-05 9.66167
1.14692  8.01506e-05 9.78817
1.15839  7.96901e-05 9.91692
1.16997  7.92304e-05 10.048
1.18167  7.87716e-05 10.1814
1.19349  7.83137e-05 10.3171
1.20542  7.78568e-05 10.4553
1.21748  7.74008e-05 10.596
1.22965  7.69459e-05 10.7391
1.24195  7.64921e-05 10.8848
1.25437  7.60394e-05 11.0331
1.26691  7.55878e-05 11.1841
1.27958  7.51374e-05 11.3377
1.29238  7.46882e-05 11.4941
1.3053  7.42401e-05 11.6533
1.31835  7.37933e-05 11.8153
1.33154  7.33477e-05 11.9802
1.34485  7.29035e-05 12.1481
1.3583  7.24605e-05 12.3189
1.37188  7.2019e-05 12.4928
1.3856  7.15787e-05 12.6698
1.39946  7.11398e-05 12.8499
1.41345  7.07024e-05 13.0332
1.42759  7.02663e-05 13.2198
1.44186  6.98317e-05 13.4098
1.45628  6.93985e-05 13.6031
1.47085  6.89668e-05 13.7998
1.48555  6.85367e-05 14.0001
1.50041  6.8108e-05 14.2039
1.51541  6.76809e-05 14.4113
1.53057  6.72553e-05 14.6225
1.54587  6.68313e-05 14.8373
1.56133  6.64089e-05 15.056
1.57695  6.59881e-05 15.2786
1.59271  6.55689e-05 15.5052
1.60864  6.51514e-05 15.7357
1.62473  6.47356e-05 15.9704
1.64098  6.43215e-05 16.2092
1.65739  6.3909e-05 16.4522
1.67396  6.34983e-05 16.6996
1.6907  6.30893e-05 16.9513
1.70761  6.2682e-05 17.2075
1.72468  6.22765e-05 17.4682
1.74193  6.18727e-05 17.7336
1.75935  6.14706e-05 18.0036
1.77694  6.10704e-05 18.2784
1.79471  6.06719e-05 18.5581
1.81266  6.02751e-05 18.8427
1.83078  5.98802e-05 19.1323
1.84909  5.94871e-05 19.4271
1.86758  5.90958e-05 19.7271
1.88626  5.87064e-05 20.0323
1.90512  5.83189e-05 20.3429
1.92417  5.79331e-05 20.6591
1.94341  5.75493e-05 20.9807
1.96285  5.71672e-05 21.3081
1.98248  5.6787e-05 21.6412
2.0023  5.64087e-05 21.9801
2.02232  5.60323e-05 22.3251
2.04255  5.56578e-05 22.6761
2.06297  5.52851e-05 23.0332
2.0836  5.49143e-05 23.3967
2.10444  5.45454e-05 23.7665
2.12548  5.41784e-05 24.1428
2.14674  5.38133e-05 24.5258
2.16821  5.34501e-05 24.9154
2.18989  5.30888e-05 25.3119
2.21179  5.27294e-05 25.7153
2.2339  5.2372e-05 26.1258
2.25624  5.20164e-05 26.5435
2.27881  5.16627e-05 26.9685
2.30159  5.13109e-05 27.401
2.32461  5.0961e-05 27.841
2.34786  5.0613e-05 28.2887
2.37134  5.02669e-05 28.7443
2.39505  4.99227e-05 29.2078
2.419  4.95804e-05 29.6794
2.44319  4.924e-05 30.1592
2.46762  4.89015e-05 30.6475
2.4923  4.85649e-05 31.1443
2.51722  4.82302e-05 31.6497
2.54239  4.78974e-05 32.164
2.56782  4.75665e-05 32.6872
2.59349  4.72375e-05 33.2196
2.61943  4.69104e-05 33.7613
2.64562  4.65851e-05 34.3125
2.67208  4.62617e-05 34.8732
2.6988  4.59403e-05 35.4437
2.72579  4.56207e-05 36.0242
2.75305  4.5303e-05 36.6148
2.78058  4.49871e-05 37.2157
2.80838  4.46731e-05 37.8271
2.83647  4.43609e-05 38.4491
2.86483  4.40505e-05 39.082
2.89348  4.3742e-05 39.7259
2.92241  4.34353e-05 40.381
2.95164  4.31304e-05 41.0476
2.98115  4.28274e-05 41.7258
3.01097  4.25261e-05 42.4158
3.04108  4.22266e-05 43.1178
3.07149  4.1929e-05 43.8321
3.1022  4.16331e-05 44.5588
3.13322  4.1339e-05 45.2982
3.16456  4.10466e-05 46.0504
3.1962  4.0756e-05 46.8158
3.22816  4.04672e-05 47.5946
3.26045  4.01802e-05 48.3869
3.29305  3.98949e-05 49.1931
3.32598  3.96113e-05 50.0133
3.35924  3.93295e-05 50.8478
3.39283  3.90494e-05 51.6969
3.42676  3.87711e-05 52.5608
3.46103  3.84944e-05 53.4398
3.49564  3.82194e-05 54.3341
3.53059  3.79461e-05 55.2441
3.5659  3.76745e-05 56.1699
3.60156  3.74046e-05 57.112
3.63758  3.71363e-05 58.0705
3.67395  3.68696e-05 59.0458
3.71069  3.66046e-05 60.0382
3.7478  3.63413e-05 61.048
3.78528  3.60796e-05 62.0754
3.82313  3.58196e-05 63.1209
3.86136  3.55617e-05 64.1836
3.89997  3.53048e-05 65.2661
3.93897  3.50495e-05 66.3676
3.97836  3.47957e-05 67.4884
4.01815  3.45436e-05 68.6288
4.05833  3.4293e-05 69.7892
4.09891  3.4044e-05 70.9699
4.1399  3.37965e-05 72.1713
4.1813  3.35506e-05 73.3937
4.22311  3.33062e-05 74.6376
4.26534  3.30634e-05 75.9032
4.308  3.28221e-05 77.1911
4.35108  3.25823e-05 78.5015
4.39459  3.2344e-05 79.8351
4.43853  3.21072e-05 81.1921
4.48292  3.18719e-05 82.5731
4.52775  3.16381e-05 83.9786
4.57303  3.14058e-05 85.4089
4.61876  3.11749e-05 86.8647
4.66494  3.09454e-05 88.3463
4.71159  3.07174e-05 89.8543
4.75871  3.04909e-05 91.3892
4.8063  3.02657e-05 92.9515
4.85436  3.0042e-05 94.5416
4.9029  2.98197e-05 96.1599
4.95193  2.95989e-05 97.8068
5.00145  2.93794e-05 99.4828
5.05146  2.91614e-05 101.188
5.10198  2.89447e-05 102.924
5.153  2.87294e-05 104.689
5.20453  2.85155e-05 106.486
5.25657  2.8303e-05 108.313
5.30914  2.80918e-05 110.172
5.36223  2.7882e-05 112.064
5.41585  2.76735e-05 113.988
5.47001  2.74664e-05 115.946
5.52471  2.72606e-05 117.938
5.57996  2.70561e-05 119.966
5.63576  2.68529e-05 122.03
5.69212  2.6651e-05 124.132
5.74904  2.64505e-05 126.272
5.80653  2.62512e-05 128.452
5.86459  2.60532e-05 130.673
5.92324  2.58565e-05 132.935
5.98247  2.5661e-05 135.241
6.0423  2.48949e-05 137.59
6.10272  2.47028e-05 139.984
6.16375  2.45121e-05 142.425
6.22538  2.43227e-05 144.912
6.28764  2.41345e-05 147.448
6.35051  2.39476e-05 150.033
6.41402  2.37619e-05 152.668
6.47816  2.35775e-05 155.354
6.54294  2.33943e-05 158.093
6.60837  2.32124e-05 160.886
6.67445  2.30317e-05 163.733
6.7412  2.28522e-05 166.636
6.80861  2.2674e-05 169.597
6.8767  2.2497e-05 172.614
6.94546  2.23212e-05 175.69
7.01492  2.21466e-05 178.824
7.08507  2.19732e-05 182.017
7.15592  2.1801e-05 185.269
7.22748  2.163e-05 188.581
7.29975  2.14602e-05 191.953
7.37275  2.12914e-05 195.386
7.44648  2.11238e-05 198.88
7.52094  2.09573e-05 202.435
7.59615  2.0792e-05 206.051
7.67211  2.06279e-05 209.731
7.74883  2.04649e-05 213.476
7.82632  2.03031e-05 217.286
7.90459  2.01424e-05 221.165
7.98363  1.99829e-05 225.112
8.06347  1.98245e-05 229.13
8.1441  1.96672e-05 233.222
8.22554  1.95111e-05 237.387
8.3078  1.93561e-05 241.629
8.39088  1.92023e-05 245.949
8.47479  1.90495e-05 250.348
8.55953  1.88978e-05 254.83
8.64513  1.87473e-05 259.394
8.73158  1.85978e-05 264.042
8.8189  1.84494e-05 268.777
8.90709  1.83021e-05 273.598
8.99616  1.81559e-05 278.508
9.08612  1.80108e-05 283.507
9.17698  1.78667e-05 288.598
9.26875  1.77236e-05 293.782
9.36144  1.75816e-05 299.06
9.45505  1.74403e-05 304.439
9.5496  1.73004e-05 309.911
9.6451  1.71614e-05 315.482
9.74155  1.70236e-05 321.154
9.83896  1.68867e-05 326.929
9.93735  1.67509e-05 332.809
10.0367  1.66161e-05 338.796
10.1371  1.64824e-05 344.892
10.2385  1.63496e-05 351.099
10.3409  1.62179e-05 357.419
10.4443  1.60871e-05 363.855
10.5487  1.59574e-05 370.409
10.6542  1.58286e-05 377.082
10.7607  1.57008e-05 383.878
10.8683  1.5574e-05 390.798
10.977  1.54482e-05 397.845
11.0868  1.53233e-05 405.02
11.1977  1.51993e-05 412.327
11.3096  1.50764e-05 419.768
11.4227  1.49543e-05 427.345
11.537  1.48332e-05 435.06
11.6523  1.47131e-05 442.916
11.7689  1.45939e-05 450.915
11.8865  1.44755e-05 459.061
12.0054  1.43496e-05 467.355
12.1255  1.42332e-05 475.801
12.2467  1.41177e-05 484.401
12.3692  1.40029e-05 493.158
12.4929  1.38891e-05 502.075
12.6178  1.37761e-05 511.155
12.744  1.3664e-05 520.401
12.8714  1.35528e-05 529.815
13.0001  1.34425e-05 539.402
13.1301  1.3333e-05 549.164
13.2614  1.32244e-05 559.105
13.3941  1.31167e-05 569.227
13.528  1.30097e-05 579.535
13.6633  1.29037e-05 590.031
13.7999  1.27985e-05 600.719
13.9379  1.26941e-05 611.602
14.0773  1.25905e-05 622.684
14.2181  1.24878e-05 633.97
14.3602  1.23858e-05 645.461
14.5038  1.22847e-05 657.163
14.6489  1.21844e-05 669.078
14.7954  1.20849e-05 681.211
14.9433  1.19862e-05 693.566
15.0928  1.18882e-05 706.147
15.2437  1.17911e-05 718.958
15.3961  1.16947e-05 732.003
15.5501  1.15991e-05 745.287
15.7056  1.15043e-05 758.813
15.8626  1.14102e-05 772.587
16.0213  1.13168e-05 786.612
16.1815  1.12243e-05 800.894
16.3433  1.11324e-05 815.437
16.5067  1.10414e-05 830.246
16.6718  1.0951e-05 845.326
16.8385  1.08614e-05 860.681
17.0069  1.07725e-05 876.318
17.177  1.06844e-05 892.24
17.3487  1.05968e-05 908.453
17.5222  1.051e-05 924.963
17.6974  1.04239e-05 941.775
17.8744  1.03384e-05 958.894
18.0532  1.02537e-05 976.326
18.2337  1.01696e-05 994.077
18.416  1.00863e-05 1012.15
18.6002  1.00035e-05 1030.56
18.7862  9.92151e-06 1049.3
18.9741  9.84013e-06 1068.39
19.1638  9.75942e-06 1087.82
19.3554  9.67936e-06 1107.62
19.549  9.59995e-06 1127.77
19.7445  9.52119e-06 1148.29
19.9419  9.44306e-06 1169.19
20.1413  9.36557e-06 1190.47
20.3427  9.28871e-06 1212.14
20.5462  9.21247e-06 1234.2
20.7516  9.13686e-06 1256.67
20.9592  9.06186e-06 1279.55
21.1687  8.98746e-06 1302.85
21.3804  8.91368e-06 1326.58
21.5942  8.84049e-06 1350.73
21.8102  8.76791e-06 1375.34
22.0283  8.69591e-06 1400.39
22.2486  8.6245e-06 1425.9
22.4711  8.55367e-06 1451.88
22.6958  8.48342e-06 1478.33
22.9227  8.41374e-06 1505.27
23.1519  8.34464e-06 1532.7
23.3835  8.27609e-06 1560.63
23.6173  8.20811e-06 1589.07
23.8535  8.14068e-06 1618.04
24.092  8.0738e-06 1647.53
24.3329  8.00747e-06 1677.57
24.5763  7.94168e-06 1708.15
24.822  7.87642e-06 1739.3
25.0702  7.81169e-06 1771.02
25.3209  7.74748e-06 1803.31
25.5742  7.6838e-06 1836.2
25.8299  7.62064e-06 1869.69
26.0882  7.558e-06 1903.8
26.3491  7.49586e-06 1938.53
26.6126  7.43423e-06 1973.89
26.8787  7.37311e-06 2009.91
27.1475  7.31248e-06 2046.58
27.419  7.25235e-06 2083.93
27.6931  7.19271e-06 2121.96
27.9701  7.13356e-06 2160.68
28.2498  7.07489e-06 2200.12
28.5323  7.0167e-06 2240.28
28.8176  6.95899e-06 2281.18
29.1058  6.90175e-06 2322.83
29.3968  6.84498e-06 2365.24
29.6908  6.78867e-06 2408.42
29.9877  6.73282e-06 2452.4
30.2876  6.67743e-06 2497.19
30.5905  6.62249e-06 2542.8
30.8964  6.568e-06 2589.24
31.2053  6.51395e-06 2636.54
31.5174  6.46035e-06 2684.7
31.8326  6.40718e-06 2733.75
32.1509  6.35445e-06 2783.7
32.4724  6.30216e-06 2834.56
32.7971  6.25029e-06 2886.36
33.1251  6.19885e-06 2939.11
33.4563  6.14783e-06 2992.82
33.7909  6.09722e-06 3047.52
34.1288  6.04704e-06 3103.23
34.4701  5.99726e-06 3159.95
34.8148  5.94789e-06 3217.72
35.1629  5.89893e-06 3276.55
35.5146  5.85037e-06 3336.46
35.8697  5.80221e-06 3397.47
36.2284  5.75445e-06 3459.6
36.5907  5.70707e-06 3522.87
36.9566  5.66009e-06 3587.3
37.3262  5.61349e-06 3652.91
37.6994  5.56728e-06 3719.73
38.0764  5.52145e-06 3787.78
38.4572  5.47599e-06 3857.07
38.8418  5.4309e-06 3927.64
39.2302  5.38619e-06 3999.51
39.6225  5.34185e-06 4072.69
40.0187  5.29787e-06 4147.22
40.4189  5.25425e-06 4223.11
40.8231  5.21099e-06 4300.41
41.2313  5.16809e-06 4379.12
41.6436  5.12554e-06 4459.27
42.0601  5.08334e-06 4540.9
42.4807  5.04149e-06 4624.03
42.9055  4.99998e-06 4708.69
43.3345  4.95881e-06 4794.9
43.7679  4.91799e-06 4882.69
44.2056  4.8775e-06 4972.1
44.6476  4.83734e-06 5063.15
45.0941  4.79752e-06 5155.87
45.545  4.75802e-06 5250.3
46.0005  4.71885e-06 5346.46
46.4605  4.68001e-06 5444.39
46.9251  4.64148e-06 5544.12
47.3943  4.60327e-06 5645.69
47.8683  4.56538e-06 5749.11
48.347  4.5278e-06 5854.44
48.8304  4.49053e-06 5961.7
49.3187  4.45357e-06 6070.94
49.8119  4.41692e-06 6182.18
50.31  4.38057e-06 6295.47
50.8131  4.34452e-06 6410.84
51.3213  4.30877e-06 6528.33
51.8345  4.27331e-06 6647.97
52.3528  4.23815e-06 6769.82
52.8764  4.20328e-06 6893.9
53.4051  4.1687e-06 7020.27
53.9392  4.13441e-06 7148.96
54.4786  4.1004e-06 7280.01
55.0234  4.06667e-06 7413.47
55.5736  4.03322e-06 7549.38
56.1293  4.00005e-06 7687.79
56.6906  3.96715e-06 7828.75
57.2575  3.93453e-06 7972.29
57.8301  3.90218e-06 8118.47
58.4084  3.8701e-06 8267.34
58.9925  3.83828e-06 8418.94
59.5824  3.80673e-06 8573.33
60.1782  3.77544e-06 8730.55
60.78  3.74441e-06 8890.67
61.3878  3.71364e-06 9053.72
62.0017  3.68312e-06 9219.77
62.6217  3.65286e-06 9388.87
63.2479  3.62285e-06 9561.07
63.8804  3.59309e-06 9736.44
64.5192  3.56358e-06 9915.03
65.1644  3.53431e-06 10096.9
65.816  3.50529e-06 10282.1
66.4742  3.47651e-06 10470.7
67.1389  3.44797e-06 10662.8
67.8103  3.41967e-06 10858.4
68.4884  3.3916e-06 11057.6
69.1733  3.36377e-06 11260.5
69.8651  3.33617e-06 11467
70.5637  3.30881e-06 11677.4
71.2693  3.28167e-06 11891.6
71.982  3.25475e-06 12109.8
72.7019  3.22805e-06 12332
73.4289  3.20157e-06 12558.2
74.1632  3.17532e-06 12788.6
74.9048  3.14929e-06 13023.2
75.6538  3.12347e-06 13262.2
76.4104  3.09787e-06 13505.5
77.1745  3.07249e-06 13753.3
77.9462  3.04732e-06 14005.6
78.7257  3.02236e-06 14262.5
79.513  2.99761e-06 14524.2
80.3081  2.97307e-06 14790.7
81.1112  2.94873e-06 15062
81.9223  2.9246e-06 15338.4
82.7415  2.90067e-06 15619.7
83.5689  2.87694e-06 15906.3
84.4046  2.85342e-06 16198.1
85.2486  2.83009e-06 16495.3
86.1011  2.80695e-06 16797.9
86.9621  2.78402e-06 17106
87.8318  2.76127e-06 17419.8
88.7101  2.73872e-06 17739.4
89.5972  2.71635e-06 18064.8
90.4932  2.69418e-06 18396.1
91.3981  2.67219e-06 18733.5
92.3121  2.65039e-06 19077.1
93.2352  2.62877e-06 19427
94.1675  2.60734e-06 19783.3
95.1092  2.58608e-06 20146.2
96.0603  2.56501e-06 20515.6
97.0209  2.54411e-06 20891.9
97.9911  2.52339e-06 21275
98.971  2.50285e-06 21665.1
99.9607  2.48248e-06 22062.4
100.96  2.46228e-06 22466.9
101.97  2.44225e-06 22878.8
102.99  2.4224e-06 23298.2
104.02  2.40271e-06 23725.4
105.06  2.38319e-06 24160.3
106.11  2.36383e-06 24603.2
107.171  2.34464e-06 25054.1
108.243  2.32562e-06 25513.4
109.326  2.30675e-06 25980.9
110.419  2.28805e-06 26457.1
111.523  2.2695e-06 26941.9
112.638  2.25111e-06 27435.6
113.765  2.23288e-06 27938.3
114.902  2.2148e-06 28450.2
116.051  2.19688e-06 28971.4
117.212  2.17911e-06 29502.1
118.384  2.16149e-06 30042.5
119.568  2.14402e-06 30592.7
120.763  2.1267e-06 31153.1
121.971  2.10952e-06 31723.5
123.191  2.0925e-06 32304.4
124.423  2.07562e-06 32895.9
125.667  2.05888e-06 33498.2
126.924  2.04229e-06 34111.4
128.193  2.02584e-06 34735.8
129.475  2.00953e-06 35371.5
130.77  1.99336e-06 36018.8
132.077  1.97732e-06 36677.9
133.398  1.96143e-06 37349
134.732  1.94567e-06 38032.3
136.079  1.93004e-06 38728.1
137.44  1.91455e-06 39436.4
138.814  1.89919e-06 40157.7
140.203  1.88396e-06 40892
141.605  1.86887e-06 41639.7
143.021  1.8539e-06 42401
144.451  1.83906e-06 43176.1
145.895  1.82435e-06 43965.3
147.354  1.80976e-06 44768.7
148.828  1.7953e-06 45586.8
150.316  1.78097e-06 46419.7
151.819  1.76676e-06 47267.7
153.338  1.75267e-06 48131.1
154.871  1.7387e-06 49010.1
156.42  1.72485e-06 49905
157.984  1.71112e-06 50816.2
159.564  1.69751e-06 51743.8
161.159  1.68401e-06 52688.3
162.771  1.67064e-06 53649.8
164.399  1.65737e-06 54628.7
166.043  1.64423e-06 55625.4
167.703  1.63119e-06 56640
169.38  1.61827e-06 57673
171.074  1.60546e-06 58724.6
172.785  1.59276e-06 59795.3
174.512  1.58018e-06 60885.2
176.258  1.5677e-06 61994.9
178.02  1.55532e-06 63124.5
179.8  1.54306e-06 64274.6
181.598  1.5309e-06 65445.4
183.414  1.51885e-06 66637.2
185.248  1.5069e-06 67850.6
187.101  1.49506e-06 69085.8
188.972  1.48332e-06 70343.2
190.862  1.47168e-06 71623.3
192.77  1.46015e-06 72926.4
194.698  1.44871e-06 74252.9
196.645  1.43737e-06 75603.3
198.611  1.42614e-06 76977.9
200.598  1.415e-06 78377.2
202.604  1.40395e-06 79801.7
204.63  1.39301e-06 81251.7
206.676  1.38216e-06 82727.8
208.743  1.3714e-06 84230.3
210.83  1.36074e-06 85759.8
212.938  1.35017e-06 87316.6
215.068  1.33969e-06 88901.4
217.218  1.32931e-06 90514.5
219.391  1.31901e-06 92156.5
221.584  1.30881e-06 93827.8
223.8  1.2987e-06 95529
226.038  1.28867e-06 97260.7
228.299  1.27873e-06 99023.3
230.582  1.26888e-06 100817
232.888  1.25911e-06 102643
235.216  1.24944e-06 104502
237.569  1.23984e-06 106394
239.944  1.23033e-06 108319
242.344  1.2209e-06 110279
244.767  1.21156e-06 112274
247.215  1.2023e-06 114304
249.687  1.19312e-06 116370
252.184  1.18402e-06 118473
254.706  1.175e-06 120614
257.253  1.16606e-06 122792
259.825  1.1572e-06 125009
262.423  1.14841e-06 127266
265.048  1.13971e-06 129562
267.698  1.13108e-06 131899
270.375  1.12252e-06 134278
273.079  1.11404e-06 136698
275.81  1.10564e-06 139162
278.568  1.09731e-06 141669
281.354  1.08905e-06 144220
284.167  1.08087e-06 146817
287.009  1.07276e-06 149459
289.879  1.06472e-06 152148
292.778  1.05675e-06 154884
295.705  1.04885e-06 157668
298.662  1.04102e-06 160502
301.649  1.03326e-06 163385
304.666  1.02557e-06 166319
307.712  1.01794e-06 169305
310.789  1.01039e-06 172343
313.897  1.0029e-06 175434
317.036  9.95474e-07 178579
320.207  9.88117e-07 181780
323.409  9.80825e-07 185037
326.643  9.73598e-07 188350
329.909  9.66435e-07 191722
333.208  9.59336e-07 195153
336.54  9.523e-07 198643
339.906  9.45327e-07 202195
343.305  9.38416e-07 205809
346.738  9.31567e-07 209486
350.205  9.24779e-07 213227
353.707  9.18052e-07 217034
357.244  9.11385e-07 220908
360.817  9.04777e-07 224850
364.425  8.9823e-07 228861
368.069  8.91741e-07 232943
371.75  8.8531e-07 237097
375.467  8.78937e-07 241324
379.222  8.72622e-07 245625
383.014  8.66363e-07 250003
386.844  8.60161e-07 254458
390.713  8.54015e-07 258992
394.62  8.47925e-07 263605
398.566  8.4189e-07 268301
402.552  8.35909e-07 273079
406.577  8.29982e-07 277942
410.643  8.24109e-07 282891
414.75  8.1829e-07 287927
418.897  8.12522e-07 293053
423.086  8.06808e-07 298269
427.317  8.01145e-07 303578
431.59  7.95533e-07 308980
435.906  7.89972e-07 314478
440.265  7.84462e-07 320072
444.668  7.79002e-07 325765
449.114  7.73591e-07 331558
453.605  7.6823e-07 337452
458.142  7.62917e-07 343450
462.723  7.57652e-07 349553
467.35  7.52436e-07 355762
472.024  7.47267e-07 362080
476.744  7.42145e-07 368507
481.511  7.3707e-07 375046
486.326  7.3204e-07 381699
491.19  7.27057e-07 388467
496.102  7.2212e-07 395352
501.063  7.17227e-07 402357
506.073  7.12379e-07 409484
511.134  7.07576e-07 416733
516.245  7.02816e-07 424108
521.408  6.981e-07 431610
526.622  6.93428e-07 439242
531.888  6.88798e-07 447005
537.207  6.84211e-07 454902
542.579  6.79666e-07 462936
548.005  6.75163e-07 471107
553.485  6.70702e-07 479418
559.02  6.66282e-07 487872
564.61  6.61903e-07 496471
570.256  6.57564e-07 505217
575.959  6.53266e-07 514113
581.718  6.49008e-07 523160
587.535  6.44789e-07 532362
593.411  6.40609e-07 541720
599.345  6.36469e-07 551237
605.338  6.32367e-07 560916
611.392  6.28303e-07 570759
617.506  6.24278e-07 580769
623.681  6.2029e-07 590948
629.917  6.16339e-07 601299
636.217  6.12426e-07 611825
642.579  6.08549e-07 622529
649.005  6.04709e-07 633413
655.495  6.00906e-07 644479
662.05  5.97138e-07 655732
668.67  5.93405e-07 667174
675.357  5.89708e-07 678807
682.11  5.86047e-07 690635
688.931  5.82419e-07 702661
695.821  5.78827e-07 714887
702.779  5.75268e-07 727317
709.807  5.71744e-07 739954
716.905  5.68253e-07 752802
724.074  5.64795e-07 765863
731.315  5.61371e-07 779140
738.628  5.5798e-07 792637
746.014  5.54621e-07 806357
753.474  5.51294e-07 820304
761.009  5.48e-07 834481
768.619  5.44737e-07 848891
776.305  5.41506e-07 863538
784.068  5.38306e-07 878425
791.909  5.35137e-07 893557
799.828  5.31999e-07 908936
807.826  5.28891e-07 924567
815.905  5.25814e-07 940453
824.064  5.22766e-07 956599
832.304  5.19749e-07 973007
840.627  5.16761e-07 989681
849.034  5.13802e-07 1.00663e+06
857.524  5.10873e-07 1.02385e+06
866.099  5.07972e-07 1.04134e+06
874.76  5.05099e-07 1.05913e+06
883.508  5.02255e-07 1.07719e+06
892.343  4.9944e-07 1.09555e+06
901.266  4.96652e-07 1.11421e+06
910.279  4.93891e-07 1.13316e+06
919.382  4.91158e-07 1.15242e+06
928.575  4.88452e-07 1.17198e+06
937.861  4.85774e-07 1.19186e+06
947.24  4.83121e-07 1.21206e+06
956.712  4.80496e-07 1.23257e+06
966.279  4.77896e-07 1.25342e+06
975.942  4.75323e-07 1.27459e+06
985.702  4.72776e-07 1.2961e+06
995.559  4.70254e-07 1.31795e+06
