0.001  0.0173037 0.000115584
0.00101  0.01739 0.00011616
0.0010201  0.0174767 0.00011674
0.0010303  0.0175639 0.000117322
0.0010406  0.0176515 0.000117907
0.00105101  0.0177395 0.000118495
0.00106152  0.017828 0.000119086
0.00107214  0.0179169 0.00011968
0.00108286  0.0180063 0.000120277
0.00109369  0.0180961 0.000120877
0.00110462  0.0181863 0.00012148
0.00111567  0.018277 0.000122086
0.00112683  0.0183682 0.000122695
0.00113809  0.0184598 0.000123307
0.00114947  0.0185519 0.000123922
0.00116097  0.0186444 0.00012454
0.00117258  0.0187374 0.000125161
0.0011843  0.0188308 0.000125785
0.00119615  0.0189248 0.000126412
0.00120811  0.0190191 0.000127043
0.00122019  0.019114 0.000127676
0.00123239  0.0192093 0.000128313
0.00124472  0.0193051 0.000128953
0.00125716  0.0194014 0.000129596
0.00126973  0.0194982 0.000130243
0.00128243  0.0195954 0.000130892
0.00129526  0.0196932 0.000131545
0.00130821  0.0197914 0.000132201
0.00132129  0.0198901 0.000132861
0.0013345  0.0199893 0.000133523
0.00134785  0.020089 0.000134189
0.00136133  0.0201892 0.000134859
0.00137494  0.0202899 0.000135531
0.00138869  0.0203911 0.000136207
0.00140258  0.0204928 0.000136886
0.0014166  0.020595 0.000137569
0.00143077  0.0206977 0.000138255
0.00144508  0.020801 0.000138945
0.00145953  0.0209047 0.000139638
0.00147412  0.021009 0.000140334
0.00148886  0.0211138 0.000141034
0.00150375  0.0212191 0.000141737
0.00151879  0.0213249 0.000142444
0.00153398  0.0214313 0.000143155
0.00154932  0.0215381 0.000143869
0.00156481  0.0216456 0.000144586
0.00158046  0.0217535 0.000145307
0.00159626  0.021862 0.000146032
0.00161223  0.0219711 0.000146761
0.00162835  0.0220806 0.000147493
0.00164463  0.0221908 0.000148228
0.00166108  0.0223014 0.000148968
0.00167769  0.0224127 0.000149711
0.00169447  0.0225245 0.000150458
0.00171141  0.0226368 0.000151208
0.00172852  0.0227497 0.000151962
0.00174581  0.0228632 0.00015272
0.00176327  0.0229772 0.000153482
0.0017809  0.0230918 0.000154247
0.00179871  0.023207 0.000155016
0.0018167  0.0233227 0.000155789
0.00183486  0.023439 0.000156566
0.00185321  0.0235559 0.000157346
0.00187174  0.0236734 0.000158131
0.00189046  0.0237915 0.000158919
0.00190937  0.0239102 0.000159711
0.00192846  0.0240294 0.000160507
0.00194774  0.0241493 0.000161308
0.00196722  0.0242697 0.000162112
0.00198689  0.0243908 0.000162921
0.00200676  0.0245062 0.000163734
0.00202683  0.0246129 0.000164551
0.0020471  0.0247209 0.000165373
0.00206757  0.0248302 0.000166199
0.00208825  0.0249408 0.000167029
0.00210913  0.0250528 0.000167864
0.00213022  0.0251661 0.000168703
0.00215152  0.0252808 0.000169547
0.00217304  0.0253968 0.000170395
0.00219477  0.0255143 0.000171248
0.00221672  0.0256331 0.000172106
0.00223888  0.0257534 0.000172968
0.00226127  0.0258751 0.000173835
0.00228388  0.0259982 0.000174707
0.00230672  0.0261227 0.000175583
0.00232979  0.0262488 0.000176464
0.00235309  0.0263763 0.00017735
0.00237662  0.0265053 0.00017824
0.00240038  0.0266357 0.000179135
0.00242439  0.0267677 0.000180034
0.00244863  0.0269012 0.000180938
0.00247312  0.0270362 0.000181846
0.00249785  0.0271728 0.000182759
0.00252283  0.0273109 0.000183676
0.00254806  0.0274506 0.000184598
0.00257354  0.0275918 0.000185523
0.00259927  0.0277346 0.000186454
0.00262527  0.027879 0.000187388
0.00265152  0.028025 0.000188327
0.00267803  0.0281726 0.00018927
0.00270481  0.0283218 0.000190218
0.00273186  0.0284727 0.00019117
0.00275918  0.0286251 0.000192127
0.00278677  0.0287792 0.000193088
0.00281464  0.0289349 0.000194054
0.00284279  0.0290923 0.000195024
0.00287121  0.0292513 0.000195998
0.00289993  0.0294119 0.000196978
0.00292893  0.0295742 0.000197962
0.00295822  0.0297382 0.00019895
0.0029878  0.0299038 0.000199944
0.00301768  0.0300546 0.000200942
0.00304785  0.0301975 0.000201945
0.00307833  0.0303418 0.000202952
0.00310911  0.0304875 0.000203965
0.0031402  0.0306347 0.000204983
0.00317161  0.0307832 0.000206006
0.00320332  0.0309331 0.000207033
0.00323536  0.0310843 0.000208066
0.00326771  0.031237 0.000209105
0.00330039  0.031391 0.000210148
0.00333339  0.0315463 0.000211197
0.00336672  0.031703 0.00021225
0.00340039  0.031861 0.000213309
0.0034344  0.0320203 0.000214374
0.00346874  0.0321809 0.000215443
0.00350343  0.0323428 0.000216518
0.00353846  0.0325059 0.000217598
0.00357385  0.0326703 0.000218684
0.00360958  0.0328359 0.000219774
0.00364568  0.0330027 0.000220871
0.00368214  0.0331706 0.000221973
0.00371896  0.0333397 0.00022308
0.00375615  0.0335099 0.000224192
0.00379371  0.0336812 0.00022531
0.00383165  0.0338535 0.000226434
0.00386996  0.0340269 0.000227563
0.00390866  0.0342012 0.000228698
0.00394775  0.0343764 0.000229838
0.00398723  0.0345525 0.000230983
0.0040271  0.0347264 0.000232135
0.00406737  0.0348998 0.000233292
0.00410804  0.0350741 0.000234454
0.00414912  0.0352492 0.000235623
0.00419062  0.035425 0.000236797
0.00423252  0.0356017 0.000237976
0.00427485  0.0357792 0.000239162
0.0043176  0.0359575 0.000240354
0.00436077  0.0361366 0.000241551
0.00440438  0.0363166 0.000242755
0.00444842  0.0364974 0.000243964
0.00449291  0.0366791 0.00024518
0.00453784  0.0368616 0.000246402
0.00458321  0.0370449 0.000247629
0.00462905  0.0372292 0.000248864
0.00467534  0.0374143 0.000250104
0.00472209  0.0376004 0.000251351
0.00476931  0.0377873 0.000252603
0.004817  0.0379752 0.000253862
0.00486517  0.038164 0.000255128
0.00491383  0.0383537 0.0002564
0.00496296  0.0385444 0.000257678
0.00501259  0.038736 0.000258962
0.00506272  0.0389283 0.000260253
0.00511335  0.0391217 0.00026155
0.00516448  0.039316 0.000262854
0.00521613  0.0395113 0.000264165
0.00526829  0.0397077 0.000265482
0.00532097  0.039905 0.000266805
0.00537418  0.0401034 0.000268135
0.00542792  0.0403028 0.000269472
0.0054822  0.0405033 0.000270815
0.00553702  0.0407048 0.000272165
0.00559239  0.0409073 0.000273522
0.00564832  0.0411109 0.000274886
0.0057048  0.0413155 0.000276256
0.00576185  0.0415213 0.000277634
0.00581947  0.0417281 0.000279018
0.00587766  0.041936 0.000280409
0.00593644  0.042145 0.000281807
0.0059958  0.0423551 0.000283212
0.00605576  0.0425664 0.000284624
0.00611632  0.0427788 0.000286043
0.00617748  0.0429924 0.00028747
0.00623926  0.0432071 0.000288903
0.00630165  0.0434229 0.000290343
0.00636466  0.0436399 0.000291791
0.00642831  0.043858 0.000293246
0.00649259  0.0440772 0.000294708
0.00655752  0.0442976 0.000296177
0.0066231  0.0445191 0.000297654
0.00668933  0.0447417 0.000299138
0.00675622  0.0449654 0.000300629
0.00682378  0.0451903 0.000302128
0.00689202  0.0454164 0.000303634
0.00696094  0.0456436 0.000305148
0.00703055  0.0458719 0.000306669
0.00710085  0.0461014 0.000308198
0.00717186  0.046332 0.000309734
0.00724358  0.0465638 0.000311278
0.00731602  0.0467968 0.00031283
0.00738918  0.0470309 0.00031439
0.00746307  0.0472662 0.000315957
0.0075377  0.0475027 0.000317532
0.00761308  0.0477403 0.000319115
0.00768921  0.0479792 0.000320705
0.0077661  0.0482192 0.000322304
0.00784376  0.0484604 0.00032391
0.0079222  0.0487029 0.000325525
0.00800142  0.0489465 0.000327148
0.00808144  0.049191 0.000328778
0.00816225  0.0494366 0.000330417
0.00824387  0.0496835 0.000332064
0.00832631  0.0499317 0.000333719
0.00840957  0.050181 0.000335383
0.00849367  0.0504316 0.000337054
0.00857861  0.0506834 0.000338734
0.00866439  0.0509364 0.000340423
0.00875104  0.0511907 0.000342119
0.00883855  0.0514462 0.000343825
0.00892693  0.051703 0.000345538
0.0090162  0.051961 0.000347261
0.00910636  0.0522203 0.000348991
0.00919743  0.0524808 0.000350731
0.0092894  0.0527426 0.000352479
0.0093823  0.0530056 0.000354236
0.00947612  0.05327 0.000356002
0.00957088  0.0535356 0.000357776
0.00966659  0.0538025 0.00035956
0.00976325  0.0540707 0.000361352
0.00986089  0.0543403 0.000363153
0.0099595  0.0546111 0.000364963
0.0100591  0.0548834 0.000366782
0.0101597  0.0551571 0.00036861
0.0102613  0.0554321 0.000370448
0.0103639  0.0557085 0.000372294
0.0104675  0.0559862 0.00037415
0.0105722  0.0562653 0.000376015
0.0106779  0.0565458 0.00037789
0.0107847  0.0568277 0.000379773
0.0108926  0.0571109 0.000381666
0.0110015  0.0573956 0.000383569
0.0111115  0.0576817 0.000385481
0.0112226  0.0579692 0.000387402
0.0113348  0.0582581 0.000389333
0.0114482  0.0585485 0.000391274
0.0115627  0.0588404 0.000393225
0.0116783  0.0591337 0.000395185
0.0117951  0.0594285 0.000397155
0.011913  0.0597249 0.000399135
0.0120322  0.0600227 0.000401124
0.0121525  0.0603222 0.000403124
0.012274  0.0606231 0.000405134
0.0123967  0.0609256 0.000407153
0.0125207  0.0612296 0.000409183
0.0126459  0.0615352 0.000411222
0.0127724  0.0618422 0.000413272
0.0129001  0.0621507 0.000415333
0.0130291  0.0624608 0.000417403
0.0131594  0.0627723 0.000419484
0.013291  0.0630852 0.000421575
0.0134239  0.0633997 0.000423677
0.0135581  0.0637155 0.000425789
0.0136937  0.0640329 0.000427911
0.0138307  0.0643516 0.000430045
0.013969  0.0646718 0.000432189
0.0141086  0.0649934 0.000434343
0.0142497  0.0653164 0.000436509
0.0143922  0.0656409 0.000438685
0.0145362  0.0659669 0.000440872
0.0146815  0.0662944 0.00044307
0.0148283  0.0666234 0.000445279
0.0149766  0.0669541 0.000447499
0.0151264  0.0672864 0.000449731
0.0152776  0.0676204 0.000451973
0.0154304  0.0679562 0.000454227
0.0155847  0.0682937 0.000456492
0.0157406  0.0686331 0.000458768
0.015898  0.0689744 0.000461056
0.016057  0.0693176 0.000463355
0.0162175  0.0696629 0.000465666
0.0163797  0.0700103 0.000467989
0.0165435  0.0703597 0.000470323
0.0167089  0.0707112 0.000472668
0.016876  0.071065 0.000475025
0.0170448  0.071421 0.000477394
0.0172152  0.0717792 0.000479775
0.0173874  0.0721398 0.000482167
0.0175613  0.0725027 0.000484571
0.0177369  0.0728681 0.000486987
0.0179142  0.073236 0.000489414
0.0180934  0.0736064 0.000491854
0.0182743  0.0739792 0.000494305
0.0184571  0.0743538 0.000496769
0.0186416  0.0747297 0.000499244
0.018828  0.0751064 0.000501732
0.0190163  0.0754833 0.000504233
0.0192065  0.0758599 0.000506746
0.0193986  0.0762355 0.000509272
0.0195925  0.0766093 0.000511811
0.0197885  0.0769808 0.000514362
0.0199864  0.0773491 0.000516927
0.0201862  0.0777138 0.000519506
0.0203881  0.0780747 0.000522098
0.020592  0.0784318 0.000524704
0.0207979  0.0787854 0.000527324
0.0210059  0.0791355 0.000529958
0.0212159  0.0794824 0.000532606
0.0214281  0.0798263 0.00053527
0.0216424  0.0801673 0.000537948
0.0218588  0.0805056 0.000540641
0.0220774  0.0808415 0.000543351
0.0222981  0.0811753 0.000546075
0.0225211  0.0815073 0.000548817
0.0227463  0.0818377 0.000551574
0.0229738  0.0821668 0.000554348
0.0232035  0.0824951 0.000557139
0.0234356  0.0828228 0.000559946
0.0236699  0.0831504 0.00056277
0.0239066  0.0834784 0.000565611
0.0241457  0.083807 0.000568469
0.0243871  0.0841369 0.000571345
0.024631  0.0844686 0.000574237
0.0248773  0.0848025 0.000577147
0.0251261  0.0851379 0.000580074
0.0253774  0.0854753 0.000583019
0.0256311  0.0858156 0.000585982
0.0258874  0.0861587 0.000588963
0.0261463  0.0865045 0.000591961
0.0264078  0.0868529 0.000594978
0.0266719  0.0872037 0.000598012
0.0269386  0.0875568 0.000601064
0.027208  0.0879119 0.000604135
0.02748  0.0882691 0.000607224
0.0277548  0.0886279 0.000610331
0.0280324  0.0889884 0.000613456
0.0283127  0.0893502 0.0006166
0.0285958  0.0897132 0.000619762
0.0288818  0.0900772 0.000622944
0.0291706  0.0904418 0.000626144
0.0294623  0.0908069 0.000629363
0.029757  0.0911722 0.000632601
0.0300545  0.0915373 0.000635858
0.0303551  0.0919023 0.000639135
0.0306586  0.092267 0.000642432
0.0309652  0.0926314 0.000645748
0.0312749  0.0929956 0.000649084
0.0315876  0.0933595 0.000652441
0.0319035  0.0937232 0.000655818
0.0322225  0.0940868 0.000659215
0.0325447  0.0944503 0.000662634
0.0328702  0.0948137 0.000666073
0.0331989  0.0951772 0.000669533
0.0335309  0.0955406 0.000673014
0.0338662  0.0959042 0.000676517
0.0342049  0.096268 0.000680042
0.0345469  0.096632 0.000683588
0.0348924  0.0969964 0.000687156
0.0352413  0.0973613 0.000690746
0.0355937  0.0977265 0.000694359
0.0359496  0.0980922 0.000697994
0.0363091  0.0984581 0.000701652
0.0366722  0.0988244 0.000705333
0.037039  0.0991909 0.000709037
0.0374093  0.0995575 0.000712764
0.0377834  0.0999243 0.000716515
0.0381613  0.100291 0.000720289
0.0385429  0.100658 0.000724087
0.0389283  0.101025 0.00072791
0.0393176  0.101392 0.000731756
0.0397108  0.101758 0.000735627
0.0401079  0.102125 0.000739522
0.040509  0.102491 0.000743443
0.040914  0.102857 0.000747388
0.0413232  0.103222 0.000751359
0.0417364  0.103588 0.000755355
0.0421538  0.103952 0.000759377
0.0425753  0.104317 0.000763425
0.0430011  0.104681 0.0007675
0.0434311  0.105044 0.0007716
0.0438654  0.105407 0.000775727
0.044304  0.105769 0.000779882
0.0447471  0.106131 0.000784063
0.0451946  0.106492 0.000788272
0.0456465  0.106853 0.000792509
0.046103  0.107213 0.000796774
0.046564  0.107572 0.000801067
0.0470296  0.10793 0.000805388
0.0474999  0.108287 0.000809738
0.0479749  0.108643 0.000814118
0.0484547  0.108998 0.000818526
0.0489392  0.109352 0.000822964
0.0494286  0.109705 0.000827433
0.0499229  0.110056 0.000831931
0.0504221  0.110405 0.00083646
0.0509264  0.110753 0.00084102
0.0514356  0.1111 0.000845611
0.05195  0.111445 0.000850234
0.0524695  0.111788 0.000854888
0.0529942  0.112131 0.000859574
0.0535241  0.112471 0.000864293
0.0540594  0.11281 0.000869045
0.0546  0.113148 0.000873829
0.055146  0.113484 0.000878648
0.0556974  0.113819 0.0008835
0.0562544  0.114152 0.000888386
0.0568169  0.114483 0.000893307
0.0573851  0.114813 0.000898262
0.0579589  0.11514 0.000903253
0.0585385  0.115465 0.00090828
0.0591239  0.115788 0.000913343
0.0597152  0.116108 0.000918442
0.0603123  0.116425 0.000923579
0.0609154  0.116739 0.000928752
0.0615246  0.11705 0.000933963
0.0621398  0.117359 0.000939213
0.0627612  0.117664 0.000944501
0.0633888  0.117966 0.000949828
0.0640227  0.118265 0.000955195
0.064663  0.118561 0.000960602
0.0653096  0.118853 0.000966049
0.0659627  0.119143 0.000971537
0.0666223  0.119428 0.000977067
0.0672885  0.119711 0.000982639
0.0679614  0.11999 0.000988253
0.068641  0.120266 0.00099391
0.0693275  0.120539 0.000999611
0.0700207  0.120808 0.00100536
0.0707209  0.121073 0.00101115
0.0714281  0.121335 0.00101698
0.0721424  0.121593 0.00102286
0.0728638  0.121847 0.00102879
0.0735925  0.122097 0.00103476
0.0743284  0.122344 0.00104078
0.0750717  0.122586 0.00104685
0.0758224  0.122825 0.00105297
0.0765806  0.123059 0.00105914
0.0773464  0.12329 0.00106535
0.0781199  0.123515 0.00107162
0.0789011  0.123737 0.00107794
0.0796901  0.123953 0.00108431
0.080487  0.124166 0.00109074
0.0812919  0.124373 0.00109721
0.0821048  0.124576 0.00110374
0.0829259  0.124774 0.00111033
0.0837551  0.124966 0.00111697
0.0845927  0.125154 0.00112367
0.0854386  0.125336 0.00113042
0.086293  0.125513 0.00113723
0.0871559  0.125685 0.0011441
0.0880275  0.125851 0.00115103
0.0889077  0.126011 0.00115802
0.0897968  0.126166 0.00116507
0.0906948  0.126315 0.00117219
0.0916017  0.126458 0.00117936
0.0925178  0.126596 0.0011866
0.0934429  0.126727 0.00119391
0.0943774  0.126852 0.00120128
0.0953211  0.126971 0.00120871
0.0962743  0.127084 0.00121622
0.0972371  0.127191 0.00122379
0.0982095  0.127291 0.00123143
0.0991916  0.127384 0.00123914
0.100183  0.127471 0.00124693
0.101185  0.127551 0.00125479
0.102197  0.127624 0.00126272
0.103219  0.127691 0.00127072
0.104251  0.127751 0.0012788
0.105294  0.127805 0.00128696
0.106347  0.127852 0.0012952
0.10741  0.127893 0.00130352
0.108484  0.127927 0.00131191
0.109569  0.127955 0.00132039
0.110665  0.127977 0.00132895
0.111772  0.127993 0.0013376
0.112889  0.128002 0.00134633
0.114018  0.128005 0.00135515
0.115158  0.128002 0.00136406
0.11631  0.127992 0.00137306
0.117473  0.127975 0.00138214
0.118648  0.127951 0.00139132
0.119834  0.12792 0.0014006
0.121033  0.127882 0.00140997
0.122243  0.127837 0.00141943
0.123465  0.127785 0.001429
0.1247  0.127726 0.00143866
0.125947  0.127659 0.00144843
0.127206  0.127585 0.0014583
0.128478  0.127505 0.00146827
0.129763  0.127417 0.00147835
0.131061  0.127322 0.00148854
0.132372  0.127219 0.00149884
0.133695  0.12711 0.00150925
0.135032  0.126994 0.00151977
0.136383  0.12687 0.00153041
0.137746  0.12674 0.00154116
0.139124  0.126602 0.00155204
0.140515  0.126458 0.00156303
0.14192  0.126306 0.00157415
0.143339  0.126148 0.00158539
0.144773  0.125983 0.00159676
0.146221  0.125811 0.00160826
0.147683  0.125634 0.00161989
0.14916  0.125451 0.00163165
0.150651  0.125262 0.00164355
0.152158  0.125067 0.00165559
0.153679  0.124867 0.00166776
0.155216  0.12466 0.00168008
0.156768  0.124448 0.00169254
0.158336  0.124229 0.00170515
0.159919  0.124003 0.00171791
0.161518  0.12377 0.00173082
0.163134  0.123531 0.00174388
0.164765  0.123285 0.0017571
0.166413  0.123034 0.00177048
0.168077  0.122776 0.00178402
0.169757  0.122513 0.00179772
0.171455  0.122245 0.00181159
0.17317  0.121972 0.00182563
0.174901  0.121694 0.00183985
0.17665  0.121411 0.00185424
0.178417  0.121124 0.0018688
0.180201  0.120833 0.00188355
0.182003  0.120538 0.00189848
0.183823  0.120238 0.0019136
0.185661  0.119935 0.00192891
0.187518  0.119626 0.00194441
0.189393  0.119312 0.00196011
0.191287  0.118993 0.001976
0.1932  0.118669 0.0019921
0.195132  0.11834 0.00200841
0.197083  0.118007 0.00202492
0.199054  0.11767 0.00204164
0.201045  0.11733 0.00205858
0.203055  0.116986 0.00207574
0.205086  0.116639 0.00209313
0.207136  0.116289 0.00211074
0.209208  0.115936 0.00212858
0.2113  0.11558 0.00214665
0.213413  0.115221 0.00216496
0.215547  0.114859 0.00218351
0.217702  0.114495 0.0022023
0.219879  0.114127 0.00222135
0.222078  0.113757 0.00224064
0.224299  0.113385 0.0022602
0.226542  0.11301 0.00228001
0.228807  0.112632 0.00230009
0.231095  0.112253 0.00232044
0.233406  0.111871 0.00234107
0.235741  0.111487 0.00236197
0.238098  0.111101 0.00238315
0.240479  0.110714 0.00240462
0.242884  0.110325 0.00242638
0.245313  0.109934 0.00244843
0.247766  0.109542 0.00247078
0.250243  0.109149 0.00249344
0.252746  0.108755 0.00251641
0.255273  0.108361 0.00253969
0.257826  0.107965 0.00256329
0.260404  0.107569 0.00258722
0.263008  0.107172 0.00261147
0.265638  0.106774 0.00263606
0.268295  0.106376 0.00266098
0.270978  0.105976 0.00268625
0.273687  0.105577 0.00271187
0.276424  0.105176 0.00273784
0.279189  0.104775 0.00276417
0.28198  0.104374 0.00279087
0.2848  0.103973 0.00281794
0.287648  0.103571 0.00284539
0.290525  0.103169 0.00287321
0.29343  0.102766 0.00290143
0.296364  0.102364 0.00293004
0.299328  0.101962 0.00295905
0.302321  0.101559 0.00298846
0.305344  0.101156 0.00301829
0.308398  0.100753 0.00304854
0.311482  0.100351 0.00307921
0.314597  0.0999485 0.00311031
0.317743  0.0995467 0.00314185
0.32092  0.0991452 0.00317383
0.324129  0.0987443 0.00320627
0.32737  0.0983439 0.00323916
0.330644  0.0979441 0.00327252
0.333951  0.097545 0.00330634
0.33729  0.0971466 0.00334065
0.340663  0.0967491 0.00337544
0.34407  0.0963524 0.00341072
0.34751  0.0959567 0.00344651
0.350985  0.095562 0.0034828
0.354495  0.0951684 0.0035196
0.35804  0.0947758 0.00355693
0.361621  0.0943844 0.00359478
0.365237  0.0939941 0.00363317
0.368889  0.0936049 0.00367211
0.372578  0.0932168 0.0037116
0.376304  0.0928298 0.00375165
0.380067  0.0924439 0.00379228
0.383868  0.0920591 0.00383348
0.387706  0.0916754 0.00387526
0.391583  0.0912927 0.00391764
0.395499  0.0909111 0.00396063
0.399454  0.0905304 0.00400422
0.403449  0.0901507 0.00404844
0.407483  0.0897719 0.00409329
0.411558  0.0893942 0.00413877
0.415674  0.0890175 0.00418491
0.41983  0.0886418 0.0042317
0.424029  0.0882672 0.00427917
0.428269  0.0878936 0.00432731
0.432552  0.0875212 0.00437614
0.436877  0.0871498 0.00442567
0.441246  0.0867796 0.0044759
0.445658  0.0864104 0.00452686
0.450115  0.0860424 0.00457854
0.454616  0.0856756 0.00463097
0.459162  0.0853098 0.00468415
0.463754  0.0849453 0.00473808
0.468391  0.0845821 0.0047928
0.473075  0.0842201 0.00484829
0.477806  0.0838594 0.00490458
0.482584  0.0835001 0.00496168
0.48741  0.0831422 0.0050196
0.492284  0.0827857 0.00507835
0.497207  0.0824306 0.00513794
0.502179  0.082077 0.00519839
0.507201  0.0817249 0.0052597
0.512273  0.0813742 0.0053219
0.517396  0.0810247 0.00538499
0.52257  0.0806764 0.00544898
0.527795  0.0803292 0.00551389
0.533073  0.079983 0.00557974
0.538404  0.0796376 0.00564654
0.543788  0.0792928 0.00571429
0.549226  0.0789486 0.00578303
0.554718  0.0786049 0.00585275
0.560265  0.0782615 0.00592348
0.565868  0.0779187 0.00599523
0.571527  0.0775766 0.00606802
0.577242  0.0772352 0.00614186
0.583014  0.0768947 0.00621676
0.588844  0.0765552 0.00629275
0.594733  0.0762168 0.00636983
0.60068  0.0758795 0.00644803
0.606687  0.0755435 0.00652737
0.612754  0.0752088 0.00660785
0.618881  0.0748753 0.0066895
0.62507  0.0745432 0.00677233
0.631321  0.0742122 0.00685637
0.637634  0.0738825 0.00694162
0.644011  0.073554 0.00702812
0.650451  0.0732265 0.00711587
0.656955  0.0729002 0.00720489
0.663525  0.0725748 0.00729521
0.67016  0.0722504 0.00738685
0.676862  0.0719269 0.00747981
0.68363  0.0716042 0.00757413
0.690466  0.0712821 0.00766983
0.697371  0.0709607 0.00776692
0.704345  0.0706404 0.00786542
0.711388  0.0703208 0.00796536
0.718502  0.0700018 0.00806676
0.725687  0.0696833 0.00816964
0.732944  0.0693655 0.00827402
0.740273  0.0690482 0.00837993
0.747676  0.0687317 0.00848739
0.755153  0.0684158 0.00859642
0.762705  0.0681006 0.00870706
0.770332  0.0677862 0.00881931
0.778035  0.0674725 0.00893321
0.785815  0.0671596 0.00904879
0.793673  0.0668476 0.00916606
0.80161  0.0665363 0.00928506
0.809626  0.0662257 0.00940581
0.817722  0.0659159 0.00952834
0.8259  0.0656069 0.00965268
0.834159  0.0652987 0.00977886
0.8425  0.0649911 0.0099069
0.850925  0.0646843 0.0100368
0.859435  0.064378 0.0101687
0.868029  0.0640723 0.0103025
0.876709  0.0637671 0.0104383
0.885476  0.0634624 0.0105762
0.894331  0.0631579 0.010716
0.903274  0.0628537 0.010858
0.912307  0.0625498 0.0110021
0.92143  0.0622464 0.0111483
0.930644  0.0619437 0.0112967
0.939951  0.0616418 0.0114473
0.94935  0.061341 0.0116002
0.958844  0.0610415 0.0117553
0.968432  0.0607436 0.0119128
0.978117  0.0604474 0.0120726
0.987898  0.0601533 0.0122348
0.997777  0.0598616 0.0123994
1.00775  0.0595724 0.0125665
1.01783  0.0592857 0.012736
1.02801  0.0590014 0.0129081
1.03829  0.0587194 0.0130827
1.04867  0.0584395 0.01326
1.05916  0.0581615 0.0134399
1.06975  0.0578852 0.0136224
1.08045  0.0576103 0.0138077
1.09125  0.0573368 0.0139957
1.10217  0.0570642 0.0141865
1.11319  0.0567925 0.0143801
1.12432  0.0565215 0.0145766
1.13556  0.0562514 0.014776
1.14692  0.0559819 0.0149784
1.15839  0.0557132 0.0151837
1.16997  0.0554451 0.0153921
1.18167  0.0551776 0.0156036
1.19349  0.0549107 0.0158183
1.20542  0.0546444 0.0160362
1.21748  0.0543784 0.0162573
1.22965  0.0541126 0.0164817
1.24195  0.0538468 0.0167095
1.25437  0.0535809 0.0169407
1.26691  0.0533147 0.0171754
1.27958  0.0530478 0.0174137
1.29238  0.05278 0.0176555
1.3053  0.0525112 0.017901
1.31835  0.0522412 0.0181502
1.33154  0.0519701 0.0184032
1.34485  0.0516982 0.0186601
1.3583  0.0514254 0.018921
1.37188  0.0511522 0.0191858
1.3856  0.0508785 0.0194547
1.39946  0.0506046 0.0197278
1.41345  0.0503306 0.0200051
1.42759  0.0500564 0.0202867
1.44186  0.0497819 0.0205727
1.45628  0.0495067 0.0208631
1.47085  0.0492307 0.0211581
1.48555  0.0489537 0.0214578
1.50041  0.0486754 0.0217622
1.51541  0.0483957 0.0220714
1.53057  0.0481144 0.0223855
1.54587  0.0478316 0.0227046
1.56133  0.0475473 0.0230288
1.57695  0.0472615 0.0233583
1.59271  0.0469742 0.023693
1.60864  0.0466854 0.0240331
1.62473  0.0463958 0.0243787
1.64098  0.0461062 0.02473
1.65739  0.0458178 0.0250868
1.67396  0.0455316 0.0254495
1.6907  0.0452489 0.0258181
1.70761  0.0449708 0.0261926
1.72468  0.0446976 0.0265732
1.74193  0.0444285 0.0269599
1.75935  0.0441624 0.027353
1.77694  0.0438985 0.0277524
1.79471  0.0436356 0.0281584
1.81266  0.0433727 0.0285709
1.83078  0.0431098 0.0289901
1.84909  0.0428473 0.0294161
1.86758  0.0425857 0.0298491
1.88626  0.0423255 0.0302891
1.90512  0.0420672 0.0307362
1.92417  0.0418111 0.0311905
1.94341  0.041557 0.0316522
1.96285  0.0413045 0.0321214
1.98248  0.0410535 0.0325981
2.0023  0.0408036 0.0330826
2.02232  0.0405543 0.0335749
2.04255  0.0403058 0.0340751
2.06297  0.0400582 0.0345835
2.0836  0.0398115 0.0351001
2.10444  0.0395658 0.035625
2.12548  0.0393209 0.0361585
2.14674  0.0390771 0.0367007
2.16821  0.0388342 0.0372518
2.18989  0.0385923 0.0378118
2.21179  0.0383515 0.038381
2.2339  0.0381116 0.0389595
2.25624  0.0378729 0.0395475
2.27881  0.0376352 0.0401451
2.30159  0.0373986 0.0407525
2.32461  0.037163 0.0413699
2.34786  0.0369286 0.0419974
2.37134  0.0366953 0.0426353
2.39505  0.036463 0.0432836
2.419  0.0362319 0.0439426
2.44319  0.0360018 0.0446124
2.46762  0.0357729 0.0452932
2.4923  0.035545 0.0459852
2.51722  0.0353198 0.0466886
2.54239  0.0350962 0.0474035
2.56782  0.0348737 0.0481302
2.59349  0.0346523 0.0488689
2.61943  0.034432 0.0496197
2.64562  0.0342129 0.0503829
2.67208  0.0339949 0.0511587
2.6988  0.033778 0.0519473
2.72579  0.0335622 0.0527489
2.75305  0.0333475 0.0535637
2.78058  0.033134 0.054392
2.80838  0.0329215 0.0552339
2.83647  0.0327101 0.0560898
2.86483  0.0324997 0.0569597
2.89348  0.0322904 0.0578441
2.92241  0.0320821 0.0587431
2.95164  0.0318747 0.059657
2.98115  0.0316682 0.0605861
3.01097  0.0314624 0.0615306
3.04108  0.0312571 0.0624908
3.07149  0.0310527 0.063467
3.1022  0.0308492 0.0644594
3.13322  0.0306466 0.0654683
3.16456  0.0304451 0.0664941
3.1962  0.0302445 0.0675369
3.22816  0.0300449 0.0685972
3.26045  0.0298463 0.0696752
3.29305  0.0296488 0.0707713
3.32598  0.0294524 0.0718856
3.35924  0.0292571 0.0730186
3.39283  0.0290628 0.0741706
3.42676  0.0288697 0.0753419
3.46103  0.0286778 0.0765328
3.49564  0.0284869 0.0777437
3.53059  0.0282973 0.0789749
3.5659  0.0281088 0.0802268
3.60156  0.0279215 0.0814997
3.63758  0.0277353 0.0827939
3.67395  0.0275504 0.0841099
3.71069  0.0273666 0.085448
3.7478  0.027184 0.0868086
3.78528  0.0270026 0.088192
3.82313  0.0268223 0.0895986
3.86136  0.0266432 0.0910288
3.89997  0.0264653 0.092483
3.93897  0.0262884 0.0939616
3.97836  0.0261127 0.095465
4.01815  0.0260261 0.0969936
4.05833  0.0260261 0.0985478
4.09891  0.0260261 0.100128
4.1399  0.0260261 0.101735
4.1813  0.0260261 0.103369
4.22311  0.0260261 0.10503
4.26534  0.0260261 0.106719
4.308  0.0260261 0.108436
4.35108  0.0260261 0.110182
4.39459  0.0260261 0.111957
4.43853  0.0260261 0.113762
4.48292  0.0260261 0.115598
4.52775  0.0260261 0.117464
4.57303  0.0260261 0.119361
4.61876  0.0260261 0.121291
4.66494  0.0260261 0.123253
4.71159  0.0260261 0.125247
4.75871  0.0260261 0.127276
4.8063  0.0260261 0.129339
4.85436  0.0260261 0.131437
4.9029  0.0260261 0.13357
4.95193  0.0260261 0.13574
5.00145  0.0260261 0.137947
5.05146  0.0260261 0.140191
5.10198  0.0260261 0.142473
5.153  0.0260261 0.144795
5.20453  0.0260261 0.147156
5.25657  0.0260261 0.149557
5.30914  0.0260261 0.152
5.36223  0.0260261 0.154484
5.41585  0.0260261 0.15701
5.47001  0.0260261 0.15958
5.52471  0.0260261 0.162194
5.57996  0.0260261 0.164853
5.63576  0.0260261 0.167557
5.69212  0.0260261 0.170308
5.74904  0.0260261 0.173106
5.80653  0.0260261 0.175952
5.86459  0.0260261 0.178847
5.92324  0.0260261 0.181791
5.98247  0.0260261 0.184786
6.0423  0.0260261 0.187832
6.10272  0.0260261 0.19093
6.16375  0.0260261 0.194082
6.22538  0.0260261 0.197287
6.28764  0.0260261 0.200547
6.35051  0.0260261 0.203863
6.41402  0.0260261 0.207236
6.47816  0.0260261 0.210667
6.54294  0.0260261 0.214156
6.60837  0.0260261 0.217705
6.67445  0.0260261 0.221316
6.7412  0.0260261 0.224988
6.80861  0.0260261 0.228723
6.8767  0.0260261 0.232523
6.94546  0.0260261 0.236388
7.01492  0.0260261 0.240319
7.08507  0.0260261 0.244319
7.15592  0.0260261 0.248387
7.22748  0.0260261 0.252526
7.29975  0.0260261 0.256736
7.37275  0.0260261 0.261019
7.44648  0.0260261 0.265375
7.52094  0.0260261 0.269808
7.59615  0.0260261 0.274316
7.67211  0.0260261 0.278903
7.74883  0.0260261 0.283569
7.82632  0.0260261 0.288316
7.90459  0.0260261 0.293145
7.98363  0.0260261 0.298058
8.06347  0.0257717 0.303056
8.1441  0.0254905 0.308141
8.22554  0.0252129 0.313313
8.3078  0.0249384 0.318576
8.39088  0.0246662 0.32393
8.47479  0.0243974 0.329377
8.55953  0.0241319 0.334918
8.64513  0.0238697 0.340556
8.73158  0.0236104 0.346292
8.8189  0.0233543 0.352128
8.90709  0.0231015 0.358065
8.99616  0.0228518 0.364105
9.08612  0.0226053 0.370251
9.17698  0.0223618 0.376504
9.26875  0.0221214 0.382865
9.36144  0.021884 0.389338
9.45505  0.0216496 0.395924
9.5496  0.021419 0.402624
9.6451  0.0211912 0.409441
9.74155  0.0209662 0.416378
9.83896  0.0207426 0.423436
9.93735  0.0205212 0.430617
10.0367  0.0203025 0.437924
10.1371  0.0200865 0.445358
10.2385  0.0198733 0.452923
10.3409  0.0196626 0.460621
10.4443  0.0194545 0.468453
10.5487  0.019249 0.476422
10.6542  0.019046 0.484531
10.7607  0.0188454 0.492782
10.8683  0.0186474 0.501178
10.977  0.0184517 0.509721
11.0868  0.0182584 0.518415
11.1977  0.0180675 0.52726
11.3096  0.0178789 0.536262
11.4227  0.0176929 0.545421
11.537  0.0175092 0.554741
11.6523  0.0173278 0.564224
11.7689  0.0171486 0.573874
11.8865  0.0169715 0.583694
12.0054  0.0167966 0.593685
12.1255  0.0166237 0.603852
12.2467  0.0164529 0.614198
12.3692  0.0162842 0.624725
12.4929  0.0161175 0.635436
12.6178  0.0159528 0.646335
12.744  0.01579 0.657425
12.8714  0.0156292 0.66871
13.0001  0.0154702 0.680193
13.1301  0.0153132 0.691877
13.2614  0.015158 0.703766
13.3941  0.0150048 0.715864
13.528  0.0148534 0.728175
13.6633  0.0147038 0.740702
13.7999  0.014556 0.753449
13.9379  0.0144099 0.766421
14.0773  0.0142655 0.77962
14.2181  0.0141228 0.793052
14.3602  0.0139818 0.80672
14.5038  0.0138425 0.820629
14.6489  0.0137048 0.834782
14.7954  0.0135677 0.849186
14.9433  0.0134315 0.863843
15.0928  0.0132969 0.87876
15.2437  0.0131639 0.893939
15.3961  0.0130324 0.909387
15.5501  0.0129025 0.925108
15.7056  0.0127742 0.941106
15.8626  0.0126473 0.957388
16.0213  0.0125219 0.973958
16.1815  0.012398 0.990822
16.3433  0.0122754 1.00798
16.5067  0.0121542 1.02545
16.6718  0.0120344 1.04322
16.8385  0.011916 1.06131
17.0069  0.0117988 1.07973
17.177  0.0116831 1.09846
17.3487  0.0115686 1.11753
17.5222  0.0114554 1.13694
17.6974  0.0113435 1.15669
17.8744  0.0112329 1.17679
18.0532  0.0111234 1.19725
18.2337  0.0110153 1.21806
18.416  0.0109083 1.23925
18.6002  0.0108025 1.26082
18.7862  0.0106979 1.28276
18.9741  0.0105945 1.3051
19.1638  0.0104923 1.32783
19.3554  0.0103912 1.35097
19.549  0.0102912 1.37452
19.7445  0.0101924 1.39848
19.9419  0.0100946 1.42287
20.1413  0.00999793 1.44769
20.3427  0.00990231 1.47296
20.5462  0.00980774 1.49867
20.7516  0.00971422 1.52484
20.9592  0.00962171 1.55147
21.1687  0.00953022 1.57858
21.3804  0.00943973 1.60616
21.5942  0.00935023 1.63424
21.8102  0.0092617 1.66281
22.0283  0.00917414 1.69189
22.2486  0.00908752 1.72149
22.4711  0.00900184 1.75161
22.6958  0.0089171 1.78226
22.9227  0.00883326 1.81346
23.1519  0.00875034 1.84521
23.3835  0.0086683 1.87753
23.6173  0.00858715 1.91042
23.8535  0.00850687 1.9439
24.092  0.00842745 1.97798
24.3329  0.00834888 2.01267
24.5763  0.00827115 2.04798
24.822  0.00819278 2.08392
25.0702  0.00811362 2.12051
25.3209  0.00803531 2.15776
25.5742  0.00795783 2.19568
25.8299  0.00788119 2.23428
26.0882  0.00780536 2.27358
26.3491  0.00773035 2.31359
26.6126  0.00765613 2.35433
26.8787  0.00758271 2.3958
27.1475  0.00751006 2.43803
27.419  0.00743819 2.48103
27.6931  0.00736708 2.5248
27.9701  0.00729672 2.56938
28.2498  0.0072271 2.61477
28.5323  0.00715822 2.66099
28.8176  0.00709002 2.70805
29.1058  0.00702236 2.75598
29.3968  0.00695541 2.80478
29.6908  0.00688917 2.85447
29.9877  0.00682361 2.90508
30.2876  0.00675875 2.9566
30.5905  0.00669456 3.00907
30.8964  0.00663104 3.0625
31.2053  0.00656818 3.11691
31.5174  0.00650598 3.17231
31.8326  0.00644442 3.22873
32.1509  0.0063835 3.28618
32.4724  0.00632321 3.34467
32.7971  0.00626354 3.40423
33.1251  0.00620449 3.46487
33.4563  0.00614605 3.52661
33.7909  0.00608821 3.58947
34.1288  0.00603096 3.65347
34.4701  0.0059743 3.71862
34.8148  0.00591823 3.78495
35.1629  0.00586624 3.85246
35.5146  0.00581533 3.92119
35.8697  0.00576487 3.99114
36.2284  0.00571488 4.06235
36.5907  0.00566533 4.13483
36.9566  0.00561623 4.20859
37.3262  0.00556758 4.28367
37.6994  0.00551936 4.36008
38.0764  0.00547158 4.43784
38.4572  0.00542424 4.51697
38.8418  0.00537732 4.5975
39.2302  0.00533084 4.67944
39.6225  0.00528477 4.76283
40.0187  0.00523912 4.84767
40.4189  0.00519389 4.934
40.8231  0.00514907 5.02184
41.2313  0.00510466 5.11123
41.6436  0.00506065 5.20219
42.0601  0.00501705 5.29475
42.4807  0.00497384 5.38894
42.9055  0.00493103 5.48479
43.3345  0.00488861 5.58234
43.7679  0.00484658 5.68162
44.2056  0.00480493 5.78266
44.6476  0.00476366 5.8855
45.0941  0.00472277 5.99016
45.545  0.00468225 6.09669
46.0005  0.00464211 6.20511
46.4605  0.00460233 6.31546
46.9251  0.00456292 6.42778
47.3943  0.00452387 6.54209
47.8683  0.00448518 6.65843
48.347  0.00444684 6.77685
48.8304  0.00440882 6.89736
49.3187  0.00437104 7.02002
49.8119  0.00433361 7.14486
50.31  0.00429652 7.27191
50.8131  0.00425977 7.40122
51.3213  0.00422336 7.53283
51.8345  0.00418728 7.66677
52.3528  0.00415154 7.8031
52.8764  0.00411612 7.94185
53.4051  0.00408103 8.08307
53.9392  0.00404627 8.2268
54.4786  0.00401182 8.3731
55.0234  0.00397769 8.52199
55.5736  0.00394387 8.67355
56.1293  0.00391036 8.8278
56.6906  0.00387716 8.98481
57.2575  0.00384426 9.14462
57.8301  0.00381167 9.30727
58.4084  0.00377938 9.47283
58.9925  0.00374738 9.64134
59.5824  0.00371568 9.81286
60.1782  0.00368427 9.98743
60.78  0.00365314 10.1651
61.3878  0.0036223 10.346
62.0017  0.00359175 10.5301
62.6217  0.00356147 10.7174
63.2479  0.00353148 10.9081
63.8804  0.00350175 11.1022
64.5192  0.0034723 11.2998
65.1644  0.00344312 11.5009
65.816  0.00341421 11.7055
66.4742  0.00338556 11.9138
67.1389  0.00335718 12.1259
67.8103  0.00332906 12.3417
68.4884  0.00330119 12.5613
69.1733  0.00327358 12.7849
69.8651  0.00324616 13.0125
70.5637  0.00321898 13.2441
71.2693  0.00319206 13.4799
71.982  0.00316537 13.7198
72.7019  0.00313894 13.9641
73.4289  0.00311274 14.2127
74.1632  0.00308679 14.4657
74.9048  0.00306107 14.7233
75.6538  0.00303559 14.9854
76.4104  0.00301034 15.2523
77.1745  0.00298532 15.5239
77.9462  0.00296053 15.8003
78.7257  0.00293597 16.0817
79.513  0.00291163 16.3681
80.3081  0.00288751 16.6596
81.1112  0.00286361 16.9563
81.9223  0.00283994 17.2583
82.7415  0.00281647 17.5656
83.5689  0.00279322 17.8785
84.4046  0.00277019 18.1969
85.2486  0.00274736 18.521
86.1011  0.00272474 18.8509
86.9621  0.00270233 19.1867
87.8318  0.00268013 19.5285
88.7101  0.00265812 19.8763
89.5972  0.00263632 20.2303
90.4932  0.00261471 20.5907
91.3981  0.0025933 20.9574
92.3121  0.00257209 21.3307
93.2352  0.00255107 21.7106
94.1675  0.00253024 22.0973
95.1092  0.0025096 22.4909
96.0603  0.00248914 22.8915
97.0209  0.00246888 23.2992
97.9911  0.00244879 23.7142
98.971  0.0024289 24.1365
99.9607  0.00240918 24.5663
100.96  0.00238964 25.0038
101.97  0.00237026 25.4491
102.99  0.00235104 25.9023
104.02  0.002332 26.3635
105.06  0.00231313 26.833
106.11  0.00229444 27.3108
107.171  0.00227591 27.797
108.243  0.00225754 28.292
109.326  0.00223935 28.7957
110.419  0.00222132 29.3083
111.523  0.00220345 29.83
112.638  0.00218574 30.3611
113.765  0.0021682 30.9015
114.902  0.00215081 31.4515
116.051  0.00213358 32.0113
117.212  0.0021165 32.581
118.384  0.00209958 33.1608
119.568  0.00208281 33.7508
120.763  0.00206619 34.3514
121.971  0.00204973 34.9626
123.191  0.00203341 35.5845
124.423  0.00201724 36.2176
125.667  0.00200121 36.8618
126.924  0.00198533 37.5174
128.193  0.00196959 38.1846
129.475  0.001954 38.8636
130.77  0.00193854 39.5546
132.077  0.00192323 40.2578
133.398  0.00190805 40.9734
134.732  0.00189301 41.7017
136.079  0.0018781 42.4428
137.44  0.00186333 43.197
138.814  0.0018487 43.9646
140.203  0.00183419 44.7456
141.605  0.00181982 45.5404
143.021  0.00180557 46.3493
144.451  0.00179145 47.1724
145.895  0.00177746 48.01
147.354  0.0017636 48.8623
148.828  0.00174986 49.7296
150.316  0.00173625 50.6122
151.819  0.00172276 51.5103
153.338  0.00170939 52.4243
154.871  0.00169614 53.3542
156.42  0.00168301 54.3005
157.984  0.00167 55.2635
159.564  0.0016571 56.2433
161.159  0.00164433 57.2403
162.771  0.00163166 58.2548
164.399  0.00161912 59.287
166.043  0.00160668 60.3374
167.703  0.00159436 61.4062
169.38  0.00158215 62.4936
171.074  0.00157005 63.6001
172.785  0.00155805 64.726
174.512  0.00154617 65.8715
176.258  0.00153439 67.037
178.02  0.00152272 68.223
179.8  0.00151116 69.4296
181.598  0.0014997 70.6572
183.414  0.00148834 71.9063
185.248  0.00147708 73.1771
187.101  0.00146593 74.4701
188.972  0.00145488 75.7856
190.862  0.00144393 77.124
192.77  0.00143307 78.4857
194.698  0.00142232 79.871
196.645  0.00141166 81.2804
198.611  0.0014011 82.7143
200.598  0.00139063 84.1731
202.604  0.00138026 85.6572
204.63  0.00136998 87.167
206.676  0.0013598 88.703
208.743  0.0013497 90.2656
210.83  0.0013397 91.8552
212.938  0.00132979 93.4723
215.068  0.00131997 95.1174
217.218  0.00131024 96.7909
219.391  0.0013006 98.4933
221.584  0.00129104 100.225
223.8  0.00128157 101.987
226.038  0.00127219 103.779
228.299  0.00126289 105.602
230.582  0.00125368 107.456
232.888  0.00124455 109.342
235.216  0.0012355 111.26
237.569  0.00122653 113.212
239.944  0.00121765 115.197
242.344  0.00120885 117.216
244.767  0.00120013 119.27
247.215  0.00119148 121.358
249.687  0.00118292 123.483
252.184  0.00117443 125.644
254.706  0.00116602 127.842
257.253  0.00115769 130.077
259.825  0.00114943 132.351
262.423  0.00114125 134.663
265.048  0.00113315 137.015
267.698  0.00112511 139.407
270.375  0.00111716 141.839
273.079  0.00110927 144.313
275.81  0.00110146 146.829
278.568  0.00109371 149.387
281.354  0.00108604 151.989
284.167  0.00107844 154.636
287.009  0.00107091 157.326
289.879  0.00106345 160.063
292.778  0.00105605 162.846
295.705  0.00104873 165.675
298.662  0.00104147 168.553
301.649  0.00103428 171.479
304.666  0.00102715 174.454
307.712  0.00102009 177.479
310.789  0.00101309 180.556
313.897  0.00100616 183.684
317.036  0.000999295 186.864
320.207  0.000992491 190.098
323.409  0.000985751 193.386
326.643  0.000979072 196.729
329.909  0.000972455 200.128
333.208  0.000965899 203.584
336.54  0.000959404 207.097
339.906  0.000952969 210.669
343.305  0.000946594 214.301
346.738  0.000940278 217.993
350.205  0.000934021 221.746
353.707  0.000927821 225.562
357.244  0.00092168 229.441
360.817  0.000915595 233.385
364.425  0.000909567 237.394
368.069  0.000903596 241.469
371.75  0.00089768 245.611
375.467  0.000891819 249.822
379.222  0.000886013 254.102
383.014  0.000880261 258.453
386.844  0.000874564 262.876
390.713  0.000868919 267.371
394.62  0.000863328 271.94
398.566  0.000857788 276.584
402.552  0.000852301 281.304
406.577  0.000846866 286.101
410.643  0.000841482 290.977
414.75  0.000836148 295.932
418.897  0.000830865 300.968
423.086  0.000825631 306.087
427.317  0.000820447 311.288
431.59  0.000815312 316.574
435.906  0.000810226 321.946
440.265  0.000805188 327.405
444.668  0.000800197 332.953
449.114  0.000795254 338.59
453.605  0.000790358 344.318
458.142  0.000785509 350.138
462.723  0.000780706 356.053
467.35  0.000775949 362.062
472.024  0.000771237 368.168
476.744  0.00076657 374.373
481.511  0.000761948 380.676
486.326  0.00075737 387.081
491.19  0.000752836 393.588
496.102  0.000748346 400.199
501.063  0.000743899 406.915
506.073  0.000739494 413.739
511.134  0.000735133 420.67
516.245  0.000730813 427.712
521.408  0.000726535 434.866
526.622  0.000722299 442.133
531.888  0.000718103 449.515
537.207  0.000713949 457.013
542.579  0.000709835 464.63
548.005  0.000705761 472.367
553.485  0.000701726 480.225
559.02  0.000697731 488.207
564.61  0.000693775 496.314
570.256  0.000689858 504.547
575.959  0.00068598 512.91
581.718  0.000682139 521.403
587.535  0.000678336 530.028
593.411  0.000674571 538.788
599.345  0.000670843 547.684
605.338  0.000667152 556.718
611.392  0.000663497 565.892
617.506  0.000659879 575.208
623.681  0.000656297 584.667
629.917  0.00065275 594.273
636.217  0.000649239 604.026
642.579  0.000645763 613.929
649.005  0.000642321 623.985
655.495  0.000638915 634.194
662.05  0.000635542 644.559
668.67  0.000632203 655.083
675.357  0.000628898 665.767
682.11  0.000625627 676.614
688.931  0.000622388 687.626
695.821  0.000619183 698.804
702.779  0.00061601 710.152
709.807  0.000612869 721.672
716.905  0.00060976 733.365
724.074  0.000606684 745.234
731.315  0.000603638 757.282
738.628  0.000600624 769.511
746.014  0.000597641 781.923
753.474  0.000594689 794.521
761.009  0.000591767 807.307
768.619  0.000588876 820.283
776.305  0.000586015 833.453
784.068  0.000583183 846.818
791.909  0.000580381 860.382
799.828  0.000577608 874.146
807.826  0.000574864 888.113
815.905  0.00057215 902.286
824.064  0.000569463 916.668
832.304  0.000566805 931.261
840.627  0.000564176 946.068
849.034  0.000561574 961.092
857.524  0.000558999 976.335
866.099  0.000556453 991.801
874.76  0.000553933 1007.49
883.508  0.000551441 1023.41
892.343  0.000548975 1039.56
901.266  0.000546536 1055.94
910.279  0.000544123 1072.56
919.382  0.000541736 1089.42
928.575  0.000539375 1106.52
937.861  0.00053704 1123.87
947.24  0.000534731 1141.46
956.712  0.000532447 1159.31
966.279  0.000530188 1177.41
975.942  0.000527954 1195.77
985.702  0.000525744 1214.39
995.559  0.000523559 1233.27
