0.001  0.000101033 0.137488
0.00101  0.000101173 0.138174
0.0010201  0.000101314 0.138863
0.0010303  0.000101456 0.139555
0.0010406  0.000101599 0.140251
0.00105101  0.000101743 0.140951
0.00106152  0.000101874 0.141654
0.00107214  0.000102001 0.14236
0.00108286  0.000102118 0.14307
0.00109369  0.000102237 0.143784
0.00110462  0.000102356 0.144501
0.00111567  0.000102476 0.145222
0.00112683  0.000102597 0.145946
0.00113809  0.000102719 0.146674
0.00114947  0.000102841 0.147406
0.00116097  0.000102964 0.148141
0.00117258  0.000103089 0.14888
0.0011843  0.000103214 0.149622
0.00119615  0.000103339 0.150368
0.00120811  0.000103466 0.151118
0.00122019  0.000103594 0.151872
0.00123239  0.000103717 0.15263
0.00124472  0.000103833 0.153391
0.00125716  0.000103949 0.154156
0.00126973  0.000104066 0.154925
0.00128243  0.000104184 0.155697
0.00129526  0.000104302 0.156474
0.00130821  0.000104422 0.157254
0.00132129  0.000104542 0.158039
0.0013345  0.000104663 0.158827
0.00134785  0.000104778 0.159619
0.00136133  0.000104889 0.160415
0.00137494  0.000105002 0.161215
0.00138869  0.000105115 0.162019
0.00140258  0.000105229 0.162827
0.0014166  0.000105333 0.16364
0.00143077  0.000105434 0.164456
0.00144508  0.000105537 0.165276
0.00145953  0.00010564 0.1661
0.00147412  0.000105744 0.166929
0.00148886  0.000105848 0.167761
0.00150375  0.000105953 0.168598
0.00151879  0.000106059 0.169439
0.00153398  0.000106165 0.170284
0.00154932  0.000106272 0.171133
0.00156481  0.000106379 0.171987
0.00158046  0.000106487 0.172845
0.00159626  0.000106595 0.173707
0.00161223  0.000106705 0.174573
0.00162835  0.000106815 0.175444
0.00164463  0.000106925 0.176319
0.00166108  0.000107036 0.177198
0.00167769  0.000107148 0.178082
0.00169447  0.00010726 0.17897
0.00171141  0.000107374 0.179863
0.00172852  0.000107487 0.18076
0.00174581  0.000107602 0.181661
0.00176327  0.000107717 0.182567
0.0017809  0.000107833 0.183478
0.00179871  0.000107949 0.184393
0.0018167  0.000108066 0.185313
0.00183486  0.000108184 0.186237
0.00185321  0.000108294 0.187166
0.00187174  0.000108399 0.188099
0.00189046  0.000108504 0.189038
0.00190937  0.00010861 0.18998
0.00192846  0.000108717 0.190928
0.00194774  0.000108824 0.19188
0.00196722  0.000108931 0.192837
0.00198689  0.00010904 0.193796
0.00200676  0.000109148 0.194729
0.00202683  0.000109248 0.195674
0.0020471  0.000109347 0.196631
0.00206757  0.000109447 0.197599
0.00208825  0.000109547 0.198578
0.00210913  0.000109646 0.199569
0.00213022  0.000109736 0.200571
0.00215152  0.000109827 0.201584
0.00217304  0.000109918 0.202608
0.00219477  0.000110009 0.203643
0.00221672  0.000110101 0.204688
0.00223888  0.000110193 0.205717
0.00226127  0.000110285 0.206729
0.00228388  0.000110378 0.207751
0.00230672  0.000110471 0.208781
0.00232979  0.000110565 0.209819
0.00235309  0.000110659 0.210866
0.00237662  0.000110753 0.211921
0.00240038  0.000110848 0.212984
0.00242439  0.000110943 0.214053
0.00244863  0.000111039 0.215129
0.00247312  0.000111128 0.216211
0.00249785  0.000111214 0.217299
0.00252283  0.0001113 0.218384
0.00254806  0.000111387 0.219474
0.00257354  0.000111473 0.220569
0.00259927  0.000111561 0.221669
0.00262527  0.000111648 0.222775
0.00265152  0.000111736 0.223886
0.00267803  0.000111824 0.225002
0.00270481  0.000111904 0.226124
0.00273186  0.000111985 0.227251
0.00275918  0.000112066 0.228384
0.00278677  0.000112147 0.229523
0.00281464  0.000112228 0.230667
0.00284279  0.000112305 0.231817
0.00287121  0.000112382 0.232972
0.00289993  0.00011246 0.234134
0.00292893  0.000112537 0.235302
0.00295822  0.000112615 0.236475
0.0029878  0.000112693 0.237655
0.00301768  0.000112771 0.23884
0.00304785  0.00011285 0.240032
0.00307833  0.000112928 0.241229
0.00310911  0.000113007 0.242433
0.0031402  0.000113085 0.243642
0.00317161  0.000113164 0.244858
0.00320332  0.000113243 0.246079
0.00323536  0.000113322 0.247307
0.00326771  0.000113402 0.24854
0.00330039  0.000113481 0.24978
0.00333339  0.000113561 0.251026
0.00336672  0.000113641 0.252277
0.00340039  0.00011372 0.253536
0.0034344  0.0001138 0.2548
0.00346874  0.00011388 0.256071
0.00350343  0.000113961 0.257348
0.00353846  0.00011404 0.258631
0.00357385  0.00011412 0.259921
0.00360958  0.000114199 0.261217
0.00364568  0.000114279 0.26252
0.00368214  0.000114359 0.263829
0.00371896  0.000114431 0.265145
0.00375615  0.000114503 0.266468
0.00379371  0.000114574 0.267797
0.00383165  0.000114646 0.269132
0.00386996  0.000114718 0.270475
0.00390866  0.000114789 0.271824
0.00394775  0.000114861 0.273179
0.00398723  0.000114933 0.274542
0.0040271  0.000115003 0.275911
0.00406737  0.000115069 0.277287
0.00410804  0.000115134 0.27867
0.00414912  0.000115199 0.28006
0.00419062  0.000115264 0.281457
0.00423252  0.00011533 0.282861
0.00427485  0.000115396 0.284271
0.0043176  0.000115462 0.285689
0.00436077  0.000115527 0.287114
0.00440438  0.000115593 0.288546
0.00444842  0.000115658 0.289985
0.00449291  0.000115724 0.291431
0.00453784  0.000115789 0.292885
0.00458321  0.000115854 0.294346
0.00462905  0.000115919 0.295814
0.00467534  0.000115984 0.297289
0.00472209  0.000116049 0.298772
0.00476931  0.000116114 0.300262
0.004817  0.000116178 0.301759
0.00486517  0.000116243 0.303264
0.00491383  0.000116307 0.304777
0.00496296  0.000116367 0.306297
0.00501259  0.000116428 0.307825
0.00506272  0.000116488 0.30936
0.00511335  0.000116548 0.310903
0.00516448  0.000116608 0.312453
0.00521613  0.000116668 0.314012
0.00526829  0.000116727 0.315578
0.00532097  0.000116786 0.317152
0.00537418  0.000116844 0.318734
0.00542792  0.0001169 0.320323
0.0054822  0.000116956 0.321921
0.00553702  0.000117012 0.323526
0.00559239  0.000117067 0.32514
0.00564832  0.000117125 0.326762
0.0057048  0.000117185 0.328391
0.00576185  0.000117245 0.330029
0.00581947  0.000117305 0.331675
0.00587766  0.000117364 0.33333
0.00593644  0.000117423 0.334992
0.0059958  0.000117482 0.336663
0.00605576  0.000117541 0.338342
0.00611632  0.000117599 0.340029
0.00617748  0.000117657 0.341725
0.00623926  0.000117713 0.343429
0.00630165  0.00011777 0.345142
0.00636466  0.000117826 0.346864
0.00642831  0.000117882 0.348594
0.00649259  0.000117937 0.350332
0.00655752  0.000117992 0.35208
0.0066231  0.000118047 0.353836
0.00668933  0.000118102 0.3556
0.00675622  0.000118155 0.357374
0.00682378  0.000118208 0.359156
0.00689202  0.00011826 0.360948
0.00696094  0.000118313 0.362748
0.00703055  0.000118366 0.364557
0.00710085  0.000118429 0.366375
0.00717186  0.000118491 0.368202
0.00724358  0.000118554 0.370039
0.00731602  0.000118616 0.371885
0.00738918  0.000118678 0.373739
0.00746307  0.00011874 0.375603
0.0075377  0.000118802 0.377477
0.00761308  0.000118863 0.379359
0.00768921  0.000118924 0.381251
0.0077661  0.000118984 0.383153
0.00784376  0.000119044 0.385064
0.0079222  0.000119104 0.386984
0.00800142  0.000119163 0.388914
0.00808144  0.000119223 0.390854
0.00816225  0.000119282 0.392803
0.00824387  0.00011934 0.394763
0.00832631  0.000119398 0.396731
0.00840957  0.000119456 0.39871
0.00849367  0.000119513 0.400699
0.00857861  0.000119569 0.402697
0.00866439  0.000119626 0.404706
0.00875104  0.000119681 0.406724
0.00883855  0.000119736 0.408753
0.00892693  0.000119791 0.410791
0.0090162  0.000119845 0.41284
0.00910636  0.000119898 0.414899
0.00919743  0.000119951 0.416968
0.0092894  0.000120004 0.419048
0.0093823  0.000120056 0.421138
0.00947612  0.000120107 0.423239
0.00957088  0.000120157 0.425349
0.00966659  0.000120207 0.427471
0.00976325  0.000120257 0.429603
0.00986089  0.000120307 0.431745
0.0099595  0.000120359 0.433899
0.0100591  0.000120411 0.436063
0.0101597  0.000120462 0.438238
0.0102613  0.000120513 0.440423
0.0103639  0.000120563 0.44262
0.0104675  0.000120612 0.444828
0.0105722  0.000120668 0.447046
0.0106779  0.000120737 0.449276
0.0107847  0.000120807 0.451517
0.0108926  0.000120878 0.453769
0.0110015  0.000120949 0.456032
0.0111115  0.000121019 0.458306
0.0112226  0.000121088 0.460592
0.0113348  0.000121158 0.462889
0.0114482  0.000121226 0.465198
0.0115627  0.000121294 0.467518
0.0116783  0.000121362 0.46985
0.0117951  0.000121428 0.472193
0.011913  0.000121495 0.474548
0.0120322  0.00012156 0.476915
0.0121525  0.000121626 0.479294
0.012274  0.00012169 0.481684
0.0123967  0.000121763 0.484086
0.0125207  0.000121835 0.486501
0.0126459  0.000121907 0.488927
0.0127724  0.000121978 0.491366
0.0129001  0.000122049 0.493817
0.0130291  0.000122119 0.496279
0.0131594  0.000122189 0.498755
0.013291  0.000122258 0.501242
0.0134239  0.000122328 0.503742
0.0135581  0.000122402 0.506255
0.0136937  0.000122476 0.508779
0.0138307  0.00012255 0.511317
0.013969  0.000122622 0.513867
0.0141086  0.000122707 0.51643
0.0142497  0.000122806 0.519006
0.0143922  0.000122905 0.521594
0.0145362  0.000123003 0.524196
0.0146815  0.000123101 0.52681
0.0148283  0.000123199 0.529438
0.0149766  0.000123296 0.532078
0.0151264  0.000123393 0.534732
0.0152776  0.000123489 0.537399
0.0154304  0.000123585 0.540079
0.0155847  0.00012368 0.542773
0.0157406  0.000123775 0.54548
0.015898  0.000123869 0.548201
0.016057  0.000123963 0.550935
0.0162175  0.000124057 0.553683
0.0163797  0.00012415 0.556444
0.0165435  0.000124242 0.559219
0.0167089  0.000124334 0.562009
0.016876  0.000124425 0.564812
0.0170448  0.000124516 0.567629
0.0172152  0.000124606 0.57046
0.0173874  0.000124695 0.573305
0.0175613  0.000124784 0.576164
0.0177369  0.000124872 0.579038
0.0179142  0.00012496 0.581926
0.0180934  0.000125047 0.584828
0.0182743  0.000125133 0.587745
0.0184571  0.000125222 0.590676
0.0186416  0.000125323 0.593622
0.018828  0.000125423 0.596583
0.0190163  0.000125523 0.599559
0.0192065  0.000125622 0.602549
0.0193986  0.000125721 0.605554
0.0195925  0.000125819 0.608574
0.0197885  0.000125917 0.611609
0.0199864  0.000126014 0.61466
0.0201862  0.000126116 0.617725
0.0203881  0.000126223 0.620806
0.020592  0.000126331 0.623903
0.0207979  0.000126437 0.627015
0.0210059  0.000126543 0.630142
0.0212159  0.000126672 0.633285
0.0214281  0.00012681 0.636443
0.0216424  0.000126948 0.639617
0.0218588  0.000127086 0.642807
0.0220774  0.000127223 0.646013
0.0222981  0.00012736 0.649235
0.0225211  0.000127497 0.652473
0.0227463  0.000127633 0.655728
0.0229738  0.000127769 0.658998
0.0232035  0.000127904 0.662285
0.0234356  0.00012804 0.665588
0.0236699  0.000128174 0.668908
0.0239066  0.000128309 0.672244
0.0241457  0.000128443 0.675597
0.0243871  0.000128576 0.678966
0.024631  0.000128715 0.682353
0.0248773  0.000128869 0.685756
0.0251261  0.000129023 0.689176
0.0253774  0.000129176 0.692613
0.0256311  0.000129329 0.696068
0.0258874  0.000129481 0.69954
0.0261463  0.000129634 0.703029
0.0264078  0.000129786 0.706535
0.0266719  0.000129937 0.710059
0.0269386  0.000130098 0.7136
0.027208  0.000130265 0.717159
0.02748  0.000130432 0.720736
0.0277548  0.000130598 0.724331
0.0280324  0.000130764 0.727943
0.0283127  0.000130952 0.731574
0.0285958  0.000131144 0.735223
0.0288818  0.000131337 0.73889
0.0291706  0.00013153 0.742575
0.0294623  0.000131722 0.746279
0.029757  0.000131915 0.750001
0.0300545  0.000132108 0.753741
0.0303551  0.0001323 0.757501
0.0306586  0.000132493 0.761279
0.0309652  0.000132685 0.765075
0.0312749  0.000132877 0.768891
0.0315876  0.000133069 0.772726
0.0319035  0.000133261 0.77658
0.0322225  0.000133453 0.780453
0.0325447  0.000133645 0.784346
0.0328702  0.000133837 0.788258
0.0331989  0.000134028 0.79219
0.0335309  0.00013422 0.796141
0.0338662  0.000134411 0.800111
0.0342049  0.000134602 0.804102
0.0345469  0.000134793 0.808112
0.0348924  0.000134983 0.812143
0.0352413  0.000135181 0.816193
0.0355937  0.000135393 0.820264
0.0359496  0.000135604 0.824355
0.0363091  0.000135816 0.828467
0.0366722  0.000136027 0.832599
0.037039  0.000136252 0.836751
0.0374093  0.000136489 0.840925
0.0377834  0.000136726 0.845119
0.0381613  0.000136963 0.849334
0.0385429  0.000137201 0.85357
0.0389283  0.000137438 0.857827
0.0393176  0.000137675 0.862105
0.0397108  0.000137913 0.866405
0.0401079  0.000138151 0.870726
0.040509  0.000138405 0.875069
0.040914  0.000138662 0.879434
0.0413232  0.00013892 0.88382
0.0417364  0.000139177 0.888228
0.0421538  0.000139436 0.892658
0.0425753  0.000139719 0.89711
0.0430011  0.000140001 0.901585
0.0434311  0.000140285 0.906081
0.0438654  0.000140568 0.9106
0.044304  0.000140852 0.915142
0.0447471  0.000141137 0.919706
0.0451946  0.000141422 0.924293
0.0456465  0.000141707 0.928903
0.046103  0.000141993 0.933536
0.046564  0.000142279 0.938192
0.0470296  0.000142565 0.942872
0.0474999  0.000142852 0.947574
0.0479749  0.00014314 0.9523
0.0484547  0.000143427 0.95705
0.0489392  0.000143715 0.961823
0.0494286  0.000144016 0.96662
0.0499229  0.000144326 0.971441
0.0504221  0.000144636 0.976286
0.0509264  0.000144946 0.981156
0.0514356  0.000145257 0.986049
0.05195  0.000145568 0.990967
0.0524695  0.00014588 0.99591
0.0529942  0.000146193 1.00088
0.0535241  0.000146506 1.00587
0.0540594  0.000146833 1.01089
0.0546  0.000147163 1.01593
0.055146  0.000147493 1.02099
0.0556974  0.000147824 1.02609
0.0562544  0.000148159 1.0312
0.0568169  0.000148517 1.03635
0.0573851  0.000148877 1.04152
0.0579589  0.000149237 1.04671
0.0585385  0.000149599 1.05193
0.0591239  0.000149961 1.05718
0.0597152  0.000150324 1.06245
0.0603123  0.000150688 1.06775
0.0609154  0.000151052 1.07308
0.0615246  0.000151421 1.07843
0.0621398  0.000151804 1.08381
0.0627612  0.000152188 1.08921
0.0633888  0.000152572 1.09464
0.0640227  0.000152958 1.1001
0.064663  0.000153345 1.10559
0.0653096  0.000153732 1.1111
0.0659627  0.000154121 1.11665
0.0666223  0.00015451 1.12222
0.0672885  0.000154907 1.12781
0.0679614  0.000155311 1.13344
0.068641  0.000155716 1.13909
0.0693275  0.000156122 1.14477
0.0700207  0.000156529 1.15048
0.0707209  0.000156958 1.15622
0.0714281  0.000157397 1.16199
0.0721424  0.000157838 1.16778
0.0728638  0.000158279 1.17361
0.0735925  0.000158723 1.17946
0.0743284  0.000159183 1.18534
0.0750717  0.000159648 1.19125
0.0758224  0.000160114 1.1972
0.0765806  0.000160581 1.20317
0.0773464  0.00016105 1.20917
0.0781199  0.000161521 1.2152
0.0789011  0.000161993 1.22126
0.0796901  0.000162466 1.22735
0.080487  0.000162943 1.23347
0.0812919  0.000163434 1.23962
0.0821048  0.000163926 1.24581
0.0829259  0.000164419 1.25202
0.0837551  0.000164915 1.25826
0.0845927  0.000165412 1.26454
0.0854386  0.00016591 1.27085
0.086293  0.000166411 1.27718
0.0871559  0.000166913 1.28355
0.0880275  0.000167416 1.28996
0.0889077  0.000167921 1.29639
0.0897968  0.000168428 1.30286
0.0906948  0.000168937 1.30935
0.0916017  0.000169447 1.31588
0.0925178  0.000169959 1.32245
0.0934429  0.000170472 1.32904
0.0943774  0.000170987 1.33567
0.0953211  0.000171504 1.34233
0.0962743  0.000172022 1.34903
0.0972371  0.000172542 1.35576
0.0982095  0.000173063 1.36252
0.0991916  0.000173606 1.36931
0.100183  0.000174152 1.37614
0.101185  0.000174699 1.38301
0.102197  0.000175248 1.38991
0.103219  0.000175799 1.39684
0.104251  0.000176352 1.4038
0.105294  0.000176907 1.41081
0.106347  0.000177506 1.41784
0.10741  0.000178113 1.42491
0.108484  0.000178735 1.43202
0.109569  0.000179359 1.43916
0.110665  0.000179985 1.44634
0.111772  0.000180614 1.45355
0.112889  0.000181245 1.4608
0.114018  0.000181879 1.46809
0.115158  0.000182515 1.47541
0.11631  0.000183154 1.48277
0.117473  0.000183795 1.49017
0.118648  0.000184439 1.4976
0.119834  0.000185085 1.50507
0.121033  0.000185734 1.51257
0.122243  0.000186385 1.52012
0.123465  0.000187051 1.5277
0.1247  0.00018773 1.53532
0.125947  0.000188412 1.54298
0.127206  0.000189097 1.55067
0.128478  0.000189784 1.55841
0.129763  0.000190475 1.56618
0.131061  0.000191168 1.57399
0.132372  0.000191864 1.58184
0.133695  0.000192562 1.58973
0.135032  0.000193278 1.59766
0.136383  0.000194 1.60563
0.137746  0.000194725 1.61364
0.139124  0.000195453 1.62168
0.140515  0.000196184 1.62977
0.14192  0.000196918 1.6379
0.143339  0.000197655 1.64607
0.144773  0.000198395 1.65428
0.146221  0.000199138 1.66253
0.147683  0.000199884 1.67082
0.14916  0.000200633 1.67915
0.150651  0.000201385 1.68753
0.152158  0.00020214 1.69594
0.153679  0.000202899 1.7044
0.155216  0.00020366 1.7129
0.156768  0.000204425 1.72145
0.158336  0.000205192 1.73003
0.159919  0.000205963 1.73866
0.161518  0.000206737 1.74734
0.163134  0.000207514 1.75606
0.164765  0.000208294 1.76482
0.166413  0.000209078 1.77362
0.168077  0.000209864 1.78247
0.169757  0.000210654 1.79136
0.171455  0.000211447 1.80029
0.17317  0.000212243 1.80927
0.174901  0.000213042 1.81829
0.17665  0.000213845 1.82736
0.178417  0.00021465 1.83647
0.180201  0.000215459 1.84563
0.182003  0.000216272 1.85483
0.183823  0.000217087 1.86407
0.185661  0.000217933 1.87336
0.187518  0.000218789 1.8827
0.189393  0.00021965 1.89209
0.191287  0.000220513 1.90152
0.1932  0.000221381 1.911
0.195132  0.000222252 1.92053
0.197083  0.000223127 1.93011
0.199054  0.000224005 1.93974
0.201045  0.000224813 1.94942
0.203055  0.000225578 1.95916
0.205086  0.000226344 1.96895
0.207136  0.000227113 1.97879
0.209208  0.000227882 1.98868
0.2113  0.000228664 1.99863
0.213413  0.000229474 2.00864
0.215547  0.000230287 2.0187
0.217702  0.0002311 2.02882
0.219879  0.000231916 2.039
0.222078  0.000232734 2.04923
0.224299  0.000233553 2.05953
0.226542  0.000234374 2.06989
0.228807  0.000235197 2.08031
0.231095  0.000236022 2.09079
0.233406  0.000236848 2.10133
0.235741  0.000237676 2.11193
0.238098  0.000238506 2.1226
0.240479  0.000239337 2.13333
0.242884  0.00024017 2.14412
0.245313  0.000241005 2.15497
0.247766  0.000241841 2.16588
0.250243  0.000242678 2.17686
0.252746  0.000243517 2.1879
0.255273  0.000244357 2.19901
0.257826  0.000245199 2.21018
0.260404  0.000246042 2.22141
0.263008  0.000246886 2.23271
0.265638  0.000247732 2.24408
0.268295  0.000248579 2.25551
0.270978  0.000249427 2.267
0.273687  0.000250276 2.27857
0.276424  0.000251127 2.2902
0.279189  0.000251978 2.3019
0.28198  0.000252934 2.31273
0.2848  0.000254325 2.31949
0.287648  0.000255728 2.32623
0.290525  0.000257143 2.33295
0.29343  0.000258569 2.33964
0.296364  0.000260008 2.34632
0.299328  0.000261459 2.35297
0.302321  0.000262922 2.35959
0.305344  0.000264398 2.36619
0.308398  0.000265886 2.37277
0.311482  0.000267387 2.37931
0.314597  0.000268902 2.38583
0.317743  0.000270429 2.39232
0.32092  0.000271969 2.39879
0.324129  0.000273523 2.40522
0.32737  0.00027509 2.41162
0.330644  0.000276671 2.41799
0.333951  0.000278266 2.42433
0.33729  0.000279875 2.43063
0.340663  0.000281498 2.4369
0.34407  0.000283136 2.44313
0.34751  0.000284787 2.44933
0.350985  0.000286454 2.4555
0.354495  0.000288146 2.46162
0.35804  0.000289853 2.46771
0.361621  0.000291575 2.47376
0.365237  0.000293313 2.47977
0.368889  0.00029507 2.48573
0.372578  0.000296868 2.49166
0.376304  0.000298682 2.49754
0.380067  0.000300513 2.50338
0.383868  0.000302361 2.50918
0.387706  0.000304225 2.51493
0.391583  0.000306107 2.52063
0.395499  0.000308006 2.52629
0.399454  0.000309922 2.5319
0.403449  0.000311866 2.53746
0.407483  0.00031384 2.54297
0.411558  0.000315832 2.54843
0.415674  0.000317843 2.55384
0.41983  0.000319873 2.5592
0.424029  0.000321928 2.5645
0.428269  0.000324007 2.56975
0.432552  0.000326105 2.57495
0.436877  0.000328222 2.58008
0.441246  0.00033036 2.58516
0.445658  0.000332519 2.59018
0.450115  0.000334698 2.59515
0.454616  0.000336898 2.60005
0.459162  0.000339118 2.60489
0.463754  0.000341361 2.60967
0.468391  0.000343624 2.61439
0.473075  0.00034591 2.61905
0.477806  0.000348218 2.62364
0.482584  0.000350548 2.62816
0.48741  0.000352901 2.63262
0.492284  0.000355279 2.63701
0.497207  0.000357689 2.64133
0.502179  0.000360123 2.64558
0.507201  0.000362581 2.64976
0.512273  0.000365063 2.65387
0.517396  0.00036757 2.65791
0.52257  0.000370101 2.66188
0.527795  0.000372335 2.66814
0.533073  0.000374504 2.67496
0.538404  0.00037669 2.68178
0.543788  0.000378892 2.68858
0.549226  0.000381108 2.69538
0.554718  0.000383335 2.70217
0.560265  0.000385576 2.70895
0.565868  0.000387835 2.71572
0.571527  0.000390111 2.72248
0.577242  0.000392398 2.72924
0.583014  0.000394698 2.73599
0.588844  0.00039701 2.74273
0.594733  0.000399335 2.74947
0.60068  0.000401672 2.75619
0.606687  0.000404021 2.76292
0.612754  0.000406382 2.76963
0.618881  0.000408761 2.77634
0.62507  0.000411155 2.78304
0.631321  0.00041356 2.78974
0.637634  0.000415977 2.79644
0.644011  0.000418406 2.80312
0.650451  0.000420847 2.80981
0.656955  0.0004233 2.81649
0.663525  0.000425764 2.82316
0.67016  0.000428241 2.82983
0.676862  0.000430734 2.83649
0.68363  0.000433239 2.84315
0.690466  0.000435755 2.84981
0.697371  0.000438283 2.85646
0.704345  0.000440824 2.86311
0.711388  0.000443383 2.86975
0.718502  0.000445953 2.87639
0.725687  0.000448534 2.88303
0.732944  0.000451126 2.88967
0.740273  0.000453732 2.8963
0.747676  0.000456352 2.90294
0.755153  0.000458984 2.90957
0.762705  0.000461625 2.91621
0.770332  0.000464277 2.92284
0.778035  0.000466939 2.92948
0.785815  0.00046961 2.93613
0.793673  0.000472292 2.94278
0.80161  0.000474942 2.94943
0.809626  0.000477441 2.95609
0.817722  0.000479946 2.96276
0.8259  0.000482454 2.96943
0.834159  0.000484966 2.97612
0.8425  0.000487481 2.98282
0.850925  0.000489998 2.98952
0.859435  0.000492517 2.99624
0.868029  0.000495039 3.00298
0.876709  0.000497562 3.00973
0.885476  0.000500086 3.01649
0.894331  0.000502611 3.02328
0.903274  0.000505138 3.03008
0.912307  0.000507664 3.0369
0.92143  0.00051019 3.04374
0.930644  0.000512716 3.05061
0.939951  0.000515241 3.05749
0.94935  0.000517765 3.06439
0.958844  0.000520288 3.07132
0.968432  0.000522809 3.07827
0.978117  0.000525327 3.08524
0.987898  0.000527847 3.09224
0.997777  0.000530367 3.09927
1.00775  0.000532884 3.10632
1.01783  0.000535397 3.11339
1.02801  0.000537906 3.1205
1.03829  0.00054041 3.12763
1.04867  0.000542909 3.1348
1.05916  0.000545407 3.14199
1.06975  0.000547904 3.14922
1.08045  0.000550399 3.15648
1.09125  0.000552888 3.16377
1.10217  0.000555371 3.1711
1.11319  0.000557845 3.17847
1.12432  0.000560312 3.18587
1.13556  0.000562771 3.19332
1.14692  0.000565222 3.20079
1.15839  0.000567663 3.20832
1.16997  0.000570093 3.21588
1.18167  0.000572514 3.22349
1.19349  0.000574924 3.23115
1.20542  0.000577322 3.23885
1.21748  0.000579709 3.2466
1.22965  0.000582084 3.2544
1.24195  0.000584453 3.26225
1.25437  0.00058681 3.27015
1.26691  0.000589152 3.2781
1.27958  0.000591481 3.28611
1.29238  0.000593795 3.29417
1.3053  0.000596093 3.30229
1.31835  0.000598377 3.31047
1.33154  0.000600644 3.31871
1.34485  0.000602898 3.32701
1.3583  0.000605137 3.33538
1.37188  0.000607359 3.34381
1.3856  0.000609563 3.3523
1.39946  0.000611749 3.36087
1.41345  0.00061392 3.3695
1.42759  0.000616075 3.37821
1.44186  0.000618209 3.38699
1.45628  0.000620324 3.39584
1.47085  0.000622417 3.40477
1.48555  0.00062449 3.41378
1.50041  0.00062654 3.42287
1.51541  0.000628569 3.43204
1.53057  0.000630575 3.4413
1.54587  0.000632558 3.45064
1.56133  0.000634517 3.46007
1.57695  0.000636453 3.46959
1.59271  0.000638364 3.4792
1.60864  0.00064025 3.48891
1.62473  0.000642111 3.49871
1.64098  0.000643946 3.50861
1.65739  0.000645755 3.51861
1.67396  0.000647538 3.52872
1.6907  0.000649293 3.53892
1.70761  0.000651021 3.54924
1.72468  0.000652721 3.55966
1.74193  0.000654393 3.5702
1.75935  0.000656037 3.58085
1.77694  0.000657651 3.59161
1.79471  0.000659236 3.60249
1.81266  0.000660792 3.6135
1.83078  0.000662317 3.62463
1.84909  0.000663815 3.63588
1.86758  0.000665286 3.64727
1.88626  0.000666726 3.65878
1.90512  0.000668135 3.67043
1.92417  0.000669512 3.68221
1.94341  0.000670857 3.69414
1.96285  0.00067217 3.7062
1.98248  0.000673451 3.71841
2.0023  0.000674698 3.73077
2.02232  0.000675917 3.74328
2.04255  0.000677104 3.75595
2.06297  0.000678257 3.76877
2.0836  0.000679377 3.78175
2.10444  0.000680463 3.79489
2.12548  0.00068152 3.8082
2.14674  0.000682543 3.82167
2.16821  0.000683532 3.83532
2.18989  0.000684486 3.84914
2.21179  0.000685406 3.86315
2.2339  0.000686291 3.87733
2.25624  0.000687141 3.8917
2.27881  0.000687956 3.90626
2.30159  0.000688736 3.92101
2.32461  0.000689481 3.93596
2.34786  0.000690191 3.9511
2.37134  0.000690865 3.96645
2.39505  0.000691504 3.98201
2.419  0.000692109 3.99777
2.44319  0.000692678 4.01375
2.46762  0.000693214 4.02995
2.4923  0.000693717 4.04637
2.51722  0.000694185 4.06301
2.54239  0.000694618 4.07989
2.56782  0.000695016 4.097
2.59349  0.000695379 4.11435
2.61943  0.000695707 4.13194
2.64562  0.000696 4.14977
2.67208  0.000696258 4.16786
2.6988  0.000696485 4.1862
2.72579  0.000696678 4.20481
2.75305  0.000696836 4.22367
2.78058  0.000696961 4.24281
2.80838  0.000697051 4.26222
2.83647  0.000697111 4.2819
2.86483  0.000697138 4.30187
2.89348  0.000697131 4.32213
2.92241  0.000697091 4.34268
2.95164  0.000697018 4.36353
2.98115  0.000696912 4.38468
3.01097  0.000696774 4.40613
3.04108  0.000696605 4.4279
3.07149  0.000696403 4.44999
3.1022  0.00069617 4.47239
3.13322  0.000695905 4.49513
3.16456  0.00069561 4.5182
3.1962  0.000695284 4.54161
3.22816  0.000694928 4.56537
3.26045  0.000694542 4.58947
3.29305  0.000694126 4.61393
3.32598  0.000693681 4.63875
3.35924  0.000693208 4.66394
3.39283  0.000692706 4.6895
3.42676  0.000692176 4.71545
3.46103  0.000691618 4.74177
3.49564  0.000691033 4.76849
3.53059  0.000690422 4.79561
3.5659  0.000689785 4.82313
3.60156  0.000689123 4.85106
3.63758  0.000688435 4.87941
3.67395  0.000687721 4.90818
3.71069  0.000686986 4.93738
3.7478  0.000686228 4.96702
3.78528  0.000685446 4.9971
3.82313  0.00068464 5.02763
3.86136  0.000683812 5.05861
3.89997  0.000682961 5.09006
3.93897  0.000682088 5.12198
3.97836  0.000681193 5.15438
4.01815  0.000680277 5.18727
4.05833  0.000679344 5.22065
4.09891  0.00067839 5.25453
4.1399  0.000677416 5.28892
4.1813  0.000676424 5.32382
4.22311  0.000675412 5.35925
4.26534  0.000674384 5.3952
4.308  0.000673338 5.4317
4.35108  0.000672274 5.46874
4.39459  0.000671194 5.50634
4.43853  0.000670096 5.5445
4.48292  0.000668983 5.58324
4.52775  0.000667854 5.62255
4.57303  0.00066671 5.66245
4.61876  0.000665551 5.70295
4.66494  0.000664377 5.74405
4.71159  0.00066319 5.78577
4.75871  0.000661989 5.82811
4.8063  0.000660775 5.87109
4.85436  0.000659549 5.9147
4.9029  0.00065831 5.95897
4.95193  0.000657062 6.00389
5.00145  0.000655802 6.04949
5.05146  0.000654532 6.09576
5.10198  0.000653251 6.14273
5.153  0.000651959 6.19039
5.20453  0.000650658 6.23876
5.25657  0.000649348 6.28784
5.30914  0.000648028 6.33766
5.36223  0.0006467 6.38821
5.41585  0.000645365 6.43951
5.47001  0.000644023 6.49157
5.52471  0.000642672 6.5444
5.57996  0.000641315 6.59801
5.63576  0.000639951 6.65241
5.69212  0.000638581 6.70762
5.74904  0.000637206 6.76364
5.80653  0.000635824 6.82048
5.86459  0.000634437 6.87816
5.92324  0.000633044 6.93668
5.98247  0.000631646 6.99607
6.0423  0.000630244 7.05632
6.10272  0.000628837 7.11746
6.16375  0.000627426 7.17949
6.22538  0.000626012 7.24243
6.28764  0.000624594 7.30629
6.35051  0.000623173 7.37108
6.41402  0.000621749 7.43681
6.47816  0.000620321 7.50351
6.54294  0.000618891 7.57117
6.60837  0.000617458 7.63982
6.67445  0.000616022 7.70946
6.7412  0.000614585 7.78012
6.80861  0.000613147 7.85179
6.8767  0.000611706 7.92451
6.94546  0.000610264 7.99828
7.01492  0.00060882 8.07311
7.08507  0.000607377 8.14902
7.15592  0.000605932 8.22603
7.22748  0.000604486 8.30415
7.29975  0.000603039 8.3834
7.37275  0.000601592 8.46378
7.44648  0.000600145 8.54532
7.52094  0.000598697 8.62803
7.59615  0.000597249 8.71192
7.67211  0.000595801 8.79702
7.74883  0.000594352 8.88334
7.82632  0.000592904 8.97089
7.90459  0.000591455 9.05969
7.98363  0.000590005 9.14976
8.06347  0.000588557 9.24112
8.1441  0.000587109 9.33378
8.22554  0.000585661 9.42776
8.3078  0.000584214 9.52308
8.39088  0.000582766 9.61976
8.47479  0.000581319 9.71781
8.55953  0.000579872 9.81726
8.64513  0.000578426 9.91811
8.73158  0.00057698 10.0204
8.8189  0.000575534 10.1241
8.90709  0.000574089 10.2294
8.99616  0.000572644 10.3361
9.08612  0.000571199 10.4443
9.17698  0.000569755 10.554
9.26875  0.000568311 10.6653
9.36144  0.000566868 10.7782
9.45505  0.000565425 10.8926
9.5496  0.000563982 11.0087
9.6451  0.00056254 11.1264
9.74155  0.000561098 11.2458
9.83896  0.000559657 11.3669
9.93735  0.000558217 11.4897
10.0367  0.000556777 11.6142
10.1371  0.000555337 11.7404
10.2385  0.000553898 11.8685
10.3409  0.000552459 11.9983
10.4443  0.00055102 12.13
10.5487  0.000549581 12.2635
10.6542  0.000548143 12.3989
10.7607  0.000546706 12.5363
10.8683  0.00054527 12.6755
10.977  0.000543833 12.8167
11.0868  0.000542397 12.9599
11.1977  0.00054096 13.1051
11.3096  0.000539523 13.2524
11.4227  0.000538085 13.4017
11.537  0.000536648 13.5532
11.6523  0.000535209 13.7067
11.7689  0.000533771 13.8625
11.8865  0.000532332 14.0204
12.0054  0.000530892 14.1806
12.1255  0.000529451 14.343
12.2467  0.00052801 14.5077
12.3692  0.000526569 14.6747
12.4929  0.000525128 14.8441
12.6178  0.000523686 15.0159
12.744  0.000522243 15.1901
12.8714  0.000520799 15.3667
13.0001  0.000519353 15.5459
13.1301  0.000517907 15.7275
13.2614  0.00051646 15.9118
13.3941  0.000515011 16.0987
13.528  0.000513562 16.2882
13.6633  0.000512112 16.4803
13.7999  0.00051066 16.6753
13.9379  0.000509207 16.8729
14.0773  0.000507753 17.0734
14.2181  0.000506298 17.2767
14.3602  0.000504841 17.483
14.5038  0.000503383 17.6921
14.6489  0.000501923 17.9042
14.7954  0.000500461 18.1194
14.9433  0.000498997 18.3376
15.0928  0.000497532 18.5589
15.2437  0.000496064 18.7834
15.3961  0.000494595 19.011
15.5501  0.000493124 19.242
15.7056  0.00049165 19.4762
15.8626  0.000490175 19.7138
16.0213  0.000488697 19.9548
16.1815  0.000487218 20.1992
16.3433  0.000485736 20.4472
16.5067  0.000484251 20.6987
16.6718  0.000482765 20.9539
16.8385  0.000481276 21.2127
17.0069  0.000479785 21.4752
17.177  0.000478291 21.7416
17.3487  0.000476795 22.0118
17.5222  0.000475297 22.2859
17.6974  0.000473796 22.5639
17.8744  0.000472292 22.846
18.0532  0.000470786 23.1322
18.2337  0.000469278 23.4225
18.416  0.000467767 23.7171
18.6002  0.000466254 24.0159
18.7862  0.000464739 24.3191
18.9741  0.000463221 24.6267
19.1638  0.0004617 24.9388
19.3554  0.000460177 25.2555
19.549  0.000458651 25.5768
19.7445  0.000457122 25.9029
19.9419  0.000455591 26.2337
20.1413  0.000454057 26.5694
20.3427  0.000452521 26.91
20.5462  0.000450983 27.2556
20.7516  0.000449441 27.6064
20.9592  0.000447897 27.9623
21.1687  0.000446351 28.3235
21.3804  0.000444802 28.69
21.5942  0.000443251 29.062
21.8102  0.000441697 29.4395
22.0283  0.00044014 29.8226
22.2486  0.000438581 30.2114
22.4711  0.000437019 30.606
22.6958  0.000435454 31.0065
22.9227  0.000433886 31.413
23.1519  0.000432316 31.8256
23.3835  0.000430743 32.2444
23.6173  0.000429168 32.6694
23.8535  0.00042759 33.1009
24.092  0.000426009 33.5388
24.3329  0.000424426 33.9834
24.5763  0.000422841 34.4347
24.822  0.000421253 34.8928
25.0702  0.000419663 35.3579
25.3209  0.000418071 35.83
25.5742  0.000416476 36.3093
25.8299  0.000414879 36.7959
26.0882  0.00041328 37.2899
26.3491  0.000411678 37.7915
26.6126  0.000410074 38.3007
26.8787  0.000408467 38.8176
27.1475  0.000406859 39.3425
27.419  0.000405249 39.8754
27.6931  0.000403637 40.4164
27.9701  0.000402022 40.9658
28.2498  0.000400406 41.5235
28.5323  0.000398788 42.0899
28.8176  0.000397168 42.6649
29.1058  0.000395546 43.2489
29.3968  0.000393922 43.8419
29.6908  0.000392296 44.4442
29.9877  0.000390669 45.0559
30.2876  0.00038904 45.6771
30.5905  0.000387409 46.3081
30.8964  0.000385776 46.9491
31.2053  0.000384142 47.6002
31.5174  0.000382506 48.2616
31.8326  0.000380869 48.9335
32.1509  0.000379231 49.6161
32.4724  0.000377591 50.3094
32.7971  0.00037595 51.0137
33.1251  0.000374307 51.7289
33.4563  0.000372664 52.4554
33.7909  0.000371019 53.1932
34.1288  0.000369373 53.9424
34.4701  0.000367726 54.7032
34.8148  0.000366079 55.4757
35.1629  0.00036443 56.2601
35.5146  0.000362781 57.0565
35.8697  0.000361131 57.8651
36.2284  0.000359481 58.6864
36.5907  0.00035783 59.5206
36.9566  0.000356178 60.3683
37.3262  0.000354527 61.2296
37.6994  0.000352875 62.1051
38.0764  0.000351223 62.9952
38.4572  0.00034957 63.9003
38.8418  0.000347917 64.8208
39.2302  0.000346265 65.7571
39.6225  0.000344612 66.7098
40.0187  0.000312647 67.6793
40.4189  0.000311162 68.666
40.8231  0.000309684 69.6703
41.2313  0.000308207 70.6924
41.6436  0.000306729 71.7329
42.0601  0.000305252 72.7921
42.4807  0.000303776 73.8703
42.9055  0.0003023 74.9682
43.3345  0.000300824 76.0859
43.7679  0.00029935 77.2241
44.2056  0.000297876 78.383
44.6476  0.000296403 79.5633
45.0941  0.000294931 80.7651
45.545  0.000293459 81.9887
46.0005  0.000291989 83.234
46.4605  0.00029052 84.5013
46.9251  0.000289053 85.7907
47.3943  0.000287586 87.1021
47.8683  0.000286121 88.4357
48.347  0.000284658 89.7916
48.8304  0.000283194 91.1699
49.3187  0.000281731 92.5705
49.8119  0.000280269 93.9936
50.31  0.00027881 95.4391
50.8131  0.000277352 96.9077
51.3213  0.000275896 98.3997
51.8345  0.000274442 99.9159
52.3528  0.000272991 101.457
52.8764  0.000271541 103.023
53.4051  0.000270093 104.615
53.9392  0.000268648 106.234
54.4786  0.000267205 107.88
55.0234  0.000265765 109.554
55.5736  0.000264327 111.256
56.1293  0.000262892 112.988
56.6906  0.000261459 114.75
57.2575  0.000260029 116.543
57.8301  0.000258602 118.366
58.4084  0.000257177 120.221
58.9925  0.000255756 122.108
59.5824  0.000254337 124.027
60.1782  0.00025292 125.979
60.78  0.000251506 127.965
61.3878  0.000250091 129.984
62.0017  0.000248679 132.038
62.6217  0.000247271 134.126
63.2479  0.000245866 136.251
63.8804  0.000244465 138.411
64.5192  0.000243067 140.608
65.1644  0.000241673 142.843
65.816  0.000240282 145.115
66.4742  0.000238895 147.427
67.1389  0.000237512 149.778
67.8103  0.000236132 152.17
68.4884  0.000234756 154.603
69.1733  0.000233384 157.078
69.8651  0.000232016 159.596
70.5637  0.000230651 162.157
71.2693  0.000229291 164.763
71.982  0.000227934 167.414
72.7019  0.000226582 170.112
73.4289  0.000225233 172.856
74.1632  0.000223889 175.647
74.9048  0.000222548 178.488
75.6538  0.000221212 181.378
76.4104  0.00021988 184.318
77.1745  0.000218552 187.309
77.9462  0.000217229 190.352
78.7257  0.000215909 193.449
79.513  0.000214594 196.599
80.3081  0.000213283 199.804
81.1112  0.000211977 203.066
81.9223  0.000210672 206.384
82.7415  0.000209372 209.76
83.5689  0.000208077 213.196
84.4046  0.000206786 216.692
85.2486  0.000205499 220.249
86.1011  0.000204217 223.868
86.9621  0.00020294 227.551
87.8318  0.000201667 231.299
88.7101  0.000200398 235.113
89.5972  0.000199135 238.994
90.4932  0.000197876 242.943
91.3981  0.000196621 246.962
92.3121  0.000195372 251.052
93.2352  0.000194127 255.215
94.1675  0.000192886 259.45
95.1092  0.000191651 263.761
96.0603  0.00019042 268.148
97.0209  0.000189194 272.613
97.9911  0.000187973 277.156
98.971  0.000186757 281.781
99.9607  0.000185546 286.487
100.96  0.00018434 291.276
101.97  0.000183138 296.151
102.99  0.000181942 301.112
104.02  0.000180751 306.162
105.06  0.000179564 311.301
106.11  0.000178383 316.531
107.171  0.000177206 321.855
108.243  0.000176036 327.274
109.326  0.000174872 332.789
110.419  0.000173713 338.403
111.523  0.00017256 344.116
112.638  0.000171411 349.932
113.765  0.000170267 355.852
114.902  0.000169127 361.877
116.051  0.000167992 368.011
117.212  0.000166862 374.254
118.384  0.000165737 380.609
119.568  0.000164617 387.077
120.763  0.000163502 393.662
121.971  0.000162393 400.365
123.191  0.000161288 407.188
124.423  0.000160189 414.134
125.667  0.000159094 421.204
126.924  0.000158005 428.402
128.193  0.000156921 435.728
129.475  0.000155843 443.187
130.77  0.000154769 450.78
132.077  0.000153701 458.51
133.398  0.000152637 466.379
134.732  0.000151579 474.389
136.079  0.000150527 482.544
137.44  0.000149479 490.847
138.814  0.000148437 499.299
140.203  0.0001474 507.904
141.605  0.000146368 516.664
143.021  0.000145342 525.582
144.451  0.00014432 534.662
145.895  0.000143304 543.905
147.354  0.000142294 553.316
148.828  0.000141288 562.898
150.316  0.000140288 572.653
151.819  0.000139293 582.584
153.338  0.000138303 592.696
154.871  0.000137318 602.991
156.42  0.000136339 613.472
157.984  0.000135365 624.144
159.564  0.000134396 635.01
161.159  0.000133433 646.072
162.771  0.000132474 657.336
164.399  0.000131522 668.804
166.043  0.000130575 680.481
167.703  0.000129634 692.37
169.38  0.000128697 704.475
171.074  0.000127766 716.801
172.785  0.000126839 729.351
174.512  0.000125918 742.13
176.258  0.000125002 755.141
178.02  0.000124091 768.389
179.8  0.000123186 781.879
181.598  0.000122285 795.615
183.414  0.00012139 809.601
185.248  0.0001205 823.843
187.101  0.000119615 838.344
188.972  0.000118735 853.11
190.862  0.00011786 868.146
192.77  0.00011699 883.457
194.698  0.000116126 899.047
196.645  0.000115266 914.922
198.611  0.000114412 931.087
200.598  0.000113563 947.548
202.604  0.000112719 964.31
204.63  0.000111879 981.378
206.676  0.000111045 998.759
208.743  0.000110215 1016.46
210.83  0.000109391 1034.48
212.938  0.000108572 1052.83
215.068  0.000107758 1071.52
217.218  0.000106949 1090.56
219.391  0.000106145 1109.94
221.584  0.000105346 1129.67
223.8  0.000104553 1149.77
226.038  0.000103764 1170.24
228.299  0.00010298 1191.08
230.582  0.000102201 1212.3
232.888  0.000101427 1233.91
235.216  0.000100658 1255.92
237.569  9.98935e-05 1278.34
239.944  9.91343e-05 1301.16
242.344  9.838e-05 1324.41
244.767  9.76305e-05 1348.08
247.215  9.68861e-05 1372.18
249.687  9.61466e-05 1396.73
252.184  9.5412e-05 1421.73
254.706  9.46822e-05 1447.19
257.253  9.39572e-05 1473.12
259.825  9.32369e-05 1499.52
262.423  9.25215e-05 1526.41
265.048  9.18108e-05 1553.79
267.698  9.11048e-05 1581.68
270.375  9.04037e-05 1610.08
273.079  8.97073e-05 1639
275.81  8.90155e-05 1668.45
278.568  8.83285e-05 1698.45
281.354  8.76461e-05 1729
284.167  8.69684e-05 1760.1
287.009  8.62953e-05 1791.79
289.879  8.56268e-05 1824.05
292.778  8.4963e-05 1856.91
295.705  8.43037e-05 1890.37
298.662  8.36489e-05 1924.45
301.649  8.29987e-05 1959.16
304.666  8.2353e-05 1994.51
307.712  8.17118e-05 2030.5
310.789  8.10751e-05 2067.16
313.897  8.04428e-05 2104.5
317.036  7.9815e-05 2142.52
320.207  7.91916e-05 2181.24
323.409  7.85727e-05 2220.68
326.643  7.79581e-05 2260.84
329.909  7.73478e-05 2301.74
333.208  7.67419e-05 2343.39
336.54  7.61404e-05 2385.82
339.906  7.55433e-05 2429.02
343.305  7.49505e-05 2473.02
346.738  7.43619e-05 2517.83
350.205  7.37776e-05 2563.46
353.707  7.31976e-05 2609.94
357.244  7.26217e-05 2657.27
360.817  7.20501e-05 2705.48
364.425  7.14825e-05 2754.57
368.069  7.09192e-05 2804.57
371.75  7.036e-05 2855.48
375.467  6.9805e-05 2907.34
379.222  6.92541e-05 2960.15
383.014  6.87073e-05 3013.93
386.844  6.81644e-05 3068.71
390.713  6.76256e-05 3124.49
394.62  6.70907e-05 3181.3
398.566  6.65598e-05 3239.16
402.552  6.60329e-05 3298.08
406.577  6.55099e-05 3358.09
410.643  6.49908e-05 3419.2
414.75  6.44756e-05 3481.44
418.897  6.39643e-05 3544.83
423.086  6.34568e-05 3609.38
427.317  6.29532e-05 3675.12
431.59  6.24533e-05 3742.08
435.906  6.19572e-05 3810.26
440.265  6.14649e-05 3879.7
444.668  6.09763e-05 3950.42
449.114  6.04914e-05 4022.44
453.605  6.00103e-05 4095.78
458.142  5.95328e-05 4170.48
462.723  5.90589e-05 4246.55
467.35  5.85886e-05 4324.02
472.024  5.8122e-05 4402.92
476.744  5.76588e-05 4483.27
481.511  5.71991e-05 4565.09
486.326  5.67429e-05 4648.43
491.19  5.62903e-05 4733.29
496.102  5.58412e-05 4819.72
501.063  5.53957e-05 4907.73
506.073  5.49536e-05 4997.37
511.134  5.45149e-05 5088.65
516.245  5.40797e-05 5181.61
521.408  5.36479e-05 5276.28
526.622  5.32194e-05 5372.69
531.888  5.27944e-05 5470.87
537.207  5.23727e-05 5570.86
542.579  5.19543e-05 5672.68
548.005  5.15393e-05 5776.38
553.485  5.11275e-05 5881.98
559.02  5.0719e-05 5989.52
564.61  5.03137e-05 6099.03
570.256  4.99117e-05 6210.55
575.959  4.95129e-05 6324.13
581.718  4.91173e-05 6439.79
587.535  4.87248e-05 6557.57
593.411  4.83355e-05 6677.51
599.345  4.79492e-05 6799.65
605.338  4.75661e-05 6924.04
611.392  4.7186e-05 7050.71
617.506  4.6809e-05 7179.7
623.681  4.64351e-05 7311.06
629.917  4.60641e-05 7444.83
636.217  4.56961e-05 7581.05
642.579  4.53311e-05 7719.76
649.005  4.4969e-05 7861.02
655.495  4.46099e-05 8004.87
662.05  4.42536e-05 8151.35
668.67  4.39002e-05 8300.52
675.357  4.35496e-05 8452.42
682.11  4.3202e-05 8607.1
688.931  4.28572e-05 8764.61
695.821  4.25151e-05 8925
702.779  4.21759e-05 9088.32
709.807  4.18394e-05 9254.63
716.905  4.15056e-05 9423.98
724.074  4.11745e-05 9596.43
731.315  4.0846e-05 9772.03
738.628  4.05203e-05 9950.84
746.014  4.01971e-05 10132.9
753.474  3.98766e-05 10318.3
761.009  3.95587e-05 10507.1
768.619  3.92434e-05 10699.4
776.305  3.89306e-05 10895.2
784.068  3.86204e-05 11094.5
791.909  3.83127e-05 11297.5
799.828  3.80075e-05 11504.2
807.826  3.77047e-05 11714.7
815.905  3.74045e-05 11929.1
824.064  3.71068e-05 12147.3
832.304  3.68114e-05 12369.5
840.627  3.65185e-05 12595.8
849.034  3.6228e-05 12826.2
857.524  3.594e-05 13060.8
866.099  3.56543e-05 13299.6
874.76  3.53709e-05 13542.7
883.508  3.50899e-05 13790.3
892.343  3.48113e-05 14042.3
901.266  3.45349e-05 14298.9
910.279  3.42609e-05 14560.2
919.382  3.39892e-05 14826.2
928.575  3.37197e-05 15097
937.861  3.34525e-05 15372.8
947.24  3.31875e-05 15653.6
956.712  3.29247e-05 15939.5
966.279  3.26642e-05 16230.6
975.942  3.24059e-05 16527.1
985.702  3.21497e-05 16829
995.559  3.18957e-05 17136.5
