0.001  0.217558 5.38937e-05
0.00101  0.217932 5.41625e-05
0.0010201  0.218308 5.44326e-05
0.0010303  0.218688 5.47041e-05
0.0010406  0.21907 5.49769e-05
0.00105101  0.219456 5.52511e-05
0.00106152  0.219845 5.55267e-05
0.00107214  0.220237 5.58036e-05
0.00108286  0.220633 5.6082e-05
0.00109369  0.221032 5.63617e-05
0.00110462  0.221434 5.66428e-05
0.00111567  0.221839 5.69253e-05
0.00112683  0.222248 5.72092e-05
0.00113809  0.22266 5.74945e-05
0.00114947  0.223075 5.77813e-05
0.00116097  0.223494 5.80695e-05
0.00117258  0.223916 5.83591e-05
0.0011843  0.224342 5.86502e-05
0.00119615  0.224754 5.89427e-05
0.00120811  0.22509 5.92367e-05
0.00122019  0.225429 5.95321e-05
0.00123239  0.225771 5.98291e-05
0.00124472  0.226115 6.01275e-05
0.00125716  0.226462 6.04273e-05
0.00126973  0.226812 6.07287e-05
0.00128243  0.227164 6.10316e-05
0.00129526  0.22752 6.1336e-05
0.00130821  0.227878 6.16419e-05
0.00132129  0.228238 6.19494e-05
0.0013345  0.228602 6.22584e-05
0.00134785  0.228969 6.25689e-05
0.00136133  0.229338 6.28809e-05
0.00137494  0.229711 6.31946e-05
0.00138869  0.230086 6.35097e-05
0.00140258  0.230464 6.38265e-05
0.0014166  0.230845 6.41448e-05
0.00143077  0.23123 6.44648e-05
0.00144508  0.231617 6.47863e-05
0.00145953  0.232007 6.51094e-05
0.00147412  0.232401 6.54342e-05
0.00148886  0.232797 6.57605e-05
0.00150375  0.233197 6.60885e-05
0.00151879  0.2336 6.64181e-05
0.00153398  0.234006 6.67494e-05
0.00154932  0.234416 6.70823e-05
0.00156481  0.234828 6.74169e-05
0.00158046  0.235244 6.77531e-05
0.00159626  0.235635 6.8091e-05
0.00161223  0.235953 6.84307e-05
0.00162835  0.236274 6.8772e-05
0.00164463  0.236597 6.9115e-05
0.00166108  0.236922 6.94597e-05
0.00167769  0.237249 6.98061e-05
0.00169447  0.237579 7.01543e-05
0.00171141  0.237912 7.05042e-05
0.00172852  0.238247 7.08558e-05
0.00174581  0.238584 7.12092e-05
0.00176327  0.238924 7.15644e-05
0.0017809  0.239266 7.19213e-05
0.00179871  0.239611 7.228e-05
0.0018167  0.239959 7.26405e-05
0.00183486  0.240309 7.30028e-05
0.00185321  0.240661 7.33669e-05
0.00187174  0.241016 7.37328e-05
0.00189046  0.241374 7.40974e-05
0.00190937  0.241735 7.44546e-05
0.00192846  0.242098 7.48163e-05
0.00194774  0.242464 7.51824e-05
0.00196722  0.242833 7.55529e-05
0.00198689  0.243204 7.59279e-05
0.00200676  0.243493 7.63071e-05
0.00202683  0.243769 7.66906e-05
0.0020471  0.244047 7.70784e-05
0.00206757  0.244326 7.74702e-05
0.00208825  0.244607 7.78661e-05
0.00210913  0.244891 7.8266e-05
0.00213022  0.245175 7.86566e-05
0.00215152  0.245462 7.90439e-05
0.00217304  0.245751 7.94346e-05
0.00219477  0.246042 7.98287e-05
0.00221672  0.246334 8.02261e-05
0.00223888  0.246629 8.06266e-05
0.00226127  0.246925 8.103e-05
0.00228388  0.247224 8.14363e-05
0.00230672  0.247524 8.18453e-05
0.00232979  0.247826 8.22568e-05
0.00235309  0.248131 8.26705e-05
0.00237662  0.248437 8.30862e-05
0.00240038  0.248746 8.3501e-05
0.00242439  0.249056 8.39177e-05
0.00244863  0.249369 8.43364e-05
0.00247312  0.249683 8.4757e-05
0.00249785  0.25 8.51797e-05
0.00252283  0.250319 8.56044e-05
0.00254806  0.25064 8.60312e-05
0.00257354  0.250963 8.64601e-05
0.00259927  0.251288 8.68911e-05
0.00262527  0.251615 8.73243e-05
0.00265152  0.251945 8.77598e-05
0.00267803  0.252277 8.81973e-05
0.00270481  0.252611 8.86369e-05
0.00273186  0.252947 8.90788e-05
0.00275918  0.253286 8.9523e-05
0.00278677  0.253626 8.99695e-05
0.00281464  0.25397 9.04182e-05
0.00284279  0.254315 9.08692e-05
0.00287121  0.254663 9.13226e-05
0.00289993  0.255013 9.17781e-05
0.00292893  0.255365 9.2236e-05
0.00295822  0.25572 9.26962e-05
0.0029878  0.256067 9.31586e-05
0.00301768  0.256324 9.36234e-05
0.00304785  0.256582 9.40904e-05
0.00307833  0.256841 9.45597e-05
0.00310911  0.257102 9.50313e-05
0.0031402  0.257364 9.55053e-05
0.00317161  0.257628 9.59816e-05
0.00320332  0.257893 9.64603e-05
0.00323536  0.258159 9.69413e-05
0.00326771  0.258427 9.74248e-05
0.00330039  0.258697 9.79106e-05
0.00333339  0.258967 9.83989e-05
0.00336672  0.25924 9.88896e-05
0.00340039  0.259514 9.93828e-05
0.0034344  0.259789 9.98785e-05
0.00346874  0.260066 0.000100377
0.00350343  0.260345 0.000100877
0.00353846  0.260625 0.00010138
0.00357385  0.260906 0.000101886
0.00360958  0.261189 0.000102394
0.00364568  0.261474 0.000102905
0.00368214  0.26176 0.000103418
0.00371896  0.262048 0.000103934
0.00375615  0.262337 0.000104452
0.00379371  0.262628 0.000104973
0.00383165  0.262921 0.000105497
0.00386996  0.263215 0.000106023
0.00390866  0.263511 0.000106552
0.00394775  0.263808 0.000107083
0.00398723  0.264094 0.000107617
0.0040271  0.26432 0.000108154
0.00406737  0.264547 0.000108693
0.00410804  0.264776 0.000109236
0.00414912  0.265005 0.00010978
0.00419062  0.265235 0.000110328
0.00423252  0.265466 0.000110878
0.00427485  0.265698 0.000111431
0.0043176  0.265931 0.000111987
0.00436077  0.266165 0.000112545
0.00440438  0.2664 0.000113107
0.00444842  0.266635 0.000113671
0.00449291  0.266872 0.000114238
0.00453784  0.26711 0.000114807
0.00458321  0.267348 0.00011538
0.00462905  0.267588 0.000115956
0.00467534  0.267828 0.000116534
0.00472209  0.26807 0.000117115
0.00476931  0.268312 0.000117699
0.004817  0.268556 0.000118286
0.00486517  0.2688 0.000118876
0.00491383  0.269045 0.000119469
0.00496296  0.269292 0.000120065
0.00501259  0.269539 0.000120664
0.00506272  0.269787 0.000121266
0.00511335  0.270036 0.00012187
0.00516448  0.270287 0.000122478
0.00521613  0.270538 0.000123089
0.00526829  0.27079 0.000123703
0.00532097  0.271043 0.00012432
0.00537418  0.271297 0.00012494
0.00542792  0.271552 0.000125563
0.0054822  0.271809 0.000126189
0.00553702  0.272066 0.000126819
0.00559239  0.272324 0.000127451
0.00564832  0.272583 0.000128087
0.0057048  0.272843 0.000128726
0.00576185  0.273104 0.000129368
0.00581947  0.273367 0.000130013
0.00587766  0.27363 0.000130661
0.00593644  0.273894 0.000131313
0.0059958  0.274133 0.000131968
0.00605576  0.274339 0.000132626
0.00611632  0.274546 0.000133288
0.00617748  0.274753 0.000133952
0.00623926  0.27496 0.00013462
0.00630165  0.275168 0.000135292
0.00636466  0.275376 0.000135967
0.00642831  0.275585 0.000136645
0.00649259  0.275793 0.000137326
0.00655752  0.276003 0.000138011
0.0066231  0.276213 0.000138699
0.00668933  0.276423 0.000139391
0.00675622  0.276633 0.000140086
0.00682378  0.276844 0.000140785
0.00689202  0.277055 0.000141487
0.00696094  0.277267 0.000142193
0.00703055  0.277479 0.000142902
0.00710085  0.277691 0.000143615
0.00717186  0.277903 0.000144331
0.00724358  0.278116 0.000145051
0.00731602  0.27833 0.000145774
0.00738918  0.278543 0.000146501
0.00746307  0.278757 0.000147232
0.0075377  0.278971 0.000147966
0.00761308  0.279186 0.000148704
0.00768921  0.279401 0.000149446
0.0077661  0.279616 0.000150192
0.00784376  0.279831 0.000150941
0.0079222  0.280047 0.000151693
0.00800142  0.28025 0.00015245
0.00808144  0.280442 0.00015321
0.00816225  0.280634 0.000153974
0.00824387  0.280826 0.000154742
0.00832631  0.281017 0.000155514
0.00840957  0.281209 0.00015629
0.00849367  0.281401 0.000157069
0.00857861  0.281593 0.000157853
0.00866439  0.281784 0.00015864
0.00875104  0.281976 0.000159431
0.00883855  0.282168 0.000160226
0.00892693  0.282359 0.000161026
0.0090162  0.28255 0.000161829
0.00910636  0.282742 0.000162636
0.00919743  0.282933 0.000163447
0.0092894  0.283124 0.000164262
0.0093823  0.283315 0.000165081
0.00947612  0.283506 0.000165905
0.00957088  0.283697 0.000166732
0.00966659  0.283887 0.000167564
0.00976325  0.284077 0.000168399
0.00986089  0.284268 0.000169239
0.0099595  0.284457 0.000170083
0.0100591  0.284641 0.000170932
0.0101597  0.284825 0.000171784
0.0102613  0.285009 0.000172641
0.0103639  0.285192 0.000173502
0.0104675  0.285375 0.000174367
0.0105722  0.285558 0.000175237
0.0106779  0.28574 0.000176111
0.0107847  0.285922 0.000176989
0.0108926  0.286104 0.000177872
0.0110015  0.286285 0.000178759
0.0111115  0.286466 0.000179651
0.0112226  0.286647 0.000180547
0.0113348  0.286827 0.000181447
0.0114482  0.287006 0.000182352
0.0115627  0.287185 0.000183262
0.0116783  0.287364 0.000184176
0.0117951  0.287542 0.000185094
0.011913  0.287719 0.000186017
0.0120322  0.2879 0.000186945
0.0121525  0.288082 0.000187878
0.012274  0.288263 0.000188815
0.0123967  0.288443 0.000189756
0.0125207  0.288623 0.000190703
0.0126459  0.288803 0.000191654
0.0127724  0.288982 0.00019261
0.0129001  0.28916 0.000193571
0.0130291  0.289337 0.000194536
0.0131594  0.289514 0.000195506
0.013291  0.289691 0.000196481
0.0134239  0.289866 0.000197461
0.0135581  0.290041 0.000198446
0.0136937  0.290215 0.000199436
0.0138307  0.290389 0.00020043
0.013969  0.290562 0.00020143
0.0141086  0.290733 0.000202435
0.0142497  0.290905 0.000203444
0.0143922  0.291075 0.000204459
0.0145362  0.291245 0.000205478
0.0146815  0.291413 0.000206503
0.0148283  0.291581 0.000207533
0.0149766  0.291748 0.000208568
0.0151264  0.291914 0.000209609
0.0152776  0.292079 0.000210654
0.0154304  0.292243 0.000211705
0.0155847  0.292406 0.000212761
0.0157406  0.292568 0.000213823
0.015898  0.292729 0.000214889
0.016057  0.292916 0.000215961
0.0162175  0.293106 0.000217038
0.0163797  0.293296 0.000218121
0.0165435  0.293485 0.000219209
0.0167089  0.293672 0.000220302
0.016876  0.293859 0.0002214
0.0170448  0.294045 0.000222504
0.0172152  0.294231 0.000223613
0.0173874  0.294415 0.000224728
0.0175613  0.294598 0.000225848
0.0177369  0.294781 0.000226974
0.0179142  0.294962 0.000228106
0.0180934  0.295142 0.000229243
0.0182743  0.295322 0.000230386
0.0184571  0.2955 0.000231535
0.0186416  0.295677 0.00023269
0.018828  0.295853 0.00023385
0.0190163  0.296028 0.000235018
0.0192065  0.296202 0.000236191
0.0193986  0.296375 0.00023737
0.0195925  0.296546 0.000238556
0.0197885  0.296716 0.000239748
0.0199864  0.296914 0.000240947
0.0201862  0.297148 0.000242151
0.0203881  0.297381 0.000243363
0.020592  0.297614 0.000244581
0.0207979  0.297846 0.000245805
0.0210059  0.298077 0.000247036
0.0212159  0.298307 0.000248274
0.0214281  0.298536 0.000249519
0.0216424  0.298765 0.00025077
0.0218588  0.298993 0.000252028
0.0220774  0.29922 0.000253293
0.0222981  0.299446 0.000254564
0.0225211  0.299671 0.000255842
0.0227463  0.299896 0.000257127
0.0229738  0.300119 0.000258418
0.0232035  0.300341 0.000259715
0.0234356  0.300563 0.000261019
0.0236699  0.300783 0.000262329
0.0239066  0.301002 0.000263645
0.0241457  0.301221 0.000264967
0.0243871  0.301438 0.000266296
0.024631  0.301654 0.000267631
0.0248773  0.301869 0.000268972
0.0251261  0.302082 0.00027032
0.0253774  0.302295 0.000271674
0.0256311  0.302506 0.000273034
0.0258874  0.302716 0.0002744
0.0261463  0.302924 0.000275773
0.0264078  0.303131 0.000277152
0.0266719  0.303337 0.000278538
0.0269386  0.303542 0.000279931
0.027208  0.303745 0.000281329
0.02748  0.303946 0.000282735
0.0277548  0.304146 0.000284147
0.0280324  0.304345 0.000285566
0.0283127  0.304542 0.000286992
0.0285958  0.304738 0.000288424
0.0288818  0.304932 0.000289864
0.0291706  0.305124 0.00029131
0.0294623  0.305315 0.000292764
0.029757  0.305504 0.000294224
0.0300545  0.305771 0.000295692
0.0303551  0.306073 0.000297168
0.0306586  0.306375 0.000298651
0.0309652  0.306677 0.000300141
0.0312749  0.306977 0.000301638
0.0315876  0.307277 0.000303143
0.0319035  0.307576 0.000304656
0.0322225  0.307874 0.000306176
0.0325447  0.308171 0.000307703
0.0328702  0.308468 0.000309239
0.0331989  0.308764 0.000310781
0.0335309  0.309058 0.000312332
0.0338662  0.309352 0.00031389
0.0342049  0.309645 0.000315456
0.0345469  0.309937 0.000317029
0.0348924  0.310228 0.000318611
0.0352413  0.310518 0.0003202
0.0355937  0.310807 0.000321797
0.0359496  0.311094 0.000323401
0.0363091  0.311381 0.000325014
0.0366722  0.311666 0.000326635
0.037039  0.311951 0.000328263
0.0374093  0.312234 0.0003299
0.0377834  0.312515 0.000331544
0.0381613  0.312796 0.000333196
0.0385429  0.313075 0.000334857
0.0389283  0.313353 0.000336526
0.0393176  0.313629 0.000338203
0.0397108  0.313904 0.000339888
0.0401079  0.314296 0.000341581
0.040509  0.314723 0.000343283
0.040914  0.315149 0.000344993
0.0413232  0.315575 0.000346712
0.0417364  0.316001 0.00034844
0.0421538  0.316427 0.000350176
0.0425753  0.316853 0.000351921
0.0430011  0.317279 0.000353674
0.0434311  0.317705 0.000355437
0.0438654  0.31813 0.000357208
0.044304  0.318556 0.000358989
0.0447471  0.318981 0.000360778
0.0451946  0.319406 0.000362576
0.0456465  0.319831 0.000364384
0.046103  0.320256 0.0003662
0.046564  0.32068 0.000368025
0.0470296  0.321104 0.00036986
0.0474999  0.321527 0.000371704
0.0479749  0.321951 0.000373557
0.0484547  0.322373 0.000375419
0.0489392  0.322796 0.00037729
0.0494286  0.323218 0.000379171
0.0499229  0.323639 0.000381061
0.0504221  0.32406 0.000382961
0.0509264  0.324481 0.00038487
0.0514356  0.324901 0.000386789
0.05195  0.32532 0.000388717
0.0524695  0.325739 0.000390655
0.0529942  0.326157 0.000392602
0.0535241  0.326574 0.00039456
0.0540594  0.326991 0.000396527
0.0546  0.327406 0.000398504
0.055146  0.327822 0.000400491
0.0556974  0.328236 0.000402488
0.0562544  0.328649 0.000404494
0.0568169  0.329062 0.000406511
0.0573851  0.329473 0.000408538
0.0579589  0.329884 0.000410575
0.0585385  0.330294 0.000412622
0.0591239  0.330703 0.000414679
0.0597152  0.331115 0.000416747
0.0603123  0.331707 0.000418825
0.0609154  0.332298 0.000420913
0.0615246  0.332891 0.000423012
0.0621398  0.333484 0.000425121
0.0627612  0.334078 0.00042724
0.0633888  0.334673 0.00042937
0.0640227  0.335268 0.000431511
0.064663  0.335864 0.000433662
0.0653096  0.33646 0.000435824
0.0659627  0.337057 0.000437997
0.0666223  0.337655 0.00044018
0.0672885  0.338253 0.000442375
0.0679614  0.338851 0.00044458
0.068641  0.33945 0.000446796
0.0693275  0.34005 0.000449024
0.0700207  0.340649 0.000451262
0.0707209  0.34125 0.000453511
0.0714281  0.34185 0.000455772
0.0721424  0.342451 0.000458044
0.0728638  0.343053 0.000460327
0.0735925  0.343654 0.000462622
0.0743284  0.344256 0.000464928
0.0750717  0.344859 0.000467245
0.0758224  0.345461 0.000469574
0.0765806  0.346064 0.000471915
0.0773464  0.346667 0.000474267
0.0781199  0.34727 0.000476631
0.0789011  0.347873 0.000479007
0.0796901  0.348493 0.000481394
0.080487  0.349245 0.000483794
0.0812919  0.349999 0.000486205
0.0821048  0.350754 0.000488628
0.0829259  0.35151 0.000491064
0.0837551  0.352268 0.000493511
0.0845927  0.353028 0.000495971
0.0854386  0.353788 0.000498443
0.086293  0.354551 0.000500928
0.0871559  0.355315 0.000503425
0.0880275  0.35608 0.000505934
0.0889077  0.356846 0.000508456
0.0897968  0.357614 0.00051099
0.0906948  0.358383 0.000513537
0.0916017  0.359154 0.000516097
0.0925178  0.359926 0.000518669
0.0934429  0.360699 0.000521254
0.0943774  0.361473 0.000523853
0.0953211  0.362249 0.000526464
0.0962743  0.363026 0.000529088
0.0972371  0.363804 0.000531725
0.0982095  0.364584 0.000534376
0.0991916  0.365364 0.00053704
0.100183  0.366228 0.000539717
0.101185  0.367131 0.000542407
0.102197  0.368036 0.000545111
0.103219  0.368943 0.000547828
0.104251  0.369853 0.000550559
0.105294  0.370765 0.000553303
0.106347  0.371679 0.000556061
0.10741  0.372595 0.000558833
0.108484  0.373514 0.000561619
0.109569  0.374435 0.000564419
0.110665  0.375358 0.000567232
0.111772  0.376283 0.00057006
0.112889  0.377211 0.000572902
0.114018  0.378141 0.000575757
0.115158  0.379072 0.000578628
0.11631  0.380006 0.000581512
0.117473  0.380942 0.000584411
0.118648  0.381881 0.000587324
0.119834  0.38287 0.000590252
0.121033  0.383946 0.000593194
0.122243  0.385025 0.000596151
0.123465  0.386108 0.000599123
0.1247  0.387194 0.00060211
0.125947  0.388284 0.000605112
0.127206  0.389376 0.000608128
0.128478  0.390473 0.00061116
0.129763  0.391573 0.000614207
0.131061  0.392676 0.000617268
0.132372  0.393782 0.000620346
0.133695  0.394892 0.000623438
0.135032  0.396005 0.000626547
0.136383  0.397122 0.00062967
0.137746  0.398242 0.00063281
0.139124  0.399365 0.000635965
0.140515  0.400492 0.000639136
0.14192  0.401622 0.000642323
0.143339  0.402755 0.000645525
0.144773  0.403892 0.000648744
0.146221  0.405032 0.000651979
0.147683  0.406176 0.00065523
0.14916  0.407322 0.000658497
0.150651  0.408472 0.000661781
0.152158  0.409626 0.000665082
0.153679  0.410782 0.000668399
0.155216  0.411942 0.000671732
0.156768  0.413105 0.000675082
0.158336  0.414272 0.000678449
0.159919  0.415509 0.000681832
0.161518  0.416831 0.000685232
0.163134  0.418158 0.000688649
0.164765  0.419489 0.000692083
0.166413  0.420825 0.000695533
0.168077  0.422167 0.000699001
0.169757  0.423512 0.000702485
0.171455  0.424863 0.000705986
0.17317  0.426218 0.000709505
0.174901  0.427578 0.000713041
0.17665  0.428943 0.000716594
0.178417  0.430313 0.000720166
0.180201  0.431687 0.000723755
0.182003  0.433066 0.000727362
0.183823  0.43445 0.000730988
0.185661  0.435839 0.000734632
0.187518  0.437232 0.000738295
0.189393  0.438631 0.000741977
0.191287  0.440034 0.000745678
0.1932  0.441442 0.000749399
0.195132  0.442854 0.00075314
0.197083  0.444272 0.000756902
0.199054  0.445699 0.000760683
0.201045  0.447293 0.000764486
0.203055  0.448893 0.00076831
0.205086  0.4505 0.000772155
0.207136  0.452113 0.000776023
0.209208  0.453732 0.000779913
0.2113  0.455358 0.000783825
0.213413  0.456991 0.000787762
0.215547  0.45863 0.000791721
0.217702  0.460276 0.000795705
0.219879  0.461928 0.000799712
0.222078  0.463588 0.000803743
0.224299  0.465253 0.000807799
0.226542  0.466926 0.000811878
0.228807  0.468605 0.000815983
0.231095  0.47029 0.000820111
0.233406  0.471983 0.000824265
0.235741  0.473682 0.000828443
0.238098  0.475388 0.000832647
0.240479  0.4771 0.000836876
0.242884  0.47882 0.000841131
0.245313  0.480546 0.000845411
0.247766  0.482279 0.000849716
0.250243  0.484018 0.000854048
0.252746  0.485765 0.000858405
0.255273  0.487518 0.000862788
0.257826  0.489278 0.000867197
0.260404  0.491045 0.000871632
0.263008  0.492819 0.000876094
0.265638  0.4946 0.000880582
0.268295  0.496388 0.000885096
0.270978  0.498183 0.000889637
0.273687  0.499985 0.000894205
0.276424  0.501793 0.0008988
0.279189  0.503609 0.000903423
0.28198  0.505432 0.000908072
0.2848  0.507261 0.00091275
0.287648  0.509097 0.000915787
0.290525  0.51094 0.000918296
0.29343  0.512791 0.000920793
0.296364  0.514648 0.000923278
0.299328  0.516582 0.000925752
0.302321  0.518704 0.000928214
0.305344  0.520835 0.000930663
0.308398  0.522975 0.0009331
0.311482  0.525126 0.000935524
0.314597  0.527286 0.000937934
0.317743  0.529455 0.000940331
0.32092  0.531635 0.000942714
0.324129  0.533824 0.000945082
0.32737  0.536024 0.000947436
0.330644  0.538233 0.000949775
0.333951  0.540452 0.000952099
0.33729  0.542681 0.000954407
0.340663  0.54492 0.0009567
0.34407  0.547169 0.000958976
0.34751  0.549429 0.000961236
0.350985  0.551698 0.000963478
0.354495  0.553978 0.000965704
0.35804  0.556268 0.000967911
0.361621  0.558568 0.000970101
0.365237  0.560878 0.000972272
0.368889  0.563199 0.000974424
0.372578  0.56553 0.000976557
0.376304  0.567871 0.00097867
0.380067  0.570223 0.000980764
0.383868  0.572586 0.000982837
0.387706  0.574959 0.00098489
0.391583  0.577342 0.000986922
0.395499  0.579736 0.000988932
0.399454  0.582141 0.00099092
0.403449  0.584557 0.000992887
0.407483  0.586983 0.000994831
0.411558  0.58942 0.000996752
0.415674  0.591868 0.000998649
0.41983  0.594327 0.00100052
0.424029  0.596796 0.00100237
0.428269  0.599277 0.0010042
0.432552  0.601768 0.001006
0.436877  0.604271 0.00100778
0.441246  0.606784 0.00100953
0.445658  0.609309 0.00101125
0.450115  0.611845 0.00101358
0.454616  0.614392 0.00101632
0.459162  0.616951 0.00101906
0.463754  0.619521 0.0010218
0.468391  0.622102 0.00102454
0.473075  0.62487 0.00102727
0.477806  0.628233 0.00103
0.482584  0.631629 0.00103274
0.48741  0.63506 0.00103546
0.492284  0.638525 0.00103819
0.497207  0.642024 0.00104092
0.502179  0.645559 0.00104365
0.507201  0.649129 0.00104637
0.512273  0.652734 0.00104909
0.517396  0.656376 0.00105181
0.52257  0.660054 0.00105454
0.527795  0.663769 0.00105726
0.533073  0.667521 0.00105998
0.538404  0.671311 0.00106269
0.543788  0.675138 0.00106541
0.549226  0.679004 0.00106813
0.554718  0.682908 0.00107085
0.560265  0.686852 0.00107356
0.565868  0.690835 0.00107628
0.571527  0.694858 0.001079
0.577242  0.698921 0.00108171
0.583014  0.703024 0.00108443
0.588844  0.707169 0.00108715
0.594733  0.711338 0.00108986
0.60068  0.715525 0.00109258
0.606687  0.719833 0.0010953
0.612754  0.724184 0.00109802
0.618881  0.728578 0.00110074
0.62507  0.733016 0.00110347
0.631321  0.737499 0.00110619
0.637634  0.742027 0.00110892
0.644011  0.7466 0.00111165
0.650451  0.751218 0.00111438
0.656955  0.755883 0.00111711
0.663525  0.760595 0.00111984
0.67016  0.765353 0.00112258
0.676862  0.77016 0.00112532
0.68363  0.775014 0.00112807
0.690466  0.779917 0.00113082
0.697371  0.784869 0.00113357
0.704345  0.78987 0.00113632
0.711388  0.794922 0.00113908
0.718502  0.800024 0.00114184
0.725687  0.805177 0.00114461
0.732944  0.810381 0.00114738
0.740273  0.815638 0.00115016
0.747676  0.820947 0.00115295
0.755153  0.825844 0.00115573
0.762705  0.830774 0.00115853
0.770332  0.835754 0.00116133
0.778035  0.840784 0.00116413
0.785815  0.845864 0.00116695
0.793673  0.850995 0.00116977
0.80161  0.856235 0.0011726
0.809626  0.861553 0.00117543
0.817722  0.866923 0.00117827
0.8259  0.872347 0.00118112
0.834159  0.877826 0.00118398
0.8425  0.883359 0.00118685
0.850925  0.888948 0.00118973
0.859435  0.894592 0.00119262
0.868029  0.900293 0.00119552
0.876709  0.906051 0.00119843
0.885476  0.911867 0.00120134
0.894331  0.917741 0.00120427
0.903274  0.923674 0.00120722
0.912307  0.929665 0.00121017
0.92143  0.935717 0.00121314
0.930644  0.94183 0.00121612
0.939951  0.948003 0.00121911
0.94935  0.953278 0.00122212
0.958844  0.958418 0.00122514
0.968432  0.963609 0.00122817
0.978117  0.968852 0.00123122
0.987898  0.974147 0.00123429
0.997777  0.979512 0.00123737
1.00775  0.984972 0.00124047
1.01783  0.990486 0.00124359
1.02801  0.996055 0.00124672
1.03829  1.00168 0.00124987
1.04867  1.00736 0.00125304
1.05916  1.0131 0.00125623
1.06975  1.0189 0.00125944
1.08045  1.02475 0.00126267
1.09125  1.03066 0.00126592
1.10217  1.03663 0.00126919
1.11319  1.04266 0.00127248
1.12432  1.04876 0.00127579
1.13556  1.05491 0.00127912
1.14692  1.06112 0.00128248
1.15839  1.0674 0.00128587
1.16997  1.07374 0.00128928
1.18167  1.08014 0.00129271
1.19349  1.08554 0.00129617
1.20542  1.0906 0.00129965
1.21748  1.09572 0.00130317
1.22965  1.10089 0.00130671
1.24195  1.1061 0.00131027
1.25437  1.11138 0.00131387
1.26691  1.1167 0.0013175
1.27958  1.12207 0.00132116
1.29238  1.12751 0.00132485
1.3053  1.13299 0.00132857
1.31835  1.13853 0.00133232
1.33154  1.14412 0.0013361
1.34485  1.14977 0.00133993
1.3583  1.15548 0.00134378
1.37188  1.16125 0.00134767
1.3856  1.16707 0.0013516
1.39946  1.17295 0.00135556
1.41345  1.17889 0.00135956
1.42759  1.18489 0.0013636
1.44186  1.19095 0.00136768
1.45628  1.19706 0.0013718
1.47085  1.20324 0.00137596
1.48555  1.20949 0.00138016
1.50041  1.21474 0.0013844
1.51541  1.21925 0.00138869
1.53057  1.2238 0.00139302
1.54587  1.2284 0.0013974
1.56133  1.23305 0.00140182
1.57695  1.23774 0.00140628
1.59271  1.24248 0.0014108
1.60864  1.24732 0.00141536
1.62473  1.25221 0.00141997
1.64098  1.25715 0.00142464
1.65739  1.26214 0.00142935
1.67396  1.26718 0.00143411
1.6907  1.27227 0.00143893
1.70761  1.27741 0.0014438
1.72468  1.2826 0.00144873
1.74193  1.28784 0.00145371
1.75935  1.29314 0.00145875
1.77694  1.29848 0.00146384
1.79471  1.30389 0.00146899
1.81266  1.30934 0.0014742
1.83078  1.31485 0.00147947
1.84909  1.32042 0.00148481
1.86758  1.32604 0.0014902
1.88626  1.33072 0.00149566
1.90512  1.33417 0.00150118
1.92417  1.33766 0.00150676
1.94341  1.34118 0.00151241
1.96285  1.34473 0.00151813
1.98248  1.34832 0.00152391
2.0023  1.35198 0.00152976
2.02232  1.3557 0.00153569
2.04255  1.35945 0.00154168
2.06297  1.36325 0.00154774
2.0836  1.36707 0.00155388
2.10444  1.37094 0.00156009
2.12548  1.37485 0.00156638
2.14674  1.37879 0.00157274
2.16821  1.38278 0.00157918
2.18989  1.3868 0.0015857
2.21179  1.39087 0.00159229
2.2339  1.39497 0.00159897
2.25624  1.39912 0.00160572
2.27881  1.40331 0.00161256
2.30159  1.40754 0.00161948
2.32461  1.41181 0.00162648
2.34786  1.41613 0.00163357
2.37134  1.42033 0.00164075
2.39505  1.42423 0.00164801
2.419  1.42818 0.00165536
2.44319  1.43216 0.0016628
2.46762  1.43618 0.00167033
2.4923  1.44024 0.00167796
2.51722  1.44434 0.00168567
2.54239  1.44848 0.00169348
2.56782  1.45267 0.00170138
2.59349  1.45689 0.00170938
2.61943  1.46116 0.00171748
2.64562  1.46547 0.00172567
2.67208  1.46982 0.00173396
2.6988  1.47422 0.00174236
2.72579  1.47866 0.00175085
2.75305  1.48315 0.00175945
2.78058  1.48768 0.00176815
2.80838  1.49225 0.00177696
2.83647  1.49688 0.00178587
2.86483  1.50154 0.00179489
2.89348  1.50626 0.00180402
2.92241  1.51102 0.00181326
2.95164  1.51583 0.00182261
2.98115  1.52037 0.00183207
3.01097  1.52348 0.00184165
3.04108  1.52662 0.00185134
3.07149  1.5298 0.00186115
3.1022  1.53301 0.00187107
3.13322  1.53625 0.00188111
3.16456  1.53952 0.00189128
3.1962  1.54282 0.00190156
3.22816  1.54616 0.00191196
3.26045  1.54953 0.00192249
3.29305  1.55294 0.00193315
3.32598  1.55637 0.00194393
3.35924  1.55985 0.00195484
3.39283  1.56336 0.00196587
3.42676  1.5669 0.00197704
3.46103  1.57048 0.00198833
3.49564  1.57409 0.00199976
3.53059  1.57774 0.00201133
3.5659  1.58143 0.00202303
3.60156  1.58515 0.00203486
3.63758  1.58891 0.00204684
3.67395  1.59271 0.00205895
3.71069  1.59655 0.0020712
3.7478  1.60037 0.0020836
3.78528  1.60287 0.00209614
3.82313  1.6054 0.00210882
3.86136  1.60795 0.00212165
3.89997  1.61052 0.00213463
3.93897  1.61312 0.00214776
3.97836  1.61575 0.00216104
4.01815  1.61844 0.00217448
4.05833  1.62116 0.00218807
4.09891  1.6239 0.00220181
4.1399  1.62667 0.00221572
4.1813  1.62947 0.00222978
4.22311  1.6323 0.002244
4.26534  1.63515 0.00225839
4.308  1.63804 0.00227294
4.35108  1.64095 0.00228766
4.39459  1.64389 0.00230254
4.43853  1.64686 0.0023176
4.48292  1.64986 0.00233283
4.52775  1.65289 0.00234823
4.57303  1.65596 0.0023638
4.61876  1.65905 0.00237956
4.66494  1.66217 0.00239549
4.71159  1.66533 0.0024116
4.75871  1.66731 0.00242789
4.8063  1.66917 0.00244437
4.85436  1.67106 0.00246103
4.9029  1.67296 0.00247788
4.95193  1.67489 0.00249493
5.00145  1.67683 0.00251216
5.05146  1.67879 0.00252959
5.10198  1.68077 0.00254722
5.153  1.68277 0.00256504
5.20453  1.68479 0.00258307
5.25657  1.68683 0.0026013
5.30914  1.6889 0.00261974
5.36223  1.69098 0.00263838
5.41585  1.69308 0.00265724
5.47001  1.69521 0.00267631
5.52471  1.69735 0.00269559
5.57996  1.69952 0.00271509
5.63576  1.70171 0.00273481
5.69212  1.70392 0.00275476
5.74904  1.70615 0.00277493
5.80653  1.7084 0.00279533
5.86459  1.71068 0.00281596
5.92324  1.71298 0.00283682
5.98247  1.71459 0.00285792
6.0423  1.71602 0.00287926
6.10272  1.71746 0.00290084
6.16375  1.71891 0.00292267
6.22538  1.72038 0.00294474
6.28764  1.72186 0.00296707
6.35051  1.72335 0.00298964
6.41402  1.72487 0.00301248
6.47816  1.72639 0.00303557
6.54294  1.72794 0.00305892
6.60837  1.72949 0.00308254
6.67445  1.73107 0.00310643
6.7412  1.73266 0.00313059
6.80861  1.73426 0.00315503
6.8767  1.73588 0.00317974
6.94546  1.73752 0.00320474
7.01492  1.73917 0.00323002
7.08507  1.74084 0.00325559
7.15592  1.74253 0.00328145
7.22748  1.74423 0.00330761
7.29975  1.74596 0.00333407
7.37275  1.74769 0.00336084
7.44648  1.74945 0.00338791
7.52094  1.75045 0.0034153
7.59615  1.751 0.003443
7.67211  1.75156 0.00347102
7.74883  1.75212 0.00349936
7.82632  1.75268 0.00352804
7.90459  1.75325 0.00355705
7.98363  1.75383 0.00358639
8.06347  1.75443 0.00361608
8.1441  1.75504 0.00364612
8.22554  1.75565 0.00367651
8.3078  1.75627 0.00370725
8.39088  1.75689 0.00373836
8.47479  1.75752 0.00376984
8.55953  1.75816 0.00380168
8.64513  1.7588 0.0038339
8.73158  1.75945 0.00386651
8.8189  1.76011 0.00389949
8.90709  1.76077 0.00393287
8.99616  1.76144 0.00396664
9.08612  1.76211 0.00400082
9.17698  1.7628 0.00403539
9.26875  1.76349 0.00407038
9.36144  1.76418 0.00410578
9.45505  1.76433 0.0041416
9.5496  1.76388 0.00417784
9.6451  1.76342 0.00421451
9.74155  1.76297 0.00425161
9.83896  1.7625 0.00428916
9.93735  1.76204 0.00432714
10.0367  1.76158 0.00436558
10.1371  1.76111 0.00440446
10.2385  1.76064 0.0044438
10.3409  1.76017 0.00448361
10.4443  1.75969 0.00452388
10.5487  1.75921 0.00456462
10.6542  1.75872 0.00460584
10.7607  1.75822 0.00464754
10.8683  1.75772 0.00468973
10.977  1.75722 0.00473242
11.0868  1.75671 0.00477561
11.1977  1.7562 0.00481932
11.3096  1.75568 0.00486354
11.4227  1.75516 0.0049083
11.537  1.75463 0.00495359
11.6523  1.75409 0.00499943
11.7689  1.75355 0.00504582
11.8865  1.75272 0.00509277
12.0054  1.75133 0.0051403
12.1255  1.74993 0.0051884
12.2467  1.74852 0.0052371
12.3692  1.74709 0.00528639
12.4929  1.74565 0.0053363
12.6178  1.7442 0.00538684
12.744  1.74273 0.005438
12.8714  1.74124 0.00548981
13.0001  1.73974 0.00554228
13.1301  1.73823 0.00559542
13.2614  1.7367 0.00564924
13.3941  1.73516 0.00570375
13.528  1.7336 0.00575896
13.6633  1.73202 0.0058149
13.7999  1.73043 0.00587157
13.9379  1.72882 0.00592898
14.0773  1.7272 0.00598715
14.2181  1.72556 0.0060461
14.3602  1.7239 0.00610584
14.5038  1.72223 0.00616639
14.6489  1.72054 0.00622776
14.7954  1.71884 0.00628996
14.9433  1.71698 0.00635302
15.0928  1.71462 0.00641694
15.2437  1.71223 0.00648175
15.3961  1.70982 0.00654746
15.5501  1.70738 0.00661408
15.7056  1.70492 0.00668162
15.8626  1.70244 0.0067501
16.0213  1.69993 0.00681953
16.1815  1.69741 0.00688993
16.3433  1.69486 0.00696131
16.5067  1.69228 0.00703369
16.6718  1.68968 0.00710708
16.8385  1.68705 0.0071815
17.0069  1.6844 0.00725696
17.177  1.68171 0.00733348
17.3487  1.67901 0.00741107
17.5222  1.67627 0.00748974
17.6974  1.67351 0.00756951
17.8744  1.67072 0.0076504
18.0532  1.6679 0.00773242
18.2337  1.66506 0.00781558
18.416  1.66218 0.00789991
18.6002  1.65928 0.00798541
18.7862  1.65634 0.0080721
18.9741  1.65318 0.00816
19.1638  1.65 0.00824912
19.3554  1.64678 0.00833949
19.549  1.64353 0.00843113
19.7445  1.64025 0.00852406
19.9419  1.63693 0.00861829
20.1413  1.6336 0.00871386
20.3427  1.63022 0.00881079
20.5462  1.62682 0.00890908
20.7516  1.62338 0.00900878
20.9592  1.6199 0.00910991
21.1687  1.61639 0.00921248
21.3804  1.61285 0.00931653
21.5942  1.60927 0.00942207
21.8102  1.60565 0.00952912
22.0283  1.602 0.00963773
22.2486  1.59831 0.0097479
22.4711  1.59459 0.00985966
22.6958  1.59083 0.00997303
22.9227  1.58703 0.0100881
23.1519  1.58319 0.0102047
23.3835  1.57931 0.0103231
23.6173  1.5754 0.0104432
23.8535  1.57153 0.0105651
24.092  1.56764 0.0106887
24.3329  1.56371 0.0108141
24.5763  1.55973 0.0109413
24.822  1.55572 0.0110705
25.0702  1.55167 0.0112014
25.3209  1.54757 0.0113344
25.5742  1.54344 0.0114692
25.8299  1.53926 0.011606
26.0882  1.53505 0.0117449
26.3491  1.53079 0.0118857
26.6126  1.52649 0.0120287
26.8787  1.52214 0.0121737
27.1475  1.51775 0.0123209
27.419  1.51332 0.0124703
27.6931  1.50884 0.0126218
27.9701  1.50432 0.0127757
28.2498  1.49975 0.0129318
28.5323  1.49514 0.0130903
28.8176  1.49048 0.0132511
29.1058  1.48578 0.0134144
29.3968  1.48102 0.0135801
29.6908  1.47622 0.0137484
29.9877  1.4717 0.0139192
30.2876  1.46721 0.0140927
30.5905  1.46268 0.0142688
30.8964  1.45811 0.0144475
31.2053  1.45349 0.014629
31.5174  1.44882 0.0148132
31.8326  1.4441 0.0150002
32.1509  1.43934 0.01519
32.4724  1.43454 0.0153827
32.7971  1.42968 0.0155782
33.1251  1.42477 0.0157767
33.4563  1.41982 0.0159781
33.7909  1.41482 0.0161826
34.1288  1.40976 0.01639
34.4701  1.40466 0.0166007
34.8148  1.3995 0.0168145
35.1629  1.3943 0.0170316
35.5146  1.38904 0.0172521
35.8697  1.38373 0.0174761
36.2284  1.37836 0.0177037
36.5907  1.37294 0.0179349
36.9566  1.36747 0.0181698
37.3262  1.36194 0.0184086
37.6994  1.35688 0.0186513
38.0764  1.4502 0.018898
38.4572  1.44278 0.0191489
38.8418  1.43533 0.0194039
39.2302  1.42785 0.0196633
39.6225  1.42035 0.0199269
40.0187  1.41283 0.020195
40.4189  1.40529 0.0204675
40.8231  1.39774 0.0207446
41.2313  1.39017 0.0210264
41.6436  1.38259 0.021313
42.0601  1.375 0.0216043
42.4807  1.3674 0.0219006
42.9055  1.35979 0.0222019
43.3345  1.35219 0.0225082
43.7679  1.34458 0.0228195
44.2056  1.33697 0.0231359
44.6476  1.32942 0.0234574
45.0941  1.32191 0.0237841
45.545  1.31442 0.0241159
46.0005  1.30686 0.0244529
46.4605  1.2991 0.0247952
46.9251  1.29134 0.0251427
47.3943  1.2836 0.0254955
47.8683  1.27588 0.0258536
48.347  1.26816 0.0262171
48.8304  1.26047 0.0265862
49.3187  1.25279 0.0269609
49.8119  1.24512 0.0273415
50.31  1.23748 0.027728
50.8131  1.22986 0.0281206
51.3213  1.22226 0.0285195
51.8345  1.21468 0.0289247
52.3528  1.20777 0.0293365
52.8764  1.20103 0.029755
53.4051  1.19429 0.0301803
53.9392  1.1876 0.0306126
54.4786  1.18089 0.031052
55.0234  1.17418 0.0314986
55.5736  1.16745 0.0319524
56.1293  1.16071 0.0324137
56.6906  1.15396 0.0328825
57.2575  1.14722 0.0333588
57.8301  1.14047 0.0338429
58.4084  1.13373 0.0343348
58.9925  1.127 0.0348347
59.5824  1.12027 0.0353426
60.1782  1.11354 0.0358586
60.78  1.10683 0.036383
61.3878  1.10013 0.0369158
62.0017  1.09344 0.0374572
62.6217  1.08678 0.0380074
63.2479  1.08016 0.0385665
63.8804  1.07355 0.0391348
64.5192  1.06694 0.0397123
65.1644  1.06031 0.0402993
65.816  1.0537 0.0408959
66.4742  1.0471 0.0415023
67.1389  1.04052 0.0421187
67.8103  1.03396 0.0427453
68.4884  1.02742 0.0433822
69.1733  1.02089 0.0440297
69.8651  1.01435 0.0446879
70.5637  1.00784 0.045357
71.2693  1.00135 0.0460372
71.982  0.994922 0.0467287
72.7019  0.98852 0.0474316
73.4289  0.982142 0.0481463
74.1632  0.975789 0.0488728
74.9048  0.969461 0.0496113
75.6538  0.963159 0.0503622
76.4104  0.956883 0.0511256
77.1745  0.950634 0.0519017
77.9462  0.944412 0.0526907
78.7257  0.938184 0.053493
79.513  0.931965 0.0543086
80.3081  0.925777 0.0551379
81.1112  0.919618 0.0559811
81.9223  0.91332 0.0568385
82.7415  0.906981 0.0577103
83.5689  0.900685 0.0585967
84.4046  0.894429 0.059498
85.2486  0.888214 0.0604146
86.1011  0.88204 0.0613466
86.9621  0.875907 0.0622943
87.8318  0.869814 0.063258
88.7101  0.863761 0.0642381
89.5972  0.857766 0.0652347
90.4932  0.851827 0.0662482
91.3981  0.845927 0.0672789
92.3121  0.840053 0.0683271
93.2352  0.834155 0.0693931
94.1675  0.828296 0.0704773
95.1092  0.822476 0.0715799
96.0603  0.816694 0.0727013
97.0209  0.810951 0.0738418
97.9911  0.805246 0.0750017
98.971  0.799579 0.0761815
99.9607  0.793951 0.0773814
100.96  0.788361 0.0786019
101.97  0.782808 0.0798433
102.99  0.777293 0.0811059
104.02  0.771814 0.0823901
105.06  0.766372 0.0836964
106.11  0.760966 0.0850251
107.171  0.755598 0.0863767
108.243  0.750282 0.0877514
109.326  0.745002 0.0891498
110.419  0.739757 0.0905723
111.523  0.734547 0.0920192
112.638  0.729372 0.0934909
113.765  0.724231 0.0949881
114.902  0.719125 0.0965109
116.051  0.714054 0.09806
117.212  0.709016 0.0996357
118.384  0.704012 0.101239
119.568  0.699042 0.102869
120.763  0.694106 0.104528
121.971  0.689203 0.106215
123.191  0.684334 0.107931
124.423  0.679497 0.109677
125.667  0.674695 0.111453
126.924  0.66993 0.11326
128.193  0.665198 0.115098
129.475  0.660496 0.116967
130.77  0.655827 0.11887
132.077  0.651189 0.120805
133.398  0.646581 0.122773
134.732  0.642007 0.124776
136.079  0.637465 0.126814
137.44  0.632954 0.128887
138.814  0.628471 0.130997
140.203  0.623944 0.133143
141.605  0.619447 0.135326
143.021  0.614981 0.137547
144.451  0.610544 0.139808
145.895  0.606176 0.142107
147.354  0.601918 0.144448
148.828  0.597683 0.146829
150.316  0.593471 0.149251
151.819  0.589283 0.151716
153.338  0.585118 0.154225
154.871  0.580976 0.156777
156.42  0.576858 0.159374
157.984  0.572763 0.162017
159.564  0.568692 0.164706
161.159  0.564646 0.167443
162.771  0.560624 0.170228
164.399  0.556625 0.173061
166.043  0.55265 0.175944
167.703  0.548698 0.178879
169.38  0.54477 0.181864
171.074  0.540866 0.184903
172.785  0.536985 0.187995
174.512  0.533127 0.191141
176.258  0.529293 0.194343
178.02  0.525483 0.197601
179.8  0.521696 0.200917
181.598  0.517935 0.204291
183.414  0.514198 0.207725
185.248  0.510484 0.21122
187.101  0.506793 0.214776
188.972  0.503125 0.218395
190.862  0.499481 0.222078
192.77  0.495859 0.225827
194.698  0.49226 0.229641
196.645  0.488684 0.233523
198.611  0.485131 0.237474
200.598  0.481601 0.241494
202.604  0.478095 0.245586
204.63  0.474611 0.249749
206.676  0.47115 0.253987
208.743  0.467711 0.258299
210.83  0.464294 0.262688
212.938  0.4609 0.267154
215.068  0.457528 0.271699
217.218  0.454178 0.276325
219.391  0.45085 0.281033
221.584  0.447544 0.285824
223.8  0.44426 0.290701
226.038  0.440998 0.295665
228.299  0.437758 0.300717
230.582  0.434539 0.30586
232.888  0.431342 0.311095
235.216  0.42802 0.316423
237.569  0.424705 0.321848
239.944  0.421413 0.32737
242.344  0.418143 0.332992
244.767  0.414896 0.338715
247.215  0.411671 0.344541
249.687  0.408469 0.350473
252.184  0.405289 0.356512
254.706  0.402131 0.362661
257.253  0.398995 0.368922
259.825  0.395881 0.375297
262.423  0.392789 0.381788
265.048  0.389719 0.388397
267.698  0.38667 0.395127
270.375  0.383643 0.401981
273.079  0.38063 0.408959
275.81  0.377634 0.416066
278.568  0.374659 0.423302
281.354  0.371705 0.430671
284.167  0.368772 0.438175
287.009  0.36586 0.445816
289.879  0.362969 0.453597
292.778  0.360099 0.46152
295.705  0.357249 0.469589
298.662  0.35442 0.477805
301.649  0.351613 0.486172
304.666  0.348825 0.494692
307.712  0.346058 0.503367
310.789  0.343311 0.5122
313.897  0.340584 0.521194
317.036  0.337877 0.530351
320.207  0.33519 0.539674
323.409  0.332522 0.549166
326.643  0.329874 0.558829
329.909  0.32731 0.568666
333.208  0.324929 0.57868
336.54  0.322566 0.588874
339.906  0.320216 0.59925
343.305  0.317881 0.609811
346.738  0.315559 0.620561
350.205  0.313252 0.631503
353.707  0.310958 0.642639
357.244  0.308679 0.653972
360.817  0.306413 0.665507
364.425  0.304161 0.677245
368.069  0.301924 0.68919
371.75  0.2997 0.701345
375.467  0.297489 0.713714
379.222  0.295293 0.7263
383.014  0.29311 0.739107
386.844  0.290942 0.752139
390.713  0.288787 0.7654
394.62  0.286646 0.778895
398.566  0.284519 0.792628
402.552  0.282406 0.806604
406.577  0.280307 0.820827
410.643  0.278222 0.835302
414.75  0.27615 0.850034
418.897  0.274092 0.865029
423.086  0.272048 0.88029
427.317  0.270018 0.895823
431.59  0.268001 0.911634
435.906  0.265998 0.927726
440.265  0.264008 0.944105
444.668  0.262032 0.960776
449.114  0.260069 0.977743
453.605  0.258119 0.995013
458.142  0.256182 1.01259
462.723  0.254253 1.03048
467.35  0.252335 1.04869
472.024  0.25043 1.06722
476.744  0.248538 1.08608
481.511  0.24666 1.10528
486.326  0.244795 1.12482
491.19  0.242943 1.14471
496.102  0.241105 1.16495
501.063  0.239279 1.18555
506.073  0.237467 1.20652
511.134  0.235667 1.22786
516.245  0.233881 1.24959
521.408  0.232107 1.2717
526.622  0.230347 1.2942
531.888  0.228599 1.31711
537.207  0.226863 1.34043
542.579  0.225141 1.36416
548.005  0.223431 1.38832
553.485  0.221734 1.41291
559.02  0.220049 1.43793
564.61  0.218377 1.46341
570.256  0.216717 1.48934
575.959  0.215069 1.51573
581.718  0.213433 1.5426
587.535  0.21181 1.56994
593.411  0.210199 1.59777
599.345  0.2086 1.6261
605.338  0.207013 1.65493
611.392  0.205438 1.68428
617.506  0.203875 1.71415
623.681  0.202324 1.74455
629.917  0.200784 1.7755
636.217  0.199256 1.807
642.579  0.197739 1.83906
649.005  0.196234 1.8717
655.495  0.194739 1.90492
662.05  0.193252 1.93873
668.67  0.191776 1.97314
675.357  0.190312 2.00817
682.11  0.188859 2.04382
688.931  0.187416 2.08012
695.821  0.185985 2.11705
702.779  0.184564 2.15465
709.807  0.183155 2.19292
716.905  0.181755 2.23188
724.074  0.180367 2.27153
731.315  0.178989 2.31188
738.628  0.177622 2.35296
746.014  0.176265 2.39477
753.474  0.174918 2.43733
761.009  0.173582 2.48065
768.619  0.172256 2.52474
776.305  0.17094 2.56962
784.068  0.169634 2.6153
791.909  0.168339 2.66179
799.828  0.167053 2.70911
807.826  0.165778 2.75728
815.905  0.164513 2.8063
824.064  0.163258 2.8562
832.304  0.162013 2.90699
840.627  0.160777 2.95868
849.034  0.159551 3.0113
857.524  0.158335 3.06485
866.099  0.157129 3.11936
874.76  0.155932 3.17483
883.508  0.154745 3.2313
892.343  0.153567 3.28876
901.266  0.152398 3.34726
910.279  0.151239 3.40679
919.382  0.15009 3.46738
928.575  0.148949 3.52905
937.861  0.147818 3.59182
947.24  0.146696 3.65571
956.712  0.145583 3.72073
966.279  0.144477 3.78691
975.942  0.14338 3.85426
985.702  0.142292 3.92281
995.559  0.141212 3.99258
