0.001  0.00010093 0.134005
0.00101  0.000101066 0.134673
0.0010201  0.000101193 0.135345
0.0010303  0.00010131 0.13602
0.0010406  0.000101427 0.136698
0.00105101  0.000101545 0.13738
0.00106152  0.000101665 0.138065
0.00107214  0.000101785 0.138754
0.00108286  0.000101905 0.139446
0.00109369  0.000102027 0.140141
0.00110462  0.000102149 0.14084
0.00111567  0.000102273 0.141543
0.00112683  0.000102397 0.142249
0.00113809  0.000102522 0.142958
0.00114947  0.000102647 0.143671
0.00116097  0.000102774 0.144388
0.00117258  0.000102902 0.145108
0.0011843  0.00010303 0.145832
0.00119615  0.000103152 0.146559
0.00120811  0.000103268 0.14729
0.00122019  0.000103386 0.148025
0.00123239  0.000103504 0.148763
0.00124472  0.000103622 0.149505
0.00125716  0.000103742 0.15025
0.00126973  0.000103862 0.151
0.00128243  0.000103978 0.151753
0.00129526  0.000104089 0.15251
0.00130821  0.000104201 0.153271
0.00132129  0.000104314 0.154035
0.0013345  0.000104427 0.154803
0.00134785  0.000104535 0.155575
0.00136133  0.000104636 0.156351
0.00137494  0.000104738 0.157131
0.00138869  0.000104841 0.157915
0.00140258  0.000104944 0.158702
0.0014166  0.000105048 0.159494
0.00143077  0.000105153 0.160289
0.00144508  0.000105258 0.161089
0.00145953  0.000105363 0.161892
0.00147412  0.00010547 0.1627
0.00148886  0.000105577 0.163511
0.00150375  0.000105684 0.164327
0.00151879  0.000105792 0.165146
0.00153398  0.000105901 0.16597
0.00154932  0.000106011 0.166798
0.00156481  0.000106121 0.16763
0.00158046  0.000106231 0.168466
0.00159626  0.000106343 0.169306
0.00161223  0.000106454 0.17015
0.00162835  0.000106567 0.170999
0.00164463  0.00010668 0.171852
0.00166108  0.000106794 0.172709
0.00167769  0.000106909 0.17357
0.00169447  0.000107024 0.174436
0.00171141  0.00010714 0.175306
0.00172852  0.000107257 0.176181
0.00174581  0.000107374 0.177059
0.00176327  0.000107492 0.177942
0.0017809  0.00010761 0.17883
0.00179871  0.000107719 0.179722
0.0018167  0.000107825 0.180618
0.00183486  0.000107931 0.181519
0.00185321  0.000108038 0.182424
0.00187174  0.000108146 0.183334
0.00189046  0.000108254 0.184241
0.00190937  0.000108363 0.185129
0.00192846  0.000108464 0.186028
0.00194774  0.000108563 0.186938
0.00196722  0.000108662 0.18786
0.00198689  0.000108762 0.188792
0.00200676  0.000108863 0.189735
0.00202683  0.000108955 0.190689
0.0020471  0.000109046 0.191653
0.00206757  0.000109137 0.192627
0.00208825  0.000109229 0.193611
0.00210913  0.00010932 0.194606
0.00213022  0.000109413 0.195577
0.00215152  0.000109505 0.19654
0.00217304  0.000109598 0.197511
0.00219477  0.000109691 0.198491
0.00221672  0.000109785 0.199479
0.00223888  0.000109879 0.200475
0.00226127  0.000109974 0.201478
0.00228388  0.000110069 0.202489
0.00230672  0.000110164 0.203506
0.00232979  0.000110259 0.204529
0.00235309  0.000110356 0.205557
0.00237662  0.000110452 0.206591
0.00240038  0.00011054 0.207622
0.00242439  0.000110627 0.208658
0.00244863  0.000110714 0.209699
0.00247312  0.000110802 0.210745
0.00249785  0.00011089 0.211796
0.00252283  0.000110978 0.212852
0.00254806  0.000111067 0.213914
0.00257354  0.000111149 0.21498
0.00259927  0.00011123 0.216052
0.00262527  0.000111312 0.217129
0.00265152  0.000111393 0.218212
0.00267803  0.000111475 0.219299
0.00270481  0.000111554 0.220393
0.00273186  0.000111632 0.221491
0.00275918  0.00011171 0.222596
0.00278677  0.000111788 0.223706
0.00281464  0.000111866 0.224822
0.00284279  0.000111945 0.225943
0.00287121  0.000112024 0.22707
0.00289993  0.000112103 0.228203
0.00292893  0.000112182 0.229342
0.00295822  0.000112261 0.230486
0.0029878  0.000112341 0.231636
0.00301768  0.00011242 0.232791
0.00304785  0.0001125 0.233952
0.00307833  0.00011258 0.235119
0.00310911  0.00011266 0.236292
0.0031402  0.00011274 0.237471
0.00317161  0.00011282 0.238655
0.00320332  0.000112901 0.239845
0.00323536  0.000112981 0.241041
0.00326771  0.000113062 0.242243
0.00330039  0.000113143 0.243451
0.00333339  0.000113224 0.244665
0.00336672  0.000113304 0.245886
0.00340039  0.000113385 0.247112
0.0034344  0.000113465 0.248344
0.00346874  0.000113546 0.249583
0.00350343  0.000113626 0.250828
0.00353846  0.000113707 0.252079
0.00357385  0.000113787 0.253336
0.00360958  0.000113859 0.2546
0.00364568  0.000113932 0.255869
0.00368214  0.000114005 0.257146
0.00371896  0.000114078 0.258428
0.00375615  0.000114151 0.259717
0.00379371  0.000114224 0.261012
0.00383165  0.000114296 0.262314
0.00386996  0.000114362 0.263622
0.00390866  0.000114429 0.264937
0.00394775  0.000114496 0.266259
0.00398723  0.000114562 0.267587
0.0040271  0.000114628 0.268921
0.00406737  0.000114696 0.270262
0.00410804  0.000114763 0.27161
0.00414912  0.00011483 0.272965
0.00419062  0.000114897 0.274326
0.00423252  0.000114964 0.275694
0.00427485  0.00011503 0.277069
0.0043176  0.000115097 0.278451
0.00436077  0.000115163 0.27984
0.00440438  0.00011523 0.281236
0.00444842  0.000115296 0.282639
0.00449291  0.000115362 0.284048
0.00453784  0.000115429 0.285465
0.00458321  0.000115494 0.286889
0.00462905  0.00011556 0.288319
0.00467534  0.000115626 0.289757
0.00472209  0.000115691 0.291203
0.00476931  0.000115756 0.292655
0.004817  0.000115818 0.294115
0.00486517  0.00011588 0.295581
0.00491383  0.000115941 0.297056
0.00496296  0.000116003 0.298537
0.00501259  0.000116064 0.300026
0.00506272  0.000116125 0.301523
0.00511335  0.000116185 0.303026
0.00516448  0.000116242 0.304538
0.00521613  0.0001163 0.306057
0.00526829  0.000116357 0.307583
0.00532097  0.000116414 0.309117
0.00537418  0.000116472 0.310659
0.00542792  0.000116534 0.312208
0.0054822  0.000116596 0.313765
0.00553702  0.000116658 0.31533
0.00559239  0.000116719 0.316903
0.00564832  0.00011678 0.318484
0.0057048  0.000116841 0.320072
0.00576185  0.000116901 0.321668
0.00581947  0.000116961 0.323273
0.00587766  0.000117021 0.324885
0.00593644  0.000117081 0.326505
0.0059958  0.000117139 0.328134
0.00605576  0.000117198 0.32977
0.00611632  0.000117255 0.331415
0.00617748  0.000117313 0.333068
0.00623926  0.00011737 0.334729
0.00630165  0.000117427 0.336399
0.00636466  0.000117483 0.338076
0.00642831  0.000117539 0.339762
0.00649259  0.000117594 0.341457
0.00655752  0.000117649 0.34316
0.0066231  0.000117703 0.344871
0.00668933  0.000117757 0.346591
0.00675622  0.00011782 0.34832
0.00682378  0.000117885 0.350057
0.00689202  0.000117949 0.351803
0.00696094  0.000118014 0.353558
0.00703055  0.000118078 0.355321
0.00710085  0.000118141 0.357094
0.00717186  0.000118205 0.358875
0.00724358  0.000118268 0.360664
0.00731602  0.000118332 0.362463
0.00738918  0.000118395 0.364271
0.00746307  0.000118457 0.366088
0.0075377  0.000118519 0.367914
0.00761308  0.000118581 0.369748
0.00768921  0.000118642 0.371593
0.0077661  0.000118704 0.373446
0.00784376  0.000118765 0.375309
0.0079222  0.000118825 0.37718
0.00800142  0.000118885 0.379062
0.00808144  0.000118945 0.380952
0.00816225  0.000119004 0.382852
0.00824387  0.000119063 0.384762
0.00832631  0.000119121 0.386681
0.00840957  0.000119179 0.388609
0.00849367  0.000119236 0.390547
0.00857861  0.000119293 0.392495
0.00866439  0.000119349 0.394453
0.00875104  0.000119405 0.39642
0.00883855  0.00011946 0.398397
0.00892693  0.000119514 0.400384
0.0090162  0.000119568 0.402381
0.00910636  0.000119622 0.404388
0.00919743  0.000119675 0.406405
0.0092894  0.000119727 0.408432
0.0093823  0.000119779 0.410469
0.00947612  0.00011983 0.412516
0.00957088  0.000119882 0.414573
0.00966659  0.000119936 0.416641
0.00976325  0.00011999 0.418719
0.00986089  0.000120042 0.420808
0.0099595  0.000120095 0.422906
0.0100591  0.000120147 0.425016
0.0101597  0.000120218 0.427135
0.0102613  0.000120291 0.429266
0.0103639  0.000120365 0.431407
0.0104675  0.000120439 0.433558
0.0105722  0.000120512 0.435721
0.0106779  0.000120584 0.437894
0.0107847  0.000120656 0.440078
0.0108926  0.000120728 0.442273
0.0110015  0.000120799 0.444479
0.0111115  0.000120869 0.446695
0.0112226  0.000120939 0.448923
0.0113348  0.000121009 0.451162
0.0114482  0.000121078 0.453413
0.0115627  0.000121146 0.455674
0.0116783  0.000121214 0.457947
0.0117951  0.000121281 0.46023
0.011913  0.000121349 0.462526
0.0120322  0.000121424 0.464833
0.0121525  0.000121498 0.467151
0.012274  0.000121572 0.469481
0.0123967  0.000121645 0.471823
0.0125207  0.000121718 0.474176
0.0126459  0.00012179 0.476541
0.0127724  0.000121862 0.478918
0.0129001  0.00012194 0.481306
0.0130291  0.000122017 0.483707
0.0131594  0.000122094 0.486119
0.013291  0.00012217 0.488544
0.0134239  0.000122248 0.49098
0.0135581  0.00012235 0.493429
0.0136937  0.000122452 0.49589
0.0138307  0.000122554 0.498363
0.013969  0.000122655 0.500849
0.0141086  0.000122756 0.503347
0.0142497  0.000122856 0.505857
0.0143922  0.000122956 0.50838
0.0145362  0.000123056 0.510916
0.0146815  0.000123155 0.513464
0.0148283  0.000123254 0.516025
0.0149766  0.000123352 0.518599
0.0151264  0.00012345 0.521185
0.0152776  0.000123547 0.523785
0.0154304  0.000123644 0.526397
0.0155847  0.000123741 0.529022
0.0157406  0.000123837 0.531661
0.015898  0.000123932 0.534313
0.016057  0.000124027 0.536978
0.0162175  0.000124121 0.539656
0.0163797  0.000124215 0.542347
0.0165435  0.000124308 0.545052
0.0167089  0.000124401 0.54777
0.016876  0.000124493 0.550502
0.0170448  0.000124584 0.553248
0.0172152  0.000124675 0.556008
0.0173874  0.000124765 0.558781
0.0175613  0.000124855 0.561568
0.0177369  0.000124944 0.564369
0.0179142  0.000125038 0.567183
0.0180934  0.000125141 0.570012
0.0182743  0.000125244 0.572855
0.0184571  0.000125346 0.575712
0.0186416  0.000125448 0.578583
0.018828  0.000125549 0.581469
0.0190163  0.00012565 0.584369
0.0192065  0.000125754 0.587284
0.0193986  0.000125866 0.590213
0.0195925  0.000125977 0.593157
0.0197885  0.000126087 0.596115
0.0199864  0.000126197 0.599088
0.0201862  0.000126318 0.602076
0.0203881  0.00012646 0.605079
0.020592  0.000126602 0.608097
0.0207979  0.000126743 0.61113
0.0210059  0.000126884 0.614178
0.0212159  0.000127025 0.617241
0.0214281  0.000127165 0.620319
0.0216424  0.000127305 0.623413
0.0218588  0.000127445 0.626523
0.0220774  0.000127584 0.629647
0.0222981  0.000127723 0.632788
0.0225211  0.000127862 0.635944
0.0227463  0.000128001 0.639116
0.0229738  0.000128139 0.642303
0.0232035  0.000128276 0.645507
0.0234356  0.000128413 0.648726
0.0236699  0.00012855 0.651962
0.0239066  0.000128696 0.655213
0.0241457  0.000128853 0.658481
0.0243871  0.000129009 0.661765
0.024631  0.000129165 0.665066
0.0248773  0.000129321 0.668383
0.0251261  0.000129477 0.671717
0.0253774  0.000129632 0.675067
0.0256311  0.000129794 0.678434
0.0258874  0.000129965 0.681817
0.0261463  0.000130135 0.685218
0.0264078  0.000130306 0.688635
0.0266719  0.000130476 0.69207
0.0269386  0.000130658 0.695522
0.027208  0.000130854 0.698991
0.02748  0.00013105 0.702477
0.0277548  0.000131247 0.705981
0.0280324  0.000131443 0.709502
0.0283127  0.000131639 0.713041
0.0285958  0.000131836 0.716597
0.0288818  0.000132032 0.720171
0.0291706  0.000132228 0.723763
0.0294623  0.000132425 0.727372
0.029757  0.000132621 0.731
0.0300545  0.000132817 0.734646
0.0303551  0.000133013 0.73831
0.0306586  0.000133209 0.741992
0.0309652  0.000133405 0.745693
0.0312749  0.0001336 0.749412
0.0315876  0.000133796 0.75315
0.0319035  0.000133992 0.756907
0.0322225  0.000134187 0.760682
0.0325447  0.000134382 0.764475
0.0328702  0.000134577 0.768288
0.0331989  0.000134772 0.77212
0.0335309  0.000134967 0.775971
0.0338662  0.000135183 0.779841
0.0342049  0.000135399 0.783731
0.0345469  0.000135615 0.78764
0.0348924  0.000135831 0.791568
0.0352413  0.000136046 0.795516
0.0355937  0.000136262 0.799484
0.0359496  0.000136496 0.803471
0.0363091  0.000136736 0.807478
0.0366722  0.000136977 0.811506
0.037039  0.000137218 0.815553
0.0374093  0.00013746 0.819621
0.0377834  0.000137701 0.823708
0.0381613  0.000137942 0.827817
0.0385429  0.000138198 0.831946
0.0389283  0.000138459 0.836095
0.0393176  0.00013872 0.840265
0.0397108  0.000138982 0.844456
0.0401079  0.000139244 0.848668
0.040509  0.000139523 0.852901
0.040914  0.00013981 0.857154
0.0413232  0.000140096 0.861429
0.0417364  0.000140384 0.865726
0.0421538  0.000140672 0.870043
0.0425753  0.00014096 0.874383
0.0430011  0.000141249 0.878744
0.0434311  0.000141538 0.883127
0.0438654  0.000141828 0.887531
0.044304  0.000142118 0.891958
0.0447471  0.000142409 0.896407
0.0451946  0.0001427 0.900878
0.0456465  0.000142991 0.905371
0.046103  0.000143283 0.909886
0.046564  0.000143575 0.914424
0.0470296  0.000143868 0.918985
0.0474999  0.000144161 0.923568
0.0479749  0.000144471 0.928175
0.0484547  0.000144785 0.932804
0.0489392  0.000145099 0.937457
0.0494286  0.000145414 0.942132
0.0499229  0.00014573 0.946831
0.0504221  0.000146046 0.951554
0.0509264  0.000146363 0.956299
0.0514356  0.000146693 0.961069
0.05195  0.000147026 0.965862
0.0524695  0.00014736 0.970679
0.0529942  0.000147695 0.975521
0.0535241  0.00014803 0.980386
0.0540594  0.000148387 0.985276
0.0546  0.00014875 0.99019
0.055146  0.000149115 0.995129
0.0556974  0.00014948 1.00009
0.0562544  0.000149846 1.00508
0.0568169  0.000150213 1.01009
0.0573851  0.00015058 1.01513
0.0579589  0.000150949 1.02019
0.0585385  0.000151318 1.02528
0.0591239  0.000151689 1.0304
0.0597152  0.000152066 1.03553
0.0603123  0.000152454 1.0407
0.0609154  0.000152844 1.04589
0.0615246  0.000153234 1.05111
0.0621398  0.000153625 1.05635
0.0627612  0.000154017 1.06162
0.0633888  0.00015441 1.06691
0.0640227  0.000154809 1.07223
0.064663  0.000155217 1.07758
0.0653096  0.000155626 1.08296
0.0659627  0.000156035 1.08836
0.0666223  0.000156446 1.09379
0.0672885  0.000156869 1.09924
0.0679614  0.000157312 1.10472
0.068641  0.000157756 1.11023
0.0693275  0.000158202 1.11577
0.0700207  0.000158649 1.12134
0.0707209  0.000159097 1.12693
0.0714281  0.000159548 1.13255
0.0721424  0.000160017 1.1382
0.0728638  0.000160488 1.14387
0.0735925  0.00016096 1.14958
0.0743284  0.000161434 1.15531
0.0750717  0.000161909 1.16107
0.0758224  0.000162386 1.16687
0.0765806  0.000162865 1.17269
0.0773464  0.000163359 1.17853
0.0781199  0.000163854 1.18441
0.0789011  0.000164351 1.19032
0.0796901  0.00016485 1.19626
0.080487  0.00016535 1.20222
0.0812919  0.000165853 1.20822
0.0821048  0.000166356 1.21424
0.0829259  0.000166862 1.2203
0.0837551  0.000167369 1.22639
0.0845927  0.000167878 1.2325
0.0854386  0.000168388 1.23865
0.086293  0.0001689 1.24483
0.0871559  0.000169414 1.25104
0.0880275  0.000169929 1.25728
0.0889077  0.000170447 1.26355
0.0897968  0.000170965 1.26985
0.0906948  0.000171486 1.27618
0.0916017  0.000172008 1.28255
0.0925178  0.000172532 1.28895
0.0934429  0.000173057 1.29537
0.0943774  0.000173584 1.30183
0.0953211  0.000174116 1.30833
0.0962743  0.000174667 1.31485
0.0972371  0.000175219 1.32141
0.0982095  0.000175774 1.328
0.0991916  0.00017633 1.33462
0.100183  0.000176888 1.34128
0.101185  0.000177476 1.34797
0.102197  0.000178085 1.35469
0.103219  0.00017871 1.36145
0.104251  0.000179337 1.36824
0.105294  0.000179966 1.37506
0.106347  0.000180598 1.38192
0.10741  0.000181232 1.38882
0.108484  0.000181869 1.39574
0.109569  0.000182509 1.4027
0.110665  0.000183151 1.4097
0.111772  0.000183795 1.41673
0.112889  0.000184442 1.4238
0.114018  0.000185092 1.4309
0.115158  0.000185744 1.43803
0.11631  0.000186398 1.44521
0.117473  0.000187056 1.45241
0.118648  0.000187715 1.45966
0.119834  0.000188394 1.46694
0.121033  0.000189081 1.47426
0.122243  0.000189772 1.48161
0.123465  0.000190465 1.489
0.1247  0.000191161 1.49643
0.125947  0.000191859 1.50389
0.127206  0.000192561 1.51139
0.128478  0.000193278 1.51893
0.129763  0.000194003 1.5265
0.131061  0.00019473 1.53412
0.132372  0.000195461 1.54177
0.133695  0.000196195 1.54946
0.135032  0.000196931 1.55718
0.136383  0.000197671 1.56495
0.137746  0.000198414 1.57276
0.139124  0.00019916 1.5806
0.140515  0.000199909 1.58848
0.14192  0.000200661 1.5964
0.143339  0.000201416 1.60437
0.144773  0.000202175 1.61237
0.146221  0.000202936 1.62041
0.147683  0.000203701 1.62849
0.14916  0.000204469 1.63661
0.150651  0.000205239 1.64478
0.152158  0.000206013 1.65298
0.153679  0.000206791 1.66123
0.155216  0.000207571 1.66952
0.156768  0.000208354 1.67785
0.158336  0.000209141 1.68622
0.159919  0.000209931 1.69463
0.161518  0.000210724 1.70308
0.163134  0.00021152 1.71157
0.164765  0.00021232 1.72011
0.166413  0.000213123 1.72869
0.168077  0.000213929 1.73731
0.169757  0.000214738 1.74597
0.171455  0.000215551 1.75467
0.17317  0.000216366 1.76342
0.174901  0.000217185 1.77221
0.17665  0.000218008 1.78104
0.178417  0.000218833 1.78992
0.180201  0.000219695 1.79884
0.182003  0.000220562 1.80781
0.183823  0.000221432 1.81683
0.185661  0.000222305 1.82589
0.187518  0.000223182 1.83499
0.189393  0.000224063 1.84415
0.191287  0.000224849 1.85336
0.1932  0.000225615 1.86261
0.195132  0.000226384 1.87192
0.197083  0.000227154 1.88127
0.199054  0.000227926 1.89068
0.201045  0.0002287 1.90014
0.203055  0.00022951 1.90966
0.205086  0.000230324 1.91922
0.207136  0.00023114 1.92885
0.209208  0.000231958 1.93852
0.2113  0.000232778 1.94826
0.213413  0.000233599 1.95805
0.215547  0.000234422 1.9679
0.217702  0.000235247 1.9778
0.219879  0.000236074 1.98777
0.222078  0.000236902 1.99779
0.224299  0.000237732 2.00788
0.226542  0.000238564 2.01802
0.228807  0.000239397 2.02822
0.231095  0.000240232 2.03848
0.233406  0.000241069 2.0488
0.235741  0.000241907 2.05917
0.238098  0.000242746 2.06961
0.240479  0.000243587 2.08011
0.242884  0.00024443 2.09067
0.245313  0.000245274 2.10129
0.247766  0.000246119 2.11197
0.250243  0.000246966 2.12272
0.252746  0.000247813 2.13352
0.255273  0.000248663 2.14439
0.257826  0.000249513 2.15532
0.260404  0.000250365 2.16632
0.263008  0.000251217 2.17738
0.265638  0.000252071 2.18851
0.268295  0.000253106 2.19804
0.270978  0.000254501 2.20446
0.273687  0.000255908 2.21086
0.276424  0.000257326 2.21724
0.279189  0.000258757 2.2236
0.28198  0.000260199 2.22994
0.2848  0.000261654 2.23625
0.287648  0.000263122 2.24254
0.290525  0.000264602 2.24881
0.29343  0.000266094 2.25505
0.296364  0.0002676 2.26126
0.299328  0.000269118 2.26745
0.302321  0.000270649 2.27362
0.305344  0.000272194 2.27975
0.308398  0.000273752 2.28586
0.311482  0.000275324 2.29193
0.314597  0.00027691 2.29798
0.317743  0.000278509 2.30399
0.32092  0.000280123 2.30998
0.324129  0.00028175 2.31593
0.32737  0.000283392 2.32185
0.330644  0.000285049 2.32773
0.333951  0.000286721 2.33358
0.33729  0.000288413 2.33939
0.340663  0.000290125 2.34517
0.34407  0.000291852 2.35091
0.34751  0.000293595 2.35661
0.350985  0.000295354 2.36227
0.354495  0.000297128 2.3679
0.35804  0.000298928 2.37348
0.361621  0.000300763 2.37902
0.365237  0.000302614 2.38452
0.368889  0.000304483 2.38998
0.372578  0.000306369 2.39539
0.376304  0.000308272 2.40076
0.380067  0.000310193 2.40608
0.383868  0.000312138 2.41135
0.387706  0.000314117 2.41658
0.391583  0.000316114 2.42176
0.395499  0.000318129 2.42689
0.399454  0.000320163 2.43197
0.403449  0.00032222 2.437
0.407483  0.000324303 2.44198
0.411558  0.000326405 2.4469
0.415674  0.000328528 2.45178
0.41983  0.000330671 2.45659
0.424029  0.000332834 2.46136
0.428269  0.000335017 2.46606
0.432552  0.000337222 2.47071
0.436877  0.000339448 2.4753
0.441246  0.000341695 2.47983
0.445658  0.000343963 2.48431
0.450115  0.000346254 2.48872
0.454616  0.000348567 2.49307
0.459162  0.000350902 2.49736
0.463754  0.00035326 2.50158
0.468391  0.000355641 2.50574
0.473075  0.000358046 2.50983
0.477806  0.000360478 2.51386
0.482584  0.000362941 2.51783
0.48741  0.000365428 2.52172
0.492284  0.00036794 2.52555
0.497207  0.000370476 2.5293
0.502179  0.000372651 2.53569
0.507201  0.000374823 2.54217
0.512273  0.000377012 2.54864
0.517396  0.000379218 2.5551
0.52257  0.000381436 2.56156
0.527795  0.000383667 2.568
0.533073  0.000385911 2.57444
0.538404  0.000388171 2.58088
0.543788  0.000390449 2.5873
0.549226  0.00039274 2.59372
0.554718  0.000395043 2.60013
0.560265  0.000397358 2.60653
0.565868  0.000399686 2.61293
0.571527  0.000402026 2.61932
0.577242  0.000404378 2.62571
0.583014  0.000406743 2.63208
0.588844  0.000409119 2.63846
0.594733  0.000411508 2.64482
0.60068  0.000413916 2.65119
0.606687  0.000416336 2.65754
0.612754  0.000418768 2.6639
0.618881  0.000421212 2.67025
0.62507  0.000423668 2.67659
0.631321  0.000426135 2.68293
0.637634  0.000428614 2.68926
0.644011  0.00043111 2.69559
0.650451  0.000433618 2.70192
0.656955  0.000436137 2.70824
0.663525  0.000438668 2.71456
0.67016  0.000441209 2.72087
0.676862  0.000443771 2.72719
0.68363  0.000446343 2.73349
0.690466  0.000448927 2.7398
0.697371  0.000451522 2.7461
0.704345  0.000454127 2.75241
0.711388  0.000456743 2.75871
0.718502  0.000459374 2.76501
0.725687  0.000462018 2.77132
0.732944  0.000464672 2.77762
0.740273  0.000467336 2.78393
0.747676  0.00047001 2.79024
0.755153  0.000472694 2.79656
0.762705  0.000475314 2.80288
0.770332  0.000477815 2.80921
0.778035  0.000480321 2.81554
0.785815  0.000482831 2.82189
0.793673  0.000485344 2.82824
0.80161  0.00048786 2.8346
0.809626  0.000490378 2.84098
0.817722  0.000492899 2.84736
0.8259  0.000495421 2.85376
0.834159  0.000497946 2.86018
0.8425  0.000500471 2.86661
0.850925  0.000502998 2.87305
0.859435  0.000505525 2.87952
0.868029  0.000508052 2.886
0.876709  0.00051058 2.8925
0.885476  0.000513107 2.89903
0.894331  0.000515633 2.90557
0.903274  0.000518157 2.91213
0.912307  0.000520681 2.91871
0.92143  0.000523202 2.92532
0.930644  0.000525721 2.93195
0.939951  0.000528237 2.9386
0.94935  0.000530751 2.94528
0.958844  0.000533266 2.95198
0.968432  0.000535779 2.95871
0.978117  0.000538288 2.96546
0.987898  0.000540792 2.97224
0.997777  0.000543291 2.97905
1.00775  0.000545786 2.98589
1.01783  0.000548283 2.99276
1.02801  0.000550777 2.99966
1.03829  0.000553266 3.0066
1.04867  0.000555748 3.01357
1.05916  0.000558222 3.02057
1.06975  0.000560689 3.02761
1.08045  0.000563146 3.03469
1.09125  0.000565597 3.0418
1.10217  0.000568037 3.04895
1.11319  0.000570467 3.05614
1.12432  0.000572887 3.06338
1.13556  0.000575296 3.07066
1.14692  0.000577693 3.07798
1.15839  0.000580079 3.08535
1.16997  0.000582452 3.09277
1.18167  0.000584813 3.10023
1.19349  0.000587163 3.10774
1.20542  0.000589504 3.11531
1.21748  0.00059183 3.12292
1.22965  0.000594143 3.13059
1.24195  0.00059644 3.13832
1.25437  0.000598721 3.14609
1.26691  0.000600987 3.15393
1.27958  0.000603237 3.16183
1.29238  0.000605475 3.16978
1.3053  0.000607695 3.1778
1.31835  0.000609897 3.18588
1.33154  0.00061208 3.19403
1.34485  0.000614247 3.20224
1.3583  0.000616399 3.21052
1.37188  0.000618531 3.21887
1.3856  0.000620642 3.2273
1.39946  0.000622733 3.23579
1.41345  0.000624803 3.24436
1.42759  0.000626851 3.25301
1.44186  0.000628876 3.26174
1.45628  0.000630879 3.27054
1.47085  0.000632859 3.27943
1.48555  0.000634815 3.2884
1.50041  0.000636748 3.29746
1.51541  0.000638655 3.3066
1.53057  0.000640538 3.31584
1.54587  0.000642396 3.32516
1.56133  0.000644228 3.33458
1.57695  0.000646033 3.3441
1.59271  0.000647812 3.35371
1.60864  0.000649564 3.36343
1.62473  0.000651288 3.37324
1.64098  0.000652984 3.38316
1.65739  0.000654653 3.39318
1.67396  0.000656292 3.40332
1.6907  0.000657903 3.41356
1.70761  0.000659484 3.42392
1.72468  0.000661035 3.43439
1.74193  0.000662557 3.44498
1.75935  0.000664048 3.45569
1.77694  0.000665508 3.46653
1.79471  0.00066694 3.47748
1.81266  0.000668345 3.48857
1.83078  0.000669717 3.49979
1.84909  0.000671058 3.51113
1.86758  0.000672367 3.52262
1.88626  0.000673642 3.53424
1.90512  0.000674886 3.546
1.92417  0.000676099 3.55791
1.94341  0.000677281 3.56996
1.96285  0.00067843 3.58217
1.98248  0.000679545 3.59452
2.0023  0.000680626 3.60703
2.02232  0.000681676 3.6197
2.04255  0.000682694 3.63252
2.06297  0.000683678 3.64551
2.0836  0.000684627 3.65867
2.10444  0.000685542 3.672
2.12548  0.000686422 3.6855
2.14674  0.000687267 3.69918
2.16821  0.000688077 3.71304
2.18989  0.000688852 3.72709
2.21179  0.000689592 3.74132
2.2339  0.000690297 3.75573
2.25624  0.000690966 3.77035
2.27881  0.0006916 3.78516
2.30159  0.0006922 3.80016
2.32461  0.000692764 3.81537
2.34786  0.000693292 3.83079
2.37134  0.000693786 3.84642
2.39505  0.000694247 3.86227
2.419  0.000694675 3.87834
2.44319  0.000695067 3.89463
2.46762  0.000695425 3.91114
2.4923  0.000695748 3.92789
2.51722  0.000696035 3.94487
2.54239  0.000696289 3.96209
2.56782  0.00069651 3.97956
2.59349  0.000696698 3.99727
2.61943  0.000696851 4.01523
2.64562  0.000696971 4.03345
2.67208  0.000697056 4.05193
2.6988  0.00069711 4.07067
2.72579  0.000697132 4.08968
2.75305  0.00069712 4.10897
2.78058  0.000697075 4.12854
2.80838  0.000696997 4.14839
2.83647  0.000696887 4.16852
2.86483  0.000696745 4.18895
2.89348  0.00069657 4.20968
2.92241  0.000696364 4.23071
2.95164  0.000696126 4.25204
2.98115  0.000695857 4.27369
3.01097  0.000695557 4.29566
3.04108  0.000695227 4.31795
3.07149  0.000694866 4.34057
3.1022  0.000694476 4.36352
3.13322  0.000694056 4.38681
3.16456  0.000693607 4.41045
3.1962  0.000693129 4.43443
3.22816  0.000692623 4.45877
3.26045  0.000692089 4.48347
3.29305  0.000691527 4.50854
3.32598  0.000690939 4.53398
3.35924  0.000690323 4.5598
3.39283  0.000689683 4.586
3.42676  0.000689017 4.6126
3.46103  0.000688325 4.63959
3.49564  0.000687608 4.66699
3.53059  0.000686867 4.69479
3.5659  0.000686101 4.72301
3.60156  0.000685315 4.75166
3.63758  0.000684506 4.78073
3.67395  0.000683674 4.81023
3.71069  0.00068282 4.84018
3.7478  0.000681944 4.87058
3.78528  0.000681046 4.90143
3.82313  0.000680127 4.93274
3.86136  0.00067919 4.96453
3.89997  0.000678234 4.99679
3.93897  0.000677257 5.02953
3.97836  0.000676262 5.06277
4.01815  0.000675247 5.0965
4.05833  0.000674216 5.13074
4.09891  0.000673168 5.16549
4.1399  0.000672102 5.20076
4.1813  0.000671019 5.23656
4.22311  0.000669919 5.2729
4.26534  0.000668804 5.30978
4.308  0.000667673 5.34722
4.35108  0.000666526 5.38521
4.39459  0.000665365 5.42377
4.43853  0.00066419 5.46291
4.48292  0.000663001 5.50264
4.52775  0.000661798 5.54295
4.57303  0.000660583 5.58387
4.61876  0.000659354 5.6254
4.66494  0.000658114 5.66755
4.71159  0.000656862 5.71033
4.75871  0.000655599 5.75375
4.8063  0.000654327 5.79781
4.85436  0.000653044 5.84252
4.9029  0.000651752 5.88791
4.95193  0.000650449 5.93396
5.00145  0.000649138 5.9807
5.05146  0.000647817 6.02814
5.10198  0.000646487 6.07627
5.153  0.000645152 6.12512
5.20453  0.000643808 6.17469
5.25657  0.000642457 6.22499
5.30914  0.000641098 6.27604
5.36223  0.000639733 6.32784
5.41585  0.000638363 6.3804
5.47001  0.000636986 6.43374
5.52471  0.000635604 6.48786
5.57996  0.000634216 6.54278
5.63576  0.000632823 6.59851
5.69212  0.000631425 6.65505
5.74904  0.000630021 6.71242
5.80653  0.000628614 6.77064
5.86459  0.000627202 6.8297
5.92324  0.000625786 6.88963
5.98247  0.000624368 6.95043
6.0423  0.000622946 7.01212
6.10272  0.000621521 7.07471
6.16375  0.000620094 7.13821
6.22538  0.000618663 7.20264
6.28764  0.00061723 7.268
6.35051  0.000615794 7.33431
6.41402  0.000614357 7.40158
6.47816  0.000612918 7.46983
6.54294  0.000611478 7.53906
6.60837  0.000610035 7.6093
6.67445  0.000608591 7.68055
6.7412  0.000607147 7.75283
6.80861  0.000605703 7.82615
6.8767  0.000604257 7.90053
6.94546  0.00060281 7.97598
7.01492  0.000601362 8.05251
7.08507  0.000599914 8.13014
7.15592  0.000598466 8.20889
7.22748  0.000597018 8.28877
7.29975  0.00059557 8.36979
7.37275  0.000594121 8.45198
7.44648  0.000592672 8.53533
7.52094  0.000591223 8.61988
7.59615  0.000589775 8.70564
7.67211  0.000588326 8.79262
7.74883  0.000586878 8.88084
7.82632  0.000585431 8.97032
7.90459  0.000583983 9.06108
7.98363  0.000582536 9.15312
8.06347  0.000581089 9.24648
8.1441  0.000579643 9.34116
8.22554  0.000578196 9.43718
8.3078  0.000576751 9.53457
8.39088  0.000575305 9.63334
8.47479  0.00057386 9.73351
8.55953  0.000572415 9.8351
8.64513  0.000570971 9.93812
8.73158  0.000569527 10.0426
8.8189  0.000568083 10.1486
8.90709  0.00056664 10.256
8.99616  0.000565198 10.365
9.08612  0.000563755 10.4755
9.17698  0.000562313 10.5876
9.26875  0.000560871 10.7013
9.36144  0.00055943 10.8165
9.45505  0.000557989 10.9334
9.5496  0.000556548 11.052
9.6451  0.000555109 11.1722
9.74155  0.00055367 11.2941
9.83896  0.000552231 11.4177
9.93735  0.000550792 11.5431
10.0367  0.000549353 11.6702
10.1371  0.000547915 11.7991
10.2385  0.000546478 11.9299
10.3409  0.000545042 12.0624
10.4443  0.000543605 12.1969
10.5487  0.000542169 12.3332
10.6542  0.000540732 12.4715
10.7607  0.000539295 12.6117
10.8683  0.000537858 12.7538
10.977  0.00053642 12.898
11.0868  0.000534982 13.0442
11.1977  0.000533543 13.1925
11.3096  0.000532104 13.3429
11.4227  0.000530664 13.4953
11.537  0.000529224 13.65
11.6523  0.000527783 13.8068
11.7689  0.000526341 13.9658
11.8865  0.000524899 14.1271
12.0054  0.000523456 14.2906
12.1255  0.000522013 14.4565
12.2467  0.000520569 14.6246
12.3692  0.000519124 14.7952
12.4929  0.000517677 14.9682
12.6178  0.00051623 15.1436
12.744  0.000514781 15.3215
12.8714  0.000513332 15.5019
13.0001  0.000511882 15.6849
13.1301  0.00051043 15.8705
13.2614  0.000508977 16.0587
13.3941  0.000507522 16.2496
13.528  0.000506066 16.4432
13.6633  0.00050461 16.6395
13.7999  0.000503151 16.8386
13.9379  0.000501691 17.0406
14.0773  0.000500229 17.2454
14.2181  0.000498765 17.4532
14.3602  0.000497299 17.6639
14.5038  0.000495832 17.8776
14.6489  0.000494362 18.0944
14.7954  0.000492891 18.3143
14.9433  0.000491417 18.5373
15.0928  0.000489941 18.7635
15.2437  0.000488464 18.9929
15.3961  0.000486984 19.2257
15.5501  0.000485501 19.4618
15.7056  0.000484017 19.7012
15.8626  0.00048253 19.9442
16.0213  0.000481041 20.1906
16.1815  0.00047955 20.4406
16.3433  0.000478056 20.6942
16.5067  0.000476559 20.9514
16.6718  0.000475061 21.2124
16.8385  0.000473559 21.4771
17.0069  0.000472056 21.7457
17.177  0.000470549 22.0182
17.3487  0.00046904 22.2946
17.5222  0.000467529 22.5751
17.6974  0.000466015 22.8596
17.8744  0.000464498 23.1483
18.0532  0.00046298 23.4412
18.2337  0.000461459 23.7384
18.416  0.000459936 24.0399
18.6002  0.000458409 24.3459
18.7862  0.00045688 24.6563
18.9741  0.000455349 24.9713
19.1638  0.000453814 25.2909
19.3554  0.000452278 25.6152
19.549  0.000450739 25.9444
19.7445  0.000449198 26.2783
19.9419  0.000447653 26.6172
20.1413  0.000446106 26.9612
20.3427  0.000444557 27.3102
20.5462  0.000443005 27.6643
20.7516  0.000441451 28.0238
20.9592  0.000439894 28.3886
21.1687  0.000438334 28.7588
21.3804  0.000436772 29.1346
21.5942  0.000435206 29.5159
21.8102  0.000433639 29.903
22.0283  0.000432068 30.2958
22.2486  0.000430495 30.6946
22.4711  0.000428919 31.0993
22.6958  0.000427341 31.5102
22.9227  0.00042576 31.9272
23.1519  0.000424177 32.3505
23.3835  0.000422591 32.7803
23.6173  0.000421002 33.2165
23.8535  0.000419411 33.6594
24.092  0.000417819 34.1089
24.3329  0.000416224 34.5653
24.5763  0.000414626 35.0287
24.822  0.000413026 35.4991
25.0702  0.000411424 35.9767
25.3209  0.00040982 36.4616
25.5742  0.000408213 36.9539
25.8299  0.000406605 37.4537
26.0882  0.000404994 37.9611
26.3491  0.000403381 38.4763
26.6126  0.000401767 38.9994
26.8787  0.00040015 39.5306
27.1475  0.000398532 40.0699
27.419  0.000396911 40.6175
27.6931  0.000395289 41.1736
27.9701  0.000393665 41.7383
28.2498  0.000392039 42.3119
28.5323  0.000390411 42.8944
28.8176  0.000388782 43.486
29.1058  0.000387151 44.0869
29.3968  0.000385518 44.6973
29.6908  0.000383884 45.3174
29.9877  0.000382248 45.9473
30.2876  0.000380611 46.5871
30.5905  0.000378972 47.2372
30.8964  0.000377332 47.8974
31.2053  0.000375691 48.5681
31.5174  0.000374048 49.2493
31.8326  0.000372404 49.9411
32.1509  0.00037076 50.6436
32.4724  0.000369114 51.3571
32.7971  0.000367467 52.0816
33.1251  0.000365819 52.8172
33.4563  0.00036417 53.5641
33.7909  0.000362521 54.3225
34.1288  0.000360871 55.0926
34.4701  0.000359221 55.8747
34.8148  0.00035757 56.6692
35.1629  0.000355918 57.4764
35.5146  0.000354266 58.2968
35.8697  0.000352614 59.1307
36.2284  0.000350961 59.9784
36.5907  0.000349309 60.8405
36.9566  0.000347656 61.7173
37.3262  0.000346004 62.6092
37.6994  0.000344351 63.5168
38.0764  0.000312412 64.4403
38.4572  0.000310928 65.3802
38.8418  0.000309451 66.3369
39.2302  0.000307973 67.3106
39.6225  0.000306496 68.3018
40.0187  0.000305019 69.3109
40.4189  0.000303542 70.3381
40.8231  0.000302067 71.384
41.2313  0.000300591 72.4488
41.6436  0.000299117 73.5331
42.0601  0.000297643 74.6373
42.4807  0.00029617 75.7617
42.9055  0.000294698 76.9067
43.3345  0.000293227 78.0723
43.7679  0.000291758 79.2586
44.2056  0.000290289 80.4658
44.6476  0.000288821 81.6939
45.0941  0.000287355 82.9431
45.545  0.000285891 84.2133
46.0005  0.000284427 85.5048
46.4605  0.000282963 86.8174
46.9251  0.0002815 88.1513
47.3943  0.000280039 89.5065
47.8683  0.000278579 90.8832
48.347  0.000277122 92.2817
48.8304  0.000275666 93.7027
49.3187  0.000274213 95.1467
49.8119  0.000272761 96.6142
50.31  0.000271312 98.1059
50.8131  0.000269865 99.6223
51.3213  0.00026842 101.164
51.8345  0.000266978 102.732
52.3528  0.000265538 104.326
52.8764  0.000264101 105.948
53.4051  0.000262666 107.598
53.9392  0.000261233 109.276
54.4786  0.000259804 110.984
55.0234  0.000258377 112.72
55.5736  0.000256953 114.487
56.1293  0.000255531 116.285
56.6906  0.000254113 118.113
57.2575  0.000252697 119.972
57.8301  0.000251282 121.863
58.4084  0.000249868 123.787
58.9925  0.000248457 125.743
59.5824  0.000247049 127.733
60.1782  0.000245645 129.756
60.78  0.000244244 131.814
61.3878  0.000242847 133.906
62.0017  0.000241453 136.035
62.6217  0.000240063 138.2
63.2479  0.000238677 140.402
63.8804  0.000237294 142.641
64.5192  0.000235915 144.919
65.1644  0.000234539 147.237
65.816  0.000233168 149.595
66.4742  0.0002318 151.993
67.1389  0.000230436 154.433
67.8103  0.000229076 156.915
68.4884  0.000227721 159.44
69.1733  0.000226369 162.01
69.8651  0.000225021 164.623
70.5637  0.000223677 167.283
71.2693  0.000222337 169.988
71.982  0.000221002 172.741
72.7019  0.00021967 175.542
73.4289  0.000218343 178.391
74.1632  0.00021702 181.29
74.9048  0.000215701 184.24
75.6538  0.000214387 187.241
76.4104  0.000213077 190.294
77.1745  0.00021177 193.401
77.9462  0.000210467 196.562
78.7257  0.000209168 199.778
79.513  0.000207873 203.05
80.3081  0.000206582 206.38
81.1112  0.000205297 209.769
81.9223  0.000204015 213.217
82.7415  0.000202739 216.725
83.5689  0.000201466 220.295
84.4046  0.000200199 223.928
85.2486  0.000198936 227.625
86.1011  0.000197677 231.387
86.9621  0.000196424 235.216
87.8318  0.000195175 239.112
88.7101  0.000193931 243.077
89.5972  0.000192691 247.112
90.4932  0.000191457 251.218
91.3981  0.000190227 255.398
92.3121  0.000189002 259.651
93.2352  0.000187781 263.979
94.1675  0.000186566 268.384
95.1092  0.000185355 272.867
96.0603  0.00018415 277.43
97.0209  0.000182949 282.073
97.9911  0.000181754 286.799
98.971  0.000180563 291.61
99.9607  0.000179377 296.505
100.96  0.000178197 301.488
101.97  0.000177021 306.56
102.99  0.000175852 311.721
104.02  0.000174689 316.975
105.06  0.000173531 322.323
106.11  0.000172378 327.766
107.171  0.00017123 333.306
108.243  0.000170087 338.946
109.326  0.000168948 344.686
110.419  0.000167813 350.529
111.523  0.000166684 356.476
112.638  0.00016556 362.53
113.765  0.000164441 368.692
114.902  0.000163327 374.965
116.051  0.000162218 381.351
117.212  0.000161114 387.851
118.384  0.000160016 394.467
119.568  0.000158922 401.203
120.763  0.000157834 408.06
121.971  0.000156751 415.04
123.191  0.000155673 422.145
124.423  0.0001546 429.378
125.667  0.000153532 436.742
126.924  0.00015247 444.238
128.193  0.000151413 451.87
129.475  0.000150361 459.639
130.77  0.000149314 467.548
132.077  0.000148273 475.6
133.398  0.000147237 483.797
134.732  0.000146206 492.143
136.079  0.00014518 500.639
137.44  0.00014416 509.289
138.814  0.000143144 518.095
140.203  0.000142134 527.06
141.605  0.00014113 536.188
143.021  0.00014013 545.481
144.451  0.000139136 554.943
145.895  0.000138147 564.576
147.354  0.000137163 574.384
148.828  0.000136185 584.369
150.316  0.000135212 594.536
151.819  0.000134244 604.887
153.338  0.000133281 615.426
154.871  0.000132324 626.157
156.42  0.000131373 637.082
157.984  0.000130427 648.207
159.564  0.000129486 659.533
161.159  0.00012855 671.066
162.771  0.000127619 682.808
164.399  0.000126694 694.764
166.043  0.000125774 706.938
167.703  0.000124858 719.334
169.38  0.000123948 731.955
171.074  0.000123043 744.807
172.785  0.000122144 757.893
174.512  0.000121249 771.217
176.258  0.00012036 784.785
178.02  0.000119475 798.6
179.8  0.000118596 812.668
181.598  0.000117722 826.992
183.414  0.000116854 841.578
185.248  0.00011599 856.431
187.101  0.000115131 871.555
188.972  0.000114278 886.955
190.862  0.000113429 902.637
192.77  0.000112586 918.606
194.698  0.000111747 934.867
196.645  0.000110914 951.426
198.611  0.000110085 968.288
200.598  0.000109262 985.458
202.604  0.000108443 1002.94
204.63  0.00010763 1020.75
206.676  0.000106822 1038.88
208.743  0.000106019 1057.34
210.83  0.000105221 1076.15
212.938  0.000104428 1095.29
215.068  0.00010364 1114.79
217.218  0.000102857 1134.65
219.391  0.000102078 1154.87
221.584  0.000101305 1175.46
223.8  0.000100537 1196.43
226.038  9.97735e-05 1217.78
228.299  9.90151e-05 1239.52
230.582  9.82615e-05 1261.67
232.888  9.75129e-05 1284.22
235.216  9.67692e-05 1307.19
237.569  9.60304e-05 1330.57
239.944  9.52965e-05 1354.39
242.344  9.45674e-05 1378.65
244.767  9.38432e-05 1403.35
247.215  9.31237e-05 1428.5
249.687  9.2409e-05 1454.12
252.184  9.16991e-05 1480.21
254.706  9.09939e-05 1506.77
257.253  9.02935e-05 1533.83
259.825  8.95978e-05 1561.38
262.423  8.89068e-05 1589.44
265.048  8.82205e-05 1618.02
267.698  8.75388e-05 1647.12
270.375  8.68618e-05 1676.76
273.079  8.61895e-05 1706.95
275.81  8.55218e-05 1737.69
278.568  8.48586e-05 1768.99
281.354  8.42e-05 1800.87
284.167  8.3546e-05 1833.34
287.009  8.28965e-05 1866.4
289.879  8.22516e-05 1900.08
292.778  8.16111e-05 1934.37
295.705  8.09751e-05 1969.3
298.662  8.03435e-05 2004.87
301.649  7.97164e-05 2041.09
304.666  7.90937e-05 2077.98
307.712  7.84755e-05 2115.55
310.789  7.78615e-05 2153.82
313.897  7.7252e-05 2192.78
317.036  7.66468e-05 2232.47
320.207  7.60459e-05 2272.88
323.409  7.54496e-05 2314.05
326.643  7.48574e-05 2355.96
329.909  7.42696e-05 2398.66
333.208  7.36859e-05 2442.13
336.54  7.31066e-05 2486.41
339.906  7.25314e-05 2531.5
343.305  7.19604e-05 2577.43
346.738  7.13935e-05 2624.2
350.205  7.08308e-05 2671.83
353.707  7.02722e-05 2720.34
357.244  6.97178e-05 2769.75
360.817  6.91676e-05 2820.06
364.425  6.86213e-05 2871.3
368.069  6.80792e-05 2923.48
371.75  6.7541e-05 2976.63
375.467  6.70067e-05 3030.75
379.222  6.64765e-05 3085.88
383.014  6.59501e-05 3142.01
386.844  6.54278e-05 3199.18
390.713  6.49093e-05 3257.41
394.62  6.43947e-05 3316.7
398.566  6.3884e-05 3377.09
402.552  6.33771e-05 3438.59
406.577  6.2874e-05 3501.22
410.643  6.23748e-05 3565.01
414.75  6.18793e-05 3629.97
418.897  6.13876e-05 3696.13
423.086  6.08996e-05 3763.5
427.317  6.04153e-05 3832.11
431.59  5.99347e-05 3901.99
435.906  5.94578e-05 3973.15
440.265  5.89845e-05 4045.63
444.668  5.85148e-05 4119.43
449.114  5.80488e-05 4194.6
453.605  5.75861e-05 4271.15
458.142  5.7127e-05 4349.11
462.723  5.66714e-05 4428.5
467.35  5.62193e-05 4509.35
472.024  5.57707e-05 4591.69
476.744  5.53257e-05 4675.54
481.511  5.48841e-05 4760.94
486.326  5.4446e-05 4847.9
491.19  5.40113e-05 4936.47
496.102  5.35801e-05 5026.66
501.063  5.31522e-05 5118.51
506.073  5.27276e-05 5212.05
511.134  5.23065e-05 5307.3
516.245  5.18886e-05 5404.31
521.408  5.14741e-05 5503.1
526.622  5.10629e-05 5603.71
531.888  5.06549e-05 5706.16
537.207  5.02501e-05 5810.5
542.579  4.98486e-05 5916.75
548.005  4.94503e-05 6024.95
553.485  4.90552e-05 6135.13
559.02  4.86632e-05 6247.35
564.61  4.82744e-05 6361.62
570.256  4.78886e-05 6477.98
575.959  4.7506e-05 6596.49
581.718  4.71264e-05 6717.16
587.535  4.67499e-05 6840.05
593.411  4.63763e-05 6965.2
599.345  4.60058e-05 7092.64
605.338  4.56383e-05 7222.41
611.392  4.52738e-05 7354.57
617.506  4.49122e-05 7489.15
623.681  4.45535e-05 7626.19
629.917  4.41977e-05 7765.75
636.217  4.38447e-05 7907.86
642.579  4.34946e-05 8052.57
649.005  4.31474e-05 8199.93
655.495  4.28031e-05 8349.99
662.05  4.24615e-05 8502.79
668.67  4.21226e-05 8658.39
675.357  4.17865e-05 8816.83
682.11  4.14532e-05 8978.17
688.931  4.11225e-05 9142.46
695.821  4.07945e-05 9309.75
702.779  4.04691e-05 9480.11
709.807  4.01464e-05 9653.58
716.905  3.98263e-05 9830.22
724.074  3.95088e-05 10010.1
731.315  3.91939e-05 10193.3
738.628  3.88815e-05 10379.8
746.014  3.85717e-05 10569.7
753.474  3.82644e-05 10763.1
761.009  3.79595e-05 10960
768.619  3.76572e-05 11160.6
776.305  3.73574e-05 11364.8
784.068  3.706e-05 11572.7
791.909  3.67651e-05 11784.4
799.828  3.64726e-05 11999.9
807.826  3.61825e-05 12219.4
815.905  3.58947e-05 12442.9
824.064  3.56094e-05 12670.4
832.304  3.53264e-05 12902
840.627  3.50458e-05 13137.9
849.034  3.47675e-05 13378
857.524  3.44916e-05 13622.5
866.099  3.42179e-05 13871.3
874.76  3.39465e-05 14124.7
883.508  3.36774e-05 14382.8
892.343  3.34105e-05 14645.5
901.266  3.31459e-05 14913
910.279  3.28835e-05 15185.4
919.382  3.26233e-05 15462.8
928.575  3.23653e-05 15745.2
937.861  3.21095e-05 16032.8
947.24  3.18559e-05 16325.8
956.712  3.16044e-05 16624.1
966.279  3.1355e-05 16927.9
975.942  3.11077e-05 17237.3
985.702  3.08626e-05 17552.4
995.559  3.06195e-05 17873.4
