# Fusion cross sections for ELAB=  80.000, ECM=  71.059
     0.0  0.6243      1
     0.0  0.9360     -1
     1.0   3.767      1
     1.0   8.469     -1
     2.0   11.02      1
     2.0   20.47     -1
     3.0   15.49      1
     3.0   33.17     -1
     4.0   22.84      1
     4.0   42.86     -1
     5.0   24.62      1
     5.0   52.72     -1
     6.0   33.31      1
     6.0   62.64     -1
     7.0   33.81      1
     7.0   72.04     -1
     8.0   42.24      1
     8.0   79.69     -1
     9.0   39.41      1
     9.0   83.87     -1
    10.0   43.95      1
    10.0   82.91     -1
    11.0   35.85      1
    11.0   76.28     -1
    12.0   34.52      1
    12.0   64.91     -1
    13.0   23.56      1
    13.0   50.93     -1
    14.0   20.14      1
    14.0   36.93     -1
    15.0   11.20      1
    15.0   25.03     -1
    16.0   9.006      1
    16.0   16.15     -1
    17.0   4.433      1
    17.0   10.09     -1
    18.0   3.471      1
    18.0   6.179     -1
    19.0   1.638      1
    19.0   3.741     -1
    20.0   1.264      1
    20.0   2.248     -1
    21.0  0.5884      1
    21.0   1.345     -1
    22.0  0.4506      1
    22.0  0.8012     -1
    23.0  0.2084      1
    23.0  0.4760     -1
    24.0  0.1586      1
    24.0  0.2821     -1
    25.0  0.7304E-01  1
    25.0  0.1668     -1
    26.0  0.5534E-01  1
    26.0  0.9845E-01 -1
    27.0  0.2539E-01  1
    27.0  0.5799E-01 -1
    28.0  0.1917E-01  1
    28.0  0.3410E-01 -1
    29.0  0.8764E-02  1
    29.0  0.2002E-01 -1
    30.0  0.6596E-02  1
    30.0  0.1173E-01 -1
    31.0  0.3006E-02  1
    31.0  0.6867E-02 -1
    32.0  0.2257E-02  1
    32.0  0.4014E-02 -1
    33.0  0.1026E-02  1
    33.0  0.2343E-02 -1
    34.0  0.7681E-03  1
    34.0  0.1366E-02 -1
    35.0  0.3483E-03  1
    35.0  0.7956E-03 -1
    36.0  0.2603E-03  1
    36.0  0.4629E-03 -1
    37.0  0.1177E-03  1
    37.0  0.2690E-03 -1
    38.0  0.8783E-04  1
    38.0  0.1562E-03 -1
    39.0  0.3965E-04  1
    39.0  0.9060E-04 -1
    40.0  0.2953E-04  1
    40.0  0.5251E-04 -1
 &
