#  91 angles,  1 tensor ranks for 0=projectile
@subtitle   "16N(d,3He)15C @ 40AMeV Haixia (d) + HT1p (3He)"                                
@legend ON
@legend x1 0.2
@legend y1 0.8
@g0 type LOGY
@yaxis ticklabel format power
@xaxis label "Scattering angle (degrees)"
@yaxis label "Cross section (mb/sr)"
@legend string   0 "Partition=  1 Excit=  1 near/far= 1"
#legend string   0 "Lab energy =   80.0000"
@s0 linestyle   1
#  Theta       sigma       iT11        T20         T21         T22         Kyy for projectile
  0.1000E-01   1.000    
   2.000      0.7352    
   4.000       1.135    
   6.000       3.552    
   8.000       7.500    
   10.00       10.51    
   12.00       10.24    
   14.00       6.844    
   16.00       3.291    
   18.00       3.200    
   20.00       8.140    
   22.00       16.51    
   24.00       24.64    
   26.00       29.17    
   28.00       28.81    
   30.00       24.73    
   32.00       19.49    
   34.00       15.51    
   36.00       13.93    
   38.00       14.47    
   40.00       15.89    
   42.00       16.85    
   44.00       16.50    
   46.00       14.75    
   48.00       12.08    
   50.00       9.193    
   52.00       6.698    
   54.00       4.910    
   56.00       3.840    
   58.00       3.293    
   60.00       3.013    
   62.00       2.785    
   64.00       2.492    
   66.00       2.111    
   68.00       1.682    
   70.00       1.264    
   72.00      0.9083    
   74.00      0.6381    
   76.00      0.4541    
   78.00      0.3400    
   80.00      0.2733    
   82.00      0.2334    
   84.00      0.2055    
   86.00      0.1813    
   88.00      0.1573    
   90.00      0.1334    
   92.00      0.1101    
   94.00      0.8871E-01
   96.00      0.6976E-01
   98.00      0.5367E-01
   100.0      0.4052E-01
   102.0      0.3028E-01
   104.0      0.2279E-01
   106.0      0.1778E-01
   108.0      0.1484E-01
   110.0      0.1349E-01
   112.0      0.1318E-01
   114.0      0.1336E-01
   116.0      0.1358E-01
   118.0      0.1352E-01
   120.0      0.1304E-01
   122.0      0.1209E-01
   124.0      0.1078E-01
   126.0      0.9241E-02
   128.0      0.7658E-02
   130.0      0.6172E-02
   132.0      0.4892E-02
   134.0      0.3877E-02
   136.0      0.3136E-02
   138.0      0.2641E-02
   140.0      0.2339E-02
   142.0      0.2171E-02
   144.0      0.2082E-02
   146.0      0.2025E-02
   148.0      0.1967E-02
   150.0      0.1890E-02
   152.0      0.1789E-02
   154.0      0.1665E-02
   156.0      0.1527E-02
   158.0      0.1381E-02
   160.0      0.1236E-02
   162.0      0.1092E-02
   164.0      0.9495E-03
   166.0      0.8096E-03
   168.0      0.6746E-03
   170.0      0.5463E-03
   172.0      0.4265E-03
   174.0      0.3205E-03
   176.0      0.2375E-03
   178.0      0.1857E-03
   180.0      0.1683E-03
 END
@legend string   1 "Partition=  2 Excit=  1 near/far= 1"
#legend string   0 "Lab energy =   80.0000"
@s1 linestyle   2
#  Theta       sigma       iT11        T20         T21         T22         Kyy for projectile
   0.000       6.503    
   2.000       6.770    
   4.000       7.107    
   6.000       6.647    
   8.000       5.076    
   10.00       2.950    
   12.00       1.175    
   14.00      0.3023    
   16.00      0.2802    
   18.00      0.6844    
   20.00       1.093    
   22.00       1.304    
   24.00       1.327    
   26.00       1.267    
   28.00       1.210    
   30.00       1.183    
   32.00       1.164    
   34.00       1.123    
   36.00       1.043    
   38.00      0.9292    
   40.00      0.8001    
   42.00      0.6745    
   44.00      0.5647    
   46.00      0.4741    
   48.00      0.4001    
   50.00      0.3378    
   52.00      0.2830    
   54.00      0.2336    
   56.00      0.1891    
   58.00      0.1501    
   60.00      0.1173    
   62.00      0.9077E-01
   64.00      0.7000E-01
   66.00      0.5405E-01
   68.00      0.4187E-01
   70.00      0.3248E-01
   72.00      0.2518E-01
   74.00      0.1945E-01
   76.00      0.1497E-01
   78.00      0.1151E-01
   80.00      0.8887E-02
   82.00      0.6928E-02
   84.00      0.5479E-02
   86.00      0.4402E-02
   88.00      0.3588E-02
   90.00      0.2953E-02
   92.00      0.2440E-02
   94.00      0.2015E-02
   96.00      0.1656E-02
   98.00      0.1349E-02
   100.0      0.1086E-02
   102.0      0.8619E-03
   104.0      0.6739E-03
   106.0      0.5181E-03
   108.0      0.3913E-03
   110.0      0.2905E-03
   112.0      0.2122E-03
   114.0      0.1533E-03
   116.0      0.1106E-03
   118.0      0.8123E-04
   120.0      0.6202E-04
   122.0      0.5025E-04
   124.0      0.4355E-04
   126.0      0.3991E-04
   128.0      0.3776E-04
   130.0      0.3608E-04
   132.0      0.3429E-04
   134.0      0.3210E-04
   136.0      0.2946E-04
   138.0      0.2650E-04
   140.0      0.2341E-04
   142.0      0.2033E-04
   144.0      0.1739E-04
   146.0      0.1467E-04
   148.0      0.1219E-04
   150.0      0.9987E-05
   152.0      0.8099E-05
   154.0      0.6551E-05
   156.0      0.5331E-05
   158.0      0.4432E-05
   160.0      0.3875E-05
   162.0      0.3649E-05
   164.0      0.3681E-05
   166.0      0.3876E-05
   168.0      0.4174E-05
   170.0      0.4537E-05
   172.0      0.4915E-05
   174.0      0.5232E-05
   176.0      0.5432E-05
   178.0      0.5520E-05
   180.0      0.5540E-05
 END
@legend string   2 "Partition=  2 Excit=  2 near/far= 1"
#legend string   0 "Lab energy =   80.0000"
@s2 linestyle   3
#  Theta       sigma       iT11        T20         T21         T22         Kyy for projectile
   0.000       6.060    
   2.000       6.358    
   4.000       6.784    
   6.000       6.453    
   8.000       5.009    
   10.00       2.963    
   12.00       1.207    
   14.00      0.3128    
   16.00      0.2628    
   18.00      0.6533    
   20.00       1.064    
   22.00       1.284    
   24.00       1.314    
   26.00       1.257    
   28.00       1.202    
   30.00       1.178    
   32.00       1.166    
   34.00       1.132    
   36.00       1.060    
   38.00      0.9509    
   40.00      0.8236    
   42.00      0.6975    
   44.00      0.5858    
   46.00      0.4931    
   48.00      0.4173    
   50.00      0.3536    
   52.00      0.2975    
   54.00      0.2468    
   56.00      0.2008    
   58.00      0.1603    
   60.00      0.1258    
   62.00      0.9772E-01
   64.00      0.7554E-01
   66.00      0.5842E-01
   68.00      0.4530E-01
   70.00      0.3519E-01
   72.00      0.2732E-01
   74.00      0.2115E-01
   76.00      0.1631E-01
   78.00      0.1256E-01
   80.00      0.9702E-02
   82.00      0.7560E-02
   84.00      0.5971E-02
   86.00      0.4790E-02
   88.00      0.3900E-02
   90.00      0.3210E-02
   92.00      0.2659E-02
   94.00      0.2203E-02
   96.00      0.1819E-02
   98.00      0.1491E-02
   100.0      0.1210E-02
   102.0      0.9702E-03
   104.0      0.7673E-03
   106.0      0.5980E-03
   108.0      0.4589E-03
   110.0      0.3469E-03
   112.0      0.2586E-03
   114.0      0.1907E-03
   116.0      0.1401E-03
   118.0      0.1037E-03
   120.0      0.7838E-04
   122.0      0.6152E-04
   124.0      0.5066E-04
   126.0      0.4372E-04
   128.0      0.3913E-04
   130.0      0.3578E-04
   132.0      0.3297E-04
   134.0      0.3034E-04
   136.0      0.2777E-04
   138.0      0.2529E-04
   140.0      0.2294E-04
   142.0      0.2076E-04
   144.0      0.1875E-04
   146.0      0.1691E-04
   148.0      0.1520E-04
   150.0      0.1358E-04
   152.0      0.1203E-04
   154.0      0.1057E-04
   156.0      0.9213E-05
   158.0      0.8007E-05
   160.0      0.6971E-05
   162.0      0.6111E-05
   164.0      0.5424E-05
   166.0      0.4884E-05
   168.0      0.4450E-05
   170.0      0.4086E-05
   172.0      0.3777E-05
   174.0      0.3524E-05
   176.0      0.3326E-05
   178.0      0.3194E-05
   180.0      0.3146E-05
 END
@legend string   3 "Partition=  2 Excit=  3 near/far= 1"
#legend string   0 "Lab energy =   80.0000"
@s3 linestyle   4
#  Theta       sigma       iT11        T20         T21         T22         Kyy for projectile
   0.000       5.094    
   2.000       4.862    
   4.000       4.312    
   6.000       3.723    
   8.000       3.235    
   10.00       2.771    
   12.00       2.201    
   14.00       1.530    
   16.00      0.9144    
   18.00      0.5359    
   20.00      0.4676    
   22.00      0.6407    
   24.00      0.9081    
   26.00       1.134    
   28.00       1.250    
   30.00       1.258    
   32.00       1.199    
   34.00       1.117    
   36.00       1.039    
   38.00      0.9693    
   40.00      0.8998    
   42.00      0.8220    
   44.00      0.7325    
   46.00      0.6349    
   48.00      0.5363    
   50.00      0.4443    
   52.00      0.3637    
   54.00      0.2966    
   56.00      0.2419    
   58.00      0.1976    
   60.00      0.1613    
   62.00      0.1310    
   64.00      0.1055    
   66.00      0.8409E-01
   68.00      0.6626E-01
   70.00      0.5169E-01
   72.00      0.4002E-01
   74.00      0.3086E-01
   76.00      0.2376E-01
   78.00      0.1833E-01
   80.00      0.1418E-01
   82.00      0.1102E-01
   84.00      0.8597E-02
   86.00      0.6728E-02
   88.00      0.5280E-02
   90.00      0.4153E-02
   92.00      0.3278E-02
   94.00      0.2602E-02
   96.00      0.2083E-02
   98.00      0.1686E-02
   100.0      0.1382E-02
   102.0      0.1147E-02
   104.0      0.9612E-03
   106.0      0.8101E-03
   108.0      0.6831E-03
   110.0      0.5733E-03
   112.0      0.4768E-03
   114.0      0.3920E-03
   116.0      0.3181E-03
   118.0      0.2550E-03
   120.0      0.2023E-03
   122.0      0.1596E-03
   124.0      0.1258E-03
   126.0      0.9967E-04
   128.0      0.7966E-04
   130.0      0.6435E-04
   132.0      0.5252E-04
   134.0      0.4327E-04
   136.0      0.3599E-04
   138.0      0.3032E-04
   140.0      0.2613E-04
   142.0      0.2333E-04
   144.0      0.2188E-04
   146.0      0.2163E-04
   148.0      0.2234E-04
   150.0      0.2371E-04
   152.0      0.2537E-04
   154.0      0.2694E-04
   156.0      0.2807E-04
   158.0      0.2852E-04
   160.0      0.2818E-04
   162.0      0.2709E-04
   164.0      0.2536E-04
   166.0      0.2323E-04
   168.0      0.2093E-04
   170.0      0.1873E-04
   172.0      0.1680E-04
   174.0      0.1525E-04
   176.0      0.1414E-04
   178.0      0.1346E-04
   180.0      0.1324E-04
 END
