#  91 angles,  1 tensor ranks for 0=projectile
@subtitle   "16N(d,3He)15C @ 40AMeV Haixia (d) + HT1p (3He)"                                
@legend ON
@legend x1 0.2
@legend y1 0.8
@g0 type LOGY
@yaxis ticklabel format power
@legend string   0 "Lab energy =   80.0000"
#legend string   0 "Partition=  2 Excit=  3 near/far= 1"
#  Theta       sigma       iT11        T20         T21         T22         Kyy for projectile
   0.000       5.094    
   2.000       4.862    
   4.000       4.312    
   6.000       3.723    
   8.000       3.235    
   10.00       2.771    
   12.00       2.201    
   14.00       1.530    
   16.00      0.9144    
   18.00      0.5359    
   20.00      0.4676    
   22.00      0.6407    
   24.00      0.9081    
   26.00       1.134    
   28.00       1.250    
   30.00       1.258    
   32.00       1.199    
   34.00       1.117    
   36.00       1.039    
   38.00      0.9693    
   40.00      0.8998    
   42.00      0.8220    
   44.00      0.7325    
   46.00      0.6349    
   48.00      0.5363    
   50.00      0.4443    
   52.00      0.3637    
   54.00      0.2966    
   56.00      0.2419    
   58.00      0.1976    
   60.00      0.1613    
   62.00      0.1310    
   64.00      0.1055    
   66.00      0.8409E-01
   68.00      0.6626E-01
   70.00      0.5169E-01
   72.00      0.4002E-01
   74.00      0.3086E-01
   76.00      0.2376E-01
   78.00      0.1833E-01
   80.00      0.1418E-01
   82.00      0.1102E-01
   84.00      0.8597E-02
   86.00      0.6728E-02
   88.00      0.5280E-02
   90.00      0.4153E-02
   92.00      0.3278E-02
   94.00      0.2602E-02
   96.00      0.2083E-02
   98.00      0.1686E-02
   100.0      0.1382E-02
   102.0      0.1147E-02
   104.0      0.9612E-03
   106.0      0.8101E-03
   108.0      0.6831E-03
   110.0      0.5733E-03
   112.0      0.4768E-03
   114.0      0.3920E-03
   116.0      0.3181E-03
   118.0      0.2550E-03
   120.0      0.2023E-03
   122.0      0.1596E-03
   124.0      0.1258E-03
   126.0      0.9967E-04
   128.0      0.7966E-04
   130.0      0.6435E-04
   132.0      0.5252E-04
   134.0      0.4327E-04
   136.0      0.3599E-04
   138.0      0.3032E-04
   140.0      0.2613E-04
   142.0      0.2333E-04
   144.0      0.2188E-04
   146.0      0.2163E-04
   148.0      0.2234E-04
   150.0      0.2371E-04
   152.0      0.2537E-04
   154.0      0.2694E-04
   156.0      0.2807E-04
   158.0      0.2852E-04
   160.0      0.2818E-04
   162.0      0.2709E-04
   164.0      0.2536E-04
   166.0      0.2323E-04
   168.0      0.2093E-04
   170.0      0.1873E-04
   172.0      0.1680E-04
   174.0      0.1525E-04
   176.0      0.1414E-04
   178.0      0.1346E-04
   180.0      0.1324E-04
 END
