# Fusion cross sections for ELAB=  80.000, ECM=  71.059
     0.0  0.9360      0.9532      0.1716E-01
     1.0   8.469       8.581      0.1126    
     2.0   20.47       20.69      0.2193    
     3.0   33.17       33.52      0.3526    
     4.0   42.86       43.31      0.4522    
     5.0   52.72       53.25      0.5281    
     6.0   62.64       63.21      0.5689    
     7.0   72.04       72.61      0.5783    
     8.0   79.69       80.26      0.5676    
     9.0   83.87       84.44      0.5778    
    10.0   82.91       83.57      0.6585    
    11.0   76.28       77.05      0.7709    
    12.0   64.91       65.71      0.8000    
    13.0   50.93       51.62      0.6933    
    14.0   36.93       37.44      0.5065    
    15.0   25.03       25.36      0.3228    
    16.0   16.15       16.33      0.1865    
    17.0   10.09       10.19      0.1009    
    18.0   6.179       6.231      0.5238E-01
    19.0   3.741       3.767      0.2651E-01
    20.0   2.248       2.261      0.1320E-01
    21.0   1.345       1.351      0.6510E-02
    22.0  0.8012      0.8044      0.3191E-02
    23.0  0.4760      0.4776      0.1559E-02
    24.0  0.2821      0.2829      0.7602E-03
    25.0  0.1668      0.1672      0.3706E-03
    26.0  0.9845E-01  0.9863E-01  0.1807E-03
    27.0  0.5799E-01  0.5808E-01  0.8815E-04
    28.0  0.3410E-01  0.3414E-01  0.4304E-04
    29.0  0.2002E-01  0.2004E-01  0.2104E-04
    30.0  0.1173E-01  0.1174E-01  0.1030E-04
    31.0  0.6867E-02  0.6872E-02  0.5058E-05
    32.0  0.4014E-02  0.4016E-02  0.2488E-05
    33.0  0.2343E-02  0.2344E-02  0.1226E-05
    34.0  0.1366E-02  0.1367E-02  0.6048E-06
    35.0  0.7956E-03  0.7959E-03  0.2990E-06
    36.0  0.4629E-03  0.4630E-03  0.1481E-06
    37.0  0.2690E-03  0.2691E-03  0.7339E-07
    38.0  0.1562E-03  0.1562E-03  0.3636E-07
    39.0  0.9060E-04  0.9062E-04  0.1798E-07
    40.0  0.5251E-04  0.5252E-04  0.8862E-08
 &
