#  91 angles,  1 tensor ranks for 0=projectile
@subtitle   "16N(d,3He)15C @ 40AMeV Haixia (d) + HT1p (3He)"                                
@legend ON
@legend x1 0.2
@legend y1 0.8
@g0 type LOGY
@yaxis ticklabel format power
@legend string   0 "Lab energy =   80.0000"
#legend string   0 "Partition=  2 Excit=  1 near/far= 1"
#  Theta       sigma       iT11        T20         T21         T22         Kyy for projectile
   0.000       6.503    
   2.000       6.770    
   4.000       7.107    
   6.000       6.647    
   8.000       5.076    
   10.00       2.950    
   12.00       1.175    
   14.00      0.3023    
   16.00      0.2802    
   18.00      0.6844    
   20.00       1.093    
   22.00       1.304    
   24.00       1.327    
   26.00       1.267    
   28.00       1.210    
   30.00       1.183    
   32.00       1.164    
   34.00       1.123    
   36.00       1.043    
   38.00      0.9292    
   40.00      0.8001    
   42.00      0.6745    
   44.00      0.5647    
   46.00      0.4741    
   48.00      0.4001    
   50.00      0.3378    
   52.00      0.2830    
   54.00      0.2336    
   56.00      0.1891    
   58.00      0.1501    
   60.00      0.1173    
   62.00      0.9077E-01
   64.00      0.7000E-01
   66.00      0.5405E-01
   68.00      0.4187E-01
   70.00      0.3248E-01
   72.00      0.2518E-01
   74.00      0.1945E-01
   76.00      0.1497E-01
   78.00      0.1151E-01
   80.00      0.8887E-02
   82.00      0.6928E-02
   84.00      0.5479E-02
   86.00      0.4402E-02
   88.00      0.3588E-02
   90.00      0.2953E-02
   92.00      0.2440E-02
   94.00      0.2015E-02
   96.00      0.1656E-02
   98.00      0.1349E-02
   100.0      0.1086E-02
   102.0      0.8619E-03
   104.0      0.6739E-03
   106.0      0.5181E-03
   108.0      0.3913E-03
   110.0      0.2905E-03
   112.0      0.2122E-03
   114.0      0.1533E-03
   116.0      0.1106E-03
   118.0      0.8123E-04
   120.0      0.6202E-04
   122.0      0.5025E-04
   124.0      0.4355E-04
   126.0      0.3991E-04
   128.0      0.3776E-04
   130.0      0.3608E-04
   132.0      0.3429E-04
   134.0      0.3210E-04
   136.0      0.2946E-04
   138.0      0.2650E-04
   140.0      0.2341E-04
   142.0      0.2033E-04
   144.0      0.1739E-04
   146.0      0.1467E-04
   148.0      0.1219E-04
   150.0      0.9987E-05
   152.0      0.8099E-05
   154.0      0.6551E-05
   156.0      0.5331E-05
   158.0      0.4432E-05
   160.0      0.3875E-05
   162.0      0.3649E-05
   164.0      0.3681E-05
   166.0      0.3876E-05
   168.0      0.4174E-05
   170.0      0.4537E-05
   172.0      0.4915E-05
   174.0      0.5232E-05
   176.0      0.5432E-05
   178.0      0.5520E-05
   180.0      0.5540E-05
 END
