# Fusion cross sections for ELAB=  80.000, ECM=  71.059
     0.0  0.9532      0.9532       0.000    
     1.0   8.581       8.581       0.000    
     2.0   20.69       20.69       0.000    
     3.0   33.52       33.52       0.000    
     4.0   43.31       43.31       0.000    
     5.0   53.25       53.25       0.000    
     6.0   63.21       63.21       0.000    
     7.0   72.61       72.61       0.000    
     8.0   80.26       80.26       0.000    
     9.0   84.44       84.44       0.000    
    10.0   83.57       83.57       0.000    
    11.0   77.05       77.05       0.000    
    12.0   65.71       65.71       0.000    
    13.0   51.62       51.62       0.000    
    14.0   37.44       37.44       0.000    
    15.0   25.36       25.36       0.000    
    16.0   16.33       16.33       0.000    
    17.0   10.19       10.19       0.000    
    18.0   6.231       6.231       0.000    
    19.0   3.767       3.767       0.000    
    20.0   2.261       2.261       0.000    
    21.0   1.351       1.351       0.000    
    22.0  0.8044      0.8044       0.000    
    23.0  0.4776      0.4776       0.000    
    24.0  0.2829      0.2829       0.000    
    25.0  0.1672      0.1672       0.000    
    26.0  0.9863E-01  0.9863E-01   0.000    
    27.0  0.5808E-01  0.5808E-01   0.000    
    28.0  0.3414E-01  0.3414E-01   0.000    
    29.0  0.2004E-01  0.2004E-01   0.000    
    30.0  0.1174E-01  0.1174E-01   0.000    
    31.0  0.6872E-02  0.6872E-02   0.000    
    32.0  0.4016E-02  0.4016E-02   0.000    
    33.0  0.2344E-02  0.2344E-02   0.000    
    34.0  0.1367E-02  0.1367E-02   0.000    
    35.0  0.7959E-03  0.7959E-03   0.000    
    36.0  0.4630E-03  0.4630E-03   0.000    
    37.0  0.2691E-03  0.2691E-03   0.000    
    38.0  0.1562E-03  0.1562E-03   0.000    
    39.0  0.9062E-04  0.9062E-04   0.000    
    40.0  0.5252E-04  0.5252E-04   0.000    
 &
