# Fusion cross sections for ELAB=  80.000, ECM=  71.059
     0.0  0.6357      1
     0.0  0.9532     -1
     1.0   3.814      1
     1.0   8.581     -1
     2.0   11.15      1
     2.0   20.69     -1
     3.0   15.64      1
     3.0   33.52     -1
     4.0   23.10      1
     4.0   43.31     -1
     5.0   24.84      1
     5.0   53.25     -1
     6.0   33.63      1
     6.0   63.21     -1
     7.0   34.07      1
     7.0   72.61     -1
     8.0   42.55      1
     8.0   80.26     -1
     9.0   39.67      1
     9.0   84.44     -1
    10.0   44.34      1
    10.0   83.57     -1
    11.0   36.17      1
    11.0   77.05     -1
    12.0   34.97      1
    12.0   65.71     -1
    13.0   23.88      1
    13.0   51.62     -1
    14.0   20.40      1
    14.0   37.44     -1
    15.0   11.36      1
    15.0   25.36     -1
    16.0   9.099      1
    16.0   16.33     -1
    17.0   4.484      1
    17.0   10.19     -1
    18.0   3.496      1
    18.0   6.231     -1
    19.0   1.651      1
    19.0   3.767     -1
    20.0   1.271      1
    20.0   2.261     -1
    21.0  0.5917      1
    21.0   1.351     -1
    22.0  0.4521      1
    22.0  0.8044     -1
    23.0  0.2092      1
    23.0  0.4776     -1
    24.0  0.1590      1
    24.0  0.2829     -1
    25.0  0.7323E-01  1
    25.0  0.1672     -1
    26.0  0.5543E-01  1
    26.0  0.9863E-01 -1
    27.0  0.2544E-01  1
    27.0  0.5808E-01 -1
    28.0  0.1919E-01  1
    28.0  0.3414E-01 -1
    29.0  0.8775E-02  1
    29.0  0.2004E-01 -1
    30.0  0.6601E-02  1
    30.0  0.1174E-01 -1
    31.0  0.3009E-02  1
    31.0  0.6872E-02 -1
    32.0  0.2258E-02  1
    32.0  0.4016E-02 -1
    33.0  0.1026E-02  1
    33.0  0.2344E-02 -1
    34.0  0.7684E-03  1
    34.0  0.1367E-02 -1
    35.0  0.3484E-03  1
    35.0  0.7959E-03 -1
    36.0  0.2603E-03  1
    36.0  0.4630E-03 -1
    37.0  0.1178E-03  1
    37.0  0.2691E-03 -1
    38.0  0.8785E-04  1
    38.0  0.1562E-03 -1
    39.0  0.3966E-04  1
    39.0  0.9062E-04 -1
    40.0  0.2954E-04  1
    40.0  0.5252E-04 -1
 &
