0.001  8.60371e-06 0.232461
0.00101  8.64663e-06 0.23362
0.0010201  8.68975e-06 0.234785
0.0010303  8.73309e-06 0.235956
0.0010406  8.77665e-06 0.237133
0.00105101  8.82042e-06 0.238316
0.00106152  8.86441e-06 0.239505
0.00107214  8.90863e-06 0.240699
0.00108286  8.95306e-06 0.2419
0.00109369  8.99771e-06 0.243106
0.00110462  9.04259e-06 0.244318
0.00111567  9.08769e-06 0.245537
0.00112683  9.13302e-06 0.246762
0.00113809  9.17857e-06 0.247992
0.00114947  9.22435e-06 0.249229
0.00116097  9.27035e-06 0.250472
0.00117258  9.31659e-06 0.251721
0.0011843  9.36306e-06 0.252977
0.00119615  9.40975e-06 0.254239
0.00120811  9.45669e-06 0.255507
0.00122019  9.50385e-06 0.256781
0.00123239  9.55125e-06 0.258062
0.00124472  9.59889e-06 0.259349
0.00125716  9.64677e-06 0.260642
0.00126973  9.69488e-06 0.261942
0.00128243  9.74323e-06 0.263249
0.00129526  9.79183e-06 0.264562
0.00130821  9.84067e-06 0.265881
0.00132129  9.88975e-06 0.267207
0.0013345  9.93907e-06 0.26854
0.00134785  9.98864e-06 0.269879
0.00136133  1.00385e-05 0.271225
0.00137494  1.00885e-05 0.272578
0.00138869  1.01388e-05 0.273937
0.00140258  1.01894e-05 0.275304
0.0014166  1.02402e-05 0.276677
0.00143077  1.02913e-05 0.278057
0.00144508  1.03426e-05 0.279444
0.00145953  1.03942e-05 0.280837
0.00147412  1.04461e-05 0.282238
0.00148886  1.04982e-05 0.283646
0.00150375  1.05505e-05 0.28506
0.00151879  1.06031e-05 0.286482
0.00153398  1.0656e-05 0.287911
0.00154932  1.07092e-05 0.289347
0.00156481  1.07626e-05 0.29079
0.00158046  1.08163e-05 0.29224
0.00159626  1.08702e-05 0.293698
0.00161223  1.09244e-05 0.295163
0.00162835  1.09789e-05 0.296635
0.00164463  1.10337e-05 0.298114
0.00166108  1.10887e-05 0.299601
0.00167769  1.1144e-05 0.301095
0.00169447  1.11996e-05 0.302597
0.00171141  1.12555e-05 0.304106
0.00172852  1.13116e-05 0.305623
0.00174581  1.1368e-05 0.307147
0.00176327  1.14247e-05 0.308679
0.0017809  1.14817e-05 0.310219
0.00179871  1.1539e-05 0.311766
0.0018167  1.15965e-05 0.313321
0.00183486  1.16543e-05 0.314884
0.00185321  1.17125e-05 0.316454
0.00187174  1.17709e-05 0.318032
0.00189046  1.18296e-05 0.319619
0.00190937  1.18886e-05 0.321213
0.00192846  1.19479e-05 0.322815
0.00194774  1.20075e-05 0.324425
0.00196722  1.20674e-05 0.326043
0.00198689  1.21276e-05 0.327669
0.00200676  1.2188e-05 0.329303
0.00202683  1.22488e-05 0.330946
0.0020471  1.23099e-05 0.332596
0.00206757  1.23713e-05 0.334255
0.00208825  1.2433e-05 0.335922
0.00210913  1.2495e-05 0.337598
0.00213022  1.25574e-05 0.339281
0.00215152  1.262e-05 0.340974
0.00217304  1.26829e-05 0.342674
0.00219477  1.27462e-05 0.344383
0.00221672  1.28098e-05 0.346101
0.00223888  1.28736e-05 0.347827
0.00226127  1.29379e-05 0.349562
0.00228388  1.30024e-05 0.351305
0.00230672  1.30672e-05 0.353057
0.00232979  1.31324e-05 0.354818
0.00235309  1.31979e-05 0.356588
0.00237662  1.32637e-05 0.358367
0.00240038  1.33299e-05 0.360154
0.00242439  1.33964e-05 0.36195
0.00244863  1.34632e-05 0.363755
0.00247312  1.35303e-05 0.36557
0.00249785  1.35978e-05 0.367393
0.00252283  1.36656e-05 0.369225
0.00254806  1.37338e-05 0.371067
0.00257354  1.38023e-05 0.372917
0.00259927  1.38711e-05 0.374777
0.00262527  1.39403e-05 0.376647
0.00265152  1.40098e-05 0.378525
0.00267803  1.40797e-05 0.380413
0.00270481  1.41499e-05 0.38231
0.00273186  1.42205e-05 0.384217
0.00275918  1.42914e-05 0.386133
0.00278677  1.43627e-05 0.388059
0.00281464  1.44344e-05 0.389995
0.00284279  1.45063e-05 0.39194
0.00287121  1.45787e-05 0.393895
0.00289993  1.46514e-05 0.395859
0.00292893  1.47245e-05 0.397834
0.00295822  1.47979e-05 0.399818
0.0029878  1.48717e-05 0.401812
0.00301768  1.49459e-05 0.403816
0.00304785  1.50204e-05 0.40583
0.00307833  1.50954e-05 0.407854
0.00310911  1.51707e-05 0.409888
0.0031402  1.52463e-05 0.411933
0.00317161  1.53224e-05 0.413987
0.00320332  1.53988e-05 0.416052
0.00323536  1.54756e-05 0.418127
0.00326771  1.55528e-05 0.420212
0.00330039  1.56303e-05 0.422308
0.00333339  1.57083e-05 0.424415
0.00336672  1.57866e-05 0.426531
0.00340039  1.58654e-05 0.428659
0.0034344  1.59445e-05 0.430797
0.00346874  1.6024e-05 0.432945
0.00350343  1.6104e-05 0.435104
0.00353846  1.61843e-05 0.437275
0.00357385  1.6265e-05 0.439455
0.00360958  1.63461e-05 0.441647
0.00364568  1.64276e-05 0.44385
0.00368214  1.65096e-05 0.446064
0.00371896  1.65919e-05 0.448289
0.00375615  1.66747e-05 0.450524
0.00379371  1.67578e-05 0.452771
0.00383165  1.68414e-05 0.45503
0.00386996  1.69254e-05 0.457299
0.00390866  1.70098e-05 0.45958
0.00394775  1.70947e-05 0.461872
0.00398723  1.71799e-05 0.464176
0.0040271  1.72656e-05 0.466491
0.00406737  1.73517e-05 0.468817
0.00410804  1.74383e-05 0.471156
0.00414912  1.75252e-05 0.473506
0.00419062  1.76127e-05 0.475867
0.00423252  1.77005e-05 0.478241
0.00427485  1.77888e-05 0.480626
0.0043176  1.78775e-05 0.483023
0.00436077  1.79667e-05 0.485432
0.00440438  1.80563e-05 0.487853
0.00444842  1.81463e-05 0.490286
0.00449291  1.82368e-05 0.492731
0.00453784  1.83278e-05 0.495189
0.00458321  1.84192e-05 0.497659
0.00462905  1.85111e-05 0.500141
0.00467534  1.86034e-05 0.502636
0.00472209  1.86962e-05 0.505142
0.00476931  1.87894e-05 0.507662
0.004817  1.88832e-05 0.510194
0.00486517  1.89773e-05 0.512738
0.00491383  1.9072e-05 0.515296
0.00496296  1.91671e-05 0.517866
0.00501259  1.92627e-05 0.520448
0.00506272  1.93588e-05 0.523044
0.00511335  1.94553e-05 0.525653
0.00516448  1.95524e-05 0.528275
0.00521613  1.96499e-05 0.53091
0.00526829  1.97479e-05 0.533558
0.00532097  1.98464e-05 0.536219
0.00537418  1.99454e-05 0.538893
0.00542792  2.00448e-05 0.541581
0.0054822  2.01448e-05 0.544282
0.00553702  2.02453e-05 0.546996
0.00559239  2.03463e-05 0.549725
0.00564832  2.04477e-05 0.552466
0.0057048  2.05497e-05 0.555222
0.00576185  2.06522e-05 0.557991
0.00581947  2.07552e-05 0.560774
0.00587766  2.08587e-05 0.563571
0.00593644  2.09628e-05 0.566382
0.0059958  2.10673e-05 0.569207
0.00605576  2.11724e-05 0.572046
0.00611632  2.1278e-05 0.574899
0.00617748  2.13841e-05 0.577766
0.00623926  2.14908e-05 0.580648
0.00630165  2.1598e-05 0.583544
0.00636466  2.17057e-05 0.586454
0.00642831  2.1814e-05 0.589379
0.00649259  2.19228e-05 0.592319
0.00655752  2.20321e-05 0.595273
0.0066231  2.2142e-05 0.598242
0.00668933  2.22524e-05 0.601226
0.00675622  2.23634e-05 0.604224
0.00682378  2.24749e-05 0.607238
0.00689202  2.2587e-05 0.610266
0.00696094  2.26997e-05 0.61331
0.00703055  2.28129e-05 0.616369
0.00710085  2.29267e-05 0.619443
0.00717186  2.3041e-05 0.622533
0.00724358  2.3156e-05 0.625638
0.00731602  2.32714e-05 0.628758
0.00738918  2.33875e-05 0.631894
0.00746307  2.35042e-05 0.635046
0.0075377  2.36214e-05 0.638213
0.00761308  2.37392e-05 0.641396
0.00768921  2.38576e-05 0.644595
0.0077661  2.39766e-05 0.64781
0.00784376  2.40962e-05 0.651041
0.0079222  2.42164e-05 0.654288
0.00800142  2.43371e-05 0.657551
0.00808144  2.44585e-05 0.660831
0.00816225  2.45805e-05 0.664127
0.00824387  2.47031e-05 0.667439
0.00832631  2.48263e-05 0.670768
0.00840957  2.49501e-05 0.674114
0.00849367  2.50746e-05 0.677476
0.00857861  2.51996e-05 0.680855
0.00866439  2.53253e-05 0.68425
0.00875104  2.54516e-05 0.687663
0.00883855  2.55786e-05 0.691093
0.00892693  2.57062e-05 0.694539
0.0090162  2.58344e-05 0.698004
0.00910636  2.59632e-05 0.701485
0.00919743  2.60927e-05 0.704984
0.0092894  2.62228e-05 0.7085
0.0093823  2.63536e-05 0.712034
0.00947612  2.64851e-05 0.715585
0.00957088  2.66172e-05 0.719154
0.00966659  2.67499e-05 0.722741
0.00976325  2.68833e-05 0.726345
0.00986089  2.70174e-05 0.729968
0.0099595  2.71522e-05 0.733609
0.0100591  2.72876e-05 0.737267
0.0101597  2.74237e-05 0.740945
0.0102613  2.75605e-05 0.74464
0.0103639  2.76979e-05 0.748354
0.0104675  2.78361e-05 0.752087
0.0105722  2.79749e-05 0.755838
0.0106779  2.81144e-05 0.759608
0.0107847  2.82547e-05 0.763396
0.0108926  2.83956e-05 0.767204
0.0110015  2.85372e-05 0.77103
0.0111115  2.86795e-05 0.774875
0.0112226  2.88226e-05 0.77874
0.0113348  2.89663e-05 0.782624
0.0114482  2.91108e-05 0.786528
0.0115627  2.9256e-05 0.79045
0.0116783  2.94019e-05 0.794393
0.0117951  2.95486e-05 0.798355
0.011913  2.96959e-05 0.802337
0.0120322  2.9844e-05 0.806338
0.0121525  2.99929e-05 0.81036
0.012274  3.01425e-05 0.814402
0.0123967  3.02928e-05 0.818463
0.0125207  3.04439e-05 0.822546
0.0126459  3.05958e-05 0.826648
0.0127724  3.07483e-05 0.830771
0.0129001  3.09017e-05 0.834915
0.0130291  3.10558e-05 0.839079
0.0131594  3.12107e-05 0.843264
0.013291  3.13664e-05 0.84747
0.0134239  3.15228e-05 0.851697
0.0135581  3.16801e-05 0.855945
0.0136937  3.18381e-05 0.860214
0.0138307  3.19969e-05 0.864504
0.013969  3.21564e-05 0.868816
0.0141086  3.23168e-05 0.873149
0.0142497  3.2478e-05 0.877503
0.0143922  3.264e-05 0.88188
0.0145362  3.28028e-05 0.886278
0.0146815  3.29664e-05 0.890698
0.0148283  3.31308e-05 0.895141
0.0149766  3.32961e-05 0.899605
0.0151264  3.34621e-05 0.904091
0.0152776  3.3629e-05 0.9086
0.0154304  3.37967e-05 0.913132
0.0155847  3.39653e-05 0.917686
0.0157406  3.41347e-05 0.922264
0.015898  3.4305e-05 0.926864
0.016057  3.44761e-05 0.931487
0.0162175  3.4648e-05 0.936134
0.0163797  3.48208e-05 0.940804
0.0165435  3.49945e-05 0.945498
0.0167089  3.5169e-05 0.950214
0.016876  3.53444e-05 0.954954
0.0170448  3.55207e-05 0.959718
0.0172152  3.56979e-05 0.964505
0.0173874  3.58759e-05 0.969315
0.0175613  3.60549e-05 0.974149
0.0177369  3.62347e-05 0.979007
0.0179142  3.64154e-05 0.983888
0.0180934  3.6597e-05 0.988793
0.0182743  3.67796e-05 0.993722
0.0184571  3.6963e-05 0.998676
0.0186416  3.71474e-05 1.00365
0.018828  3.73326e-05 1.00866
0.0190163  3.75188e-05 1.01368
0.0192065  3.7706e-05 1.01874
0.0193986  3.7894e-05 1.02382
0.0195925  3.8083e-05 1.02892
0.0197885  3.8273e-05 1.03406
0.0199864  3.84638e-05 1.03921
0.0201862  3.86492e-05 1.0444
0.0203881  3.8816e-05 1.04962
0.020592  3.89834e-05 1.05486
0.0207979  3.91513e-05 1.06013
0.0210059  3.93197e-05 1.06543
0.0212159  3.94887e-05 1.07076
0.0214281  3.96583e-05 1.07612
0.0216424  3.98284e-05 1.0815
0.0218588  3.9999e-05 1.08692
0.0220774  4.01702e-05 1.09237
0.0222981  4.03419e-05 1.09785
0.0225211  4.05141e-05 1.10337
0.0227463  4.06869e-05 1.10891
0.0229738  4.08602e-05 1.11449
0.0232035  4.1034e-05 1.1201
0.0234356  4.12084e-05 1.12574
0.0236699  4.13832e-05 1.13142
0.0239066  4.15586e-05 1.13713
0.0241457  4.17345e-05 1.14287
0.0243871  4.19109e-05 1.14865
0.024631  4.20878e-05 1.15445
0.0248773  4.22652e-05 1.16029
0.0251261  4.24431e-05 1.16617
0.0253774  4.26215e-05 1.17208
0.0256311  4.28004e-05 1.17802
0.0258874  4.29798e-05 1.184
0.0261463  4.31597e-05 1.19001
0.0264078  4.334e-05 1.19605
0.0266719  4.35208e-05 1.20213
0.0269386  4.37021e-05 1.20825
0.027208  4.38839e-05 1.2144
0.02748  4.40661e-05 1.22059
0.0277548  4.42488e-05 1.22681
0.0280324  4.44319e-05 1.23307
0.0283127  4.46155e-05 1.23936
0.0285958  4.47995e-05 1.24569
0.0288818  4.49839e-05 1.25206
0.0291706  4.51688e-05 1.25847
0.0294623  4.53541e-05 1.26492
0.029757  4.55398e-05 1.2714
0.0300545  4.5726e-05 1.27792
0.0303551  4.59125e-05 1.28448
0.0306586  4.60995e-05 1.29108
0.0309652  4.62868e-05 1.29772
0.0312749  4.64745e-05 1.30439
0.0315876  4.66626e-05 1.31111
0.0319035  4.68511e-05 1.31786
0.0322225  4.70399e-05 1.32466
0.0325447  4.72291e-05 1.3315
0.0328702  4.74187e-05 1.33837
0.0331989  4.76085e-05 1.34529
0.0335309  4.77988e-05 1.35225
0.0338662  4.79893e-05 1.35925
0.0342049  4.81802e-05 1.3663
0.0345469  4.83713e-05 1.37338
0.0348924  4.85628e-05 1.38051
0.0352413  4.87546e-05 1.38768
0.0355937  4.89466e-05 1.39489
0.0359496  4.91389e-05 1.40215
0.0363091  4.93315e-05 1.40945
0.0366722  4.95243e-05 1.4168
0.037039  4.97174e-05 1.42419
0.0374093  4.99107e-05 1.43162
0.0377834  5.01043e-05 1.4391
0.0381613  5.0298e-05 1.44663
0.0385429  5.0492e-05 1.4542
0.0389283  5.06861e-05 1.46182
0.0393176  5.08804e-05 1.46949
0.0397108  5.10749e-05 1.4772
0.0401079  5.12696e-05 1.48496
0.040509  5.14644e-05 1.49277
0.040914  5.16593e-05 1.50063
0.0413232  5.18543e-05 1.50853
0.0417364  5.20495e-05 1.51648
0.0421538  5.22447e-05 1.52449
0.0425753  5.24401e-05 1.53254
0.0430011  5.26355e-05 1.54065
0.0434311  5.28309e-05 1.5488
0.0438654  5.30264e-05 1.55701
0.044304  5.32219e-05 1.56526
0.0447471  5.34175e-05 1.57357
0.0451946  5.3613e-05 1.58193
0.0456465  5.38085e-05 1.59035
0.046103  5.4004e-05 1.59882
0.046564  5.41995e-05 1.60734
0.0470296  5.43949e-05 1.61591
0.0474999  5.45902e-05 1.62454
0.0479749  5.47854e-05 1.63323
0.0484547  5.49805e-05 1.64197
0.0489392  5.51755e-05 1.65077
0.0494286  5.53703e-05 1.65962
0.0499229  5.5565e-05 1.66853
0.0504221  5.57595e-05 1.6775
0.0509264  5.59539e-05 1.68653
0.0514356  5.6148e-05 1.69561
0.05195  5.63418e-05 1.70476
0.0524695  5.65355e-05 1.71396
0.0529942  5.67289e-05 1.72323
0.0535241  5.69219e-05 1.73256
0.0540594  5.71147e-05 1.74194
0.0546  5.73072e-05 1.75139
0.055146  5.74993e-05 1.7609
0.0556974  5.76911e-05 1.77048
0.0562544  5.78825e-05 1.78012
0.0568169  5.80734e-05 1.78982
0.0573851  5.8264e-05 1.79959
0.0579589  5.84541e-05 1.80942
0.0585385  5.86438e-05 1.81932
0.0591239  5.8833e-05 1.82928
0.0597152  5.90217e-05 1.83932
0.0603123  5.92098e-05 1.84942
0.0609154  5.93974e-05 1.85959
0.0615246  5.95845e-05 1.86983
0.0621398  5.97709e-05 1.88013
0.0627612  5.99567e-05 1.89052
0.0633888  6.0142e-05 1.90097
0.0640227  6.03265e-05 1.91149
0.064663  6.05104e-05 1.92209
0.0653096  6.06935e-05 1.93276
0.0659627  6.0876e-05 1.94351
0.0666223  6.10577e-05 1.95433
0.0672885  6.12386e-05 1.96523
0.0679614  6.14187e-05 1.9762
0.068641  6.1598e-05 1.98725
0.0693275  6.17765e-05 1.99838
0.0700207  6.19541e-05 2.00958
0.0707209  6.21308e-05 2.02087
0.0714281  6.23066e-05 2.03223
0.0721424  6.24814e-05 2.04367
0.0728638  6.26553e-05 2.0552
0.0735925  6.28282e-05 2.06681
0.0743284  6.30001e-05 2.0785
0.0750717  6.31709e-05 2.09028
0.0758224  6.33407e-05 2.10214
0.0765806  6.35094e-05 2.11409
0.0773464  6.3677e-05 2.12613
0.0781199  6.38434e-05 2.13826
0.0789011  6.40087e-05 2.15048
0.0796901  6.41727e-05 2.16279
0.080487  6.43356e-05 2.1752
0.0812919  6.44653e-05 2.18771
0.0821048  6.45906e-05 2.20031
0.0829259  6.4714e-05 2.21301
0.0837551  6.48353e-05 2.22581
0.0845927  6.49546e-05 2.23872
0.0854386  6.50718e-05 2.25172
0.086293  6.51869e-05 2.26484
0.0871559  6.52998e-05 2.27806
0.0880275  6.54105e-05 2.29139
0.0889077  6.55189e-05 2.30483
0.0897968  6.56251e-05 2.31839
0.0906948  6.57289e-05 2.33206
0.0916017  6.58304e-05 2.34584
0.0925178  6.59296e-05 2.35975
0.0934429  6.60263e-05 2.37377
0.0943774  6.61205e-05 2.38791
0.0953211  6.62122e-05 2.40218
0.0962743  6.63014e-05 2.41657
0.0972371  6.6388e-05 2.43108
0.0982095  6.6472e-05 2.44572
0.0991916  6.65534e-05 2.46049
0.100183  6.66321e-05 2.47539
0.101185  6.67081e-05 2.49041
0.102197  6.67813e-05 2.50557
0.103219  6.68517e-05 2.52087
0.104251  6.69194e-05 2.5363
0.105294  6.69841e-05 2.55187
0.106347  6.7046e-05 2.56758
0.10741  6.7105e-05 2.58344
0.108484  6.7161e-05 2.59944
0.109569  6.7214e-05 2.61558
0.110665  6.7264e-05 2.63188
0.111772  6.73109e-05 2.64832
0.112889  6.73548e-05 2.66492
0.114018  6.73955e-05 2.68168
0.115158  6.74331e-05 2.69859
0.11631  6.74675e-05 2.71566
0.117473  6.74987e-05 2.7329
0.118648  6.75267e-05 2.7503
0.119834  6.75514e-05 2.76786
0.121033  6.75728e-05 2.7856
0.122243  6.75909e-05 2.80351
0.123465  6.76056e-05 2.82159
0.1247  6.7617e-05 2.83986
0.125947  6.7625e-05 2.8583
0.127206  6.76295e-05 2.87692
0.128478  6.76306e-05 2.89573
0.129763  6.76282e-05 2.91473
0.131061  6.76224e-05 2.93392
0.132372  6.7613e-05 2.9533
0.133695  6.76001e-05 2.97288
0.135032  6.75836e-05 2.99266
0.136383  6.75635e-05 3.01264
0.137746  6.75399e-05 3.03283
0.139124  6.75126e-05 3.05323
0.140515  6.74818e-05 3.07384
0.14192  6.74473e-05 3.09467
0.143339  6.74091e-05 3.11572
0.144773  6.73672e-05 3.13699
0.146221  6.73217e-05 3.15848
0.147683  6.72725e-05 3.18021
0.14916  6.72196e-05 3.20217
0.150651  6.7163e-05 3.22437
0.152158  6.71026e-05 3.24681
0.153679  6.70386e-05 3.2695
0.155216  6.69707e-05 3.29243
0.156768  6.68992e-05 3.31562
0.158336  6.68239e-05 3.33907
0.159919  6.67449e-05 3.36278
0.161518  6.66621e-05 3.38675
0.163134  6.65756e-05 3.411
0.164765  6.64854e-05 3.43552
0.166413  6.63914e-05 3.46032
0.168077  6.62936e-05 3.4854
0.169757  6.61922e-05 3.51077
0.171455  6.6087e-05 3.53644
0.17317  6.59781e-05 3.56241
0.174901  6.58655e-05 3.58867
0.17665  6.57491e-05 3.61525
0.178417  6.56291e-05 3.64214
0.180201  6.55055e-05 3.66935
0.182003  6.53781e-05 3.69689
0.183823  6.52471e-05 3.72476
0.185661  6.51125e-05 3.75296
0.187518  6.49743e-05 3.7815
0.189393  6.48324e-05 3.8104
0.191287  6.4687e-05 3.83964
0.1932  6.45381e-05 3.86925
0.195132  6.43856e-05 3.89922
0.197083  6.42296e-05 3.92956
0.199054  6.40701e-05 3.96028
0.201045  6.39072e-05 3.99139
0.203055  6.37408e-05 4.02289
0.205086  6.35711e-05 4.05479
0.207136  6.3398e-05 4.08709
0.209208  6.32215e-05 4.11981
0.2113  6.30417e-05 4.15295
0.213413  6.28587e-05 4.18652
0.215547  6.26724e-05 4.22052
0.217702  6.2483e-05 4.25496
0.219879  6.22903e-05 4.28986
0.222078  6.20946e-05 4.32521
0.224299  6.18957e-05 4.36103
0.226542  6.16939e-05 4.39733
0.228807  6.1489e-05 4.43411
0.231095  6.12811e-05 4.47139
0.233406  6.10704e-05 4.50916
0.235741  6.08567e-05 4.54745
0.238098  6.06403e-05 4.58625
0.240479  6.0421e-05 4.62559
0.242884  6.0199e-05 4.66546
0.245313  5.99744e-05 4.70588
0.247766  5.97471e-05 4.74686
0.250243  5.95172e-05 4.78841
0.252746  5.92848e-05 4.83054
0.255273  5.90499e-05 4.87326
0.257826  5.88126e-05 4.91658
0.260404  5.85729e-05 4.9605
0.263008  5.83308e-05 5.00506
0.265638  5.80865e-05 5.05024
0.268295  5.784e-05 5.09607
0.270978  5.75914e-05 5.14255
0.273687  5.73406e-05 5.18971
0.276424  5.70878e-05 5.23754
0.279189  5.6833e-05 5.28607
0.28198  5.65763e-05 5.33531
0.2848  5.63177e-05 5.38526
0.287648  5.60572e-05 5.43595
0.290525  5.57951e-05 5.48738
0.29343  5.55312e-05 5.53958
0.296364  5.52657e-05 5.59255
0.299328  5.49986e-05 5.6463
0.302321  5.473e-05 5.70086
0.305344  5.446e-05 5.75623
0.308398  5.41885e-05 5.81244
0.311482  5.39157e-05 5.8695
0.314597  5.36416e-05 5.92742
0.317743  5.33663e-05 5.98621
0.32092  5.30899e-05 6.04591
0.324129  5.28123e-05 6.10652
0.32737  5.25338e-05 6.16805
0.330644  5.22542e-05 6.23054
0.333951  5.19737e-05 6.29398
0.33729  5.16924e-05 6.35841
0.340663  5.14102e-05 6.42384
0.34407  5.11273e-05 6.49029
0.34751  5.08438e-05 6.55777
0.350985  5.05596e-05 6.62631
0.354495  5.02748e-05 6.69593
0.35804  4.99895e-05 6.76664
0.361621  4.97038e-05 6.83847
0.365237  4.94177e-05 6.91143
0.368889  4.91312e-05 6.98556
0.372578  4.88445e-05 7.06086
0.376304  4.85575e-05 7.13737
0.380067  4.82704e-05 7.21509
0.383868  4.79831e-05 7.29406
0.387706  4.76957e-05 7.37431
0.391583  4.74084e-05 7.45584
0.395499  4.7121e-05 7.53869
0.399454  4.68338e-05 7.62288
0.403449  4.65467e-05 7.70843
0.407483  4.62597e-05 7.79538
0.411558  4.5973e-05 7.88374
0.415674  4.56866e-05 7.97354
0.41983  4.54005e-05 8.06481
0.424029  4.51148e-05 8.15758
0.428269  4.48295e-05 8.25187
0.432552  4.45446e-05 8.3477
0.436877  4.42603e-05 8.44512
0.441246  4.39765e-05 8.54414
0.445658  4.36933e-05 8.6448
0.450115  4.34107e-05 8.74713
0.454616  4.31288e-05 8.85116
0.459162  4.28477e-05 8.95692
0.463754  4.25672e-05 9.06443
0.468391  4.22876e-05 9.17374
0.473075  4.20087e-05 9.28487
0.477806  4.17307e-05 9.39786
0.482584  4.14536e-05 9.51274
0.48741  4.11775e-05 9.62954
0.492284  4.09022e-05 9.74831
0.497207  4.0628e-05 9.86907
0.502179  4.03548e-05 9.99186
0.507201  4.00826e-05 10.1167
0.512273  3.98115e-05 10.2437
0.517396  3.95415e-05 10.3728
0.52257  3.92726e-05 10.5041
0.527795  3.90049e-05 10.6376
0.533073  3.87383e-05 10.7734
0.538404  3.8473e-05 10.9115
0.543788  3.82088e-05 11.0519
0.549226  3.79459e-05 11.1947
0.554718  3.76843e-05 11.34
0.560265  3.7424e-05 11.4877
0.565868  3.71649e-05 11.6379
0.571527  3.69072e-05 11.7907
0.577242  3.66508e-05 11.9461
0.583014  3.63957e-05 12.1042
0.588844  3.6142e-05 12.2649
0.594733  3.58897e-05 12.4284
0.60068  3.56388e-05 12.5947
0.606687  3.53893e-05 12.7638
0.612754  3.51412e-05 12.9359
0.618881  3.48946e-05 13.1109
0.62507  3.46493e-05 13.2888
0.631321  3.44056e-05 13.4699
0.637634  3.41633e-05 13.654
0.644011  3.39224e-05 13.8413
0.650451  3.3683e-05 14.0319
0.656955  3.34451e-05 14.2257
0.663525  3.32087e-05 14.4228
0.67016  3.29737e-05 14.6233
0.676862  3.27403e-05 14.8273
0.68363  3.25083e-05 15.0347
0.690466  3.22779e-05 15.2458
0.697371  3.20489e-05 15.4605
0.704345  3.18215e-05 15.6788
0.711388  3.15955e-05 15.901
0.718502  3.13711e-05 16.1269
0.725687  3.11481e-05 16.3568
0.732944  3.09267e-05 16.5906
0.740273  3.07067e-05 16.8284
0.747676  3.04883e-05 17.0704
0.755153  3.02713e-05 17.3165
0.762705  3.00559e-05 17.5669
0.770332  2.98419e-05 17.8215
0.778035  2.96295e-05 18.0806
0.785815  2.94185e-05 18.3441
0.793673  2.9209e-05 18.6122
0.80161  2.9001e-05 18.8849
0.809626  2.87944e-05 19.1623
0.817722  2.85893e-05 19.4445
0.8259  2.83857e-05 19.7315
0.834159  2.81835e-05 20.0235
0.8425  2.79828e-05 20.3206
0.850925  2.77835e-05 20.6227
0.859435  2.75857e-05 20.9301
0.868029  2.73893e-05 21.2428
0.876709  2.71943e-05 21.5608
0.885476  2.70007e-05 21.8844
0.894331  2.68085e-05 22.2135
0.903274  2.66177e-05 22.5483
0.912307  2.64283e-05 22.8889
0.92143  2.62403e-05 23.2353
0.930644  2.60537e-05 23.5877
0.939951  2.58684e-05 23.9462
0.94935  2.56845e-05 24.3109
0.958844  2.55019e-05 24.6818
0.968432  2.53206e-05 25.0591
0.978117  2.51407e-05 25.443
0.987898  2.49621e-05 25.8334
0.997777  2.47848e-05 26.2306
1.00775  2.46088e-05 26.6346
1.01783  2.44341e-05 27.0456
1.02801  2.42607e-05 27.4636
1.03829  2.40885e-05 27.8889
1.04867  2.39176e-05 28.3215
1.05916  2.37479e-05 28.7615
1.06975  2.35795e-05 29.2091
1.08045  2.34123e-05 29.6644
1.09125  2.32464e-05 30.1275
1.10217  2.30816e-05 30.5986
1.11319  2.29181e-05 31.0779
1.12432  2.27557e-05 31.5653
1.13556  2.25945e-05 32.0612
1.14692  2.24345e-05 32.5655
1.15839  2.22756e-05 33.0786
1.16997  2.21179e-05 33.6005
1.18167  2.19613e-05 34.1313
1.19349  2.18059e-05 34.6713
1.20542  2.16516e-05 35.2206
1.21748  2.14984e-05 35.7793
1.22965  2.13463e-05 36.3477
1.24195  2.11952e-05 36.9258
1.25437  2.10453e-05 37.5138
1.26691  2.08964e-05 38.112
1.27958  2.07486e-05 38.7204
1.29238  2.06019e-05 39.3393
1.3053  2.04562e-05 39.9689
1.31835  2.03115e-05 40.6092
1.33154  2.01679e-05 41.2606
1.34485  2.00253e-05 41.9232
1.3583  1.98837e-05 42.5972
1.37188  1.9743e-05 43.2827
1.3856  1.96034e-05 43.9801
1.39946  1.94648e-05 44.6894
1.41345  1.93271e-05 45.4109
1.42759  1.91904e-05 46.1449
1.44186  1.90547e-05 46.8914
1.45628  1.89199e-05 47.6508
1.47085  1.8786e-05 48.4233
1.48555  1.86531e-05 49.209
1.50041  1.85211e-05 50.0083
1.51541  1.839e-05 50.8213
1.53057  1.82598e-05 51.6483
1.54587  1.81305e-05 52.4895
1.56133  1.80021e-05 53.3452
1.57695  1.78746e-05 54.2156
1.59271  1.77479e-05 55.101
1.60864  1.76222e-05 56.0016
1.62473  1.74973e-05 56.9177
1.64098  1.73732e-05 57.8496
1.65739  1.725e-05 58.7975
1.67396  1.71276e-05 59.7617
1.6907  1.70061e-05 60.7426
1.70761  1.68854e-05 61.7403
1.72468  1.67655e-05 62.7552
1.74193  1.66464e-05 63.7876
1.75935  1.65282e-05 64.8378
1.77694  1.64107e-05 65.906
1.79471  1.6294e-05 66.9927
1.81266  1.61781e-05 68.0981
1.83078  1.6063e-05 69.2226
1.84909  1.59487e-05 70.3664
1.86758  1.58351e-05 71.53
1.88626  1.57223e-05 72.7136
1.90512  1.56102e-05 73.9177
1.92417  1.54989e-05 75.1425
1.94341  1.53884e-05 76.3884
1.96285  1.52785e-05 77.6559
1.98248  1.51695e-05 78.9452
2.0023  1.50611e-05 80.2568
2.02232  1.49535e-05 81.5911
2.04255  1.48465e-05 82.9484
2.06297  1.47403e-05 84.3291
2.0836  1.46348e-05 85.7337
2.10444  1.453e-05 87.1626
2.12548  1.44259e-05 88.6161
2.14674  1.43224e-05 90.0948
2.16821  1.42197e-05 91.5991
2.18989  1.41176e-05 93.1294
2.21179  1.40162e-05 94.6862
2.2339  1.39155e-05 96.27
2.25624  1.38155e-05 97.8811
2.27881  1.37161e-05 99.5202
2.30159  1.36173e-05 101.188
2.32461  1.35193e-05 102.884
2.34786  1.34218e-05 104.61
2.37134  1.3325e-05 106.365
2.39505  1.32289e-05 108.151
2.419  1.31333e-05 109.968
2.44319  1.30385e-05 111.817
2.46762  1.29442e-05 113.698
2.4923  1.28505e-05 115.611
2.51722  1.27575e-05 117.558
2.54239  1.26651e-05 119.538
2.56782  1.25733e-05 121.553
2.59349  1.24821e-05 123.602
2.61943  1.23915e-05 125.688
2.64562  1.23015e-05 127.809
2.67208  1.2212e-05 129.968
2.6988  1.21232e-05 132.164
2.72579  1.2035e-05 134.398
2.75305  1.19473e-05 136.672
2.78058  1.18602e-05 138.984
2.80838  1.17737e-05 141.337
2.83647  1.16878e-05 143.732
2.86483  1.16024e-05 146.167
2.89348  1.15176e-05 148.645
2.92241  1.14333e-05 151.167
2.95164  1.13497e-05 153.732
2.98115  1.12665e-05 156.342
3.01097  1.11839e-05 158.998
3.04108  1.11019e-05 161.7
3.07149  1.10204e-05 164.45
3.1022  1.09394e-05 167.247
3.13322  1.0859e-05 170.094
3.16456  1.07791e-05 172.99
3.1962  1.06997e-05 175.937
3.22816  1.06209e-05 178.935
3.26045  1.05426e-05 181.986
3.29305  1.04648e-05 185.091
3.32598  1.03875e-05 188.25
3.35924  1.03107e-05 191.464
3.39283  1.02345e-05 194.734
3.42676  1.01587e-05 198.062
3.46103  1.00835e-05 201.448
3.49564  1.00088e-05 204.893
3.53059  9.93453e-06 208.398
3.5659  9.86078e-06 211.965
3.60156  9.78753e-06 215.593
3.63758  9.71477e-06 219.286
3.67395  9.6425e-06 223.043
3.71069  9.57071e-06 226.866
3.7478  9.4994e-06 230.757
3.78528  9.42857e-06 234.716
3.82313  9.35822e-06 238.744
3.86136  9.28834e-06 242.845
3.89997  9.21893e-06 247.017
3.93897  9.14998e-06 251.264
3.97836  9.08151e-06 255.586
4.01815  9.01349e-06 259.984
4.05833  8.94593e-06 264.461
4.09891  8.87883e-06 269.018
4.1399  8.81219e-06 273.657
4.1813  8.74599e-06 278.378
4.22311  8.68025e-06 283.185
4.26534  8.61495e-06 288.077
4.308  8.55009e-06 293.058
4.35108  8.48568e-06 298.128
4.39459  8.4217e-06 303.29
4.43853  8.35816e-06 308.546
4.48292  8.29506e-06 313.897
4.52775  8.23238e-06 319.345
4.57303  8.17014e-06 324.892
4.61876  8.10831e-06 330.539
4.66494  8.04692e-06 336.289
4.71159  7.98594e-06 342.143
4.75871  7.92538e-06 348.103
4.8063  7.86524e-06 354.171
4.85436  7.80551e-06 360.349
4.9029  7.74619e-06 366.638
4.95193  7.68729e-06 373.041
5.00145  7.62878e-06 379.56
5.05146  7.57069e-06 386.196
5.10198  7.51299e-06 392.952
5.153  7.45569e-06 399.83
5.20453  7.39879e-06 406.832
5.25657  7.34229e-06 413.961
5.30914  7.28618e-06 421.219
5.36223  7.23045e-06 428.609
5.41585  7.17512e-06 436.132
5.47001  7.12017e-06 443.791
5.52471  7.06561e-06 451.589
5.57996  7.01142e-06 459.529
5.63576  6.95761e-06 467.612
5.69212  6.90419e-06 475.843
5.74904  6.85113e-06 484.223
5.80653  6.79845e-06 492.755
5.86459  6.74613e-06 501.441
5.92324  6.69419e-06 510.286
5.98247  6.64261e-06 519.291
6.0423  6.59139e-06 528.46
6.10272  6.54054e-06 537.795
6.16375  6.49004e-06 547.299
6.22538  6.4399e-06 556.976
6.28764  6.39011e-06 566.829
6.35051  6.34068e-06 576.861
6.41402  6.2916e-06 587.074
6.47816  6.24286e-06 597.474
6.54294  6.19448e-06 608.062
6.60837  6.14643e-06 618.842
6.67445  6.09873e-06 629.818
6.7412  6.05137e-06 640.994
6.80861  6.00434e-06 652.373
6.8767  5.95766e-06 663.959
6.94546  5.9113e-06 675.755
7.01492  5.86528e-06 687.766
7.08507  5.81959e-06 699.995
7.15592  5.77422e-06 712.447
7.22748  5.72918e-06 725.125
7.29975  5.68447e-06 738.034
7.37275  5.64007e-06 751.178
7.44648  5.596e-06 764.561
7.52094  5.55224e-06 778.188
7.59615  5.5088e-06 792.062
7.67211  5.46567e-06 806.19
7.74883  5.42286e-06 820.574
7.82632  5.38035e-06 835.221
7.90459  5.33815e-06 850.134
7.98363  5.29626e-06 865.319
8.06347  5.25268e-06 880.78
8.1441  5.20923e-06 896.524
8.22554  5.16608e-06 912.554
8.3078  5.12328e-06 928.876
8.39088  5.08082e-06 945.496
8.47479  5.03872e-06 962.419
8.55953  4.99697e-06 979.65
8.64513  4.95556e-06 997.196
8.73158  4.9145e-06 1015.06
8.8189  4.87378e-06 1033.25
8.90709  4.83339e-06 1051.78
8.99616  4.79334e-06 1070.64
9.08612  4.75362e-06 1089.84
9.17698  4.71422e-06 1109.4
9.26875  4.67516e-06 1129.32
9.36144  4.63642e-06 1149.59
9.45505  4.59799e-06 1170.24
9.5496  4.55989e-06 1191.26
9.6451  4.5221e-06 1212.67
9.74155  4.48463e-06 1234.47
9.83896  4.44746e-06 1256.67
9.93735  4.4106e-06 1279.27
10.0367  4.37405e-06 1302.29
10.1371  4.3378e-06 1325.73
10.2385  4.30185e-06 1349.59
10.3409  4.2662e-06 1373.89
10.4443  4.23084e-06 1398.64
10.5487  4.19577e-06 1423.83
10.6542  4.161e-06 1449.49
10.7607  4.12651e-06 1475.62
10.8683  4.09231e-06 1502.22
10.977  4.0584e-06 1529.31
11.0868  4.02477e-06 1556.9
11.1977  3.99141e-06 1584.99
11.3096  3.95833e-06 1613.59
11.4227  3.92553e-06 1642.72
11.537  3.89297e-06 1672.38
11.6523  3.86068e-06 1702.58
11.7689  3.82864e-06 1733.34
11.8865  3.79688e-06 1764.66
12.0054  3.76538e-06 1796.55
12.1255  3.73413e-06 1829.03
12.2467  3.70315e-06 1862.1
12.3692  3.67242e-06 1895.77
12.4929  3.64195e-06 1930.07
12.6178  3.61173e-06 1964.99
12.744  3.58176e-06 2000.55
12.8714  3.55204e-06 2036.76
13.0001  3.52256e-06 2073.64
13.1301  3.49333e-06 2111.19
13.2614  3.46434e-06 2149.42
13.3941  3.43559e-06 2188.36
13.528  3.40708e-06 2228.02
13.6633  3.37881e-06 2268.4
13.7999  3.35077e-06 2309.52
13.9379  3.32296e-06 2351.39
14.0773  3.29538e-06 2394.03
14.2181  3.26803e-06 2437.45
14.3602  3.24091e-06 2481.67
14.5038  3.21401e-06 2526.7
14.6489  3.18734e-06 2572.55
14.7954  3.16088e-06 2619.25
14.9433  3.13465e-06 2666.8
15.0928  3.10863e-06 2715.22
15.2437  3.08283e-06 2764.53
15.3961  3.05724e-06 2814.75
15.5501  3.03187e-06 2865.88
15.7056  3.0067e-06 2917.96
15.8626  2.98175e-06 2970.99
16.0213  2.957e-06 3024.99
16.1815  2.93246e-06 3079.98
16.3433  2.90812e-06 3135.99
16.5067  2.88398e-06 3193.02
16.6718  2.86003e-06 3251.09
16.8385  2.83627e-06 3310.23
17.0069  2.81272e-06 3370.46
17.177  2.78936e-06 3431.8
17.3487  2.76619e-06 3494.26
17.5222  2.74322e-06 3557.86
17.6974  2.72044e-06 3622.64
17.8744  2.69784e-06 3688.6
18.0532  2.67543e-06 3755.77
18.2337  2.65321e-06 3824.18
18.416  2.63117e-06 3893.84
18.6002  2.60932e-06 3964.79
18.7862  2.58765e-06 4037.03
18.9741  2.56615e-06 4110.61
19.1638  2.54484e-06 4185.53
19.3554  2.5237e-06 4261.83
19.549  2.50274e-06 4339.54
19.7445  2.48195e-06 4418.67
19.9419  2.46133e-06 4499.25
20.1413  2.44089e-06 4581.32
20.3427  2.42061e-06 4664.89
20.5462  2.4005e-06 4750
20.7516  2.38056e-06 4836.67
20.9592  2.36079e-06 4924.93
21.1687  2.34118e-06 5014.82
21.3804  2.32173e-06 5106.36
21.5942  2.30244e-06 5199.58
21.8102  2.28332e-06 5294.51
22.0283  2.26435e-06 5391.19
22.2486  2.24554e-06 5489.65
22.4711  2.22689e-06 5589.92
22.6958  2.20839e-06 5692.03
22.9227  2.19005e-06 5796.01
23.1519  2.17186e-06 5901.91
23.3835  2.15382e-06 6009.75
23.6173  2.13593e-06 6119.58
23.8535  2.11819e-06 6231.43
24.092  2.1006e-06 6345.33
24.3329  2.08316e-06 6461.33
24.5763  2.06586e-06 6579.46
24.822  2.0487e-06 6699.76
25.0702  2.03169e-06 6822.28
25.3209  2.01482e-06 6947.04
25.5742  1.99809e-06 7074.11
25.8299  1.9815e-06 7203.5
26.0882  1.96504e-06 7335.28
26.3491  1.94873e-06 7469.48
26.6126  1.93255e-06 7606.15
26.8787  1.91651e-06 7745.33
27.1475  1.9006e-06 7887.07
27.419  1.88482e-06 8031.42
27.6931  1.86917e-06 8178.42
27.9701  1.85366e-06 8328.13
28.2498  1.83827e-06 8480.59
28.5323  1.82302e-06 8635.85
28.8176  1.80789e-06 8793.97
29.1058  1.79289e-06 8955
29.3968  1.77801e-06 9118.99
29.6908  1.76326e-06 9285.99
29.9877  1.74863e-06 9456.06
30.2876  1.73412e-06 9629.27
30.5905  1.71974e-06 9805.66
30.8964  1.70547e-06 9985.29
31.2053  1.69133e-06 10168.2
31.5174  1.6773e-06 10354.5
31.8326  1.66339e-06 10544.3
32.1509  1.6496e-06 10737.5
32.4724  1.63592e-06 10934.2
32.7971  1.62236e-06 11134.6
33.1251  1.60891e-06 11338.7
33.4563  1.59557e-06 11546.5
33.7909  1.58235e-06 11758.2
34.1288  1.56923e-06 11973.7
34.4701  1.55623e-06 12193.2
34.8148  1.54333e-06 12416.8
35.1629  1.53055e-06 12644.4
35.5146  1.51787e-06 12876.2
35.8697  1.5053e-06 13112.3
36.2284  1.49283e-06 13352.8
36.5907  1.48047e-06 13597.6
36.9566  1.46821e-06 13847
37.3262  1.45606e-06 14101
37.6994  1.444e-06 14359.6
38.0764  1.43205e-06 14622.9
38.4572  1.4202e-06 14891.1
38.8418  1.40845e-06 15164.3
39.2302  1.3968e-06 15442.4
39.6225  1.38524e-06 15725.7
40.0187  1.37379e-06 16014.2
40.4189  1.36243e-06 16308
40.8231  1.35116e-06 16607.2
41.2313  1.33999e-06 16911.8
41.6436  1.32892e-06 17222.1
42.0601  1.31793e-06 17538.1
42.4807  1.30704e-06 17859.9
42.9055  1.29624e-06 18187.6
43.3345  1.28554e-06 18521.3
43.7679  1.27492e-06 18861.2
44.2056  1.26439e-06 19207.2
44.6476  1.25396e-06 19559.7
45.0941  1.24361e-06 19918.6
45.545  1.23334e-06 20284.1
46.0005  1.22317e-06 20656.4
46.4605  1.21308e-06 21035.4
46.9251  1.20307e-06 21421.4
47.3943  1.19315e-06 21814.6
47.8683  1.18332e-06 22214.9
48.347  1.17356e-06 22622.6
48.8304  1.16389e-06 23037.7
49.3187  1.1543e-06 23460.5
49.8119  1.1448e-06 23891.1
50.31  1.13537e-06 24329.5
50.8131  1.12602e-06 24776
51.3213  1.11675e-06 25230.7
51.8345  1.10756e-06 25693.7
52.3528  1.09845e-06 26165.2
52.8764  1.08942e-06 26645.4
53.4051  1.08046e-06 27134.3
53.9392  1.07158e-06 27632.3
54.4786  1.06277e-06 28139.4
55.0234  1.05404e-06 28655.7
55.5736  1.04538e-06 29181.6
56.1293  1.0368e-06 29717
56.6906  1.02829e-06 30262.3
57.2575  1.01985e-06 30817.6
57.8301  1.01148e-06 31383.1
58.4084  1.00318e-06 31958.9
58.9925  9.94959e-07 32545.3
59.5824  9.86803e-07 33142.4
60.1782  9.78717e-07 33750.4
60.78  9.707e-07 34369.6
61.3878  9.6275e-07 35000.1
62.0017  9.54869e-07 35642.2
62.6217  9.47054e-07 36296
63.2479  9.39307e-07 36961.8
63.8804  9.31625e-07 37639.8
64.5192  9.24008e-07 38330.2
65.1644  9.16457e-07 39033.2
65.816  9.0897e-07 39749.1
66.4742  9.01547e-07 40478.1
67.1389  8.94187e-07 41220.4
67.8103  8.8689e-07 41976.2
68.4884  8.79655e-07 42745.9
69.1733  8.72482e-07 43529.7
69.8651  8.65371e-07 44327.8
70.5637  8.5832e-07 45140.5
71.2693  8.51329e-07 45968
71.982  8.44399e-07 46810.6
72.7019  8.37527e-07 47668.6
73.4289  8.30714e-07 48542.3
74.1632  8.2396e-07 49432
74.9048  8.17263e-07 50337.9
75.6538  8.10624e-07 51260.3
76.4104  8.04041e-07 52199.5
77.1745  7.97515e-07 53155.9
77.9462  7.91045e-07 54129.7
78.7257  7.8463e-07 55121.3
79.513  7.78271e-07 56131
80.3081  7.71966e-07 57159.1
81.1112  7.65715e-07 58205.9
81.9223  7.59517e-07 59271.8
82.7415  7.53373e-07 60357.1
83.5689  7.47281e-07 61462.1
84.4046  7.41242e-07 62587.3
85.2486  7.35255e-07 63733
86.1011  7.29319e-07 64899.5
86.9621  7.23434e-07 66087.3
87.8318  7.176e-07 67296.7
88.7101  7.11816e-07 68528
89.5972  7.06082e-07 69781.8
90.4932  7.00397e-07 71058.4
91.3981  6.94761e-07 72358.1
92.3121  6.89174e-07 73681.5
93.2352  6.83635e-07 75028.9
94.1675  6.78143e-07 76400.8
95.1092  6.72699e-07 77797.6
96.0603  6.67302e-07 79219.7
97.0209  6.61951e-07 80667.7
97.9911  6.56647e-07 82141.9
98.971  6.51388e-07 83642.9
99.9607  6.46175e-07 85171.1
100.96  6.41007e-07 86727
101.97  6.35883e-07 88311.1
102.99  6.30804e-07 89923.9
104.02  6.25769e-07 91565.9
105.06  6.20777e-07 93237.6
106.11  6.15829e-07 94939.6
107.171  6.10923e-07 96672.4
108.243  6.0606e-07 98436.6
109.326  6.01239e-07 100233
110.419  5.96459e-07 102061
111.523  5.91721e-07 103923
112.638  5.87024e-07 105818
113.765  5.82368e-07 107747
114.902  5.77753e-07 109712
116.051  5.73177e-07 111711
117.212  5.68641e-07 113747
118.384  5.64145e-07 115820
119.568  5.59687e-07 117930
120.763  5.55269e-07 120078
121.971  5.50888e-07 122264
123.191  5.46546e-07 124490
124.423  5.42242e-07 126757
125.667  5.37975e-07 129063
126.924  5.33745e-07 131412
128.193  5.29552e-07 133803
129.475  5.25396e-07 136236
130.77  5.21276e-07 138714
132.077  5.17192e-07 141235
133.398  5.13143e-07 143803
134.732  5.0913e-07 146416
136.079  5.05152e-07 149076
137.44  5.01208e-07 151784
138.814  4.973e-07 154540
140.203  4.93425e-07 157346
141.605  4.89584e-07 160202
143.021  4.85777e-07 163110
144.451  4.82003e-07 166069
145.895  4.78262e-07 169081
147.354  4.74554e-07 172147
148.828  4.70878e-07 175268
150.316  4.67234e-07 178445
151.819  4.63623e-07 181678
153.338  4.60043e-07 184969
154.871  4.56495e-07 188319
156.42  4.52978e-07 191729
157.984  4.49491e-07 195199
159.564  4.46036e-07 198732
161.159  4.4261e-07 202327
162.771  4.39215e-07 205986
164.399  4.3585e-07 209710
166.043  4.32514e-07 213500
167.703  4.29208e-07 217358
169.38  4.25931e-07 221285
171.074  4.22683e-07 225281
172.785  4.19463e-07 229348
174.512  4.16272e-07 233487
176.258  4.13109e-07 237699
178.02  4.09974e-07 241987
179.8  4.06867e-07 246350
181.598  4.03787e-07 250790
183.414  4.00734e-07 255309
185.248  3.97709e-07 259908
187.101  3.9471e-07 264588
188.972  3.91738e-07 269350
190.862  3.88792e-07 274197
192.77  3.85872e-07 279129
194.698  3.82978e-07 284148
196.645  3.8011e-07 289256
198.611  3.77267e-07 294453
200.598  3.7445e-07 299742
202.604  3.71658e-07 305124
204.63  3.6889e-07 310600
206.676  3.66147e-07 316173
208.743  3.63429e-07 321844
210.83  3.60734e-07 327613
212.938  3.58064e-07 333485
215.068  3.55417e-07 339459
217.218  3.52795e-07 345537
219.391  3.50195e-07 351722
221.584  3.47619e-07 358015
223.8  3.45066e-07 364418
226.038  3.42535e-07 370933
228.299  3.40028e-07 377562
230.582  3.37542e-07 384306
232.888  3.35079e-07 391167
235.216  3.32639e-07 398148
237.569  3.3022e-07 405251
239.944  3.27822e-07 412477
242.344  3.25446e-07 419828
244.767  3.23092e-07 427307
247.215  3.20759e-07 434916
249.687  3.18447e-07 442657
252.184  3.16155e-07 450531
254.706  3.13884e-07 458542
257.253  3.11634e-07 466691
259.825  3.09404e-07 474981
262.423  3.07194e-07 483414
265.048  3.05004e-07 491993
267.698  3.02834e-07 500719
270.375  3.00683e-07 509596
273.079  2.98552e-07 518625
275.81  2.96441e-07 527810
278.568  2.94348e-07 537153
281.354  2.92274e-07 546656
284.167  2.90219e-07 556322
287.009  2.88183e-07 566154
289.879  2.86166e-07 576155
292.778  2.84166e-07 586328
295.705  2.82185e-07 596676
298.662  2.80222e-07 607203
301.649  2.78277e-07 617910
304.666  2.7635e-07 628802
307.712  2.7444e-07 639882
310.789  2.72547e-07 651154
313.897  2.70672e-07 662620
317.036  2.68814e-07 674285
320.207  2.66973e-07 686151
323.409  2.65149e-07 698223
326.643  2.63342e-07 710503
329.909  2.61551e-07 722996
333.208  2.59777e-07 735706
336.54  2.58019e-07 748634
339.906  2.56277e-07 761787
343.305  2.54552e-07 775167
346.738  2.52842e-07 788778
350.205  2.51148e-07 802625
353.707  2.4947e-07 816711
357.244  2.47807e-07 831040
360.817  2.46159e-07 845616
364.425  2.44527e-07 860444
368.069  2.4291e-07 875527
371.75  2.41308e-07 890869
375.467  2.39721e-07 906475
379.222  2.38148e-07 922347
383.014  2.3659e-07 938491
386.844  2.35047e-07 954911
390.713  2.33518e-07 971611
394.62  2.32004e-07 988595
398.566  2.30503e-07 1.00587e+06
402.552  2.29017e-07 1.02343e+06
406.577  2.27544e-07 1.04129e+06
410.643  2.26085e-07 1.05946e+06
414.75  2.2464e-07 1.07793e+06
418.897  2.23209e-07 1.09672e+06
423.086  2.21791e-07 1.11582e+06
427.317  2.20386e-07 1.13524e+06
431.59  2.18995e-07 1.15499e+06
435.906  2.17617e-07 1.17507e+06
440.265  2.16251e-07 1.19549e+06
444.668  2.14899e-07 1.21625e+06
449.114  2.13559e-07 1.23736e+06
453.605  2.12233e-07 1.25883e+06
458.142  2.10918e-07 1.28065e+06
462.723  2.09617e-07 1.30284e+06
467.35  2.08327e-07 1.32539e+06
472.024  2.0705e-07 1.34833e+06
476.744  2.05785e-07 1.37164e+06
481.511  2.04532e-07 1.39534e+06
486.326  2.03291e-07 1.41944e+06
491.19  2.02062e-07 1.44393e+06
496.102  2.00845e-07 1.46883e+06
501.063  1.9964e-07 1.49414e+06
506.073  1.98446e-07 1.51987e+06
511.134  1.97263e-07 1.54602e+06
516.245  1.96092e-07 1.5726e+06
521.408  1.94932e-07 1.59961e+06
526.622  1.93784e-07 1.62707e+06
531.888  1.92646e-07 1.65498e+06
537.207  1.9152e-07 1.68335e+06
542.579  1.90405e-07 1.71218e+06
548.005  1.893e-07 1.74148e+06
553.485  1.88206e-07 1.77125e+06
559.02  1.87123e-07 1.80151e+06
564.61  1.8605e-07 1.83226e+06
570.256  1.84988e-07 1.86351e+06
575.959  1.83936e-07 1.89527e+06
581.718  1.82895e-07 1.92753e+06
587.535  1.81864e-07 1.96032e+06
593.411  1.80843e-07 1.99364e+06
599.345  1.79832e-07 2.02749e+06
605.338  1.78831e-07 2.06189e+06
611.392  1.7784e-07 2.09683e+06
617.506  1.76859e-07 2.13234e+06
623.681  1.75887e-07 2.16842e+06
629.917  1.74925e-07 2.20507e+06
636.217  1.73973e-07 2.2423e+06
642.579  1.7303e-07 2.28013e+06
649.005  1.72097e-07 2.31855e+06
655.495  1.71173e-07 2.35759e+06
662.05  1.70258e-07 2.39724e+06
668.67  1.69353e-07 2.43752e+06
675.357  1.68456e-07 2.47844e+06
682.11  1.67569e-07 2.52e+06
688.931  1.66691e-07 2.56221e+06
695.821  1.65821e-07 2.60509e+06
702.779  1.64961e-07 2.64863e+06
709.807  1.64109e-07 2.69286e+06
716.905  1.63266e-07 2.73778e+06
724.074  1.62431e-07 2.7834e+06
731.315  1.61605e-07 2.82973e+06
738.628  1.60787e-07 2.87678e+06
746.014  1.59978e-07 2.92456e+06
753.474  1.59178e-07 2.97308e+06
761.009  1.58385e-07 3.02234e+06
768.619  1.57601e-07 3.07237e+06
776.305  1.56824e-07 3.12317e+06
784.068  1.56056e-07 3.17475e+06
791.909  1.55296e-07 3.22712e+06
799.828  1.54544e-07 3.28029e+06
807.826  1.538e-07 3.33428e+06
815.905  1.53063e-07 3.38909e+06
824.064  1.52335e-07 3.44473e+06
832.304  1.51613e-07 3.50122e+06
840.627  1.509e-07 3.55857e+06
849.034  1.50194e-07 3.61678e+06
857.524  1.49496e-07 3.67588e+06
866.099  1.48805e-07 3.73586e+06
874.76  1.48121e-07 3.79675e+06
883.508  1.47445e-07 3.85856e+06
892.343  1.46776e-07 3.92129e+06
901.266  1.46114e-07 3.98497e+06
910.279  1.4546e-07 4.04959e+06
919.382  1.44812e-07 4.11518e+06
928.575  1.44172e-07 4.18174e+06
937.861  1.43538e-07 4.24929e+06
947.24  1.42912e-07 4.31785e+06
956.712  1.42292e-07 4.38741e+06
966.279  1.41679e-07 4.45801e+06
975.942  1.41073e-07 4.52965e+06
985.702  1.40474e-07 4.60234e+06
995.559  1.39881e-07 4.6761e+06
