0.001  9.69926e-05 0.131125
0.00101  9.70921e-05 0.131779
0.0010201  9.71922e-05 0.132437
0.0010303  9.72929e-05 0.133097
0.0010406  9.73943e-05 0.133761
0.00105101  9.74962e-05 0.134428
0.00106152  9.75988e-05 0.135099
0.00107214  9.77021e-05 0.135772
0.00108286  9.78059e-05 0.13645
0.00109369  9.79104e-05 0.13713
0.00110462  9.8014e-05 0.137814
0.00111567  9.81074e-05 0.138501
0.00112683  9.82013e-05 0.139192
0.00113809  9.8282e-05 0.139886
0.00114947  9.83621e-05 0.140584
0.00116097  9.84427e-05 0.141285
0.00117258  9.85237e-05 0.14199
0.0011843  9.8598e-05 0.142698
0.00119615  9.8672e-05 0.14341
0.00120811  9.87463e-05 0.144125
0.00122019  9.8821e-05 0.144844
0.00123239  9.8896e-05 0.145566
0.00124472  9.89713e-05 0.146292
0.00125716  9.9047e-05 0.147022
0.00126973  9.91229e-05 0.147755
0.00128243  9.91993e-05 0.148492
0.00129526  9.92759e-05 0.149233
0.00130821  9.93529e-05 0.149977
0.00132129  9.94302e-05 0.150725
0.0013345  9.95079e-05 0.151477
0.00134785  9.95859e-05 0.152232
0.00136133  9.96642e-05 0.152992
0.00137494  9.97429e-05 0.153755
0.00138869  9.98219e-05 0.154522
0.00140258  9.99012e-05 0.155292
0.0014166  9.99809e-05 0.156067
0.00143077  0.000100061 0.156845
0.00144508  0.000100141 0.157628
0.00145953  0.000100222 0.158414
0.00147412  0.000100301 0.159204
0.00148886  0.000100374 0.159998
0.00150375  0.000100446 0.160769
0.00151879  0.000100509 0.161549
0.00153398  0.000100571 0.162338
0.00154932  0.000100634 0.163136
0.00156481  0.000100697 0.163944
0.00158046  0.000100757 0.164761
0.00159626  0.000100817 0.165588
0.00161223  0.000100877 0.166424
0.00162835  0.000100937 0.167268
0.00164463  0.000100998 0.168122
0.00166108  0.000101058 0.168984
0.00167769  0.000101119 0.169839
0.00169447  0.00010118 0.170674
0.00171141  0.00010124 0.171517
0.00172852  0.000101301 0.172367
0.00174581  0.000101362 0.173224
0.00176327  0.000101424 0.174088
0.0017809  0.000101485 0.174959
0.00179871  0.000101546 0.175836
0.0018167  0.000101608 0.176718
0.00183486  0.000101669 0.177606
0.00185321  0.000101731 0.1785
0.00187174  0.000101793 0.179398
0.00189046  0.000101855 0.180295
0.00190937  0.000101917 0.181195
0.00192846  0.000101979 0.182099
0.00194774  0.000102041 0.183007
0.00196722  0.000102103 0.18392
0.00198689  0.000102165 0.184837
0.00200676  0.000102227 0.185759
0.00202683  0.000102288 0.186685
0.0020471  0.00010235 0.187615
0.00206757  0.000102412 0.188551
0.00208825  0.000102474 0.189491
0.00210913  0.000102537 0.190436
0.00213022  0.000102599 0.191385
0.00215152  0.000102661 0.192339
0.00217304  0.000102723 0.193298
0.00219477  0.000102786 0.194262
0.00221672  0.000102845 0.195231
0.00223888  0.0001029 0.196205
0.00226127  0.000102953 0.197183
0.00228388  0.000103 0.198167
0.00230672  0.000103046 0.199156
0.00232979  0.000103093 0.200149
0.00235309  0.000103139 0.201148
0.00237662  0.000103186 0.202151
0.00240038  0.000103233 0.20316
0.00242439  0.00010328 0.204173
0.00244863  0.000103326 0.205191
0.00247312  0.000103373 0.206215
0.00249785  0.000103419 0.207243
0.00252283  0.000103465 0.208277
0.00254806  0.000103511 0.209316
0.00257354  0.000103557 0.210359
0.00259927  0.000103603 0.211408
0.00262527  0.000103648 0.212463
0.00265152  0.000103694 0.213522
0.00267803  0.000103739 0.214587
0.00270481  0.000103784 0.215657
0.00273186  0.000103829 0.216733
0.00275918  0.000103873 0.217814
0.00278677  0.000103918 0.2189
0.00281464  0.000103962 0.219992
0.00284279  0.000104006 0.221089
0.00287121  0.00010405 0.222192
0.00289993  0.000104094 0.2233
0.00292893  0.000104138 0.224414
0.00295822  0.000104179 0.225533
0.0029878  0.00010422 0.226658
0.00301768  0.000104258 0.227788
0.00304785  0.000104294 0.228925
0.00307833  0.00010433 0.230066
0.00310911  0.000104366 0.231214
0.0031402  0.000104402 0.232367
0.00317161  0.000104441 0.233526
0.00320332  0.00010448 0.234691
0.00323536  0.000104518 0.235861
0.00326771  0.000104556 0.237037
0.00330039  0.000104594 0.23822
0.00333339  0.000104631 0.239408
0.00336672  0.000104668 0.240602
0.00340039  0.000104705 0.241802
0.0034344  0.000104742 0.243008
0.00346874  0.000104778 0.24422
0.00350343  0.000104813 0.245438
0.00353846  0.000104849 0.246662
0.00357385  0.000104884 0.247892
0.00360958  0.000104918 0.249128
0.00364568  0.000104953 0.250371
0.00368214  0.000104987 0.25162
0.00371896  0.000105019 0.252875
0.00375615  0.000105052 0.254136
0.00379371  0.000105083 0.255403
0.00383165  0.000105114 0.256677
0.00386996  0.000105144 0.257957
0.00390866  0.000105174 0.259244
0.00394775  0.000105212 0.260537
0.00398723  0.000105249 0.261836
0.0040271  0.000105286 0.263142
0.00406737  0.000105323 0.264455
0.00410804  0.00010536 0.265773
0.00414912  0.000105396 0.267099
0.00419062  0.000105431 0.268431
0.00423252  0.000105466 0.26977
0.00427485  0.000105501 0.271115
0.0043176  0.000105536 0.272468
0.00436077  0.000105569 0.273827
0.00440438  0.000105603 0.275192
0.00444842  0.000105636 0.276565
0.00449291  0.000105669 0.277944
0.00453784  0.000105702 0.27933
0.00458321  0.000105735 0.280724
0.00462905  0.000105768 0.282124
0.00467534  0.000105799 0.283531
0.00472209  0.000105831 0.284945
0.00476931  0.000105862 0.286366
0.004817  0.000105892 0.287794
0.00486517  0.000105922 0.28923
0.00491383  0.000105951 0.290672
0.00496296  0.00010598 0.292122
0.00501259  0.000106008 0.293579
0.00506272  0.000106036 0.295043
0.00511335  0.000106063 0.296515
0.00516448  0.000106089 0.297993
0.00521613  0.000106115 0.29948
0.00526829  0.00010614 0.300973
0.00532097  0.000106165 0.302474
0.00537418  0.000106189 0.303983
0.00542792  0.000106212 0.305499
0.0054822  0.000106235 0.307023
0.00553702  0.000106257 0.308554
0.00559239  0.000106278 0.310093
0.00564832  0.000106299 0.31164
0.0057048  0.000106319 0.313194
0.00576185  0.000106338 0.314756
0.00581947  0.000106356 0.316326
0.00587766  0.000106377 0.317903
0.00593644  0.000106412 0.319489
0.0059958  0.000106447 0.321082
0.00605576  0.000106485 0.322684
0.00611632  0.000106524 0.324293
0.00617748  0.000106562 0.325911
0.00623926  0.000106599 0.327536
0.00630165  0.000106636 0.32917
0.00636466  0.000106672 0.330811
0.00642831  0.000106708 0.332461
0.00649259  0.000106743 0.334119
0.00655752  0.000106777 0.335786
0.0066231  0.000106811 0.337461
0.00668933  0.000106844 0.339144
0.00675622  0.000106877 0.340835
0.00682378  0.000106908 0.342535
0.00689202  0.000106939 0.344243
0.00696094  0.00010697 0.34596
0.00703055  0.000107 0.347686
0.00710085  0.000107029 0.34942
0.00717186  0.000107057 0.351163
0.00724358  0.000107085 0.352914
0.00731602  0.000107112 0.354674
0.00738918  0.000107141 0.356443
0.00746307  0.000107175 0.358221
0.0075377  0.00010721 0.360007
0.00761308  0.000107251 0.361803
0.00768921  0.000107292 0.363608
0.0077661  0.000107332 0.365421
0.00784376  0.000107377 0.367244
0.0079222  0.000107435 0.369075
0.00800142  0.000107493 0.370916
0.00808144  0.00010755 0.372766
0.00816225  0.000107607 0.374625
0.00824387  0.000107664 0.376494
0.00832631  0.000107719 0.378371
0.00840957  0.000107775 0.380258
0.00849367  0.00010783 0.382155
0.00857861  0.000107884 0.384061
0.00866439  0.000107938 0.385977
0.00875104  0.000107991 0.387902
0.00883855  0.000108043 0.389836
0.00892693  0.000108095 0.391781
0.0090162  0.000108146 0.393735
0.00910636  0.000108197 0.395698
0.00919743  0.000108247 0.397672
0.0092894  0.000108296 0.399655
0.0093823  0.000108345 0.401648
0.00947612  0.000108393 0.403652
0.00957088  0.00010844 0.405665
0.00966659  0.000108487 0.407688
0.00976325  0.000108533 0.409722
0.00986089  0.000108578 0.411765
0.0099595  0.000108623 0.413819
0.0100591  0.000108666 0.415883
0.0101597  0.000108709 0.417957
0.0102613  0.000108751 0.420041
0.0103639  0.000108793 0.422136
0.0104675  0.000108833 0.424242
0.0105722  0.000108873 0.426358
0.0106779  0.000108912 0.428484
0.0107847  0.00010895 0.430621
0.0108926  0.000108987 0.432769
0.0110015  0.000109024 0.434927
0.0111115  0.000109069 0.437097
0.0112226  0.000109118 0.439277
0.0113348  0.000109174 0.441468
0.0114482  0.000109238 0.443669
0.0115627  0.000109301 0.445882
0.0116783  0.000109364 0.448106
0.0117951  0.000109437 0.450341
0.011913  0.000109522 0.452587
0.0120322  0.000109607 0.454844
0.0121525  0.00010969 0.457113
0.012274  0.000109774 0.459393
0.0123967  0.000109857 0.461684
0.0125207  0.000109939 0.463987
0.0126459  0.000110021 0.466301
0.0127724  0.000110103 0.468626
0.0129001  0.000110183 0.470964
0.0130291  0.000110264 0.473313
0.0131594  0.000110343 0.475673
0.013291  0.000110423 0.478046
0.0134239  0.000110501 0.48043
0.0135581  0.000110579 0.482826
0.0136937  0.000110656 0.485234
0.0138307  0.000110733 0.487654
0.013969  0.000110809 0.490087
0.0141086  0.000110884 0.492531
0.0142497  0.000110959 0.494987
0.0143922  0.000111033 0.497456
0.0145362  0.000111107 0.499937
0.0146815  0.000111179 0.50243
0.0148283  0.000111266 0.504936
0.0149766  0.000111356 0.507455
0.0151264  0.000111458 0.509986
0.0152776  0.000111569 0.512529
0.0154304  0.000111679 0.515086
0.0155847  0.000111789 0.517655
0.0157406  0.000111909 0.520236
0.015898  0.000112037 0.522831
0.016057  0.000112165 0.525439
0.0162175  0.000112293 0.528059
0.0163797  0.00011242 0.530693
0.0165435  0.000112547 0.53334
0.0167089  0.000112674 0.536
0.016876  0.000112801 0.538673
0.0170448  0.000112927 0.54136
0.0172152  0.000113053 0.54406
0.0173874  0.000113179 0.546773
0.0175613  0.000113304 0.549501
0.0177369  0.000113429 0.552241
0.0179142  0.000113553 0.554996
0.0180934  0.000113678 0.557764
0.0182743  0.000113802 0.560545
0.0184571  0.000113925 0.563341
0.0186416  0.000114048 0.566151
0.018828  0.000114171 0.568974
0.0190163  0.000114293 0.571812
0.0192065  0.000114415 0.574664
0.0193986  0.000114536 0.57753
0.0195925  0.00011466 0.580411
0.0197885  0.000114796 0.583306
0.0199864  0.000114931 0.586215
0.0201862  0.000115066 0.589139
0.0203881  0.000115201 0.592077
0.020592  0.000115336 0.59503
0.0207979  0.00011547 0.597998
0.0210059  0.000115603 0.60098
0.0212159  0.000115737 0.603977
0.0214281  0.000115869 0.60699
0.0216424  0.000116002 0.610017
0.0218588  0.000116134 0.61306
0.0220774  0.000116267 0.616117
0.0222981  0.00011642 0.61919
0.0225211  0.000116573 0.622279
0.0227463  0.000116749 0.625382
0.0229738  0.000116928 0.628501
0.0232035  0.000117107 0.631636
0.0234356  0.000117285 0.634786
0.0236699  0.000117479 0.637952
0.0239066  0.000117675 0.641134
0.0241457  0.000117871 0.644332
0.0243871  0.000118067 0.647545
0.024631  0.000118264 0.650775
0.0248773  0.00011846 0.654021
0.0251261  0.000118656 0.657283
0.0253774  0.000118853 0.660561
0.0256311  0.00011905 0.663856
0.0258874  0.000119246 0.667166
0.0261463  0.000119443 0.670494
0.0264078  0.00011964 0.673838
0.0266719  0.000119836 0.677199
0.0269386  0.000120033 0.680576
0.027208  0.00012023 0.683971
0.02748  0.000120426 0.687382
0.0277548  0.000120623 0.690811
0.0280324  0.00012082 0.694256
0.0283127  0.000121016 0.697719
0.0285958  0.000121213 0.701199
0.0288818  0.000121409 0.704696
0.0291706  0.000121606 0.70821
0.0294623  0.000121805 0.711742
0.029757  0.000122019 0.715292
0.0300545  0.000122233 0.71886
0.0303551  0.000122468 0.722445
0.0306586  0.000122703 0.726049
0.0309652  0.000122939 0.72967
0.0312749  0.000123176 0.733309
0.0315876  0.00012343 0.736966
0.0319035  0.000123686 0.740642
0.0322225  0.000123942 0.744336
0.0325447  0.000124199 0.748048
0.0328702  0.000124456 0.751779
0.0331989  0.000124714 0.755529
0.0335309  0.000124972 0.759297
0.0338662  0.00012523 0.763084
0.0342049  0.000125489 0.76689
0.0345469  0.000125748 0.770715
0.0348924  0.000126007 0.774559
0.0352413  0.000126267 0.778422
0.0355937  0.000126527 0.782304
0.0359496  0.000126787 0.786206
0.0363091  0.000127048 0.790127
0.0366722  0.000127309 0.794068
0.037039  0.000127581 0.798028
0.0374093  0.000127857 0.802009
0.0377834  0.000128143 0.806009
0.0381613  0.000128437 0.810029
0.0385429  0.000128732 0.814069
0.0389283  0.000129027 0.818129
0.0393176  0.000129334 0.82221
0.0397108  0.000129652 0.82631
0.0401079  0.00012997 0.830432
0.040509  0.00013029 0.834573
0.040914  0.00013061 0.838736
0.0413232  0.000130931 0.842919
0.0417364  0.000131253 0.847123
0.0421538  0.000131576 0.851348
0.0425753  0.000131899 0.855594
0.0430011  0.000132223 0.859862
0.0434311  0.000132548 0.86415
0.0438654  0.000132874 0.86846
0.044304  0.000133206 0.872792
0.0447471  0.00013355 0.877145
0.0451946  0.000133898 0.88152
0.0456465  0.000134262 0.885916
0.046103  0.000134627 0.890335
0.046564  0.000134993 0.894775
0.0470296  0.00013536 0.899238
0.0474999  0.000135728 0.903723
0.0479749  0.000136098 0.90823
0.0484547  0.000136468 0.91276
0.0489392  0.000136839 0.917313
0.0494286  0.000137212 0.921888
0.0499229  0.000137585 0.926486
0.0504221  0.00013796 0.931107
0.0509264  0.000138336 0.935751
0.0514356  0.000138712 0.940418
0.05195  0.00013909 0.945108
0.0524695  0.000139469 0.949821
0.0529942  0.000139849 0.954559
0.0535241  0.00014023 0.95932
0.0540594  0.000140612 0.964104
0.0546  0.000140994 0.968913
0.055146  0.000141378 0.973746
0.0556974  0.000141763 0.978602
0.0562544  0.000142149 0.983483
0.0568169  0.000142536 0.988388
0.0573851  0.000142924 0.993318
0.0579589  0.000143313 0.998272
0.0585385  0.000143704 1.00325
0.0591239  0.000144128 1.00825
0.0597152  0.00014457 1.01328
0.0603123  0.00014502 1.01834
0.0609154  0.000145486 1.02342
0.0615246  0.000145955 1.02852
0.0621398  0.000146424 1.03365
0.0627612  0.000146896 1.03881
0.0633888  0.000147369 1.04399
0.0640227  0.000147844 1.04919
0.064663  0.000148321 1.05443
0.0653096  0.000148799 1.05969
0.0659627  0.00014928 1.06497
0.0666223  0.000149761 1.07028
0.0672885  0.000150245 1.07562
0.0679614  0.00015073 1.08098
0.068641  0.000151217 1.08638
0.0693275  0.000151706 1.09179
0.0700207  0.000152197 1.09724
0.0707209  0.000152689 1.10271
0.0714281  0.000153183 1.10821
0.0721424  0.000153679 1.11374
0.0728638  0.000154176 1.11929
0.0735925  0.000154676 1.12488
0.0743284  0.000155197 1.13049
0.0750717  0.00015572 1.13613
0.0758224  0.000156266 1.14179
0.0765806  0.000156816 1.14749
0.0773464  0.000157369 1.15321
0.0781199  0.000157924 1.15896
0.0789011  0.000158481 1.16474
0.0796901  0.000159041 1.17055
0.080487  0.000159603 1.17639
0.0812919  0.000160166 1.18226
0.0821048  0.000160732 1.18815
0.0829259  0.000161301 1.19408
0.0837551  0.000161871 1.20003
0.0845927  0.000162444 1.20602
0.0854386  0.000163019 1.21204
0.086293  0.000163596 1.21808
0.0871559  0.000164176 1.22416
0.0880275  0.000164758 1.23026
0.0889077  0.000165342 1.2364
0.0897968  0.000165928 1.24256
0.0906948  0.000166516 1.24876
0.0916017  0.000167107 1.25499
0.0925178  0.0001677 1.26125
0.0934429  0.000168296 1.26754
0.0943774  0.000168893 1.27386
0.0953211  0.000169493 1.28021
0.0962743  0.000170095 1.2866
0.0972371  0.0001707 1.29302
0.0982095  0.000171307 1.29947
0.0991916  0.000171916 1.30595
0.100183  0.000172527 1.31246
0.101185  0.000173141 1.31901
0.102197  0.000173757 1.32559
0.103219  0.000174376 1.3322
0.104251  0.000174996 1.33884
0.105294  0.000175619 1.34552
0.106347  0.000176245 1.35223
0.10741  0.000176873 1.35897
0.108484  0.000177503 1.36575
0.109569  0.000178135 1.37256
0.110665  0.000178779 1.37941
0.111772  0.000179447 1.38629
0.112889  0.000180121 1.3932
0.114018  0.000180829 1.40015
0.115158  0.00018154 1.40713
0.11631  0.000182255 1.41415
0.117473  0.000182975 1.4212
0.118648  0.000183722 1.42829
0.119834  0.000184472 1.43542
0.121033  0.000185226 1.44258
0.122243  0.000185983 1.44977
0.123465  0.000186743 1.45701
0.1247  0.000187507 1.46428
0.125947  0.000188274 1.47158
0.127206  0.000189045 1.47892
0.128478  0.000189819 1.4863
0.129763  0.000190596 1.49371
0.131061  0.000191377 1.50116
0.132372  0.000192161 1.50864
0.133695  0.000192949 1.51617
0.135032  0.000193741 1.52372
0.136383  0.000194535 1.53132
0.137746  0.000195334 1.53895
0.139124  0.000196136 1.54663
0.140515  0.000196941 1.55433
0.14192  0.00019775 1.56208
0.143339  0.000198563 1.56987
0.144773  0.000199379 1.5777
0.146221  0.000200199 1.58557
0.147683  0.000201022 1.59347
0.14916  0.000201849 1.60143
0.150651  0.000202632 1.60942
0.152158  0.00020334 1.61745
0.153679  0.00020405 1.62553
0.155216  0.000204761 1.63366
0.156768  0.000205477 1.64182
0.158336  0.000206202 1.65004
0.159919  0.000206929 1.65829
0.161518  0.000207658 1.6666
0.163134  0.000208389 1.67495
0.164765  0.000209121 1.68335
0.166413  0.000209855 1.69179
0.168077  0.00021059 1.70029
0.169757  0.000211327 1.70884
0.171455  0.000212065 1.71743
0.17317  0.000212806 1.72608
0.174901  0.000213547 1.73478
0.17665  0.00021429 1.74353
0.178417  0.000215035 1.75232
0.180201  0.000215781 1.76117
0.182003  0.000216528 1.77007
0.183823  0.000217277 1.77902
0.185661  0.000218027 1.78803
0.187518  0.000218778 1.79708
0.189393  0.000219531 1.80619
0.191287  0.000220296 1.81524
0.1932  0.000221421 1.82122
0.195132  0.000222555 1.82719
0.197083  0.000223704 1.83315
0.199054  0.000224862 1.8391
0.201045  0.000226031 1.84504
0.203055  0.000227208 1.85098
0.205086  0.000228394 1.8569
0.207136  0.00022959 1.86282
0.209208  0.000230796 1.86873
0.2113  0.00023201 1.87462
0.213413  0.000233235 1.88051
0.215547  0.00023447 1.88638
0.217702  0.000235714 1.89224
0.219879  0.000236968 1.89809
0.222078  0.000238249 1.90393
0.224299  0.000239549 1.90975
0.226542  0.000240873 1.91556
0.228807  0.000242224 1.92135
0.231095  0.000243586 1.92713
0.233406  0.000244959 1.93289
0.235741  0.000246347 1.93863
0.238098  0.000247751 1.94436
0.240479  0.000249166 1.95007
0.242884  0.000250593 1.95576
0.245313  0.000252032 1.96143
0.247766  0.000253483 1.96708
0.250243  0.000254947 1.97271
0.252746  0.000256423 1.97832
0.255273  0.000257911 1.98391
0.257826  0.000259412 1.98947
0.260404  0.000260926 1.99501
0.263008  0.000262453 2.00053
0.265638  0.000263993 2.00602
0.268295  0.000265547 2.01149
0.270978  0.000267114 2.01693
0.273687  0.000268694 2.02235
0.276424  0.000270288 2.02774
0.279189  0.000271897 2.0331
0.28198  0.000273519 2.03843
0.2848  0.000275155 2.04373
0.287648  0.000276806 2.049
0.290525  0.000278471 2.05424
0.29343  0.000280152 2.05945
0.296364  0.000281854 2.06463
0.299328  0.000283574 2.06977
0.302321  0.000285316 2.07489
0.305344  0.000287079 2.07996
0.308398  0.000288858 2.085
0.311482  0.000290653 2.09001
0.314597  0.000292468 2.09498
0.317743  0.000294302 2.09991
0.32092  0.000296153 2.1048
0.324129  0.000298021 2.10966
0.32737  0.000299906 2.11447
0.330644  0.000301809 2.11924
0.333951  0.000303729 2.12398
0.33729  0.000305666 2.12867
0.340663  0.000307622 2.13332
0.34407  0.000309595 2.13792
0.34751  0.000311587 2.14248
0.350985  0.000313598 2.14699
0.354495  0.000315627 2.15146
0.35804  0.000317675 2.15588
0.361621  0.000319743 2.16026
0.365237  0.00032183 2.16458
0.368889  0.000323938 2.16886
0.372578  0.000326072 2.17309
0.376304  0.000328226 2.17726
0.380067  0.000330409 2.18139
0.383868  0.000332612 2.18546
0.387706  0.000334836 2.18948
0.391583  0.000337082 2.19345
0.395499  0.000339067 2.19927
0.399454  0.000341018 2.20539
0.403449  0.000342981 2.21151
0.407483  0.000344954 2.21762
0.411558  0.000346939 2.22373
0.415674  0.000348935 2.22984
0.41983  0.000350942 2.23594
0.424029  0.000352959 2.24204
0.428269  0.000354988 2.24814
0.432552  0.000357028 2.25423
0.436877  0.000359079 2.26032
0.441246  0.00036114 2.26641
0.445658  0.000363219 2.2725
0.450115  0.00036531 2.27858
0.454616  0.000367417 2.28466
0.459162  0.000369537 2.29075
0.463754  0.000371668 2.29682
0.468391  0.000373809 2.3029
0.473075  0.000375962 2.30898
0.477806  0.000378125 2.31506
0.482584  0.000380298 2.32113
0.48741  0.000382483 2.32721
0.492284  0.000384677 2.33328
0.497207  0.000386883 2.33935
0.502179  0.000389098 2.34543
0.507201  0.000391324 2.3515
0.512273  0.00039356 2.35757
0.517396  0.000395806 2.36364
0.52257  0.000398063 2.36971
0.527795  0.000400331 2.37577
0.533073  0.000402608 2.38184
0.538404  0.000404894 2.3879
0.543788  0.000407191 2.39397
0.549226  0.000409497 2.40004
0.554718  0.000411812 2.40611
0.560265  0.000414138 2.41218
0.565868  0.000416472 2.41826
0.571527  0.000418816 2.42434
0.577242  0.000421169 2.43042
0.583014  0.000423531 2.43651
0.588844  0.000425905 2.4426
0.594733  0.000428298 2.4487
0.60068  0.000430685 2.45481
0.606687  0.000432875 2.46093
0.612754  0.000435068 2.46706
0.618881  0.000437263 2.47319
0.62507  0.00043946 2.47934
0.631321  0.00044166 2.4855
0.637634  0.000443861 2.49168
0.644011  0.000446063 2.49786
0.650451  0.000448266 2.50406
0.656955  0.000450471 2.51028
0.663525  0.000452675 2.51652
0.67016  0.00045488 2.52277
0.676862  0.000457085 2.52905
0.68363  0.000459289 2.53534
0.690466  0.000461492 2.54165
0.697371  0.000463695 2.54799
0.704345  0.000465896 2.55434
0.711388  0.000468095 2.56072
0.718502  0.000470293 2.56712
0.725687  0.000472488 2.57355
0.732944  0.00047468 2.57999
0.740273  0.000476873 2.58646
0.747676  0.000479065 2.59296
0.755153  0.000481257 2.59948
0.762705  0.000483449 2.60602
0.770332  0.000485636 2.61259
0.778035  0.000487819 2.61919
0.785815  0.000489999 2.62582
0.793673  0.000492176 2.63248
0.80161  0.000494347 2.63917
0.809626  0.000496512 2.64589
0.817722  0.00049867 2.65264
0.8259  0.000500821 2.65942
0.834159  0.000502965 2.66624
0.8425  0.000505101 2.6731
0.850925  0.000507229 2.67999
0.859435  0.000509348 2.68692
0.868029  0.000511458 2.69388
0.876709  0.000513559 2.70089
0.885476  0.00051565 2.70793
0.894331  0.000517731 2.71502
0.903274  0.000519801 2.72215
0.912307  0.00052186 2.72932
0.92143  0.000523908 2.73654
0.930644  0.000525943 2.7438
0.939951  0.000527966 2.75111
0.94935  0.000529977 2.75847
0.958844  0.000531974 2.76588
0.968432  0.000533957 2.77333
0.978117  0.000535926 2.78084
0.987898  0.000537881 2.7884
0.997777  0.000539821 2.79602
1.00775  0.000541746 2.80369
1.01783  0.000543654 2.81142
1.02801  0.000545547 2.8192
1.03829  0.000547422 2.82705
1.04867  0.000549281 2.83496
1.05916  0.000551122 2.84292
1.06975  0.000552945 2.85096
1.08045  0.00055475 2.85906
1.09125  0.000556536 2.86722
1.10217  0.000558302 2.87545
1.11319  0.000560054 2.88376
1.12432  0.000561787 2.89213
1.13556  0.000563504 2.90058
1.14692  0.000565203 2.9091
1.15839  0.00056688 2.9177
1.16997  0.000568536 2.92638
1.18167  0.000570173 2.93513
1.19349  0.000571788 2.94397
1.20542  0.00057338 2.95289
1.21748  0.00057495 2.96189
1.22965  0.000576495 2.97099
1.24195  0.000578017 2.98017
1.25437  0.000579515 2.98944
1.26691  0.000580988 2.9988
1.27958  0.000582436 3.00826
1.29238  0.000583858 3.01782
1.3053  0.000585255 3.02747
1.31835  0.000586625 3.03722
1.33154  0.000587969 3.04708
1.34485  0.000589287 3.05704
1.3583  0.000590577 3.06711
1.37188  0.00059184 3.07729
1.3856  0.000593075 3.08757
1.39946  0.000594282 3.09798
1.41345  0.000595461 3.10849
1.42759  0.000596612 3.11913
1.44186  0.000597733 3.12988
1.45628  0.000598826 3.14076
1.47085  0.000599889 3.15177
1.48555  0.000600926 3.1629
1.50041  0.000601935 3.17416
1.51541  0.000602917 3.18556
1.53057  0.00060387 3.19709
1.54587  0.000604793 3.20875
1.56133  0.000605685 3.22056
1.57695  0.000606548 3.23252
1.59271  0.000607381 3.24461
1.60864  0.000608183 3.25686
1.62473  0.000608953 3.26926
1.64098  0.000609693 3.28181
1.65739  0.0006104 3.29452
1.67396  0.000611076 3.30739
1.6907  0.000611721 3.32043
1.70761  0.000612333 3.33363
1.72468  0.000612914 3.347
1.74193  0.000613463 3.36055
1.75935  0.00061398 3.37427
1.77694  0.000614465 3.38817
1.79471  0.000614918 3.40225
1.81266  0.000615338 3.41652
1.83078  0.000615727 3.43097
1.84909  0.000616084 3.44562
1.86758  0.000616408 3.46047
1.88626  0.000616701 3.47551
1.90512  0.000616961 3.49076
1.92417  0.00061719 3.50622
1.94341  0.000617387 3.52188
1.96285  0.000617552 3.53777
1.98248  0.000617687 3.55386
2.0023  0.00061779 3.57019
2.02232  0.000617862 3.58673
2.04255  0.000617903 3.60351
2.06297  0.000617912 3.62052
2.0836  0.00061789 3.63777
2.10444  0.000617837 3.65526
2.12548  0.000617754 3.673
2.14674  0.00061764 3.69099
2.16821  0.000617496 3.70923
2.18989  0.000617322 3.72774
2.21179  0.000617118 3.74651
2.2339  0.000616888 3.76554
2.25624  0.000616629 3.78485
2.27881  0.000616344 3.80444
2.30159  0.000616031 3.82431
2.32461  0.000615689 3.84446
2.34786  0.000615319 3.86491
2.37134  0.000614922 3.88566
2.39505  0.000614497 3.9067
2.419  0.000614045 3.92806
2.44319  0.000613566 3.94972
2.46762  0.00061306 3.97171
2.4923  0.000612528 3.99401
2.51722  0.00061197 4.01665
2.54239  0.000611386 4.03962
2.56782  0.000610776 4.06292
2.59349  0.000610141 4.08657
2.61943  0.000609482 4.11057
2.64562  0.000608798 4.13493
2.67208  0.000608091 4.15964
2.6988  0.00060736 4.18473
2.72579  0.000606605 4.21018
2.75305  0.000605828 4.23602
2.78058  0.000605029 4.26224
2.80838  0.000604208 4.28885
2.83647  0.000603365 4.31586
2.86483  0.0006025 4.34327
2.89348  0.000601615 4.3711
2.92241  0.00060071 4.39933
2.95164  0.000599785 4.428
2.98115  0.000598842 4.45709
3.01097  0.000597881 4.48662
3.04108  0.000596902 4.51659
3.07149  0.000595906 4.54702
3.1022  0.000594892 4.5779
3.13322  0.00059386 4.60924
3.16456  0.000592812 4.64106
3.1962  0.000591748 4.67335
3.22816  0.000590668 4.70613
3.26045  0.000589572 4.73941
3.29305  0.000588461 4.77318
3.32598  0.000587335 4.80747
3.35924  0.000586194 4.84227
3.39283  0.000585039 4.8776
3.42676  0.000583871 4.91345
3.46103  0.000582689 4.94985
3.49564  0.000581495 4.9868
3.53059  0.000580287 5.0243
3.5659  0.000579068 5.06237
3.60156  0.000577838 5.10101
3.63758  0.000576595 5.14024
3.67395  0.000575342 5.18005
3.71069  0.00057408 5.22046
3.7478  0.000572808 5.26148
3.78528  0.000571527 5.30312
3.82313  0.000570237 5.34539
3.86136  0.000568937 5.38829
3.89997  0.00056763 5.43183
3.93897  0.000566314 5.47603
3.97836  0.000564991 5.5209
4.01815  0.000563661 5.56643
4.05833  0.000562323 5.61265
4.09891  0.000560978 5.65956
4.1399  0.000559626 5.70718
4.1813  0.000558268 5.75551
4.22311  0.000556904 5.80456
4.26534  0.000555534 5.85435
4.308  0.000554158 5.90488
4.35108  0.000552778 5.95616
4.39459  0.000551392 6.00822
4.43853  0.000550002 6.06104
4.48292  0.000548609 6.11466
4.52775  0.000547212 6.16908
4.57303  0.000545812 6.2243
4.61876  0.000544408 6.28035
4.66494  0.000543001 6.33724
4.71159  0.000541591 6.39496
4.75871  0.000540178 6.45355
4.8063  0.000538762 6.51301
4.85436  0.000537343 6.57335
4.9029  0.000535922 6.63458
4.95193  0.000534499 6.69672
5.00145  0.000533074 6.75978
5.05146  0.000531647 6.82377
5.10198  0.000530219 6.88871
5.153  0.000528789 6.95461
5.20453  0.000527358 7.02148
5.25657  0.000525925 7.08934
5.30914  0.000524492 7.1582
5.36223  0.000523057 7.22807
5.41585  0.000521622 7.29897
5.47001  0.000520186 7.37092
5.52471  0.00051875 7.44392
5.57996  0.000517313 7.518
5.63576  0.000515876 7.59316
5.69212  0.000514439 7.66943
5.74904  0.000513002 7.74681
5.80653  0.000511565 7.82533
5.86459  0.000510127 7.905
5.92324  0.000508692 7.98583
5.98247  0.000507257 8.06785
6.0423  0.000505823 8.15107
6.10272  0.000504391 8.2355
6.16375  0.000502958 8.32117
6.22538  0.000501527 8.40808
6.28764  0.000500095 8.49627
6.35051  0.000498665 8.58574
6.41402  0.000497234 8.67651
6.47816  0.000495805 8.76861
6.54294  0.000494376 8.86205
6.60837  0.000492948 8.95685
6.67445  0.00049152 9.05302
6.7412  0.000490093 9.1506
6.80861  0.000488667 9.24959
6.8767  0.000487241 9.35003
6.94546  0.000485816 9.45192
7.01492  0.000484392 9.55529
7.08507  0.000482969 9.66017
7.15592  0.000481546 9.76656
7.22748  0.000480124 9.87451
7.29975  0.000478703 9.98401
7.37275  0.000477283 10.0951
7.44648  0.000475864 10.2078
7.52094  0.000474446 10.3222
7.59615  0.000473029 10.4382
7.67211  0.000471614 10.5558
7.74883  0.000470199 10.6752
7.82632  0.000468784 10.7963
7.90459  0.000467371 10.9192
7.98363  0.000465958 11.0439
8.06347  0.000464546 11.1703
8.1441  0.000463134 11.2986
8.22554  0.000461723 11.4288
8.3078  0.000460311 11.5608
8.39088  0.000458901 11.6948
8.47479  0.00045749 11.8307
8.55953  0.00045608 11.9686
8.64513  0.00045467 12.1085
8.73158  0.00045326 12.2504
8.8189  0.000451851 12.3943
8.90709  0.000450441 12.5404
8.99616  0.000449032 12.6886
9.08612  0.000447622 12.8389
9.17698  0.000446213 12.9914
9.26875  0.000444803 13.1462
9.36144  0.000443393 13.3031
9.45505  0.000441983 13.4624
9.5496  0.000440573 13.624
9.6451  0.000439163 13.788
9.74155  0.000437752 13.9543
9.83896  0.000436341 14.123
9.93735  0.000434929 14.2943
10.0367  0.000433517 14.468
10.1371  0.000432105 14.6443
10.2385  0.000430692 14.8231
10.3409  0.000429279 15.0046
10.4443  0.000427865 15.1887
10.5487  0.00042645 15.3755
10.6542  0.000425034 15.565
10.7607  0.000423618 15.7573
10.8683  0.000422201 15.9525
10.977  0.000420784 16.1505
11.0868  0.000419366 16.3514
11.1977  0.000417947 16.5553
11.3096  0.000416529 16.7622
11.4227  0.00041511 16.9721
11.537  0.00041369 17.1851
11.6523  0.000412269 17.4013
11.7689  0.000410847 17.6207
11.8865  0.000409424 17.8433
12.0054  0.000408001 18.0692
12.1255  0.000406576 18.2985
12.2467  0.000405151 18.5311
12.3692  0.000403724 18.7673
12.4929  0.000402296 19.0069
12.6178  0.000400866 19.2501
12.744  0.000399436 19.4969
12.8714  0.000398004 19.7474
13.0001  0.000396571 20.0016
13.1301  0.000395137 20.2597
13.2614  0.000393702 20.5216
13.3941  0.000392265 20.7874
13.528  0.000390827 21.0572
13.6633  0.000389387 21.3311
13.7999  0.000387947 21.6091
13.9379  0.000386504 21.8913
14.0773  0.000385061 22.1777
14.2181  0.000383616 22.4684
14.3602  0.00038217 22.7636
14.5038  0.000380722 23.0632
14.6489  0.000379273 23.3673
14.7954  0.000377823 23.6761
14.9433  0.000376372 23.9895
15.0928  0.00037492 24.3078
15.2437  0.000373467 24.6308
15.3961  0.000372013 24.9588
15.5501  0.000370557 25.2918
15.7056  0.0003691 25.6299
15.8626  0.000367642 25.9731
16.0213  0.000366182 26.3217
16.1815  0.000364722 26.6755
16.3433  0.00036326 27.0348
16.5067  0.000361796 27.3997
16.6718  0.000360332 27.7701
16.8385  0.000358866 28.1463
17.0069  0.000357399 28.5283
17.177  0.00035593 28.9162
17.3487  0.000354461 29.3101
17.5222  0.00035299 29.7101
17.6974  0.000351518 30.1164
17.8744  0.000350045 30.529
18.0532  0.00034857 30.948
18.2337  0.000347095 31.3735
18.416  0.000345619 31.8058
18.6002  0.000344141 32.2448
18.7862  0.000342663 32.6906
18.9741  0.000341183 33.1435
19.1638  0.000339703 33.6036
19.3554  0.000338221 34.0708
19.549  0.000336739 34.5455
19.7445  0.000335256 35.0276
19.9419  0.000333773 35.5173
20.1413  0.000332288 36.0148
20.3427  0.000330803 36.5201
20.5462  0.000329317 37.0335
20.7516  0.000327831 37.555
20.9592  0.000326344 38.0847
21.1687  0.000324856 38.6229
21.3804  0.000323368 39.1696
21.5942  0.000321879 39.7251
21.8102  0.00032039 40.2894
22.0283  0.000318901 40.8629
22.2486  0.000317411 41.4455
22.4711  0.000315922 42.0376
22.6958  0.000314432 42.6392
22.9227  0.000312943 43.2507
23.1519  0.000311454 43.8721
23.3835  0.000309964 44.5037
23.6173  0.000308475 45.1457
23.8535  0.000306985 45.7982
24.092  0.000305496 46.4614
24.3329  0.000304007 47.1354
24.5763  0.000302518 47.8204
24.822  0.00030103 48.5166
25.0702  0.000299542 49.224
25.3209  0.000298054 49.9428
25.5742  0.000296566 50.6732
25.8299  0.000295079 51.4152
26.0882  0.000293593 52.1691
26.3491  0.000292107 52.9349
26.6126  0.000290622 53.7129
26.8787  0.000289138 54.5033
27.1475  0.000287654 55.3064
27.419  0.000286171 56.1226
27.6931  0.00028469 56.9522
27.9701  0.000283209 57.7958
28.2498  0.000281729 58.6537
28.5323  0.000280251 59.5263
28.8176  0.000278773 60.4141
29.1058  0.000277297 61.3175
29.3968  0.000275822 62.2369
29.6908  0.000274349 63.173
29.9877  0.000255669 64.1261
30.2876  0.000254292 65.0966
30.5905  0.000252921 66.085
30.8964  0.000251552 67.0916
31.2053  0.000250184 68.1169
31.5174  0.000248818 69.1612
31.8326  0.000247453 70.2249
32.1509  0.00024609 71.3086
32.4724  0.000244729 72.4126
32.7971  0.00024337 73.5375
33.1251  0.000242012 74.6836
33.4563  0.000240657 75.8514
33.7909  0.000239304 77.0414
34.1288  0.000237952 78.2536
34.4701  0.000236604 79.4882
34.8148  0.000235257 80.7453
35.1629  0.000233913 82.025
35.5146  0.000232571 83.3274
35.8697  0.000231232 84.6526
36.2284  0.000229896 86.0008
36.5907  0.000228561 87.3718
36.9566  0.000227227 88.7659
37.3262  0.000225896 90.1831
37.6994  0.000224568 91.6234
38.0764  0.000223243 93.0873
38.4572  0.000221922 94.5753
38.8418  0.000220603 96.088
39.2302  0.000219288 97.6261
39.6225  0.000217976 99.1902
40.0187  0.000216667 100.781
40.4189  0.000215362 102.399
40.8231  0.00021406 104.045
41.2313  0.000212762 105.72
41.6436  0.000211467 107.424
42.0601  0.000210176 109.159
42.4807  0.000208889 110.925
42.9055  0.000207605 112.722
43.3345  0.000206325 114.551
43.7679  0.000205049 116.412
44.2056  0.000203777 118.306
44.6476  0.000202509 120.234
45.0941  0.000201245 122.196
45.545  0.000199984 124.193
46.0005  0.000198724 126.224
46.4605  0.000197469 128.291
46.9251  0.000196218 130.394
47.3943  0.000194972 132.534
47.8683  0.00019373 134.711
48.347  0.000192492 136.926
48.8304  0.000191259 139.18
49.3187  0.00019003 141.473
49.8119  0.000188806 143.807
50.31  0.000187587 146.181
50.8131  0.000186372 148.598
51.3213  0.000185162 151.057
51.8345  0.000183956 153.56
52.3528  0.000182755 156.107
52.8764  0.000181559 158.699
53.4051  0.000180368 161.337
53.9392  0.000179181 164.022
54.4786  0.000178 166.755
55.0234  0.000176823 169.537
55.5736  0.000175651 172.368
56.1293  0.000174484 175.249
56.6906  0.000173322 178.182
57.2575  0.000172165 181.167
57.8301  0.000171013 184.205
58.4084  0.000169865 187.297
58.9925  0.000168723 190.444
59.5824  0.000167586 193.648
60.1782  0.000166455 196.908
60.78  0.000165328 200.226
61.3878  0.000164205 203.604
62.0017  0.000163086 207.042
62.6217  0.000161973 210.541
63.2479  0.000160865 214.103
63.8804  0.000159762 217.728
64.5192  0.000158664 221.419
65.1644  0.000157571 225.175
65.816  0.000156484 228.999
66.4742  0.000155402 232.891
67.1389  0.000154325 236.854
67.8103  0.000153253 240.887
68.4884  0.000152187 244.993
69.1733  0.000151126 249.172
69.8651  0.00015007 253.427
70.5637  0.000149019 257.758
71.2693  0.000147974 262.167
71.982  0.000146934 266.656
72.7019  0.000145899 271.225
73.4289  0.00014487 275.876
74.1632  0.000143846 280.612
74.9048  0.000142828 285.432
75.6538  0.000141814 290.339
76.4104  0.000140807 295.335
77.1745  0.000139804 300.421
77.9462  0.000138807 305.599
78.7257  0.000137816 310.87
79.513  0.00013683 316.236
80.3081  0.000135849 321.699
81.1112  0.000134873 327.261
81.9223  0.000133905 332.923
82.7415  0.000132942 338.688
83.5689  0.000131984 344.557
84.4046  0.000131032 350.533
85.2486  0.000130084 356.616
86.1011  0.000129141 362.81
86.9621  0.000128203 369.115
87.8318  0.000127271 375.535
88.7101  0.000126343 382.072
89.5972  0.000125421 388.727
90.4932  0.000124504 395.502
91.3981  0.000123593 402.401
92.3121  0.000122686 409.425
93.2352  0.000121785 416.576
94.1675  0.000120889 423.857
95.1092  0.000119998 431.271
96.0603  0.000119113 438.819
97.0209  0.000118233 446.504
97.9911  0.000117358 454.329
98.971  0.000116488 462.297
99.9607  0.000115623 470.409
100.96  0.000114764 478.669
101.97  0.00011391 487.079
102.99  0.000113061 495.643
104.02  0.000112217 504.362
105.06  0.000111378 513.24
106.11  0.000110544 522.28
107.171  0.000109716 531.485
108.243  0.000108892 540.857
109.326  0.000108074 550.401
110.419  0.000107261 560.118
111.523  0.000106453 570.012
112.638  0.00010565 580.088
113.765  0.000104853 590.347
114.902  0.00010406 600.793
116.051  0.000103273 611.43
117.212  0.00010249 622.261
118.384  0.000101713 633.29
119.568  0.00010094 644.52
120.763  0.000100173 655.956
121.971  9.94103e-05 667.601
123.191  9.86532e-05 679.458
124.423  9.79008e-05 691.533
125.667  9.71534e-05 703.828
126.924  9.64108e-05 716.348
128.193  9.5673e-05 729.097
129.475  9.49401e-05 742.08
130.77  9.42119e-05 755.3
132.077  9.34886e-05 768.762
133.398  9.277e-05 782.471
134.732  9.20562e-05 796.43
136.079  9.13471e-05 810.646
137.44  9.06428e-05 825.121
138.814  8.99432e-05 839.862
140.203  8.92483e-05 854.873
141.605  8.8558e-05 870.16
143.021  8.78725e-05 885.726
144.451  8.71915e-05 901.578
145.895  8.65152e-05 917.721
147.354  8.58435e-05 934.159
148.828  8.51765e-05 950.899
150.316  8.45141e-05 967.947
151.819  8.38562e-05 985.306
153.338  8.32027e-05 1002.98
154.871  8.25538e-05 1020.99
156.42  8.19093e-05 1039.32
157.984  8.12694e-05 1057.99
159.564  8.0634e-05 1077
161.159  8.0003e-05 1096.37
162.771  7.93764e-05 1116.08
164.399  7.87543e-05 1136.16
166.043  7.81365e-05 1156.61
167.703  7.75232e-05 1177.43
169.38  7.69142e-05 1198.64
171.074  7.63095e-05 1220.24
172.785  7.57091e-05 1242.23
174.512  7.5113e-05 1264.63
176.258  7.45212e-05 1287.43
178.02  7.39336e-05 1310.66
179.8  7.33503e-05 1334.32
181.598  7.27712e-05 1358.41
183.414  7.21962e-05 1382.94
185.248  7.16255e-05 1407.92
187.101  7.1059e-05 1433.36
188.972  7.04965e-05 1459.27
190.862  6.99382e-05 1485.66
192.77  6.9384e-05 1512.53
194.698  6.88338e-05 1539.9
196.645  6.82876e-05 1567.77
198.611  6.77455e-05 1596.15
200.598  6.72074e-05 1625.05
202.604  6.66732e-05 1654.49
204.63  6.6143e-05 1684.47
206.676  6.56167e-05 1714.99
208.743  6.50943e-05 1746.08
210.83  6.45758e-05 1777.75
212.938  6.40612e-05 1809.99
215.068  6.35504e-05 1842.83
217.218  6.30434e-05 1876.27
219.391  6.25403e-05 1910.32
221.584  6.20409e-05 1945.01
223.8  6.15453e-05 1980.33
226.038  6.10535e-05 2016.3
228.299  6.05655e-05 2052.93
230.582  6.00812e-05 2090.24
232.888  5.96005e-05 2128.24
235.216  5.91235e-05 2166.93
237.569  5.86501e-05 2206.33
239.944  5.81803e-05 2246.46
242.344  5.77142e-05 2287.33
244.767  5.72515e-05 2328.95
247.215  5.67925e-05 2371.34
249.687  5.63369e-05 2414.5
252.184  5.58848e-05 2458.46
254.706  5.54363e-05 2503.23
257.253  5.49913e-05 2548.82
259.825  5.45497e-05 2595.25
262.423  5.41115e-05 2642.54
265.048  5.36767e-05 2690.69
267.698  5.32452e-05 2739.73
270.375  5.28171e-05 2789.68
273.079  5.23923e-05 2840.54
275.81  5.19708e-05 2892.34
278.568  5.15526e-05 2945.09
281.354  5.11377e-05 2998.81
284.167  5.07261e-05 3053.51
287.009  5.03177e-05 3109.23
289.879  4.99124e-05 3165.97
292.778  4.95103e-05 3223.75
295.705  4.91114e-05 3282.6
298.662  4.87157e-05 3342.52
301.649  4.8323e-05 3403.55
304.666  4.79335e-05 3465.7
307.712  4.75471e-05 3529
310.789  4.71637e-05 3593.45
313.897  4.67833e-05 3659.1
317.036  4.6406e-05 3725.94
320.207  4.60316e-05 3794.02
323.409  4.56603e-05 3863.35
326.643  4.52918e-05 3933.95
329.909  4.49264e-05 4005.85
333.208  4.45638e-05 4079.07
336.54  4.42041e-05 4153.64
339.906  4.38473e-05 4229.58
343.305  4.34933e-05 4306.91
346.738  4.31422e-05 4385.66
350.205  4.27938e-05 4465.86
353.707  4.24483e-05 4547.53
357.244  4.21054e-05 4630.7
360.817  4.17652e-05 4715.4
364.425  4.14277e-05 4801.65
368.069  4.1093e-05 4889.49
371.75  4.0761e-05 4978.93
375.467  4.04316e-05 5070.03
379.222  4.0105e-05 5162.79
383.014  3.9781e-05 5257.25
386.844  3.94596e-05 5353.45
390.713  3.91409e-05 5451.41
394.62  3.88247e-05 5551.17
398.566  3.85111e-05 5652.76
402.552  3.82001e-05 5756.22
406.577  3.78916e-05 5861.57
410.643  3.75856e-05 5968.85
414.75  3.72822e-05 6078.1
418.897  3.69812e-05 6189.35
423.086  3.66827e-05 6302.65
427.317  3.63866e-05 6418.01
431.59  3.60929e-05 6535.5
435.906  3.58017e-05 6655.13
440.265  3.55128e-05 6776.96
444.668  3.52263e-05 6901.02
449.114  3.49422e-05 7027.35
453.605  3.46605e-05 7155.99
458.142  3.4381e-05 7286.99
462.723  3.41039e-05 7420.39
467.35  3.38291e-05 7556.23
472.024  3.35565e-05 7694.55
476.744  3.32862e-05 7835.41
481.511  3.30181e-05 7978.84
486.326  3.27522e-05 8124.9
491.19  3.24885e-05 8273.63
496.102  3.2227e-05 8425.08
501.063  3.19676e-05 8579.3
506.073  3.17104e-05 8736.34
511.134  3.14553e-05 8896.24
516.245  3.12024e-05 9059.08
521.408  3.09516e-05 9224.88
526.622  3.07028e-05 9393.72
531.888  3.04561e-05 9565.64
537.207  3.01972e-05 9740.69
542.579  2.99547e-05 9918.95
548.005  2.97142e-05 10100.5
553.485  2.94757e-05 10285.3
559.02  2.92392e-05 10473.5
564.61  2.90047e-05 10665.1
570.256  2.87721e-05 10860.2
575.959  2.85414e-05 11058.9
581.718  2.83127e-05 11261.2
587.535  2.80858e-05 11467.2
593.411  2.78608e-05 11677
599.345  2.76378e-05 11890.5
605.338  2.74165e-05 12108
611.392  2.71971e-05 12329.4
617.506  2.69796e-05 12554.9
623.681  2.67639e-05 12784.4
629.917  2.65499e-05 13018.2
636.217  2.63378e-05 13256.2
642.579  2.61275e-05 13498.5
649.005  2.59189e-05 13745.2
655.495  2.57121e-05 13996.5
662.05  2.5507e-05 14252.2
668.67  2.53036e-05 14512.7
675.357  2.5102e-05 14777.8
682.11  2.4902e-05 15047.8
688.931  2.47038e-05 15322.7
695.821  2.45072e-05 15602.6
702.779  2.43123e-05 15887.6
709.807  2.41191e-05 16177.7
716.905  2.39274e-05 16473.1
724.074  2.37374e-05 16773.9
731.315  2.35491e-05 17080.1
738.628  2.33623e-05 17391.9
746.014  2.31771e-05 17709.3
753.474  2.29935e-05 18032.5
761.009  2.28115e-05 18361.5
768.619  2.2631e-05 18696.5
776.305  2.2452e-05 19037.5
784.068  2.22746e-05 19384.7
791.909  2.20987e-05 19738.2
799.828  2.19243e-05 20098.1
807.826  2.17514e-05 20464.6
815.905  2.158e-05 20837.6
824.064  2.141e-05 21217.4
832.304  2.12415e-05 21604
840.627  2.10744e-05 21997.6
849.034  2.09087e-05 22398.3
857.524  2.07445e-05 22806.3
866.099  2.05816e-05 23221.6
874.76  2.04202e-05 23644.4
883.508  2.02601e-05 24074.9
892.343  2.01014e-05 24513.1
901.266  1.99441e-05 24959.1
910.279  1.97881e-05 25413.3
919.382  1.96335e-05 25875.6
928.575  1.94801e-05 26346.2
937.861  1.93281e-05 26825.3
947.24  1.91774e-05 27313
956.712  1.9028e-05 27809.4
966.279  1.88799e-05 28314.8
975.942  1.8733e-05 28829.3
985.702  1.85874e-05 29353
995.559  1.84431e-05 29886.1
