0.001  2.0255e-05 0.285464
0.00101  2.02481e-05 0.286888
0.0010201  2.02413e-05 0.288319
0.0010303  2.02343e-05 0.289757
0.0010406  2.0227e-05 0.291202
0.00105101  2.02194e-05 0.292654
0.00106152  2.02116e-05 0.294114
0.00107214  2.02067e-05 0.295581
0.00108286  2.02041e-05 0.297055
0.00109369  2.02013e-05 0.298537
0.00110462  2.01983e-05 0.300026
0.00111567  2.0195e-05 0.301522
0.00112683  2.01915e-05 0.303026
0.00113809  2.01879e-05 0.304537
0.00114947  2.0184e-05 0.306056
0.00116097  2.01798e-05 0.307583
0.00117258  2.01755e-05 0.309117
0.0011843  2.01709e-05 0.310658
0.00119615  2.0166e-05 0.312208
0.00120811  2.0161e-05 0.313765
0.00122019  2.01557e-05 0.31533
0.00123239  2.01501e-05 0.316902
0.00124472  2.0145e-05 0.318483
0.00125716  2.01402e-05 0.320071
0.00126973  2.01352e-05 0.321668
0.00128243  2.01299e-05 0.323272
0.00129526  2.01244e-05 0.324884
0.00130821  2.01186e-05 0.326505
0.00132129  2.01126e-05 0.328133
0.0013345  2.01065e-05 0.32977
0.00134785  2.0105e-05 0.331414
0.00136133  2.01032e-05 0.333067
0.00137494  2.01012e-05 0.334729
0.00138869  2.0099e-05 0.336398
0.00140258  2.00965e-05 0.338076
0.0014166  2.00938e-05 0.339762
0.00143077  2.00909e-05 0.341457
0.00144508  2.00878e-05 0.34316
0.00145953  2.00844e-05 0.344871
0.00147412  2.00807e-05 0.346591
0.00148886  2.00768e-05 0.34832
0.00150375  2.00727e-05 0.350057
0.00151879  2.00683e-05 0.351803
0.00153398  2.00637e-05 0.353557
0.00154932  2.00587e-05 0.355321
0.00156481  2.00536e-05 0.357093
0.00158046  2.00481e-05 0.358874
0.00159626  2.00424e-05 0.360664
0.00161223  2.0042e-05 0.362463
0.00162835  2.00426e-05 0.364271
0.00164463  2.0043e-05 0.366087
0.00166108  2.00432e-05 0.367913
0.00167769  2.00456e-05 0.369748
0.00169447  2.00493e-05 0.371592
0.00171141  2.00529e-05 0.373446
0.00172852  2.00563e-05 0.375308
0.00174581  2.00595e-05 0.37718
0.00176327  2.00625e-05 0.379061
0.0017809  2.00653e-05 0.380952
0.00179871  2.00678e-05 0.382852
0.0018167  2.00702e-05 0.384761
0.00183486  2.00724e-05 0.38668
0.00185321  2.00743e-05 0.388609
0.00187174  2.00779e-05 0.390547
0.00189046  2.00816e-05 0.392495
0.00190937  2.00852e-05 0.394452
0.00192846  2.00886e-05 0.39642
0.00194774  2.00917e-05 0.398397
0.00196722  2.00947e-05 0.400384
0.00198689  2.00974e-05 0.402381
0.00200676  2.01012e-05 0.404388
0.00202683  2.0108e-05 0.406405
0.0020471  2.01146e-05 0.408432
0.00206757  2.0121e-05 0.410469
0.00208825  2.01272e-05 0.412516
0.00210913  2.01333e-05 0.414573
0.00213022  2.01391e-05 0.416641
0.00215152  2.01497e-05 0.418719
0.00217304  2.01608e-05 0.420807
0.00219477  2.01716e-05 0.422906
0.00221672  2.01823e-05 0.425015
0.00223888  2.01929e-05 0.427135
0.00226127  2.02033e-05 0.429265
0.00228388  2.02135e-05 0.431406
0.00230672  2.02236e-05 0.433558
0.00232979  2.02335e-05 0.43572
0.00235309  2.02433e-05 0.437893
0.00237662  2.02529e-05 0.440077
0.00240038  2.02623e-05 0.442272
0.00242439  2.02715e-05 0.444478
0.00244863  2.02806e-05 0.446695
0.00247312  2.02895e-05 0.448923
0.00249785  2.03008e-05 0.451162
0.00252283  2.03123e-05 0.453412
0.00254806  2.03236e-05 0.455674
0.00257354  2.03347e-05 0.457946
0.00259927  2.03457e-05 0.46023
0.00262527  2.03565e-05 0.462526
0.00265152  2.03672e-05 0.464832
0.00267803  2.03816e-05 0.467151
0.00270481  2.04013e-05 0.469481
0.00273186  2.0421e-05 0.471822
0.00275918  2.04405e-05 0.474176
0.00278677  2.046e-05 0.476541
0.00281464  2.04794e-05 0.478917
0.00284279  2.04986e-05 0.481306
0.00287121  2.05178e-05 0.483706
0.00289993  2.05368e-05 0.486119
0.00292893  2.05558e-05 0.488543
0.00295822  2.05746e-05 0.49098
0.0029878  2.05934e-05 0.493429
0.00301768  2.06162e-05 0.495718
0.00304785  2.06811e-05 0.496308
0.00307833  2.07463e-05 0.496908
0.00310911  2.08118e-05 0.497519
0.0031402  2.08776e-05 0.498139
0.00317161  2.09437e-05 0.498769
0.00320332  2.10108e-05 0.499409
0.00323536  2.10824e-05 0.500057
0.00326771  2.11544e-05 0.500715
0.00330039  2.12268e-05 0.501381
0.00333339  2.12995e-05 0.502056
0.00336672  2.13779e-05 0.502739
0.00340039  2.1457e-05 0.50343
0.0034344  2.15366e-05 0.504129
0.00346874  2.16166e-05 0.504837
0.00350343  2.1697e-05 0.505551
0.00353846  2.17779e-05 0.506274
0.00357385  2.18593e-05 0.507003
0.00360958  2.19412e-05 0.50774
0.00364568  2.20235e-05 0.508483
0.00368214  2.21063e-05 0.509234
0.00371896  2.21901e-05 0.509991
0.00375615  2.22774e-05 0.510755
0.00379371  2.23653e-05 0.511525
0.00383165  2.24537e-05 0.512302
0.00386996  2.25427e-05 0.513085
0.00390866  2.26322e-05 0.513875
0.00394775  2.27222e-05 0.51467
0.00398723  2.28128e-05 0.515471
0.0040271  2.2904e-05 0.516279
0.00406737  2.29958e-05 0.517092
0.00410804  2.30881e-05 0.51791
0.00414912  2.3181e-05 0.518734
0.00419062  2.32744e-05 0.519564
0.00423252  2.33685e-05 0.520399
0.00427485  2.34645e-05 0.52124
0.0043176  2.35653e-05 0.522086
0.00436077  2.36667e-05 0.522937
0.00440438  2.37688e-05 0.523794
0.00444842  2.38716e-05 0.524656
0.00449291  2.39751e-05 0.525522
0.00453784  2.40792e-05 0.526394
0.00458321  2.4184e-05 0.527271
0.00462905  2.42895e-05 0.528153
0.00467534  2.43957e-05 0.529039
0.00472209  2.45026e-05 0.529931
0.00476931  2.46102e-05 0.530827
0.004817  2.47186e-05 0.531729
0.00486517  2.48276e-05 0.532635
0.00491383  2.49373e-05 0.533546
0.00496296  2.50485e-05 0.534462
0.00501259  2.51643e-05 0.535382
0.00506272  2.52875e-05 0.536307
0.00511335  2.54116e-05 0.537237
0.00516448  2.55366e-05 0.538172
0.00521613  2.56624e-05 0.539111
0.00526829  2.57891e-05 0.540056
0.00532097  2.59167e-05 0.541004
0.00537418  2.60501e-05 0.541958
0.00542792  2.61857e-05 0.542917
0.0054822  2.63222e-05 0.54388
0.00553702  2.64596e-05 0.544848
0.00559239  2.65981e-05 0.54582
0.00564832  2.67374e-05 0.546798
0.0057048  2.68778e-05 0.54778
0.00576185  2.70192e-05 0.548767
0.00581947  2.71615e-05 0.549758
0.00587766  2.73048e-05 0.550755
0.00593644  2.74491e-05 0.551756
0.0059958  2.75945e-05 0.552763
0.00605576  2.77408e-05 0.553774
0.00611632  2.78882e-05 0.55479
0.00617748  2.80365e-05 0.555812
0.00623926  2.81878e-05 0.556838
0.00630165  2.83405e-05 0.557869
0.00636466  2.84943e-05 0.558906
0.00642831  2.86492e-05 0.559947
0.00649259  2.88051e-05 0.560994
0.00655752  2.89621e-05 0.562045
0.0066231  2.91202e-05 0.563102
0.00668933  2.92794e-05 0.564165
0.00675622  2.94396e-05 0.565232
0.00682378  2.9601e-05 0.566305
0.00689202  2.97634e-05 0.567384
0.00696094  2.9927e-05 0.568468
0.00703055  3.00916e-05 0.569557
0.00710085  3.02574e-05 0.570652
0.00717186  3.04243e-05 0.571753
0.00724358  3.05923e-05 0.572859
0.00731602  3.07615e-05 0.573971
0.00738918  3.09317e-05 0.575088
0.00746307  3.11044e-05 0.576212
0.0075377  3.12795e-05 0.577341
0.00761308  3.14558e-05 0.578477
0.00768921  3.16333e-05 0.579618
0.0077661  3.1812e-05 0.580766
0.00784376  3.19918e-05 0.581919
0.0079222  3.21728e-05 0.583079
0.00800142  3.23557e-05 0.584245
0.00808144  3.25484e-05 0.585418
0.00816225  3.27423e-05 0.586596
0.00824387  3.29376e-05 0.587781
0.00832631  3.31342e-05 0.588973
0.00840957  3.33321e-05 0.590171
0.00849367  3.35313e-05 0.591376
0.00857861  3.37318e-05 0.592587
0.00866439  3.39336e-05 0.593806
0.00875104  3.41368e-05 0.595031
0.00883855  3.43413e-05 0.596263
0.00892693  3.45471e-05 0.597502
0.0090162  3.47543e-05 0.598748
0.00910636  3.49628e-05 0.600002
0.00919743  3.51727e-05 0.601262
0.0092894  3.53839e-05 0.60253
0.0093823  3.55965e-05 0.603805
0.00947612  3.58105e-05 0.605087
0.00957088  3.60258e-05 0.606377
0.00966659  3.62425e-05 0.607675
0.00976325  3.64606e-05 0.60898
0.00986089  3.66801e-05 0.610293
0.0099595  3.69026e-05 0.611613
0.0100591  3.71314e-05 0.612942
0.0101597  3.7365e-05 0.614278
0.0102613  3.76e-05 0.615623
0.0103639  3.78366e-05 0.616975
0.0104675  3.80746e-05 0.618336
0.0105722  3.83142e-05 0.619705
0.0106779  3.85553e-05 0.621082
0.0107847  3.87978e-05 0.622468
0.0108926  3.9042e-05 0.623862
0.0110015  3.92876e-05 0.625265
0.0111115  3.95348e-05 0.626676
0.0112226  3.97835e-05 0.628096
0.0113348  4.00338e-05 0.629525
0.0114482  4.02856e-05 0.630963
0.0115627  4.0539e-05 0.632409
0.0116783  4.07939e-05 0.633865
0.0117951  4.10504e-05 0.635329
0.011913  4.13084e-05 0.636803
0.0120322  4.15681e-05 0.638287
0.0121525  4.18293e-05 0.639779
0.012274  4.2092e-05 0.641281
0.0123967  4.23569e-05 0.642793
0.0125207  4.2626e-05 0.644314
0.0126459  4.28968e-05 0.645845
0.0127724  4.31692e-05 0.647385
0.0129001  4.34433e-05 0.648935
0.0130291  4.3719e-05 0.650496
0.0131594  4.39963e-05 0.652066
0.013291  4.42753e-05 0.653646
0.0134239  4.45576e-05 0.655236
0.0135581  4.48427e-05 0.656837
0.0136937  4.51295e-05 0.658448
0.0138307  4.54179e-05 0.660069
0.013969  4.5708e-05 0.661701
0.0141086  4.59999e-05 0.663344
0.0142497  4.62934e-05 0.664997
0.0143922  4.65887e-05 0.66666
0.0145362  4.68857e-05 0.668335
0.0146815  4.71843e-05 0.67002
0.0148283  4.74847e-05 0.671716
0.0149766  4.77869e-05 0.673424
0.0151264  4.80907e-05 0.675142
0.0152776  4.83963e-05 0.676872
0.0154304  4.87037e-05 0.678613
0.0155847  4.90127e-05 0.680366
0.0157406  4.93236e-05 0.682129
0.015898  4.96361e-05 0.683905
0.016057  4.99536e-05 0.685692
0.0162175  5.02774e-05 0.68749
0.0163797  5.06031e-05 0.689301
0.0165435  5.09305e-05 0.691123
0.0167089  5.12603e-05 0.692957
0.016876  5.15934e-05 0.694803
0.0170448  5.19285e-05 0.696661
0.0172152  5.22654e-05 0.698532
0.0173874  5.26042e-05 0.700414
0.0175613  5.29449e-05 0.702309
0.0177369  5.32875e-05 0.704217
0.0179142  5.3632e-05 0.706136
0.0180934  5.39784e-05 0.708069
0.0182743  5.43268e-05 0.710014
0.0184571  5.46771e-05 0.711971
0.0186416  5.50312e-05 0.713942
0.018828  5.53901e-05 0.715925
0.0190163  5.57511e-05 0.717922
0.0192065  5.6114e-05 0.719931
0.0193986  5.6479e-05 0.721954
0.0195925  5.68459e-05 0.72399
0.0197885  5.72149e-05 0.726039
0.0199864  5.75859e-05 0.728102
0.0201862  5.79605e-05 0.730177
0.0203881  5.83375e-05 0.732267
0.020592  5.87165e-05 0.73437
0.0207979  5.90975e-05 0.736486
0.0210059  5.94807e-05 0.738616
0.0212159  5.98659e-05 0.74076
0.0214281  6.02547e-05 0.742918
0.0216424  6.06471e-05 0.74509
0.0218588  6.10417e-05 0.747276
0.0220774  6.14384e-05 0.749476
0.0222981  6.18372e-05 0.75169
0.0225211  6.22382e-05 0.753918
0.0227463  6.26414e-05 0.756161
0.0229738  6.30467e-05 0.758418
0.0232035  6.34541e-05 0.76069
0.0234356  6.38638e-05 0.762976
0.0236699  6.42756e-05 0.765278
0.0239066  6.46896e-05 0.767594
0.0241457  6.51058e-05 0.769925
0.0243871  6.55242e-05 0.772271
0.024631  6.59448e-05 0.774633
0.0248773  6.63677e-05 0.777009
0.0251261  6.67927e-05 0.7794
0.0253774  6.722e-05 0.781806
0.0256311  6.76495e-05 0.784228
0.0258874  6.80813e-05 0.786664
0.0261463  6.85154e-05 0.789115
0.0264078  6.89517e-05 0.791582
0.0266719  6.93904e-05 0.794063
0.0269386  6.98352e-05 0.79656
0.027208  7.02824e-05 0.799071
0.02748  7.07319e-05 0.801599
0.0277548  7.11838e-05 0.804142
0.0280324  7.1638e-05 0.8067
0.0283127  7.20946e-05 0.809275
0.0285958  7.25535e-05 0.811866
0.0288818  7.30149e-05 0.814473
0.0291706  7.34786e-05 0.817097
0.0294623  7.39448e-05 0.819738
0.029757  7.44134e-05 0.822396
0.0300545  7.48844e-05 0.825072
0.0303551  7.53244e-05 0.827766
0.0306586  7.57506e-05 0.830477
0.0309652  7.61783e-05 0.833207
0.0312749  7.66075e-05 0.835955
0.0315876  7.70382e-05 0.838722
0.0319035  7.74704e-05 0.841508
0.0322225  7.79056e-05 0.844313
0.0325447  7.83429e-05 0.847137
0.0328702  7.87817e-05 0.849982
0.0331989  7.92219e-05 0.852846
0.0335309  7.96646e-05 0.855731
0.0338662  8.01096e-05 0.858636
0.0342049  8.05561e-05 0.861563
0.0345469  8.1004e-05 0.86451
0.0348924  8.14535e-05 0.867479
0.0352413  8.19044e-05 0.870468
0.0355937  8.23568e-05 0.873478
0.0359496  8.28106e-05 0.876509
0.0363091  8.32659e-05 0.879561
0.0366722  8.37226e-05 0.882634
0.037039  8.41808e-05 0.885728
0.0374093  8.46434e-05 0.888843
0.0377834  8.51084e-05 0.891979
0.0381613  8.5575e-05 0.895136
0.0385429  8.60429e-05 0.898314
0.0389283  8.65124e-05 0.901514
0.0393176  8.69832e-05 0.904735
0.0397108  8.74555e-05 0.907977
0.0401079  8.79292e-05 0.911242
0.040509  8.84043e-05 0.914527
0.040914  8.88809e-05 0.917835
0.0413232  8.93588e-05 0.921165
0.0417364  8.98381e-05 0.924517
0.0421538  9.03188e-05 0.927891
0.0425753  9.08009e-05 0.931288
0.0430011  9.12861e-05 0.934707
0.0434311  9.17729e-05 0.938149
0.0438654  9.22611e-05 0.941614
0.044304  9.27507e-05 0.945102
0.0447471  9.32417e-05 0.948612
0.0451946  9.3734e-05 0.952146
0.0456465  9.42276e-05 0.955702
0.046103  9.47225e-05 0.959281
0.046564  9.52188e-05 0.962884
0.0470296  9.57163e-05 0.96651
0.0474999  9.62152e-05 0.970159
0.0479749  9.67153e-05 0.973832
0.0484547  9.72167e-05 0.977529
0.0489392  9.77194e-05 0.981249
0.0494286  9.82233e-05 0.984993
0.0499229  9.87298e-05 0.98876
0.0504221  9.92391e-05 0.992552
0.0509264  9.975e-05 0.996367
0.0514356  0.000100262 1.00021
0.05195  0.000100776 1.00407
0.0524695  0.00010129 1.00796
0.0529942  0.000101806 1.01187
0.0535241  0.000102324 1.01581
0.0540594  0.000102844 1.01977
0.0546  0.000103365 1.02376
0.055146  0.000103888 1.02777
0.0556974  0.000104411 1.0318
0.0562544  0.000104936 1.03586
0.0568169  0.000105462 1.03995
0.0573851  0.000105989 1.04406
0.0579589  0.000106517 1.0482
0.0585385  0.000107047 1.05236
0.0591239  0.000107577 1.05654
0.0597152  0.000108108 1.06076
0.0603123  0.000108641 1.06499
0.0609154  0.000109174 1.06926
0.0615246  0.000109709 1.07355
0.0621398  0.000110245 1.07786
0.0627612  0.000110782 1.0822
0.0633888  0.000111321 1.08657
0.0640227  0.000111861 1.09096
0.064663  0.000112401 1.09538
0.0653096  0.000112943 1.09982
0.0659627  0.000113485 1.10429
0.0666223  0.000114028 1.10879
0.0672885  0.000114573 1.11331
0.0679614  0.00011512 1.11786
0.068641  0.000115667 1.12244
0.0693275  0.000116215 1.12704
0.0700207  0.000116764 1.13167
0.0707209  0.000117313 1.13633
0.0714281  0.000117864 1.14102
0.0721424  0.000118415 1.14573
0.0728638  0.000118967 1.15046
0.0735925  0.000119519 1.15523
0.0743284  0.000120073 1.16002
0.0750717  0.000120628 1.16484
0.0758224  0.000121183 1.16969
0.0765806  0.00012174 1.17456
0.0773464  0.000122297 1.17946
0.0781199  0.000122855 1.18439
0.0789011  0.000123413 1.18935
0.0796901  0.000123972 1.19433
0.080487  0.000124532 1.19934
0.0812919  0.000125094 1.20438
0.0821048  0.000125656 1.20945
0.0829259  0.000126219 1.21454
0.0837551  0.000126782 1.21967
0.0845927  0.000127346 1.22482
0.0854386  0.00012791 1.23
0.086293  0.000128475 1.23521
0.0871559  0.00012904 1.24044
0.0880275  0.000129605 1.24571
0.0889077  0.000130171 1.251
0.0897968  0.000130736 1.25632
0.0906948  0.000131303 1.26167
0.0916017  0.000131869 1.26705
0.0925178  0.000132436 1.27245
0.0934429  0.000133003 1.27789
0.0943774  0.00013357 1.28335
0.0953211  0.000134137 1.28885
0.0962743  0.000134704 1.29437
0.0972371  0.000135272 1.29992
0.0982095  0.000135839 1.30551
0.0991916  0.000136407 1.31112
0.100183  0.000136976 1.31676
0.101185  0.000137545 1.32243
0.102197  0.000138115 1.32812
0.103219  0.000138684 1.33385
0.104251  0.000139254 1.33961
0.105294  0.000139823 1.34539
0.106347  0.000140392 1.3512
0.10741  0.000140962 1.35705
0.108484  0.000141532 1.36292
0.109569  0.000142102 1.36882
0.110665  0.000142672 1.37475
0.111772  0.000143242 1.38071
0.112889  0.000143811 1.3867
0.114018  0.00014438 1.39272
0.115158  0.000144948 1.39878
0.11631  0.000145516 1.40486
0.117473  0.000146084 1.41097
0.118648  0.000146651 1.41712
0.119834  0.000147218 1.4233
0.121033  0.000147756 1.42951
0.122243  0.000148243 1.43576
0.123465  0.000148727 1.44203
0.1247  0.000149209 1.44835
0.125947  0.000149689 1.45469
0.127206  0.000150167 1.46107
0.128478  0.000150642 1.46749
0.129763  0.000151114 1.47394
0.131061  0.000151584 1.48043
0.132372  0.000152051 1.48696
0.133695  0.000152515 1.49352
0.135032  0.000152976 1.50012
0.136383  0.000153434 1.50676
0.137746  0.00015389 1.51344
0.139124  0.000154342 1.52016
0.140515  0.000154791 1.52691
0.14192  0.000155236 1.53371
0.143339  0.000155678 1.54054
0.144773  0.000156117 1.54741
0.146221  0.000156552 1.55433
0.147683  0.000156983 1.56128
0.14916  0.000157411 1.56828
0.150651  0.000157835 1.57531
0.152158  0.000158255 1.58238
0.153679  0.000158671 1.5895
0.155216  0.000159083 1.59666
0.156768  0.000159492 1.60386
0.158336  0.000159895 1.6111
0.159919  0.000160295 1.61839
0.161518  0.000160691 1.62571
0.163134  0.000161083 1.63309
0.164765  0.000161471 1.6405
0.166413  0.000161854 1.64796
0.168077  0.000162233 1.65547
0.169757  0.000162607 1.66302
0.171455  0.000162976 1.67062
0.17317  0.00016334 1.67827
0.174901  0.0001637 1.68596
0.17665  0.000164054 1.6937
0.178417  0.000164403 1.70149
0.180201  0.000164747 1.70933
0.182003  0.000165086 1.71722
0.183823  0.00016542 1.72516
0.185661  0.000165748 1.73316
0.187518  0.000166071 1.7412
0.189393  0.000166389 1.74929
0.191287  0.000166701 1.75744
0.1932  0.000167008 1.76564
0.195132  0.000167308 1.7739
0.197083  0.000167603 1.78221
0.199054  0.000167892 1.79058
0.201045  0.000168175 1.79901
0.203055  0.000168451 1.80749
0.205086  0.000168722 1.81603
0.207136  0.000168986 1.82463
0.209208  0.000169245 1.8333
0.2113  0.000169496 1.84202
0.213413  0.000169741 1.8508
0.215547  0.00016998 1.85965
0.217702  0.000170213 1.86857
0.219879  0.000170438 1.87755
0.222078  0.000170657 1.88659
0.224299  0.000170869 1.89571
0.226542  0.000171074 1.90489
0.228807  0.000171272 1.91414
0.231095  0.000171463 1.92346
0.233406  0.000171647 1.93286
0.235741  0.000171823 1.94233
0.238098  0.000171993 1.95187
0.240479  0.000172155 1.96149
0.242884  0.000172309 1.97119
0.245313  0.000172456 1.98096
0.247766  0.000172595 1.99082
0.250243  0.000172728 2.00076
0.252746  0.000172853 2.01078
0.255273  0.00017297 2.02089
0.257826  0.000173079 2.03108
0.260404  0.000173181 2.04136
0.263008  0.000173274 2.05173
0.265638  0.00017336 2.06219
0.268295  0.000173438 2.07275
0.270978  0.000173509 2.0834
0.273687  0.000173571 2.09414
0.276424  0.000173625 2.10499
0.279189  0.000173671 2.11593
0.28198  0.000173709 2.12698
0.2848  0.000173739 2.13813
0.287648  0.00017376 2.14939
0.290525  0.000173773 2.16076
0.29343  0.000173778 2.17224
0.296364  0.000173774 2.18383
0.299328  0.000173762 2.19554
0.302321  0.000173741 2.20736
0.305344  0.000173712 2.2193
0.308398  0.000173675 2.23137
0.311482  0.000173629 2.24356
0.314597  0.000173574 2.25588
0.317743  0.000173511 2.26833
0.32092  0.000173439 2.28091
0.324129  0.000173359 2.29362
0.32737  0.000173271 2.30647
0.330644  0.000173174 2.31947
0.333951  0.000173068 2.33261
0.33729  0.000172954 2.34589
0.340663  0.000172832 2.35932
0.34407  0.000172701 2.37291
0.34751  0.000172561 2.38665
0.350985  0.000172413 2.40055
0.354495  0.000172256 2.41462
0.35804  0.00017209 2.42884
0.361621  0.000171916 2.44324
0.365237  0.000171734 2.45781
0.368889  0.000171543 2.47256
0.372578  0.000171344 2.48748
0.376304  0.000171136 2.50259
0.380067  0.000170921 2.51789
0.383868  0.000170696 2.53337
0.387706  0.000170464 2.54905
0.391583  0.000170223 2.56494
0.395499  0.000169974 2.58102
0.399454  0.000169716 2.59731
0.403449  0.000169451 2.61381
0.407483  0.000169177 2.63053
0.411558  0.000168895 2.64747
0.415674  0.000168605 2.66463
0.41983  0.000168307 2.68202
0.424029  0.000168001 2.69965
0.428269  0.000167687 2.71751
0.432552  0.000167366 2.73562
0.436877  0.000167036 2.75398
0.441246  0.000166699 2.77259
0.445658  0.000166355 2.79146
0.450115  0.000166003 2.81059
0.454616  0.000165643 2.83
0.459162  0.000165276 2.84968
0.463754  0.000164901 2.86964
0.468391  0.00016452 2.88988
0.473075  0.000164131 2.91042
0.477806  0.000163735 2.93126
0.482584  0.000163331 2.9524
0.48741  0.000162921 2.97385
0.492284  0.000162504 2.99562
0.497207  0.00016208 3.01771
0.502179  0.00016165 3.04013
0.507201  0.000161214 3.06289
0.512273  0.000160771 3.08599
0.517396  0.000160321 3.10944
0.52257  0.000159865 3.13324
0.527795  0.000159403 3.15741
0.533073  0.000158935 3.18195
0.538404  0.000158461 3.20687
0.543788  0.000157981 3.23218
0.549226  0.000157496 3.25788
0.554718  0.000157004 3.28398
0.560265  0.000156507 3.31049
0.565868  0.000156005 3.33742
0.571527  0.000155497 3.36478
0.577242  0.000154983 3.39257
0.583014  0.000154465 3.4208
0.588844  0.000153941 3.44948
0.594733  0.000153413 3.47862
0.60068  0.00015288 3.50824
0.606687  0.000152341 3.53833
0.612754  0.000151799 3.56891
0.618881  0.000151251 3.59999
0.62507  0.0001507 3.63157
0.631321  0.000150144 3.66367
0.637634  0.000149583 3.6963
0.644011  0.000149019 3.72947
0.650451  0.000148451 3.76318
0.656955  0.000147879 3.79745
0.663525  0.000147303 3.83229
0.67016  0.000146724 3.86771
0.676862  0.000146141 3.90373
0.68363  0.000145554 3.94034
0.690466  0.000144965 3.97757
0.697371  0.000144372 4.01543
0.704345  0.000143776 4.05392
0.711388  0.000143177 4.09306
0.718502  0.000142575 4.13286
0.725687  0.00014197 4.17334
0.732944  0.000141362 4.21451
0.740273  0.000140752 4.25638
0.747676  0.00014014 4.29896
0.755153  0.000139525 4.34227
0.762705  0.000138908 4.38632
0.770332  0.000138289 4.43112
0.778035  0.000137668 4.4767
0.785815  0.000137045 4.52306
0.793673  0.00013642 4.57022
0.80161  0.000135793 4.61819
0.809626  0.000135165 4.66699
0.817722  0.000134535 4.71664
0.8259  0.000133904 4.76714
0.834159  0.000133271 4.81852
0.8425  0.000132637 4.8708
0.850925  0.000132002 4.92398
0.859435  0.000131366 4.97809
0.868029  0.000130729 5.03314
0.876709  0.00013009 5.08916
0.885476  0.000129451 5.14615
0.894331  0.000128811 5.20414
0.903274  0.000128171 5.26314
0.912307  0.00012753 5.32318
0.92143  0.000126888 5.38427
0.930644  0.000126246 5.44643
0.939951  0.000125603 5.50968
0.94935  0.00012496 5.57405
0.958844  0.000124317 5.63955
0.968432  0.000123674 5.7062
0.978117  0.000123031 5.77402
0.987898  0.000122387 5.84304
0.997777  0.000121744 5.91328
1.00775  0.000121102 5.98475
1.01783  0.000120459 6.05749
1.02801  0.000119817 6.13151
1.03829  0.000119175 6.20684
1.04867  0.000118533 6.2835
1.05916  0.000117892 6.36152
1.06975  0.000117252 6.44092
1.08045  0.000116612 6.52172
1.09125  0.000115973 6.60395
1.10217  0.000115335 6.68764
1.11319  0.000114697 6.77281
1.12432  0.000114061 6.85949
1.13556  0.000113425 6.9477
1.14692  0.00011279 7.03748
1.15839  0.000112156 7.12885
1.16997  0.000111523 7.22184
1.18167  0.000110891 7.31648
1.19349  0.00011026 7.41279
1.20542  0.000109631 7.51082
1.21748  0.000109003 7.61058
1.22965  0.000108375 7.71211
1.24195  0.00010775 7.81545
1.25437  0.000107126 7.92061
1.26691  0.000106503 8.02764
1.27958  0.000105881 8.13657
1.29238  0.000105261 8.24743
1.3053  0.000104643 8.36026
1.31835  0.000104026 8.47508
1.33154  0.000103411 8.59194
1.34485  0.000102797 8.71088
1.3583  0.000102186 8.83192
1.37188  0.000101576 8.9551
1.3856  0.000100967 9.08047
1.39946  0.00010036 9.20806
1.41345  9.97556e-05 9.33791
1.42759  9.91526e-05 9.47006
1.44186  9.85515e-05 9.60454
1.45628  9.79523e-05 9.74141
1.47085  9.73549e-05 9.8807
1.48555  9.67596e-05 10.0224
1.50041  9.61662e-05 10.1667
1.51541  9.55748e-05 10.3135
1.53057  9.49855e-05 10.4629
1.54587  9.43982e-05 10.615
1.56133  9.3813e-05 10.7697
1.57695  9.32299e-05 10.9271
1.59271  9.26489e-05 11.0874
1.60864  9.20702e-05 11.2505
1.62473  9.14937e-05 11.4164
1.64098  9.09194e-05 11.5853
1.65739  9.03473e-05 11.7571
1.67396  8.97775e-05 11.932
1.6907  8.921e-05 12.1099
1.70761  8.86448e-05 12.291
1.72468  8.80818e-05 12.4753
1.74193  8.75212e-05 12.6628
1.75935  8.69629e-05 12.8536
1.77694  8.64069e-05 13.0478
1.79471  8.58533e-05 13.2453
1.81266  8.5302e-05 13.4464
1.83078  8.47532e-05 13.6509
1.84909  8.42067e-05 13.8591
1.86758  8.36628e-05 14.0709
1.88626  8.31213e-05 14.2864
1.90512  8.25823e-05 14.5057
1.92417  8.20457e-05 14.7289
1.94341  8.15116e-05 14.9559
1.96285  8.098e-05 15.187
1.98248  8.04508e-05 15.422
2.0023  7.99241e-05 15.6612
2.02232  7.94e-05 15.9046
2.04255  7.88784e-05 16.1522
2.06297  7.83593e-05 16.4041
2.0836  7.78427e-05 16.6605
2.10444  7.73286e-05 16.9213
2.12548  7.68171e-05 17.1867
2.14674  7.63081e-05 17.4566
2.16821  7.58018e-05 17.7313
2.18989  7.5298e-05 18.0108
2.21179  7.47967e-05 18.2952
2.2339  7.4298e-05 18.5845
2.25624  7.38018e-05 18.8789
2.27881  7.33082e-05 19.1783
2.30159  7.28172e-05 19.483
2.32461  7.23287e-05 19.793
2.34786  7.18428e-05 20.1084
2.37134  7.13595e-05 20.4292
2.39505  7.08787e-05 20.7557
2.419  7.04004e-05 21.0878
2.44319  6.99248e-05 21.4256
2.46762  6.94517e-05 21.7694
2.4923  6.89812e-05 22.1191
2.51722  6.85133e-05 22.4749
2.54239  6.8048e-05 22.8368
2.56782  6.75852e-05 23.2051
2.59349  6.7125e-05 23.5797
2.61943  6.66673e-05 23.9608
2.64562  6.62122e-05 24.3486
2.67208  6.57596e-05 24.743
2.6988  6.53096e-05 25.1443
2.72579  6.48621e-05 25.5526
2.75305  6.44172e-05 25.9679
2.78058  6.39748e-05 26.3904
2.80838  6.35349e-05 26.8203
2.83647  6.30975e-05 27.2576
2.86483  6.26626e-05 27.7024
2.89348  6.22302e-05 28.155
2.92241  6.18003e-05 28.6155
2.95164  6.13728e-05 29.0839
2.98115  6.09478e-05 29.5604
3.01097  6.05253e-05 30.0452
3.04108  6.01052e-05 30.5384
3.07149  5.96876e-05 31.0401
3.1022  5.92723e-05 31.5506
3.13322  5.88596e-05 32.0698
3.16456  5.84492e-05 32.5981
3.1962  5.80412e-05 33.1356
3.22816  5.76357e-05 33.6823
3.26045  5.72326e-05 34.2386
3.29305  5.68318e-05 34.8045
3.32598  5.64334e-05 35.3802
3.35924  5.60374e-05 35.9659
3.39283  5.56438e-05 36.5618
3.42676  5.52525e-05 37.1679
3.46103  5.48635e-05 37.7847
3.49564  5.44769e-05 38.4121
3.53059  5.40925e-05 39.0504
3.5659  5.37105e-05 39.6999
3.60156  5.33307e-05 40.3606
3.63758  5.29532e-05 41.0328
3.67395  5.2578e-05 41.7168
3.71069  5.2205e-05 42.4126
3.7478  5.18343e-05 43.1205
3.78528  5.14659e-05 43.8408
3.82313  5.10997e-05 44.5737
3.86136  5.07365e-05 45.3185
3.89997  5.03746e-05 46.0772
3.93897  5.00149e-05 46.8491
3.97836  4.96574e-05 47.6345
4.01815  4.9302e-05 48.4336
4.05833  4.89488e-05 49.2465
4.09891  4.85978e-05 50.0737
4.1399  4.82489e-05 50.9152
4.1813  4.79021e-05 51.7714
4.22311  4.75574e-05 52.6425
4.26534  4.72149e-05 53.5288
4.308  4.68744e-05 54.4306
4.35108  4.65361e-05 55.3481
4.39459  4.61998e-05 56.2817
4.43853  4.58656e-05 57.2317
4.48292  4.55335e-05 58.1984
4.52775  4.52033e-05 59.1821
4.57303  4.48752e-05 60.1831
4.61876  4.45491e-05 61.2019
4.66494  4.4225e-05 62.2386
4.71159  4.3903e-05 63.2938
4.75871  4.35828e-05 64.3677
4.8063  4.32647e-05 65.4607
4.85436  4.29485e-05 66.5731
4.9029  4.26343e-05 67.7051
4.95193  4.2322e-05 68.857
5.00145  4.20117e-05 70.0292
5.05146  4.17034e-05 71.2219
5.10198  4.13969e-05 72.4353
5.153  4.10924e-05 73.6698
5.20453  4.07898e-05 74.9257
5.25657  4.0489e-05 76.2032
5.30914  4.01901e-05 77.5027
5.36223  3.98932e-05 78.8244
5.41585  3.9598e-05 80.1689
5.47001  3.93048e-05 81.5369
5.52471  3.90134e-05 82.9288
5.57996  3.87238e-05 84.3455
5.63576  3.8436e-05 85.7876
5.69212  3.815e-05 87.2557
5.74904  3.78659e-05 88.7508
5.80653  3.75835e-05 90.2734
5.86459  3.73029e-05 91.8244
5.92324  3.70241e-05 93.4046
5.98247  3.67471e-05 95.0148
6.0423  3.5605e-05 96.6558
6.10272  3.53324e-05 98.3284
6.16375  3.50617e-05 100.033
6.22538  3.47928e-05 101.771
6.28764  3.45257e-05 103.542
6.35051  3.42603e-05 105.348
6.41402  3.39966e-05 107.189
6.47816  3.37347e-05 109.066
6.54294  3.34746e-05 110.98
6.60837  3.32161e-05 112.932
6.67445  3.29594e-05 114.922
6.7412  3.27044e-05 116.951
6.80861  3.24512e-05 119.02
6.8767  3.21996e-05 121.129
6.94546  3.19497e-05 123.279
7.01492  3.17016e-05 125.47
7.08507  3.14551e-05 127.702
7.15592  3.12102e-05 129.975
7.22748  3.09671e-05 132.29
7.29975  3.07256e-05 134.647
7.37275  3.04855e-05 137.047
7.44648  3.02469e-05 139.488
7.52094  3.001e-05 141.972
7.59615  2.97747e-05 144.499
7.67211  2.95411e-05 147.07
7.74883  2.93091e-05 149.686
7.82632  2.90787e-05 152.347
7.90459  2.885e-05 155.056
7.98363  2.86228e-05 157.813
8.06347  2.83973e-05 160.619
8.1441  2.81734e-05 163.476
8.22554  2.7951e-05 166.384
8.3078  2.77303e-05 169.346
8.39088  2.75111e-05 172.362
8.47479  2.72935e-05 175.433
8.55953  2.70774e-05 178.562
8.64513  2.68629e-05 181.748
8.73158  2.66499e-05 184.994
8.8189  2.64385e-05 188.299
8.90709  2.62286e-05 191.664
8.99616  2.60202e-05 195.091
9.08612  2.58133e-05 198.581
9.17698  2.56079e-05 202.135
9.26875  2.54039e-05 205.753
9.36144  2.52014e-05 209.436
9.45505  2.49999e-05 213.191
9.5496  2.48003e-05 217.009
9.6451  2.46022e-05 220.897
9.74155  2.44056e-05 224.854
9.83896  2.42104e-05 228.884
9.93735  2.40167e-05 232.986
10.0367  2.38244e-05 237.163
10.1371  2.36336e-05 241.416
10.2385  2.34442e-05 245.746
10.3409  2.32562e-05 250.155
10.4443  2.30696e-05 254.644
10.5487  2.28845e-05 259.215
10.6542  2.27007e-05 263.87
10.7607  2.25184e-05 268.609
10.8683  2.23374e-05 273.435
10.977  2.21578e-05 278.35
11.0868  2.19795e-05 283.354
11.1977  2.18026e-05 288.449
11.3096  2.16271e-05 293.638
11.4227  2.14529e-05 298.921
11.537  2.128e-05 304.3
11.6523  2.11084e-05 309.778
11.7689  2.09382e-05 315.355
11.8865  2.07693e-05 321.034
12.0054  2.0589e-05 326.816
12.1255  2.04227e-05 332.703
12.2467  2.02577e-05 338.698
12.3692  2.00938e-05 344.802
12.4929  1.99311e-05 351.018
12.6178  1.97697e-05 357.346
12.744  1.96096e-05 363.79
12.8714  1.94506e-05 370.351
13.0001  1.9293e-05 377.033
13.1301  1.91365e-05 383.836
13.2614  1.89813e-05 390.763
13.3941  1.88273e-05 397.816
13.528  1.86745e-05 404.999
13.6633  1.85229e-05 412.312
13.7999  1.83725e-05 419.759
13.9379  1.82233e-05 427.342
14.0773  1.80752e-05 435.063
14.2181  1.79283e-05 442.925
14.3602  1.77826e-05 450.93
14.5038  1.7638e-05 459.082
14.6489  1.74946e-05 467.382
14.7954  1.73523e-05 475.834
14.9433  1.72111e-05 484.44
15.0928  1.70711e-05 493.203
15.2437  1.69322e-05 502.126
15.3961  1.67943e-05 511.211
15.5501  1.66576e-05 520.462
15.7056  1.65219e-05 529.882
15.8626  1.63874e-05 539.474
16.0213  1.62539e-05 549.241
16.1815  1.61214e-05 559.186
16.3433  1.59901e-05 569.313
16.5067  1.58598e-05 579.624
16.6718  1.57306e-05 590.124
16.8385  1.56024e-05 600.815
17.0069  1.54752e-05 611.701
17.177  1.53491e-05 622.786
17.3487  1.52238e-05 634.074
17.5222  1.50995e-05 645.567
17.6974  1.49763e-05 657.27
17.8744  1.4854e-05 669.187
18.0532  1.47327e-05 681.322
18.2337  1.46124e-05 693.678
18.416  1.4493e-05 706.259
18.6002  1.43746e-05 719.07
18.7862  1.42572e-05 732.116
18.9741  1.41407e-05 745.399
19.1638  1.40251e-05 758.925
19.3554  1.39105e-05 772.698
19.549  1.37968e-05 786.723
19.7445  1.3684e-05 801.003
19.9419  1.35721e-05 815.545
20.1413  1.34611e-05 830.352
20.3427  1.33511e-05 845.43
20.5462  1.32419e-05 860.783
20.7516  1.31336e-05 876.416
20.9592  1.30262e-05 892.335
21.1687  1.29196e-05 908.545
21.3804  1.28139e-05 925.051
21.5942  1.27091e-05 941.858
21.8102  1.26051e-05 958.973
22.0283  1.2502e-05 976.4
22.2486  1.23997e-05 994.146
22.4711  1.22982e-05 1012.22
22.6958  1.21976e-05 1030.62
22.9227  1.20977e-05 1049.35
23.1519  1.19987e-05 1068.43
23.3835  1.19005e-05 1087.86
23.6173  1.18031e-05 1107.64
23.8535  1.17064e-05 1127.79
24.092  1.16106e-05 1148.3
24.3329  1.15155e-05 1169.19
24.5763  1.14213e-05 1190.46
24.822  1.13277e-05 1212.11
25.0702  1.12349e-05 1234.17
25.3209  1.11429e-05 1256.63
25.5742  1.10516e-05 1279.49
25.8299  1.09611e-05 1302.78
26.0882  1.08712e-05 1326.49
26.3491  1.07822e-05 1350.64
26.6126  1.06938e-05 1375.23
26.8787  1.06062e-05 1400.27
27.1475  1.05192e-05 1425.76
27.419  1.0433e-05 1451.73
27.6931  1.03475e-05 1478.16
27.9701  1.02626e-05 1505.09
28.2498  1.01785e-05 1532.5
28.5323  1.00951e-05 1560.42
28.8176  1.00123e-05 1588.84
29.1058  9.93019e-06 1617.79
29.3968  9.84875e-06 1647.27
29.6908  9.76799e-06 1677.29
29.9877  9.68788e-06 1707.86
30.2876  9.60842e-06 1738.98
30.5905  9.5296e-06 1770.68
30.8964  9.45143e-06 1802.96
31.2053  9.37389e-06 1835.83
31.5174  9.29699e-06 1869.3
31.8326  9.22071e-06 1903.38
32.1509  9.14505e-06 1938.09
32.4724  9.07002e-06 1973.43
32.7971  8.99559e-06 2009.43
33.1251  8.92177e-06 2046.08
33.4563  8.84856e-06 2083.4
33.7909  8.77594e-06 2121.41
34.1288  8.70392e-06 2160.11
34.4701  8.63248e-06 2199.53
34.8148  8.56163e-06 2239.66
35.1629  8.49136e-06 2280.53
35.5146  8.42166e-06 2322.15
35.8697  8.35254e-06 2364.54
36.2284  8.28397e-06 2407.7
36.5907  8.21597e-06 2451.65
36.9566  8.14853e-06 2496.41
37.3262  8.08163e-06 2541.98
37.6994  8.01529e-06 2588.4
38.0764  7.94949e-06 2635.66
38.4572  7.88423e-06 2683.79
38.8418  7.8195e-06 2732.81
39.2302  7.7553e-06 2782.72
39.6225  7.69163e-06 2833.55
40.0187  7.62848e-06 2885.31
40.4189  7.56585e-06 2938.02
40.8231  7.50373e-06 2991.7
41.2313  7.44212e-06 3046.37
41.6436  7.38102e-06 3102.03
42.0601  7.32042e-06 3158.72
42.4807  7.26031e-06 3216.45
42.9055  7.2007e-06 3275.23
43.3345  7.14157e-06 3335.1
43.7679  7.08294e-06 3396.06
44.2056  7.02478e-06 3458.14
44.6476  6.9671e-06 3521.36
45.0941  6.9099e-06 3585.74
45.545  6.85316e-06 3651.3
46.0005  6.79689e-06 3718.07
46.4605  6.74109e-06 3786.06
46.9251  6.68574e-06 3855.3
47.3943  6.63085e-06 3925.81
47.8683  6.57641e-06 3997.61
48.347  6.52242e-06 4070.74
48.8304  6.46887e-06 4145.2
49.3187  6.41577e-06 4221.03
49.8119  6.3631e-06 4298.25
50.31  6.31087e-06 4376.89
50.8131  6.25906e-06 4456.97
51.3213  6.20769e-06 4538.53
51.8345  6.15674e-06 4621.58
52.3528  6.10621e-06 4706.15
52.8764  6.0561e-06 4792.28
53.4051  6.0064e-06 4879.98
53.9392  5.95711e-06 4969.3
54.4786  5.90823e-06 5060.26
55.0234  5.85975e-06 5152.88
55.5736  5.81168e-06 5247.21
56.1293  5.764e-06 5343.26
56.6906  5.71671e-06 5441.08
57.2575  5.66982e-06 5540.7
57.8301  5.62331e-06 5642.14
58.4084  5.57719e-06 5745.45
58.9925  5.53145e-06 5850.65
59.5824  5.48609e-06 5957.78
60.1782  5.44111e-06 6066.88
60.78  5.3965e-06 6177.98
61.3878  5.35225e-06 6291.12
62.0017  5.30838e-06 6406.33
62.6217  5.26487e-06 6523.66
63.2479  5.22172e-06 6643.14
63.8804  5.17893e-06 6764.82
64.5192  5.13649e-06 6888.72
65.1644  5.09441e-06 7014.9
65.816  5.05267e-06 7143.4
66.4742  5.01128e-06 7274.25
67.1389  4.97024e-06 7407.5
67.8103  4.92954e-06 7543.2
68.4884  4.88918e-06 7681.39
69.1733  4.84915e-06 7822.11
69.8651  4.80945e-06 7965.41
70.5637  4.77009e-06 8111.34
71.2693  4.73105e-06 8259.94
71.982  4.69233e-06 8411.27
72.7019  4.65393e-06 8565.38
73.4289  4.61585e-06 8722.31
74.1632  4.57808e-06 8882.12
74.9048  4.54063e-06 9044.85
75.6538  4.5035e-06 9210.57
76.4104  4.46667e-06 9379.33
77.1745  4.43015e-06 9551.18
77.9462  4.39394e-06 9726.18
78.7257  4.35803e-06 9904.39
79.513  4.32242e-06 10085.9
80.3081  4.28711e-06 10270.7
81.1112  4.2521e-06 10458.8
81.9223  4.21737e-06 10650.5
82.7415  4.18294e-06 10845.6
83.5689  4.1488e-06 11044.3
84.4046  4.11495e-06 11246.7
85.2486  4.08138e-06 11452.7
86.1011  4.04809e-06 11662.6
86.9621  4.01508e-06 11876.2
87.8318  3.98235e-06 12093.8
88.7101  3.94989e-06 12315.4
89.5972  3.91771e-06 12541
90.4932  3.8858e-06 12770.8
91.3981  3.85415e-06 13004.7
92.3121  3.82277e-06 13243
93.2352  3.79166e-06 13485.6
94.1675  3.7608e-06 13732.6
95.1092  3.73021e-06 13984.1
96.0603  3.69988e-06 14240.3
97.0209  3.6698e-06 14501.1
97.9911  3.63997e-06 14766.7
98.971  3.6104e-06 15037.2
99.9607  3.58107e-06 15312.6
100.96  3.552e-06 15593
101.97  3.52317e-06 15878.5
102.99  3.49458e-06 16169.3
104.02  3.46624e-06 16465.4
105.06  3.43814e-06 16766.9
106.11  3.41027e-06 17073.8
107.171  3.38264e-06 17386.4
108.243  3.35525e-06 17704.7
109.326  3.32808e-06 18028.8
110.419  3.30115e-06 18358.9
111.523  3.27444e-06 18694.9
112.638  3.24797e-06 19037.1
113.765  3.22171e-06 19385.5
114.902  3.19568e-06 19740.3
116.051  3.16987e-06 20101.5
117.212  3.14428e-06 20469.3
118.384  3.11891e-06 20843.8
119.568  3.09375e-06 21225.2
120.763  3.0688e-06 21613.5
121.971  3.04407e-06 22008.8
123.191  3.01955e-06 22411.4
124.423  2.99524e-06 22821.3
125.667  2.97114e-06 23238.6
126.924  2.94724e-06 23663.6
128.193  2.92355e-06 24096.2
129.475  2.90005e-06 24536.8
130.77  2.87676e-06 24985.3
132.077  2.85367e-06 25442
133.398  2.83077e-06 25907.1
134.732  2.80807e-06 26380.5
136.079  2.78556e-06 26862.6
137.44  2.76324e-06 27353.4
138.814  2.74112e-06 27853.1
140.203  2.71918e-06 28361.9
141.605  2.69743e-06 28880
143.021  2.67587e-06 29407.4
144.451  2.65449e-06 29944.4
145.895  2.6333e-06 30491.2
147.354  2.61229e-06 31047.8
148.828  2.59145e-06 31614.6
150.316  2.5708e-06 32191.6
151.819  2.55032e-06 32779.1
153.338  2.53002e-06 33377.2
154.871  2.50989e-06 33986.1
156.42  2.48994e-06 34606.1
157.984  2.47015e-06 35237.3
159.564  2.45054e-06 35879.9
161.159  2.4311e-06 36534.1
162.771  2.41182e-06 37200.2
164.399  2.39271e-06 37878.3
166.043  2.37376e-06 38568.6
167.703  2.35498e-06 39271.4
169.38  2.33636e-06 39986.9
171.074  2.3179e-06 40715.4
172.785  2.2996e-06 41456.9
174.512  2.28146e-06 42211.9
176.258  2.26347e-06 42980.4
178.02  2.24564e-06 43762.8
179.8  2.22797e-06 44559.4
181.598  2.21044e-06 45370.2
183.414  2.19307e-06 46195.7
185.248  2.17585e-06 47036
187.101  2.15878e-06 47891.5
188.972  2.14186e-06 48762.3
190.862  2.12509e-06 49648.8
192.77  2.10846e-06 50551.3
194.698  2.09197e-06 51469.9
196.645  2.07563e-06 52405.1
198.611  2.05943e-06 53357
200.598  2.04337e-06 54326.1
202.604  2.02746e-06 55312.5
204.63  2.01168e-06 56316.6
206.676  1.99603e-06 57338.7
208.743  1.98053e-06 58379.1
210.83  1.96516e-06 59438.2
212.938  1.94992e-06 60516.2
215.068  1.93481e-06 61613.6
217.218  1.91984e-06 62730.5
219.391  1.905e-06 63867.4
221.584  1.89029e-06 65024.7
223.8  1.8757e-06 66202.6
226.038  1.86125e-06 67401.6
228.299  1.84692e-06 68621.9
230.582  1.83271e-06 69864.1
232.888  1.81863e-06 71128.4
235.216  1.80468e-06 72415.2
237.569  1.79084e-06 73724.9
239.944  1.77713e-06 75058
242.344  1.76354e-06 76414.8
244.767  1.75006e-06 77795.8
247.215  1.73671e-06 79201.3
249.687  1.72347e-06 80631.7
252.184  1.71035e-06 82087.6
254.706  1.69734e-06 83569.4
257.253  1.68444e-06 85077.4
259.825  1.67166e-06 86612.2
262.423  1.659e-06 88174.2
265.048  1.64644e-06 89763.9
267.698  1.63399e-06 91381.7
270.375  1.62166e-06 93028.2
273.079  1.60943e-06 94703.8
275.81  1.59731e-06 96409
278.568  1.58529e-06 98144.3
281.354  1.57338e-06 99910.3
284.167  1.56158e-06 101707
287.009  1.54988e-06 103536
289.879  1.53828e-06 105397
292.778  1.52679e-06 107291
295.705  1.51539e-06 109219
298.662  1.5041e-06 111180
301.649  1.49291e-06 113175
304.666  1.48181e-06 115206
307.712  1.47081e-06 117272
310.789  1.45991e-06 119375
313.897  1.44911e-06 121515
317.036  1.4384e-06 123692
320.207  1.42779e-06 125907
323.409  1.41727e-06 128161
326.643  1.40684e-06 130454
329.909  1.39651e-06 132788
333.208  1.38627e-06 135162
336.54  1.37611e-06 137578
339.906  1.36605e-06 140036
343.305  1.35608e-06 142537
346.738  1.3462e-06 145081
350.205  1.33641e-06 147670
353.707  1.3267e-06 150303
357.244  1.31708e-06 152983
360.817  1.30755e-06 155709
364.425  1.2981e-06 158482
368.069  1.28874e-06 161304
371.75  1.27946e-06 164174
375.467  1.27026e-06 167094
379.222  1.26115e-06 170065
383.014  1.25212e-06 173087
386.844  1.24317e-06 176161
390.713  1.2343e-06 179288
394.62  1.22551e-06 182470
398.566  1.21681e-06 185706
402.552  1.20818e-06 188997
406.577  1.19962e-06 192346
410.643  1.19115e-06 195752
414.75  1.18275e-06 199217
418.897  1.17443e-06 202741
423.086  1.16618e-06 206325
427.317  1.15801e-06 209972
431.59  1.14991e-06 213680
435.906  1.14188e-06 217453
440.265  1.13393e-06 221290
444.668  1.12605e-06 225194
449.114  1.11824e-06 229164
453.605  1.1105e-06 233203
458.142  1.10284e-06 237312
462.723  1.09524e-06 241491
467.35  1.08771e-06 245743
472.024  1.08025e-06 250068
476.744  1.07285e-06 254468
481.511  1.06553e-06 258945
486.326  1.05827e-06 263498
491.19  1.05108e-06 268131
496.102  1.04395e-06 272843
501.063  1.03689e-06 277637
506.073  1.02989e-06 282514
511.134  1.02296e-06 287475
516.245  1.01609e-06 292522
521.408  1.00928e-06 297656
526.622  1.00253e-06 302879
531.888  9.95852e-07 308192
537.207  9.8923e-07 313597
542.579  9.82669e-07 319096
548.005  9.76169e-07 324688
553.485  9.69729e-07 330378
559.02  9.63348e-07 336164
564.61  9.57026e-07 342050
570.256  9.50763e-07 348037
575.959  9.44558e-07 354126
581.718  9.3841e-07 360319
587.535  9.3232e-07 366617
593.411  9.26286e-07 373022
599.345  9.20308e-07 379536
605.338  9.14386e-07 386161
611.392  9.0852e-07 392897
617.506  9.02708e-07 399748
623.681  8.9695e-07 406714
629.917  8.91247e-07 413798
636.217  8.85597e-07 421001
642.579  8.8e-07 428326
649.005  8.74456e-07 435773
655.495  8.68964e-07 443347
662.05  8.63523e-07 451047
668.67  8.58135e-07 458876
675.357  8.52797e-07 466837
682.11  8.47509e-07 474931
688.931  8.42272e-07 483160
695.821  8.37085e-07 491526
702.779  8.31947e-07 500032
709.807  8.26858e-07 508679
716.905  8.21818e-07 517471
724.074  8.16825e-07 526408
731.315  8.11881e-07 535493
738.628  8.06984e-07 544728
746.014  8.02133e-07 554116
753.474  7.9733e-07 563659
761.009  7.92573e-07 573359
768.619  7.87861e-07 583219
776.305  7.83196e-07 593241
784.068  7.78575e-07 603427
791.909  7.73999e-07 613780
799.828  7.69467e-07 624302
807.826  7.6498e-07 634996
815.905  7.60536e-07 645865
824.064  7.56136e-07 656911
832.304  7.51779e-07 668136
840.627  7.47464e-07 679544
849.034  7.43191e-07 691137
857.524  7.38961e-07 702918
866.099  7.34772e-07 714889
874.76  7.30624e-07 727053
883.508  7.26517e-07 739413
892.343  7.22451e-07 751973
901.266  7.18424e-07 764734
910.279  7.14438e-07 777700
919.382  7.10491e-07 790874
928.575  7.06584e-07 804258
937.861  7.02715e-07 817856
947.24  6.98885e-07 831671
956.712  6.95093e-07 845706
966.279  6.9134e-07 859964
975.942  6.87623e-07 874448
985.702  6.83945e-07 889161
995.559  6.80303e-07 904108
