0.001  0.000111463 0.116071
0.00101  0.000111571 0.11665
0.0010201  0.00011168 0.117232
0.0010303  0.000111789 0.117816
0.0010406  0.000111899 0.118404
0.00105101  0.000112009 0.118995
0.00106152  0.00011212 0.119588
0.00107214  0.000112232 0.120185
0.00108286  0.000112345 0.120784
0.00109369  0.000112458 0.121386
0.00110462  0.000112572 0.121992
0.00111567  0.000112687 0.1226
0.00112683  0.000112802 0.123212
0.00113809  0.000112918 0.123826
0.00114947  0.000113035 0.124444
0.00116097  0.000113152 0.125064
0.00117258  0.00011327 0.125688
0.0011843  0.000113389 0.126315
0.00119615  0.000113509 0.126945
0.00120811  0.000113629 0.127578
0.00122019  0.00011375 0.128215
0.00123239  0.000113872 0.128854
0.00124472  0.000113994 0.129497
0.00125716  0.000114117 0.130143
0.00126973  0.000114241 0.130792
0.00128243  0.000114366 0.131444
0.00129526  0.000114492 0.1321
0.00130821  0.000114618 0.132758
0.00132129  0.000114745 0.133421
0.0013345  0.000114873 0.134086
0.00134785  0.000115002 0.134755
0.00136133  0.000115131 0.135427
0.00137494  0.000115261 0.136102
0.00138869  0.000115392 0.136781
0.00140258  0.0001155 0.137463
0.0014166  0.000115601 0.138149
0.00143077  0.000115703 0.138838
0.00144508  0.000115805 0.13953
0.00145953  0.000115907 0.140226
0.00147412  0.00011601 0.140926
0.00148886  0.000116108 0.141629
0.00150375  0.000116203 0.142335
0.00151879  0.000116299 0.143045
0.00153398  0.000116394 0.143758
0.00154932  0.000116491 0.144475
0.00156481  0.000116587 0.145196
0.00158046  0.000116685 0.14592
0.00159626  0.000116782 0.146635
0.00161223  0.00011688 0.147343
0.00162835  0.000116979 0.14806
0.00164463  0.000117077 0.148786
0.00166108  0.000117177 0.149521
0.00167769  0.000117276 0.150264
0.00169447  0.000117377 0.151016
0.00171141  0.000117477 0.151776
0.00172852  0.000117578 0.152544
0.00174581  0.00011768 0.153321
0.00176327  0.000117782 0.154106
0.0017809  0.000117884 0.154898
0.00179871  0.000117987 0.155662
0.0018167  0.000118091 0.156429
0.00183486  0.000118194 0.157203
0.00185321  0.000118297 0.157984
0.00187174  0.000118384 0.158771
0.00189046  0.000118467 0.159564
0.00190937  0.000118549 0.160363
0.00192846  0.000118632 0.161167
0.00194774  0.000118715 0.161977
0.00196722  0.000118798 0.162791
0.00198689  0.000118879 0.16361
0.00200676  0.000118959 0.164431
0.00202683  0.000119039 0.165252
0.0020471  0.00011912 0.166076
0.00206757  0.0001192 0.166905
0.00208825  0.000119281 0.167737
0.00210913  0.000119362 0.168574
0.00213022  0.000119443 0.169414
0.00215152  0.000119525 0.170259
0.00217304  0.000119606 0.171108
0.00219477  0.000119688 0.171961
0.00221672  0.00011977 0.172818
0.00223888  0.000119852 0.17368
0.00226127  0.000119934 0.174546
0.00228388  0.000120017 0.175416
0.00230672  0.000120099 0.17629
0.00232979  0.000120182 0.177169
0.00235309  0.000120265 0.178053
0.00237662  0.000120348 0.178941
0.00240038  0.000120431 0.179834
0.00242439  0.000120515 0.180731
0.00244863  0.000120599 0.181633
0.00247312  0.000120682 0.182539
0.00249785  0.000120765 0.183449
0.00252283  0.000120849 0.184365
0.00254806  0.000120932 0.185284
0.00257354  0.000121016 0.186209
0.00259927  0.0001211 0.187137
0.00262527  0.000121183 0.188071
0.00265152  0.000121267 0.189009
0.00267803  0.000121352 0.189951
0.00270481  0.000121436 0.190899
0.00273186  0.00012152 0.191851
0.00275918  0.000121605 0.192807
0.00278677  0.000121686 0.193769
0.00281464  0.000121755 0.194735
0.00284279  0.000121821 0.195706
0.00287121  0.000121888 0.196682
0.00289993  0.000121954 0.197663
0.00292893  0.00012202 0.198649
0.00295822  0.000122087 0.19964
0.0029878  0.000122154 0.200636
0.00301768  0.00012222 0.201636
0.00304785  0.000122287 0.202642
0.00307833  0.000122354 0.203653
0.00310911  0.00012242 0.204668
0.0031402  0.000122487 0.205689
0.00317161  0.000122553 0.206715
0.00320332  0.00012262 0.207746
0.00323536  0.000122686 0.208782
0.00326771  0.000122752 0.209824
0.00330039  0.000122818 0.21087
0.00333339  0.000122884 0.211922
0.00336672  0.00012295 0.212979
0.00340039  0.000123015 0.214041
0.0034344  0.000123081 0.215108
0.00346874  0.000123146 0.216181
0.00350343  0.000123211 0.217259
0.00353846  0.000123276 0.218343
0.00357385  0.000123341 0.219432
0.00360958  0.000123406 0.220526
0.00364568  0.00012347 0.221626
0.00368214  0.000123535 0.222732
0.00371896  0.000123597 0.223843
0.00375615  0.000123654 0.224959
0.00379371  0.00012371 0.226081
0.00383165  0.000123767 0.227209
0.00386996  0.000123822 0.228342
0.00390866  0.000123878 0.229481
0.00394775  0.000123933 0.230625
0.00398723  0.000123992 0.231775
0.0040271  0.000124051 0.232931
0.00406737  0.00012411 0.234093
0.00410804  0.000124169 0.235261
0.00414912  0.000124227 0.236434
0.00419062  0.000124285 0.237613
0.00423252  0.000124343 0.238798
0.00427485  0.000124401 0.239989
0.0043176  0.000124458 0.241186
0.00436077  0.000124515 0.242389
0.00440438  0.000124571 0.243598
0.00444842  0.000124627 0.244813
0.00449291  0.000124683 0.246034
0.00453784  0.000124739 0.247261
0.00458321  0.000124794 0.248494
0.00462905  0.000124848 0.249734
0.00467534  0.000124902 0.250979
0.00472209  0.000124954 0.252231
0.00476931  0.000125006 0.253489
0.004817  0.000125057 0.254753
0.00486517  0.000125108 0.256024
0.00491383  0.000125159 0.257301
0.00496296  0.000125214 0.258584
0.00501259  0.000125274 0.259873
0.00506272  0.000125333 0.26117
0.00511335  0.000125392 0.262472
0.00516448  0.00012545 0.263781
0.00521613  0.000125508 0.265097
0.00526829  0.000125566 0.266419
0.00532097  0.000125623 0.267748
0.00537418  0.00012568 0.269083
0.00542792  0.000125736 0.270425
0.0054822  0.000125792 0.271774
0.00553702  0.000125847 0.273129
0.00559239  0.000125903 0.274492
0.00564832  0.000125959 0.275861
0.0057048  0.000126015 0.277237
0.00576185  0.00012607 0.278619
0.00581947  0.000126125 0.280009
0.00587766  0.000126179 0.281406
0.00593644  0.000126232 0.282809
0.0059958  0.000126286 0.28422
0.00605576  0.000126338 0.285637
0.00611632  0.00012639 0.287062
0.00617748  0.000126442 0.288493
0.00623926  0.000126493 0.289932
0.00630165  0.000126544 0.291378
0.00636466  0.000126593 0.292831
0.00642831  0.000126643 0.294292
0.00649259  0.000126692 0.29576
0.00655752  0.00012674 0.297235
0.0066231  0.000126787 0.298717
0.00668933  0.000126834 0.300207
0.00675622  0.00012688 0.301705
0.00682378  0.000126926 0.303209
0.00689202  0.000126971 0.304721
0.00696094  0.000127015 0.306241
0.00703055  0.000127059 0.307769
0.00710085  0.000127102 0.309304
0.00717186  0.000127144 0.310846
0.00724358  0.000127185 0.312397
0.00731602  0.000127226 0.313955
0.00738918  0.000127266 0.315521
0.00746307  0.000127324 0.317094
0.0075377  0.000127389 0.318676
0.00761308  0.000127454 0.320265
0.00768921  0.000127518 0.321862
0.0077661  0.000127582 0.323468
0.00784376  0.000127645 0.325081
0.0079222  0.000127707 0.326702
0.00800142  0.000127769 0.328332
0.00808144  0.000127831 0.329969
0.00816225  0.000127891 0.331615
0.00824387  0.000127951 0.333269
0.00832631  0.000128011 0.334931
0.00840957  0.00012807 0.336602
0.00849367  0.000128128 0.33828
0.00857861  0.000128186 0.339968
0.00866439  0.000128242 0.341663
0.00875104  0.000128299 0.343367
0.00883855  0.000128354 0.34508
0.00892693  0.000128409 0.346801
0.0090162  0.000128463 0.34853
0.00910636  0.000128516 0.350269
0.00919743  0.000128569 0.352016
0.0092894  0.000128624 0.353771
0.0093823  0.000128693 0.355536
0.00947612  0.000128764 0.357309
0.00957088  0.000128834 0.359091
0.00966659  0.000128903 0.360882
0.00976325  0.000128972 0.362682
0.00986089  0.00012904 0.364491
0.0099595  0.000129127 0.366309
0.0100591  0.000129217 0.368136
0.0101597  0.000129306 0.369972
0.0102613  0.000129394 0.371817
0.0103639  0.000129482 0.373672
0.0104675  0.00012957 0.375535
0.0105722  0.000129657 0.377408
0.0106779  0.000129743 0.379291
0.0107847  0.000129829 0.381182
0.0108926  0.000129914 0.383083
0.0110015  0.000129999 0.384994
0.0111115  0.000130084 0.386914
0.0112226  0.000130167 0.388844
0.0113348  0.00013025 0.390783
0.0114482  0.000130333 0.392732
0.0115627  0.000130415 0.394691
0.0116783  0.000130496 0.39666
0.0117951  0.000130576 0.398638
0.011913  0.000130656 0.400626
0.0120322  0.000130735 0.402624
0.0121525  0.000130814 0.404632
0.012274  0.000130892 0.406651
0.0123967  0.000130969 0.408679
0.0125207  0.000131045 0.410717
0.0126459  0.000131121 0.412765
0.0127724  0.000131195 0.414824
0.0129001  0.00013127 0.416893
0.0130291  0.000131343 0.418972
0.0131594  0.000131415 0.421062
0.013291  0.000131487 0.423162
0.0134239  0.000131557 0.425273
0.0135581  0.000131627 0.427394
0.0136937  0.000131696 0.429525
0.0138307  0.000131764 0.431667
0.013969  0.000131844 0.43382
0.0141086  0.000131946 0.435984
0.0142497  0.000132047 0.438158
0.0143922  0.000132148 0.440344
0.0145362  0.000132248 0.44254
0.0146815  0.000132347 0.444747
0.0148283  0.00013245 0.446966
0.0149766  0.000132576 0.449195
0.0151264  0.000132701 0.451435
0.0152776  0.000132826 0.453687
0.0154304  0.00013295 0.455949
0.0155847  0.000133074 0.458223
0.0157406  0.000133197 0.460509
0.015898  0.00013332 0.462806
0.016057  0.000133443 0.465114
0.0162175  0.000133565 0.467434
0.0163797  0.000133686 0.469765
0.0165435  0.000133807 0.472108
0.0167089  0.000133927 0.474463
0.016876  0.000134047 0.476829
0.0170448  0.000134166 0.479207
0.0172152  0.000134285 0.481597
0.0173874  0.000134403 0.483999
0.0175613  0.000134521 0.486413
0.0177369  0.000134637 0.488839
0.0179142  0.000134754 0.491277
0.0180934  0.000134869 0.493727
0.0182743  0.000134984 0.49619
0.0184571  0.000135098 0.498665
0.0186416  0.000135232 0.501152
0.018828  0.000135392 0.503651
0.0190163  0.000135551 0.506163
0.0192065  0.000135711 0.508688
0.0193986  0.000135869 0.511225
0.0195925  0.000136028 0.513775
0.0197885  0.000136192 0.516337
0.0199864  0.000136372 0.518912
0.0201862  0.000136552 0.5215
0.0203881  0.000136732 0.524101
0.020592  0.000136911 0.526715
0.0207979  0.000137091 0.529342
0.0210059  0.00013727 0.531983
0.0212159  0.000137449 0.534636
0.0214281  0.000137628 0.537302
0.0216424  0.000137807 0.539982
0.0218588  0.000137986 0.542675
0.0220774  0.000138164 0.545382
0.0222981  0.000138342 0.548102
0.0225211  0.00013852 0.550836
0.0227463  0.000138698 0.553583
0.0229738  0.000138875 0.556344
0.0232035  0.000139052 0.559119
0.0234356  0.000139229 0.561907
0.0236699  0.000139405 0.56471
0.0239066  0.000139582 0.567527
0.0241457  0.000139757 0.570357
0.0243871  0.000139933 0.573202
0.024631  0.000140108 0.57606
0.0248773  0.000140297 0.578934
0.0251261  0.000140489 0.581821
0.0253774  0.000140681 0.584723
0.0256311  0.000140873 0.587639
0.0258874  0.000141064 0.59057
0.0261463  0.000141255 0.593516
0.0264078  0.000141446 0.596476
0.0266719  0.000141637 0.599451
0.0269386  0.000141827 0.602441
0.027208  0.000142017 0.605445
0.02748  0.000142206 0.608465
0.0277548  0.000142396 0.6115
0.0280324  0.000142623 0.614549
0.0283127  0.000142868 0.617614
0.0285958  0.000143114 0.620695
0.0288818  0.000143359 0.623791
0.0291706  0.000143605 0.626902
0.0294623  0.000143851 0.630029
0.029757  0.000144107 0.633171
0.0300545  0.000144373 0.636329
0.0303551  0.000144639 0.639503
0.0306586  0.000144905 0.642692
0.0309652  0.000145172 0.645897
0.0312749  0.000145439 0.649119
0.0315876  0.000145707 0.652356
0.0319035  0.000145974 0.65561
0.0322225  0.000146242 0.65888
0.0325447  0.000146511 0.662166
0.0328702  0.000146779 0.665469
0.0331989  0.000147048 0.668788
0.0335309  0.000147316 0.672123
0.0338662  0.000147586 0.675476
0.0342049  0.000147855 0.678845
0.0345469  0.000148124 0.68223
0.0348924  0.000148394 0.685633
0.0352413  0.000148664 0.689052
0.0355937  0.000148934 0.692489
0.0359496  0.000149204 0.695943
0.0363091  0.000149474 0.699414
0.0366722  0.000149744 0.702902
0.037039  0.000150015 0.706408
0.0374093  0.00015032 0.709931
0.0377834  0.000150636 0.713472
0.0381613  0.000150953 0.717031
0.0385429  0.000151271 0.720607
0.0389283  0.000151589 0.724201
0.0393176  0.000151907 0.727813
0.0397108  0.000152239 0.731443
0.0401079  0.00015258 0.735091
0.040509  0.000152922 0.738757
0.040914  0.000153265 0.742442
0.0413232  0.000153609 0.746145
0.0417364  0.000153953 0.749866
0.0421538  0.000154298 0.753606
0.0425753  0.000154644 0.757365
0.0430011  0.00015499 0.761142
0.0434311  0.000155337 0.764938
0.0438654  0.000155684 0.768753
0.044304  0.000156033 0.772588
0.0447471  0.000156382 0.776441
0.0451946  0.000156731 0.780313
0.0456465  0.000157081 0.784205
0.046103  0.000157432 0.788117
0.046564  0.000157795 0.792047
0.0470296  0.000158184 0.795998
0.0474999  0.000158573 0.799968
0.0479749  0.000158963 0.803958
0.0484547  0.000159355 0.807968
0.0489392  0.000159747 0.811997
0.0494286  0.000160144 0.816047
0.0499229  0.000160562 0.820117
0.0504221  0.000160982 0.824207
0.0509264  0.000161403 0.828318
0.0514356  0.000161825 0.83245
0.05195  0.000162248 0.836601
0.0524695  0.000162673 0.840774
0.0529942  0.000163098 0.844968
0.0535241  0.000163525 0.849182
0.0540594  0.000163953 0.853417
0.0546  0.000164382 0.857674
0.055146  0.000164812 0.861951
0.0556974  0.000165249 0.86625
0.0562544  0.000165716 0.87057
0.0568169  0.000166191 0.874912
0.0573851  0.000166667 0.879276
0.0579589  0.000167144 0.883662
0.0585385  0.000167623 0.888069
0.0591239  0.000168104 0.892498
0.0597152  0.000168586 0.89695
0.0603123  0.000169069 0.901423
0.0609154  0.000169555 0.905919
0.0615246  0.000170041 0.910437
0.0621398  0.000170529 0.914978
0.0627612  0.000171019 0.919542
0.0633888  0.00017151 0.924128
0.0640227  0.000172002 0.928737
0.064663  0.000172496 0.933369
0.0653096  0.000172992 0.938025
0.0659627  0.000173489 0.942703
0.0666223  0.000173987 0.947405
0.0672885  0.000174487 0.95213
0.0679614  0.000174989 0.956879
0.068641  0.000175492 0.961651
0.0693275  0.000175996 0.966447
0.0700207  0.000176502 0.971267
0.0707209  0.00017701 0.976112
0.0714281  0.000177518 0.98098
0.0721424  0.000178029 0.985873
0.0728638  0.000178541 0.99079
0.0735925  0.000179054 0.995732
0.0743284  0.000179593 1.0007
0.0750717  0.000180187 1.00569
0.0758224  0.000180788 1.0107
0.0765806  0.000181391 1.01575
0.0773464  0.000181996 1.02081
0.0781199  0.000182604 1.0259
0.0789011  0.000183214 1.03102
0.0796901  0.000183826 1.03616
0.080487  0.000184441 1.04133
0.0812919  0.000185058 1.04652
0.0821048  0.000185677 1.05174
0.0829259  0.000186299 1.05699
0.0837551  0.000186922 1.06226
0.0845927  0.000187549 1.06756
0.0854386  0.000188177 1.07288
0.086293  0.000188808 1.07823
0.0871559  0.000189441 1.08361
0.0880275  0.000190076 1.08902
0.0889077  0.000190714 1.09445
0.0897968  0.000191354 1.09991
0.0906948  0.000191997 1.10539
0.0916017  0.000192642 1.11091
0.0925178  0.000193289 1.11645
0.0934429  0.000193973 1.12201
0.0943774  0.000194676 1.12761
0.0953211  0.000195382 1.13323
0.0962743  0.000196091 1.13889
0.0972371  0.000196802 1.14457
0.0982095  0.000197517 1.15028
0.0991916  0.000198235 1.15601
0.100183  0.000198955 1.16178
0.101185  0.000199678 1.16757
0.102197  0.000200404 1.1734
0.103219  0.000201134 1.17925
0.104251  0.000201866 1.18513
0.105294  0.000202601 1.19104
0.106347  0.000203339 1.19698
0.10741  0.00020408 1.20295
0.108484  0.000204824 1.20895
0.109569  0.000205571 1.21498
0.110665  0.00020632 1.22104
0.111772  0.000207073 1.22713
0.112889  0.000207829 1.23325
0.114018  0.000208588 1.2394
0.115158  0.00020935 1.24558
0.11631  0.000210115 1.2518
0.117473  0.000210883 1.25804
0.118648  0.000211654 1.26431
0.119834  0.000212428 1.27062
0.121033  0.000213205 1.27695
0.122243  0.000213985 1.28332
0.123465  0.000214768 1.28972
0.1247  0.000215554 1.29616
0.125947  0.000216344 1.30262
0.127206  0.000217136 1.30912
0.128478  0.000217932 1.31565
0.129763  0.00021873 1.32221
0.131061  0.000219532 1.32881
0.132372  0.000220337 1.33544
0.133695  0.000221144 1.3421
0.135032  0.000221956 1.3488
0.136383  0.00022277 1.35552
0.137746  0.000223587 1.36228
0.139124  0.000224416 1.36908
0.140515  0.000225302 1.3759
0.14192  0.000226206 1.38277
0.143339  0.000227114 1.38966
0.144773  0.000228025 1.39659
0.146221  0.000228941 1.40355
0.147683  0.00022986 1.41054
0.14916  0.000230807 1.41758
0.150651  0.000231765 1.42464
0.152158  0.000232728 1.43174
0.153679  0.000233695 1.43888
0.155216  0.000234666 1.44606
0.156768  0.000235642 1.45327
0.158336  0.000236622 1.46052
0.159919  0.000237606 1.46781
0.161518  0.000238459 1.47514
0.163134  0.000239304 1.4825
0.164765  0.000240151 1.48991
0.166413  0.000241001 1.49736
0.168077  0.000241852 1.50484
0.169757  0.000242705 1.51237
0.171455  0.000243561 1.51994
0.17317  0.000244419 1.52756
0.174901  0.000245278 1.53522
0.17665  0.00024614 1.54292
0.178417  0.000247003 1.55066
0.180201  0.000247868 1.55846
0.182003  0.000248736 1.56629
0.183823  0.000249605 1.57418
0.185661  0.000250476 1.5821
0.187518  0.000251348 1.59008
0.189393  0.000252223 1.5981
0.191287  0.000253099 1.60617
0.1932  0.000253977 1.61428
0.195132  0.000254857 1.62244
0.197083  0.000255738 1.63065
0.199054  0.000256631 1.6389
0.201045  0.000257528 1.64721
0.203055  0.000258427 1.65556
0.205086  0.000259327 1.66395
0.207136  0.000260229 1.6724
0.209208  0.000261133 1.68089
0.2113  0.000262038 1.68944
0.213413  0.000263155 1.69658
0.215547  0.000264551 1.70186
0.217702  0.000265959 1.70714
0.219879  0.000267378 1.7124
0.222078  0.000268808 1.71766
0.224299  0.00027025 1.7229
0.226542  0.000271705 1.72812
0.228807  0.000273171 1.73334
0.231095  0.000274649 1.73854
0.233406  0.00027614 1.74373
0.235741  0.000277643 1.7489
0.238098  0.000279158 1.75406
0.240479  0.000280687 1.7592
0.242884  0.000282228 1.76432
0.245313  0.000283782 1.76943
0.247766  0.000285352 1.77452
0.250243  0.000286941 1.77959
0.252746  0.000288544 1.78465
0.255273  0.00029016 1.78968
0.257826  0.00029179 1.7947
0.260404  0.000293435 1.79969
0.263008  0.000295093 1.80466
0.265638  0.000296766 1.80962
0.268295  0.000298453 1.81455
0.270978  0.000300155 1.81945
0.273687  0.000301871 1.82433
0.276424  0.000303603 1.82919
0.279189  0.000305368 1.83403
0.28198  0.000307193 1.83884
0.2848  0.000309035 1.84362
0.287648  0.000310893 1.84838
0.290525  0.000312768 1.85311
0.29343  0.00031466 1.85781
0.296364  0.000316569 1.86248
0.299328  0.000318503 1.86712
0.302321  0.000320455 1.87174
0.305344  0.000322425 1.87632
0.308398  0.000324412 1.88087
0.311482  0.000326417 1.8854
0.314597  0.000328441 1.88988
0.317743  0.000330483 1.89434
0.32092  0.000332544 1.89876
0.324129  0.000334624 1.90315
0.32737  0.000336723 1.9075
0.330644  0.000338842 1.91181
0.333951  0.00034098 1.91609
0.33729  0.000343138 1.92034
0.340663  0.000345316 1.92454
0.34407  0.000347515 1.9287
0.34751  0.000349734 1.93283
0.350985  0.000351975 1.93691
0.354495  0.000354236 1.94096
0.35804  0.000356519 1.94496
0.361621  0.000358823 1.94892
0.365237  0.00036115 1.95284
0.368889  0.000363498 1.95672
0.372578  0.000365878 1.96055
0.376304  0.000368297 1.96433
0.380067  0.00037074 1.96807
0.383868  0.000373206 1.97176
0.387706  0.000375696 1.97541
0.391583  0.00037821 1.979
0.395499  0.000380749 1.98255
0.399454  0.000383321 1.98605
0.403449  0.000385917 1.9895
0.407483  0.000388539 1.9929
0.411558  0.000391186 1.99624
0.415674  0.00039386 1.99954
0.41983  0.000396392 2.00365
0.424029  0.000398702 2.00898
0.428269  0.000401027 2.0143
0.432552  0.000403365 2.01962
0.436877  0.000405716 2.02493
0.441246  0.000408081 2.03024
0.445658  0.00041046 2.03554
0.450115  0.000412853 2.04084
0.454616  0.000415258 2.04613
0.459162  0.000417678 2.05142
0.463754  0.000420113 2.0567
0.468391  0.000422574 2.06198
0.473075  0.000425051 2.06725
0.477806  0.000427543 2.07252
0.482584  0.000430047 2.07778
0.48741  0.000432566 2.08304
0.492284  0.000435097 2.0883
0.497207  0.000437648 2.09355
0.502179  0.000440214 2.0988
0.507201  0.000442794 2.10405
0.512273  0.000445387 2.10929
0.517396  0.000447993 2.11453
0.52257  0.000450613 2.11977
0.527795  0.000453245 2.125
0.533073  0.000455891 2.13024
0.538404  0.000458549 2.13546
0.543788  0.000461221 2.14069
0.549226  0.000463905 2.14591
0.554718  0.000466602 2.15113
0.560265  0.000469322 2.15635
0.565868  0.000472062 2.16156
0.571527  0.000474814 2.16677
0.577242  0.000477579 2.17198
0.583014  0.000480357 2.17719
0.588844  0.000483147 2.18239
0.594733  0.000485949 2.1876
0.60068  0.000488763 2.19281
0.606687  0.000491589 2.19801
0.612754  0.000494427 2.20322
0.618881  0.000497277 2.20843
0.62507  0.000500139 2.21364
0.631321  0.000503012 2.21886
0.637634  0.000505897 2.22408
0.644011  0.000508629 2.2293
0.650451  0.000511264 2.23454
0.656955  0.000513903 2.23977
0.663525  0.000516545 2.24502
0.67016  0.000519191 2.25027
0.676862  0.000521839 2.25553
0.68363  0.00052449 2.26081
0.690466  0.000527143 2.26609
0.697371  0.000529798 2.27138
0.704345  0.000532454 2.27669
0.711388  0.000535112 2.28201
0.718502  0.00053777 2.28735
0.725687  0.000540429 2.2927
0.732944  0.000543088 2.29807
0.740273  0.000545749 2.30345
0.747676  0.000548426 2.30885
0.755153  0.000551108 2.31426
0.762705  0.000553788 2.31969
0.770332  0.000556467 2.32515
0.778035  0.000559144 2.33062
0.785815  0.000561819 2.33611
0.793673  0.000564491 2.34161
0.80161  0.000567159 2.34714
0.809626  0.000569824 2.35269
0.817722  0.000572485 2.35826
0.8259  0.000575141 2.36385
0.834159  0.000577793 2.36947
0.8425  0.000580439 2.37511
0.850925  0.000583079 2.38077
0.859435  0.000585713 2.38646
0.868029  0.00058834 2.39217
0.876709  0.00059096 2.39792
0.885476  0.000593573 2.40369
0.894331  0.000596177 2.40948
0.903274  0.000598772 2.41531
0.912307  0.000601359 2.42117
0.92143  0.000603936 2.42706
0.930644  0.000606507 2.43299
0.939951  0.00060908 2.43894
0.94935  0.000611641 2.44493
0.958844  0.000614191 2.45096
0.968432  0.00061673 2.45702
0.978117  0.000619256 2.46311
0.987898  0.000621769 2.46925
0.997777  0.000624274 2.47542
1.00775  0.000626765 2.48164
1.01783  0.000629242 2.48789
1.02801  0.000631704 2.49419
1.03829  0.00063415 2.50053
1.04867  0.000636581 2.50692
1.05916  0.000638995 2.51334
1.06975  0.000641392 2.51982
1.08045  0.000643772 2.52634
1.09125  0.000646134 2.53292
1.10217  0.000648477 2.53954
1.11319  0.000650801 2.54621
1.12432  0.000653105 2.55293
1.13556  0.00065539 2.55971
1.14692  0.000657654 2.56655
1.15839  0.000659897 2.57344
1.16997  0.000662118 2.58039
1.18167  0.000664317 2.58739
1.19349  0.000666494 2.59446
1.20542  0.000668647 2.60159
1.21748  0.000670777 2.60878
1.22965  0.000672883 2.61604
1.24195  0.000674964 2.62336
1.25437  0.00067702 2.63075
1.26691  0.000679051 2.6382
1.27958  0.000681055 2.64573
1.29238  0.000683033 2.65333
1.3053  0.000684984 2.66101
1.31835  0.000686907 2.66876
1.33154  0.000688802 2.67658
1.34485  0.000690669 2.68449
1.3583  0.000692507 2.69247
1.37188  0.000694316 2.70054
1.3856  0.000696095 2.70869
1.39946  0.000697852 2.71692
1.41345  0.000699586 2.72524
1.42759  0.000701289 2.73366
1.44186  0.00070296 2.74216
1.45628  0.0007046 2.75075
1.47085  0.000706208 2.75944
1.48555  0.000707785 2.76823
1.50041  0.000709333 2.77711
1.51541  0.000710847 2.7861
1.53057  0.000712328 2.79518
1.54587  0.000713775 2.80437
1.56133  0.000715188 2.81367
1.57695  0.000716567 2.82308
1.59271  0.000717912 2.83259
1.60864  0.000719222 2.84222
1.62473  0.000720496 2.85196
1.64098  0.000721735 2.86182
1.65739  0.000722938 2.87181
1.67396  0.000724105 2.88191
1.6907  0.000725236 2.89214
1.70761  0.000726331 2.90249
1.72468  0.000727389 2.91297
1.74193  0.00072841 2.92359
1.75935  0.000729395 2.93434
1.77694  0.000730342 2.94522
1.79471  0.000731252 2.95625
1.81266  0.000732124 2.96742
1.83078  0.000732959 2.97873
1.84909  0.000733757 2.99019
1.86758  0.000734524 3.0018
1.88626  0.000735257 3.01356
1.90512  0.000735952 3.02547
1.92417  0.00073661 3.03755
1.94341  0.00073723 3.04978
1.96285  0.000737813 3.06218
1.98248  0.000738358 3.07475
2.0023  0.000738867 3.08748
2.02232  0.000739339 3.10039
2.04255  0.000739772 3.11348
2.06297  0.000740168 3.12674
2.0836  0.000740527 3.14019
2.10444  0.000740848 3.15383
2.12548  0.000741132 3.16765
2.14674  0.000741378 3.18166
2.16821  0.000741587 3.19587
2.18989  0.000741759 3.21028
2.21179  0.000741895 3.22489
2.2339  0.000741993 3.23971
2.25624  0.000742055 3.25473
2.27881  0.000742081 3.26998
2.30159  0.000742071 3.28543
2.32461  0.000742025 3.30111
2.34786  0.000741943 3.31701
2.37134  0.000741826 3.33314
2.39505  0.000741674 3.3495
2.419  0.000741487 3.3661
2.44319  0.000741265 3.38294
2.46762  0.000741009 3.40002
2.4923  0.000740721 3.41735
2.51722  0.000740399 3.43493
2.54239  0.000740044 3.45277
2.56782  0.000739656 3.47087
2.59349  0.000739236 3.48923
2.61943  0.000738783 3.50786
2.64562  0.000738299 3.52677
2.67208  0.000737783 3.54595
2.6988  0.000737236 3.56541
2.72579  0.000736658 3.58517
2.75305  0.00073605 3.60521
2.78058  0.000735413 3.62555
2.80838  0.000734753 3.64619
2.83647  0.000734066 3.66714
2.86483  0.00073335 3.6884
2.89348  0.000732607 3.70997
2.92241  0.000731836 3.73187
2.95164  0.000731038 3.75409
2.98115  0.000730214 3.77664
3.01097  0.000729365 3.79953
3.04108  0.00072849 3.82276
3.07149  0.000727589 3.84633
3.1022  0.000726664 3.87026
3.13322  0.000725715 3.89455
3.16456  0.000724742 3.9192
3.1962  0.000723746 3.94421
3.22816  0.000722727 3.96961
3.26045  0.000721685 3.99538
3.29305  0.000720622 4.02154
3.32598  0.000719538 4.04809
3.35924  0.000718432 4.07504
3.39283  0.000717307 4.10239
3.42676  0.000716161 4.13015
3.46103  0.000714996 4.15833
3.49564  0.000713812 4.18693
3.53059  0.00071261 4.21596
3.5659  0.00071139 4.24542
3.60156  0.000710153 4.27533
3.63758  0.000708899 4.30568
3.67395  0.000707628 4.33649
3.71069  0.000706342 4.36776
3.7478  0.000705044 4.3995
3.78528  0.000703732 4.43171
3.82313  0.000702406 4.4644
3.86136  0.000701065 4.49759
3.89997  0.000699711 4.53127
3.93897  0.000698344 4.56545
3.97836  0.000696965 4.60014
4.01815  0.000695575 4.63535
4.05833  0.000694172 4.67109
4.09891  0.000692758 4.70736
4.1399  0.000691333 4.74417
4.1813  0.000689898 4.78153
4.22311  0.000688453 4.81945
4.26534  0.000686997 4.85793
4.308  0.000685533 4.89698
4.35108  0.000684059 4.93661
4.39459  0.000682577 4.97683
4.43853  0.000681087 5.01765
4.48292  0.000679588 5.05907
4.52775  0.000678083 5.10111
4.57303  0.00067657 5.14377
4.61876  0.00067505 5.18706
4.66494  0.000673526 5.23099
4.71159  0.000671997 5.27557
4.75871  0.000670463 5.32081
4.8063  0.000668923 5.36671
4.85436  0.000667377 5.41329
4.9029  0.000665827 5.46056
4.95193  0.000664273 5.50852
5.00145  0.000662715 5.55718
5.05146  0.000661153 5.60656
5.10198  0.000659588 5.65667
5.153  0.000658018 5.70751
5.20453  0.000656446 5.75909
5.25657  0.00065487 5.81143
5.30914  0.000653292 5.86454
5.36223  0.000651711 5.91842
5.41585  0.000650127 5.97308
5.47001  0.000648541 6.02855
5.52471  0.000646953 6.08482
5.57996  0.000645364 6.14191
5.63576  0.000643775 6.19983
5.69212  0.000642186 6.25859
5.74904  0.000640594 6.31821
5.80653  0.000639002 6.37869
5.86459  0.000637408 6.44005
5.92324  0.000635814 6.5023
5.98247  0.000634219 6.56544
6.0423  0.000632623 6.62951
6.10272  0.000631026 6.69449
6.16375  0.000629429 6.76042
6.22538  0.000627832 6.82729
6.28764  0.000626234 6.89513
6.35051  0.000624636 6.96395
6.41402  0.000623038 7.03376
6.47816  0.000621439 7.10457
6.54294  0.000619841 7.1764
6.60837  0.000618243 7.24927
6.67445  0.000616645 7.32318
6.7412  0.000615047 7.39815
6.80861  0.00061345 7.47419
6.8767  0.000611852 7.55133
6.94546  0.000610255 7.62957
7.01492  0.000608658 7.70893
7.08507  0.000607061 7.78942
7.15592  0.000605465 7.87107
7.22748  0.000603869 7.95388
7.29975  0.000602273 8.03788
7.37275  0.000600678 8.12308
7.44648  0.000599085 8.20949
7.52094  0.000597494 8.29714
7.59615  0.000595904 8.38603
7.67211  0.000594315 8.4762
7.74883  0.000592725 8.56765
7.82632  0.000591136 8.6604
7.90459  0.000589547 8.75448
7.98363  0.000587959 8.84989
8.06347  0.000586371 8.94667
8.1441  0.000584782 9.04482
8.22554  0.000583194 9.14437
8.3078  0.000581607 9.24533
8.39088  0.000580019 9.34773
8.47479  0.000578431 9.45159
8.55953  0.000576843 9.55693
8.64513  0.000575255 9.66377
8.73158  0.000573667 9.77213
8.8189  0.000572079 9.88203
8.90709  0.000570491 9.99349
8.99616  0.000568902 10.1065
9.08612  0.000567314 10.2212
9.17698  0.000565724 10.3375
9.26875  0.000564135 10.4554
9.36144  0.000562547 10.5751
9.45505  0.000560959 10.6964
9.5496  0.000559371 10.8195
9.6451  0.000557781 10.9443
9.74155  0.000556192 11.0709
9.83896  0.000554601 11.1993
9.93735  0.00055301 11.3295
10.0367  0.000551419 11.4616
10.1371  0.000549827 11.5955
10.2385  0.000548234 11.7314
10.3409  0.000546639 11.8693
10.4443  0.000545044 12.0091
10.5487  0.000543447 12.1509
10.6542  0.00054185 12.2947
10.7607  0.000540251 12.4406
10.8683  0.00053865 12.5885
10.977  0.000537048 12.7386
11.0868  0.000535445 12.8909
11.1977  0.00053384 13.0453
11.3096  0.000532234 13.202
11.4227  0.000530626 13.3609
11.537  0.000529017 13.5221
11.6523  0.000527405 13.6856
11.7689  0.000525792 13.8514
11.8865  0.000524178 14.0197
12.0054  0.000522561 14.1904
12.1255  0.000520942 14.3635
12.2467  0.000519321 14.5392
12.3692  0.000517699 14.7174
12.4929  0.000516074 14.8981
12.6178  0.000514447 15.0815
12.744  0.000512818 15.2676
12.8714  0.000511187 15.4563
13.0001  0.000509554 15.6478
13.1301  0.000507918 15.8421
13.2614  0.00050628 16.0392
13.3941  0.00050464 16.2392
13.528  0.000502997 16.442
13.6633  0.000501352 16.6479
13.7999  0.000499705 16.8568
13.9379  0.000498055 17.0687
14.0773  0.000496405 17.2837
14.2181  0.000494753 17.5019
14.3602  0.000493098 17.7233
14.5038  0.000491441 17.948
14.6489  0.000489781 18.1759
14.7954  0.000488118 18.4072
14.9433  0.000486454 18.6419
15.0928  0.000484787 18.8801
15.2437  0.000483118 19.1219
15.3961  0.000481445 19.3672
15.5501  0.000479771 19.6161
15.7056  0.000478093 19.8687
15.8626  0.000476413 20.1251
16.0213  0.00047473 20.3853
16.1815  0.000473045 20.6494
16.3433  0.000471357 20.9174
16.5067  0.000469666 21.1895
16.6718  0.000467973 21.4656
16.8385  0.000466277 21.7458
17.0069  0.000464579 22.0303
17.177  0.000462877 22.319
17.3487  0.000461174 22.612
17.5222  0.000459467 22.9095
17.6974  0.000457758 23.2115
17.8744  0.000456047 23.518
18.0532  0.000454332 23.8292
18.2337  0.000452616 24.145
18.416  0.000450897 24.4657
18.6002  0.000449175 24.7912
18.7862  0.000447453 25.1217
18.9741  0.000445728 25.4573
19.1638  0.000444001 25.7979
19.3554  0.000442271 26.1438
19.549  0.000440539 26.4949
19.7445  0.000438805 26.8515
19.9419  0.000437068 27.2135
20.1413  0.00043533 27.5811
20.3427  0.000433589 27.9544
20.5462  0.000431846 28.3334
20.7516  0.000430101 28.7183
20.9592  0.000428354 29.1091
21.1687  0.000426604 29.5059
21.3804  0.000424853 29.9089
21.5942  0.0004231 30.3182
21.8102  0.000421345 30.7338
22.0283  0.000419587 31.1558
22.2486  0.000417828 31.5844
22.4711  0.000416068 32.0196
22.6958  0.000414305 32.4617
22.9227  0.000412541 32.9106
23.1519  0.000410775 33.3665
23.3835  0.000409008 33.8297
23.6173  0.000407239 34.3001
23.8535  0.000405468 34.7779
24.092  0.000403696 35.2634
24.3329  0.000401923 35.7566
24.5763  0.000400149 36.2576
24.822  0.000398373 36.7667
25.0702  0.000396597 37.2839
25.3209  0.000394819 37.8095
25.5742  0.00039304 38.3435
25.8299  0.00039126 38.8861
26.0882  0.00038948 39.4374
26.3491  0.000387698 39.9975
26.6126  0.000385916 40.5664
26.8787  0.000384133 41.1444
27.1475  0.000382349 41.7315
27.419  0.000380565 42.3277
27.6931  0.000378781 42.9334
27.9701  0.000376996 43.5484
28.2498  0.000375212 44.173
28.5323  0.000373428 44.8073
28.8176  0.000371643 45.4515
29.1058  0.000369859 46.1059
29.3968  0.000368074 46.7709
29.6908  0.00036629 47.4468
29.9877  0.000364506 48.1338
30.2876  0.000362722 48.8324
30.5905  0.000360938 49.5428
30.8964  0.000359155 50.2654
31.2053  0.000357372 51.0006
31.5174  0.00035559 51.7488
31.8326  0.000326944 52.5104
32.1509  0.000325306 53.2856
32.4724  0.000323674 54.0749
32.7971  0.000322046 54.8784
33.1251  0.000320419 55.6966
33.4563  0.000318792 56.5298
33.7909  0.000317166 57.3782
34.1288  0.000315541 58.2422
34.4701  0.000313917 59.1223
34.8148  0.000312294 60.0186
35.1629  0.000310672 60.9316
35.5146  0.000309052 61.8616
35.8697  0.000307433 62.8091
36.2284  0.000305816 63.7741
36.5907  0.0003042 64.7568
36.9566  0.000302587 65.7572
37.3262  0.000300975 66.7755
37.6994  0.000299366 67.8116
38.0764  0.000297758 68.8656
38.4572  0.000296153 69.9377
38.8418  0.00029455 71.0278
39.2302  0.000292946 72.136
39.6225  0.000291344 73.2623
40.0187  0.000289744 74.4067
40.4189  0.000288147 75.5695
40.8231  0.000286553 76.7509
41.2313  0.000284962 77.9516
41.6436  0.000283373 79.1719
42.0601  0.000281787 80.4125
42.4807  0.000280205 81.6737
42.9055  0.000278625 82.9562
43.3345  0.000277048 84.2604
43.7679  0.000275475 85.587
44.2056  0.000273905 86.9365
44.6476  0.000272338 88.3094
45.0941  0.000270775 89.7064
45.545  0.000269215 91.128
46.0005  0.000267659 92.5745
46.4605  0.000266107 94.0463
46.9251  0.000264558 95.5438
47.3943  0.000263014 97.0674
47.8683  0.000261473 98.6175
48.347  0.000259936 100.194
48.8304  0.000258398 101.799
49.3187  0.000256864 103.431
49.8119  0.000255334 105.091
50.31  0.000253809 106.779
50.8131  0.000252288 108.497
51.3213  0.000250771 110.244
51.8345  0.000249259 112.021
52.3528  0.000247751 113.829
52.8764  0.000246248 115.668
53.4051  0.00024475 117.539
53.9392  0.000243257 119.443
54.4786  0.000241768 121.379
55.0234  0.000240284 123.35
55.5736  0.000238805 125.354
56.1293  0.000237331 127.394
56.6906  0.000235862 129.47
57.2575  0.000234398 131.582
57.8301  0.00023294 133.731
58.4084  0.000231486 135.918
58.9925  0.000230037 138.143
59.5824  0.000228593 140.408
60.1782  0.000227155 142.712
60.78  0.000225722 145.056
61.3878  0.000224293 147.442
62.0017  0.000222871 149.87
62.6217  0.000221453 152.341
63.2479  0.000220041 154.855
63.8804  0.000218634 157.413
64.5192  0.000217232 160.016
65.1644  0.000215835 162.666
65.816  0.000214441 165.362
66.4742  0.000213053 168.105
67.1389  0.00021167 170.897
67.8103  0.000210293 173.739
68.4884  0.000208921 176.631
69.1733  0.000207555 179.574
69.8651  0.000206195 182.569
70.5637  0.00020484 185.617
71.2693  0.000203491 188.72
71.982  0.000202147 191.877
72.7019  0.000200809 195.091
73.4289  0.000199477 198.362
74.1632  0.000198151 201.691
74.9048  0.000196831 205.08
75.6538  0.000195517 208.528
76.4104  0.000194208 212.039
77.1745  0.000192906 215.611
77.9462  0.000191609 219.248
78.7257  0.000190318 222.949
79.513  0.000189033 226.717
80.3081  0.000187754 230.552
81.1112  0.000186481 234.455
81.9223  0.000185213 238.428
82.7415  0.000183952 242.472
83.5689  0.000182696 246.589
84.4046  0.000181447 250.779
85.2486  0.000180203 255.044
86.1011  0.000178965 259.386
86.9621  0.000177735 263.806
87.8318  0.000176512 268.305
88.7101  0.000175295 272.885
89.5972  0.000174084 277.547
90.4932  0.000172879 282.293
91.3981  0.000171679 287.124
92.3121  0.000170483 292.042
93.2352  0.000169294 297.048
94.1675  0.000168111 302.145
95.1092  0.000166934 307.333
96.0603  0.000165763 312.615
97.0209  0.000164598 317.992
97.9911  0.000163439 323.466
98.971  0.000162286 329.039
99.9607  0.000161139 334.713
100.96  0.000159998 340.489
101.97  0.000158863 346.369
102.99  0.000157734 352.356
104.02  0.00015661 358.45
105.06  0.000155493 364.655
106.11  0.000154382 370.973
107.171  0.000153277 377.404
108.243  0.000152178 383.952
109.326  0.000151084 390.619
110.419  0.000149997 397.406
111.523  0.000148916 404.317
112.638  0.000147841 411.353
113.765  0.000146771 418.516
114.902  0.000145708 425.809
116.051  0.000144651 433.235
117.212  0.000143599 440.795
118.384  0.000142554 448.493
119.568  0.000141514 456.331
120.763  0.000140481 464.311
121.971  0.000139453 472.436
123.191  0.000138431 480.709
124.423  0.000137416 489.132
125.667  0.000136406 497.709
126.924  0.000135402 506.442
128.193  0.000134404 515.333
129.475  0.000133412 524.387
130.77  0.000132426 533.606
132.077  0.000131446 542.992
133.398  0.000130472 552.55
134.732  0.000129504 562.282
136.079  0.000128542 572.191
137.44  0.000127585 582.282
138.814  0.000126634 592.556
140.203  0.00012569 603.018
141.605  0.000124751 613.671
143.021  0.000123817 624.518
144.451  0.00012289 635.564
145.895  0.000121968 646.812
147.354  0.000121052 658.265
148.828  0.000120141 669.927
150.316  0.000119236 681.803
151.819  0.000118337 693.896
153.338  0.000117444 706.21
154.871  0.000116556 718.749
156.42  0.000115674 731.518
157.984  0.000114797 744.521
159.564  0.000113926 757.762
161.159  0.000113061 771.245
162.771  0.0001122 784.975
164.399  0.000111346 798.957
166.043  0.000110496 813.195
167.703  0.000109653 827.694
169.38  0.000108815 842.458
171.074  0.000107982 857.494
172.785  0.000107155 872.805
174.512  0.000106333 888.397
176.258  0.000105517 904.274
178.02  0.000104706 920.444
179.8  0.0001039 936.909
181.598  0.0001031 953.677
183.414  0.000102306 970.753
185.248  0.000101516 988.142
187.101  0.000100732 1005.85
188.972  9.99539e-05 1023.88
190.862  9.91806e-05 1042.25
192.77  9.84127e-05 1060.95
194.698  9.765e-05 1080
196.645  9.68925e-05 1099.39
198.611  9.61404e-05 1119.14
200.598  9.53935e-05 1139.26
202.604  9.46518e-05 1159.74
204.63  9.39152e-05 1180.6
206.676  9.31837e-05 1201.85
208.743  9.24573e-05 1223.48
210.83  9.17359e-05 1245.51
212.938  9.10197e-05 1267.95
215.068  9.03084e-05 1290.8
217.218  8.96022e-05 1314.07
219.391  8.89009e-05 1337.77
221.584  8.82046e-05 1361.9
223.8  8.75132e-05 1386.48
226.038  8.68268e-05 1411.51
228.299  8.61452e-05 1437
230.582  8.54685e-05 1462.96
232.888  8.47967e-05 1489.39
235.216  8.41296e-05 1516.31
237.569  8.34674e-05 1543.73
239.944  8.281e-05 1571.66
242.344  8.21573e-05 1600.09
244.767  8.15093e-05 1629.05
247.215  8.08661e-05 1658.54
249.687  8.02276e-05 1688.58
252.184  7.95937e-05 1719.17
254.706  7.89645e-05 1750.32
257.253  7.83398e-05 1782.04
259.825  7.77198e-05 1814.35
262.423  7.71043e-05 1847.25
265.048  7.64934e-05 1880.76
267.698  7.5887e-05 1914.88
270.375  7.52852e-05 1949.63
273.079  7.46879e-05 1985.02
275.81  7.4095e-05 2021.07
278.568  7.35066e-05 2057.77
281.354  7.29227e-05 2095.16
284.167  7.23432e-05 2133.23
287.009  7.17681e-05 2172
289.879  7.11972e-05 2211.48
292.778  7.06307e-05 2251.69
295.705  7.00684e-05 2292.64
298.662  6.95105e-05 2334.34
301.649  6.89568e-05 2376.82
304.666  6.84073e-05 2420.07
307.712  6.7862e-05 2464.12
310.789  6.73208e-05 2508.98
313.897  6.67838e-05 2554.66
317.036  6.62508e-05 2601.19
320.207  6.57219e-05 2648.57
323.409  6.5197e-05 2696.82
326.643  6.46762e-05 2745.96
329.909  6.41593e-05 2796
333.208  6.36464e-05 2846.97
336.54  6.31375e-05 2898.87
339.906  6.26325e-05 2951.72
343.305  6.21314e-05 3005.55
346.738  6.16342e-05 3060.37
350.205  6.11408e-05 3116.2
353.707  6.06513e-05 3173.05
357.244  6.01656e-05 3230.94
360.817  5.96836e-05 3289.91
364.425  5.92055e-05 3349.95
368.069  5.8731e-05 3411.1
371.75  5.82603e-05 3473.37
375.467  5.77933e-05 3536.79
379.222  5.733e-05 3601.37
383.014  5.68702e-05 3667.14
386.844  5.64139e-05 3734.12
390.713  5.59612e-05 3802.33
394.62  5.55122e-05 3871.79
398.566  5.50667e-05 3942.52
402.552  5.46247e-05 4014.56
406.577  5.41863e-05 4087.92
410.643  5.37513e-05 4162.62
414.75  5.33198e-05 4238.7
418.897  5.28918e-05 4316.17
423.086  5.24671e-05 4395.07
427.317  5.20459e-05 4475.41
431.59  5.16281e-05 4557.23
435.906  5.12136e-05 4640.54
440.265  5.08024e-05 4725.39
444.668  5.03945e-05 4811.79
449.114  4.999e-05 4899.78
453.605  4.95887e-05 4989.38
458.142  4.91906e-05 5080.63
462.723  4.87957e-05 5173.55
467.35  4.84041e-05 5268.17
472.024  4.80157e-05 5364.52
476.744  4.76304e-05 5462.64
481.511  4.72483e-05 5562.56
486.326  4.68692e-05 5664.31
491.19  4.64932e-05 5767.92
496.102  4.61203e-05 5873.43
501.063  4.57505e-05 5980.88
506.073  4.53836e-05 6090.29
511.134  4.50197e-05 6201.7
516.245  4.46589e-05 6315.15
521.408  4.43009e-05 6430.68
526.622  4.39459e-05 6548.32
531.888  4.35937e-05 6668.11
537.207  4.32445e-05 6790.1
542.579  4.28981e-05 6914.32
548.005  4.25546e-05 7040.8
553.485  4.22139e-05 7169.6
559.02  4.1876e-05 7300.76
564.61  4.15409e-05 7434.31
570.256  4.12085e-05 7570.3
575.959  4.08788e-05 7708.78
581.718  4.05519e-05 7849.78
587.535  4.02276e-05 7993.36
593.411  3.9906e-05 8139.56
599.345  3.9587e-05 8288.43
605.338  3.92706e-05 8440.02
611.392  3.89569e-05 8594.37
617.506  3.86456e-05 8751.54
623.681  3.8337e-05 8911.57
629.917  3.80309e-05 9074.53
636.217  3.77272e-05 9240.45
642.579  3.74261e-05 9409.4
649.005  3.71275e-05 9581.43
655.495  3.68314e-05 9756.59
662.05  3.65377e-05 9934.94
668.67  3.62464e-05 10116.5
675.357  3.59575e-05 10301.4
682.11  3.56711e-05 10489.7
688.931  3.5387e-05 10681.4
695.821  3.51053e-05 10876.6
702.779  3.4826e-05 11075.3
709.807  3.45489e-05 11277.7
716.905  3.42742e-05 11483.7
724.074  3.40018e-05 11693.5
731.315  3.37317e-05 11907.1
738.628  3.34639e-05 12124.5
746.014  3.31983e-05 12345.9
753.474  3.2935e-05 12571.4
761.009  3.26739e-05 12800.9
768.619  3.24151e-05 13034.6
776.305  3.21584e-05 13272.5
784.068  3.18898e-05 13514.8
791.909  3.16376e-05 13761.4
799.828  3.13875e-05 14012.5
807.826  3.11395e-05 14268.2
815.905  3.08937e-05 14528.5
824.064  3.06499e-05 14793.5
832.304  3.04082e-05 15063.3
840.627  3.01685e-05 15338
849.034  2.99309e-05 15617.6
857.524  2.96953e-05 15902.3
866.099  2.94617e-05 16192.2
874.76  2.92301e-05 16487.3
883.508  2.90005e-05 16787.7
892.343  2.87728e-05 17093.6
901.266  2.8547e-05 17405
910.279  2.83232e-05 17722
919.382  2.81013e-05 18044.7
928.575  2.78812e-05 18373.3
937.861  2.7663e-05 18707.8
947.24  2.74467e-05 19048.3
956.712  2.72323e-05 19394.9
966.279  2.70196e-05 19747.8
975.942  2.68088e-05 20107.1
985.702  2.65997e-05 20472.8
995.559  2.63925e-05 20845.1
