# Fusion cross sections for ELAB=  90.000, ECM=  71.940
     0.0  0.3303      1
     0.0  0.9919     -1
     1.0   4.951      1
     1.0   8.910     -1
     2.0   9.909      1
     2.0   21.46     -1
     3.0   18.45      1
     3.0   34.67     -1
     4.0   20.76      1
     4.0   44.27     -1
     5.0   28.05      1
     5.0   52.89     -1
     6.0   27.86      1
     6.0   59.35     -1
     7.0   32.99      1
     7.0   62.16     -1
     8.0   28.31      1
     8.0   60.27     -1
     9.0   28.55      1
     9.0   53.79     -1
    10.0   20.46      1
    10.0   43.94     -1
    11.0   17.77      1
    11.0   32.67     -1
    12.0   9.852      1
    12.0   22.15     -1
    13.0   7.851      1
    13.0   13.96     -1
    14.0   3.652      1
    14.0   8.409     -1
    15.0   2.805      1
    15.0   4.949     -1
    16.0   1.247      1
    16.0   2.879     -1
    17.0  0.9434      1
    17.0   1.665     -1
    18.0  0.4157      1
    18.0  0.9590     -1
    19.0  0.3120      1
    19.0  0.5509     -1
    20.0  0.1369      1
    20.0  0.3157     -1
    21.0  0.1022      1
    21.0  0.1805     -1
    22.0  0.4465E-01  1
    22.0  0.1029     -1
    23.0  0.3316E-01  1
    23.0  0.5857E-01 -1
    24.0  0.1442E-01  1
    24.0  0.3325E-01 -1
    25.0  0.1067E-01  1
    25.0  0.1883E-01 -1
    26.0  0.4616E-02  1
    26.0  0.1065E-01 -1
    27.0  0.3402E-02  1
    27.0  0.6005E-02 -1
    28.0  0.1466E-02  1
    28.0  0.3381E-02 -1
    29.0  0.1077E-02  1
    29.0  0.1901E-02 -1
    30.0  0.4622E-03  1
    30.0  0.1066E-02 -1
    31.0  0.3386E-03  1
    31.0  0.5974E-03 -1
    32.0  0.1448E-03  1
    32.0  0.3342E-03 -1
    33.0  0.1058E-03  1
    33.0  0.1867E-03 -1
    34.0  0.4511E-04  1
    34.0  0.1041E-03 -1
    35.0  0.3289E-04  1
    35.0  0.5803E-04 -1
    36.0  0.1398E-04  1
    36.0  0.3229E-04 -1
    37.0  0.1018E-04  1
    37.0  0.1795E-04 -1
    38.0  0.4316E-05  1
    38.0  0.9967E-05 -1
    39.0  0.3135E-05  1
    39.0  0.5529E-05 -1
    40.0  0.1326E-05  1
    40.0  0.3064E-05 -1
 &
