# 181 angles,  1 tensor ranks for 0=projectile
@subtitle   "8Li(d,3He)7He @ 45 AMeV Daeh OMP (d) + Pang OMP (3He) and Ex = 17 MeV"         
@legend ON
@legend x1 0.2
@legend y1 0.8
@g0 type LOGY
@yaxis ticklabel format power
@legend string   0 "Lab energy =   90.0000"
#legend string   0 "Partition=  2 Excit=  5 near/far= 1"
#  Theta       sigma       iT11        T20         T21         T22         Kyy for projectile
   0.000       1.160    
   1.000       1.130    
   2.000       1.042    
   3.000      0.9057    
   4.000      0.7376    
   5.000      0.5556    
   6.000      0.3789    
   7.000      0.2252    
   8.000      0.1083    
   9.000      0.3733E-01
   10.00      0.1567E-01
   11.00      0.4124E-01
   12.00      0.1074    
   13.00      0.2040    
   14.00      0.3192    
   15.00      0.4407    
   16.00      0.5575    
   17.00      0.6602    
   18.00      0.7426    
   19.00      0.8008    
   20.00      0.8342    
   21.00      0.8440    
   22.00      0.8335    
   23.00      0.8071    
   24.00      0.7693    
   25.00      0.7249    
   26.00      0.6780    
   27.00      0.6320    
   28.00      0.5891    
   29.00      0.5510    
   30.00      0.5181    
   31.00      0.4904    
   32.00      0.4672    
   33.00      0.4475    
   34.00      0.4302    
   35.00      0.4143    
   36.00      0.3987    
   37.00      0.3827    
   38.00      0.3658    
   39.00      0.3476    
   40.00      0.3282    
   41.00      0.3076    
   42.00      0.2862    
   43.00      0.2642    
   44.00      0.2422    
   45.00      0.2204    
   46.00      0.1994    
   47.00      0.1794    
   48.00      0.1607    
   49.00      0.1433    
   50.00      0.1275    
   51.00      0.1133    
   52.00      0.1005    
   53.00      0.8923E-01
   54.00      0.7926E-01
   55.00      0.7048E-01
   56.00      0.6277E-01
   57.00      0.5597E-01
   58.00      0.4997E-01
   59.00      0.4464E-01
   60.00      0.3987E-01
   61.00      0.3559E-01
   62.00      0.3171E-01
   63.00      0.2819E-01
   64.00      0.2497E-01
   65.00      0.2203E-01
   66.00      0.1934E-01
   67.00      0.1688E-01
   68.00      0.1465E-01
   69.00      0.1263E-01
   70.00      0.1081E-01
   71.00      0.9183E-02
   72.00      0.7742E-02
   73.00      0.6477E-02
   74.00      0.5375E-02
   75.00      0.4427E-02
   76.00      0.3618E-02
   77.00      0.2937E-02
   78.00      0.2370E-02
   79.00      0.1904E-02
   80.00      0.1526E-02
   81.00      0.1224E-02
   82.00      0.9859E-03
   83.00      0.8018E-03
   84.00      0.6619E-03
   85.00      0.5574E-03
   86.00      0.4811E-03
   87.00      0.4265E-03
   88.00      0.3881E-03
   89.00      0.3615E-03
   90.00      0.3430E-03
   91.00      0.3298E-03
   92.00      0.3196E-03
   93.00      0.3108E-03
   94.00      0.3022E-03
   95.00      0.2930E-03
   96.00      0.2827E-03
   97.00      0.2712E-03
   98.00      0.2583E-03
   99.00      0.2441E-03
   100.0      0.2289E-03
   101.0      0.2129E-03
   102.0      0.1963E-03
   103.0      0.1793E-03
   104.0      0.1624E-03
   105.0      0.1457E-03
   106.0      0.1295E-03
   107.0      0.1140E-03
   108.0      0.9925E-04
   109.0      0.8548E-04
   110.0      0.7277E-04
   111.0      0.6119E-04
   112.0      0.5077E-04
   113.0      0.4153E-04
   114.0      0.3347E-04
   115.0      0.2654E-04
   116.0      0.2072E-04
   117.0      0.1594E-04
   118.0      0.1213E-04
   119.0      0.9226E-05
   120.0      0.7133E-05
   121.0      0.5766E-05
   122.0      0.5037E-05
   123.0      0.4855E-05
   124.0      0.5129E-05
   125.0      0.5772E-05
   126.0      0.6699E-05
   127.0      0.7832E-05
   128.0      0.9096E-05
   129.0      0.1042E-04
   130.0      0.1176E-04
   131.0      0.1304E-04
   132.0      0.1423E-04
   133.0      0.1530E-04
   134.0      0.1620E-04
   135.0      0.1694E-04
   136.0      0.1748E-04
   137.0      0.1783E-04
   138.0      0.1799E-04
   139.0      0.1797E-04
   140.0      0.1777E-04
   141.0      0.1741E-04
   142.0      0.1690E-04
   143.0      0.1628E-04
   144.0      0.1555E-04
   145.0      0.1475E-04
   146.0      0.1388E-04
   147.0      0.1298E-04
   148.0      0.1205E-04
   149.0      0.1112E-04
   150.0      0.1021E-04
   151.0      0.9321E-05
   152.0      0.8469E-05
   153.0      0.7664E-05
   154.0      0.6912E-05
   155.0      0.6219E-05
   156.0      0.5589E-05
   157.0      0.5022E-05
   158.0      0.4519E-05
   159.0      0.4080E-05
   160.0      0.3701E-05
   161.0      0.3382E-05
   162.0      0.3118E-05
   163.0      0.2904E-05
   164.0      0.2738E-05
   165.0      0.2614E-05
   166.0      0.2527E-05
   167.0      0.2473E-05
   168.0      0.2447E-05
   169.0      0.2444E-05
   170.0      0.2459E-05
   171.0      0.2488E-05
   172.0      0.2526E-05
   173.0      0.2570E-05
   174.0      0.2616E-05
   175.0      0.2661E-05
   176.0      0.2702E-05
   177.0      0.2736E-05
   178.0      0.2762E-05
   179.0      0.2778E-05
   180.0      0.2784E-05
 END
