           6           1           1
    0.0+     2 1  0.3329       0.000      0.1318E-02   0.000      0.1861E-03  0.5214E-03  0.5860E-03  0.3303    
    0.0-     1 1  0.3308       0.000      0.2203E-02  0.6442E-03  0.1978E-03  0.7990E-03   0.000      0.3270    
    0.0-     3 2  0.3362       0.000       0.000      0.3334E-03  0.6450E-05   0.000      0.1171E-02  0.3347    
    1.0+     0 1  0.9921       0.000      0.4691E-02  0.7608E-02  0.1220E-02  0.2431E-02   0.000      0.9761    
    1.0+     2 2   1.002       0.000      0.5917E-03  0.1009E-02  0.1082E-03  0.3343E-03  0.3550E-02  0.9967    
    1.0+     2 3  0.9987       0.000      0.3734E-02  0.3898E-02  0.1433E-03  0.1478E-02  0.1903E-02  0.9875    
    1.0+     2 4  0.9934       0.000      0.6956E-02  0.2210E-02  0.4537E-03  0.1711E-02  0.3312E-03  0.9818    
    1.0+     4 5   1.013       0.000       0.000      0.5502E-03  0.4515E-04   0.000      0.2986E-02   1.009    
    1.0-     1 1  0.9958       0.000      0.4170E-02  0.5605E-02  0.8113E-03  0.2247E-02  0.1191E-02  0.9818    
    1.0-     1 2  0.9924       0.000      0.5939E-02  0.6042E-02  0.7971E-03  0.2156E-02  0.4399E-03  0.9771    
    1.0-     3 3   1.009       0.000      0.3514E-03  0.4446E-03  0.1460E-03  0.1702E-03  0.3279E-02   1.004    
    1.0-     3 4   1.003       0.000      0.3269E-02  0.7853E-03  0.2990E-03  0.1047E-02  0.1907E-02  0.9956    
    2.0+     0 1   1.653       0.000      0.4209E-02  0.7604E-02  0.1206E-02  0.2382E-02  0.1871E-02   1.636    
    2.0+     2 2   1.671       0.000      0.2967E-02  0.6411E-02  0.1311E-02  0.1677E-02  0.4616E-02   1.654    
    2.0+     2 3   1.664       0.000      0.5507E-02  0.1042E-01  0.1718E-02  0.2181E-02  0.3671E-02   1.641    
    2.0+     2 4   1.656       0.000      0.9969E-02  0.1000E-01  0.8979E-03  0.2453E-02  0.1662E-02   1.631    
    2.0+     4 5   1.688       0.000      0.7465E-03  0.2292E-03  0.2955E-03  0.3464E-03  0.4479E-02   1.682    
    2.0+     4 6   1.677       0.000      0.4461E-02  0.9583E-03  0.6178E-03  0.1610E-02  0.2974E-02   1.666    
    2.0-     1 1   1.663       0.000      0.3777E-02  0.8795E-02  0.2353E-02  0.2445E-02  0.3777E-02   1.641    
    2.0-     1 2   1.660       0.000      0.5013E-02  0.8318E-02  0.2223E-02  0.2650E-02  0.3342E-02   1.638    
    2.0-     1 3   1.654       0.000      0.7774E-02  0.1266E-01  0.1431E-02  0.2769E-02  0.2221E-02   1.627    
    2.0-     3 4   1.681       0.000      0.1756E-02  0.2209E-02  0.9084E-04  0.8508E-03  0.4682E-02   1.671    
    2.0-     3 5   1.672       0.000      0.5105E-02  0.5812E-02  0.4334E-03  0.1635E-02  0.3403E-02   1.655    
    2.0-     3 6   1.659       0.000      0.1051E-01  0.2548E-02  0.8711E-03  0.2379E-02  0.7786E-03   1.642    
    2.0-     5 7   1.682       0.000       0.000      0.4831E-03  0.1197E-03   0.000      0.4243E-02   1.677    
    3.0+     0 1   2.315       0.000       0.000      0.2661E-02  0.3296E-03   0.000      0.6548E-02   2.305    
    3.0+     2 2   2.339       0.000      0.8308E-02  0.1892E-01  0.7122E-02  0.4695E-02  0.3692E-02   2.296    
    3.0+     2 3   2.330       0.000      0.6168E-02  0.7111E-02  0.2352E-02  0.2442E-02  0.6168E-02   2.306    
    3.0+     2 4   2.318       0.000      0.1047E-01  0.1338E-01  0.1698E-02  0.2576E-02  0.4652E-02   2.285    
    3.0+     4 5   2.363       0.000      0.2613E-02  0.3630E-02  0.1081E-03  0.1212E-02  0.5226E-02   2.350    
    3.0+     4 6   2.348       0.000      0.5871E-02  0.5632E-02  0.9625E-03  0.2119E-02  0.4414E-02   2.329    
    3.0+     4 7   2.329       0.000      0.1249E-01  0.1947E-02  0.1793E-02  0.4239E-02  0.1136E-02   2.307    
    3.0+     6 8   2.282       0.000       0.000      0.5199E-03  0.2232E-03   0.000      0.5864E-02   2.275    
    3.0-     1 1   2.324       0.000      0.2807E-02  0.9585E-02  0.2317E-02  0.1484E-02  0.7486E-02   2.300    
    3.0-     1 2   2.316       0.000      0.6219E-02  0.4480E-02  0.1293E-02  0.2215E-02  0.6219E-02   2.295    
    3.0-     3 3   2.353       0.000      0.4916E-02  0.1198E-01  0.3280E-02  0.2382E-02  0.4916E-02   2.326    
    3.0-     3 4   2.340       0.000      0.6432E-02  0.9833E-02  0.2017E-02  0.2060E-02  0.5241E-02   2.315    
    3.0-     3 5   2.323       0.000      0.1226E-01  0.1022E-01  0.1438E-02  0.2775E-02  0.2725E-02   2.294    
    3.0-     5 6   2.354       0.000      0.1069E-02  0.1082E-03  0.6252E-03  0.7245E-03  0.5228E-02   2.346    
    3.0-     5 7   2.349       0.000      0.4967E-02  0.7770E-03  0.1147E-02  0.2960E-02  0.3587E-02   2.336    
    4.0+     2 1   2.996       0.000      0.5271E-02  0.1507E-01  0.4481E-02  0.2126E-02  0.9663E-02   2.959    
    4.0+     2 2   2.980       0.000      0.7456E-02  0.2727E-02  0.1154E-02  0.1865E-02  0.9942E-02   2.957    
    4.0+     4 3   3.038       0.000      0.6045E-02  0.1490E-01  0.4926E-02  0.2804E-02  0.4926E-02   3.005    
    4.0+     4 4   3.018       0.000      0.6904E-02  0.8567E-02  0.2063E-02  0.2492E-02  0.6101E-02   2.992    
    4.0+     4 5   2.994       0.000      0.1314E-01  0.8635E-02  0.2509E-02  0.4460E-02  0.3406E-02   2.962    
    4.0+     6 6   2.934       0.000      0.1508E-02  0.7427E-04  0.1484E-02  0.1980E-02  0.6534E-02   2.922    
    4.0+     6 7   2.982       0.000      0.5443E-02  0.8899E-03  0.1818E-02  0.6338E-02  0.4147E-02   2.964    
    4.0-     1 1   2.977       0.000       0.000      0.5373E-02  0.7576E-03   0.000      0.1288E-01   2.958    
    4.0-     3 2   3.026       0.000      0.1052E-01  0.2367E-01  0.1128E-01  0.5103E-02  0.3507E-02   2.971    
    4.0-     3 3   3.009       0.000      0.7035E-02  0.8098E-02  0.2806E-02  0.2257E-02  0.7545E-02   2.981    
    4.0-     3 4   2.987       0.000      0.1155E-01  0.1111E-01  0.1899E-02  0.2619E-02  0.6298E-02   2.954    
    4.0-     5 5   3.027       0.000      0.3208E-02  0.4474E-02  0.1941E-03  0.2173E-02  0.5499E-02   3.011    
    4.0-     5 6   3.021       0.000      0.6031E-02  0.4738E-02  0.1661E-02  0.3594E-02  0.4849E-02   3.000    
    4.0-     5 7   3.000       0.000      0.1268E-01  0.1376E-02  0.2789E-02  0.7540E-02  0.1300E-02   2.975    
    4.0-     7 8   2.668       0.000       0.000      0.9643E-03  0.3166E-03   0.000      0.8606E-02   2.659    
    5.0+     2 1   3.643       0.000       0.000      0.7481E-02  0.1157E-02   0.000      0.1823E-01   3.616    
    5.0+     4 2   3.713       0.000      0.1149E-01  0.2489E-01  0.1328E-01  0.5332E-02  0.3284E-02   3.655    
    5.0+     4 3   3.689       0.000      0.7457E-02  0.8550E-02  0.3094E-02  0.2692E-02  0.8111E-02   3.659    
    5.0+     4 4   3.659       0.000      0.1160E-01  0.8361E-02  0.2054E-02  0.3937E-02  0.7136E-02   3.626    
    5.0+     6 5   3.586       0.000      0.4146E-02  0.5638E-02  0.3468E-03  0.5446E-02  0.6450E-02   3.564    
    5.0+     6 6   3.645       0.000      0.6313E-02  0.4750E-02  0.2555E-02  0.7351E-02  0.5295E-02   3.619    
    5.0+     6 7   3.674       0.000      0.1200E-01  0.1597E-02  0.3386E-02  0.1251E-01  0.1333E-02   3.643    
    5.0+     8 8   2.681       0.000       0.000      0.1841E-02  0.3284E-03   0.000      0.1045E-01   2.669    
    5.0-     3 1   3.677       0.000      0.6723E-02  0.1757E-01  0.6101E-02  0.2161E-02  0.1046E-01   3.634    
    5.0-     3 2   3.651       0.000      0.7690E-02  0.1691E-02  0.1081E-02  0.1745E-02  0.1196E-01   3.627    
    5.0-     5 3   3.699       0.000      0.6721E-02  0.1557E-01  0.6214E-02  0.4554E-02  0.4854E-02   3.661    
    5.0-     5 4   3.692       0.000      0.6830E-02  0.7072E-02  0.1997E-02  0.4069E-02  0.6287E-02   3.666    
    5.0-     5 5   3.667       0.000      0.1252E-01  0.6831E-02  0.3470E-02  0.7443E-02  0.3576E-02   3.633    
    5.0-     7 6   3.261       0.000      0.2254E-02  0.9622E-04  0.3237E-02  0.5019E-02  0.9016E-02   3.242    
    5.0-     7 7   3.410       0.000      0.7010E-02  0.1871E-02  0.2883E-02  0.1472E-01  0.5549E-02   3.378    
    6.0+     4 1   4.360       0.000      0.7419E-02  0.1764E-01  0.6454E-02  0.2679E-02  0.1051E-01   4.315    
    6.0+     4 2   4.325       0.000      0.7378E-02  0.1044E-02  0.1179E-02  0.2504E-02  0.1265E-01   4.300    
    6.0+     6 3   4.237       0.000      0.8167E-02  0.1773E-01  0.8984E-02  0.1073E-01  0.5445E-02   4.186    
    6.0+     6 4   4.308       0.000      0.6979E-02  0.6910E-02  0.2501E-02  0.8127E-02  0.6578E-02   4.276    
    6.0+     6 5   4.342       0.000      0.1134E-01  0.6602E-02  0.3910E-02  0.1183E-01  0.3465E-02   4.305    
    6.0+     8 6   3.169       0.000      0.2779E-02  0.1360E-03  0.4880E-02  0.8627E-02  0.1050E-01   3.142    
    6.0+     8 7   3.382       0.000      0.8311E-02  0.3800E-02  0.3704E-02  0.2526E-01  0.6772E-02   3.334    
    6.0-     3 1   4.315       0.000       0.000      0.7985E-02  0.1321E-02   0.000      0.2016E-01   4.285    
    6.0-     5 2   4.372       0.000      0.1191E-01  0.2368E-01  0.1392E-01  0.8072E-02  0.3089E-02   4.311    
    6.0-     5 3   4.363       0.000      0.7301E-02  0.7978E-02  0.3275E-02  0.4351E-02  0.7942E-02   4.332    
    6.0-     5 4   4.334       0.000      0.1056E-01  0.6071E-02  0.2001E-02  0.6283E-02  0.7042E-02   4.302    
    6.0-     7 5   3.854       0.000      0.5860E-02  0.7359E-02  0.5428E-03  0.1305E-01  0.8524E-02   3.819    
    6.0-     7 6   4.030       0.000      0.7896E-02  0.6549E-02  0.4238E-02  0.1658E-01  0.6817E-02   3.988    
    6.0-     7 7   4.208       0.000      0.1404E-01  0.3331E-02  0.4801E-02  0.2706E-01  0.1651E-02   4.157    
    6.0-     9 8   2.308       0.000       0.000      0.2425E-02  0.3503E-03   0.000      0.9098E-02   2.296    
    7.0+     4 1   4.990       0.000       0.000      0.7525E-02  0.1247E-02   0.000      0.2025E-01   4.961    
    7.0+     6 2   4.889       0.000      0.1382E-01  0.2518E-01  0.1706E-01  0.1815E-01  0.3351E-02   4.812    
    7.0+     6 3   4.970       0.000      0.7405E-02  0.8166E-02  0.4561E-02  0.8623E-02  0.8022E-02   4.934    
    7.0+     6 4   5.010       0.000      0.9269E-02  0.5397E-02  0.2219E-02  0.9670E-02  0.6543E-02   4.977    
    7.0+     8 5   3.656       0.000      0.6947E-02  0.7841E-02  0.6607E-03  0.2157E-01  0.9619E-02   3.610    
    7.0+     8 6   3.902       0.000      0.9176E-02  0.8718E-02  0.5913E-02  0.2789E-01  0.8090E-02   3.842    
    7.0+     8 7   4.210       0.000      0.1736E-01  0.6934E-02  0.6691E-02  0.5118E-01  0.2132E-02   4.125    
    7.0+    10 8   1.735       0.000       0.000      0.2107E-02  0.3947E-03   0.000      0.5739E-02   1.726    
    7.0-     5 1   5.034       0.000      0.7390E-02  0.1568E-01  0.5828E-02  0.4404E-02  0.9854E-02   4.991    
    7.0-     5 2   5.001       0.000      0.6501E-02  0.6114E-03  0.1444E-02  0.3867E-02  0.1192E-01   4.976    
    7.0-     7 3   4.447       0.000      0.1107E-01  0.2174E-01  0.1301E-01  0.2464E-01  0.6967E-02   4.370    
    7.0-     7 4   4.650       0.000      0.8588E-02  0.8846E-02  0.3850E-02  0.1803E-01  0.8214E-02   4.603    
    7.0-     7 5   4.855       0.000      0.1286E-01  0.1018E-01  0.5346E-02  0.2479E-01  0.4129E-02   4.798    
    7.0-     9 6   2.663       0.000      0.2449E-02  0.1382E-03  0.4719E-02  0.9386E-02  0.8864E-02   2.637    
    7.0-     9 7   2.845       0.000      0.7154E-02  0.5096E-02  0.3678E-02  0.2719E-01  0.5962E-02   2.796    
    8.0+     6 1   5.633       0.000      0.7552E-02  0.1530E-01  0.6796E-02  0.8796E-02  0.9650E-02   5.585    
    8.0+     6 2   5.678       0.000      0.5561E-02  0.3952E-03  0.1982E-02  0.5802E-02  0.1071E-01   5.654    
    8.0+     8 3   4.144       0.000      0.1272E-01  0.2230E-01  0.1425E-01  0.3948E-01  0.7671E-02   4.047    
    8.0+     8 4   4.422       0.000      0.9862E-02  0.1052E-01  0.4539E-02  0.2997E-01  0.9527E-02   4.358    
    8.0+     8 5   4.771       0.000      0.1553E-01  0.1613E-01  0.7513E-02  0.4579E-01  0.5178E-02   4.681    
    8.0+    10 6   1.966       0.000      0.1561E-02  0.9554E-04  0.3115E-02  0.6850E-02  0.5464E-02   1.949    
    8.0+    10 7   2.074       0.000      0.4411E-02  0.4402E-02  0.3029E-02  0.1929E-01  0.3743E-02   2.039    
    8.0-     5 1   5.668       0.000       0.000      0.6234E-02  0.9195E-03   0.000      0.1840E-01   5.642    
    8.0-     7 2   5.040       0.000      0.1811E-01  0.2874E-01  0.2103E-01  0.4033E-01  0.4180E-02   4.928    
    8.0-     7 3   5.270       0.000      0.9056E-02  0.1018E-01  0.7814E-02  0.1901E-01  0.9761E-02   5.215    
    8.0-     7 4   5.502       0.000      0.1026E-01  0.7715E-02  0.4122E-02  0.1977E-01  0.7559E-02   5.453    
    8.0-     9 5   3.018       0.000      0.5948E-02  0.6194E-02  0.7009E-03  0.2279E-01  0.7931E-02   2.974    
    8.0-     9 6   3.225       0.000      0.7784E-02  0.8728E-02  0.6055E-02  0.2959E-01  0.6973E-02   3.166    
    8.0-     9 7   3.498       0.000      0.1558E-01  0.9360E-02  0.7219E-02  0.5858E-01  0.1978E-02   3.405    
    8.0-    11 8   1.181       0.000       0.000      0.1301E-02  0.3463E-03   0.000      0.2843E-02   1.177    
    9.0+     6 1   6.346       0.000       0.000      0.5412E-02  0.8252E-03   0.000      0.1611E-01   6.324    
    9.0+     8 2   4.631       0.000      0.2031E-01  0.2699E-01  0.1961E-01  0.6304E-01  0.4513E-02   4.497    
    9.0+     8 3   4.942       0.000      0.1035E-01  0.1113E-01  0.1018E-01  0.3145E-01  0.1110E-01   4.868    
    9.0+     8 4   5.332       0.000      0.1215E-01  0.1146E-01  0.6209E-02  0.3582E-01  0.9259E-02   5.257    
    9.0+    10 5   2.197       0.000      0.3708E-02  0.3743E-02  0.6666E-03  0.1627E-01  0.4798E-02   2.168    
    9.0+    10 6   2.317       0.000      0.4746E-02  0.6309E-02  0.4690E-02  0.2076E-01  0.4305E-02   2.277    
    9.0+    10 7   2.472       0.000      0.9651E-02  0.7907E-02  0.6126E-02  0.4205E-01  0.1259E-02   2.405    
    9.0+    12 8  0.7550       0.000       0.000      0.6326E-03  0.2214E-03   0.000      0.1208E-02  0.7530    
    9.0-     7 1   5.890       0.000      0.9270E-02  0.1804E-01  0.9941E-02  0.1946E-01  0.1148E-01   5.822    
    9.0-     7 2   6.149       0.000      0.6034E-02  0.3835E-03  0.3846E-02  0.1163E-01  0.1207E-01   6.115    
    9.0-     9 3   3.373       0.000      0.1064E-01  0.1722E-01  0.1111E-01  0.4076E-01  0.6205E-02   3.287    
    9.0-     9 4   3.604       0.000      0.8292E-02  0.9368E-02  0.3634E-02  0.3152E-01  0.8065E-02   3.543    
    9.0-     9 5   3.909       0.000      0.1368E-01  0.1777E-01  0.8269E-02  0.5144E-01  0.4697E-02   3.814    
    9.0-    11 6   1.320       0.000      0.7799E-03  0.4807E-04  0.1561E-02  0.3731E-02  0.2657E-02   1.311    
    9.0-    11 7   1.369       0.000      0.2126E-02  0.2683E-02  0.2066E-02  0.1016E-01  0.1830E-02   1.351    
   10.0+     8 1   5.463       0.000      0.1061E-01  0.1836E-01  0.1075E-01  0.3224E-01  0.1282E-01   5.378    
   10.0+     8 2   5.893       0.000      0.7036E-02  0.3668E-03  0.6410E-02  0.2074E-01  0.1450E-01   5.844    
   10.0+    10 3   2.429       0.000      0.6508E-02  0.1023E-01  0.6463E-02  0.2856E-01  0.3696E-02   2.373    
   10.0+    10 4   2.561       0.000      0.5021E-02  0.6176E-02  0.2132E-02  0.2196E-01  0.4908E-02   2.521    
   10.0+    10 5   2.732       0.000      0.8348E-02  0.1319E-01  0.6975E-02  0.3637E-01  0.2937E-02   2.664    
   10.0+    12 6  0.8345       0.000      0.3337E-03  0.1942E-04  0.6560E-03  0.1685E-02  0.1112E-02  0.8307    
   10.0+    12 7  0.8542       0.000      0.8806E-03  0.1290E-02  0.1144E-02  0.4446E-02  0.7677E-03  0.8456    
   10.0-     7 1   6.797       0.000       0.000      0.6782E-02  0.1681E-02   0.000      0.1778E-01   6.771    
   10.0-     9 2   3.728       0.000      0.1666E-01  0.1869E-01  0.1329E-01  0.6382E-01  0.3592E-02   3.612    
   10.0-     9 3   3.984       0.000      0.8664E-02  0.8857E-02  0.8805E-02  0.3293E-01  0.9248E-02   3.915    
   10.0-     9 4   4.321       0.000      0.1054E-01  0.1200E-01  0.5571E-02  0.3963E-01  0.8246E-02   4.245    
   10.0-    11 5   1.459       0.000      0.1820E-02  0.1849E-02  0.5114E-03  0.8706E-02  0.2299E-02   1.444    
   10.0-    11 6   1.514       0.000      0.2268E-02  0.3461E-02  0.2888E-02  0.1084E-01  0.2077E-02   1.492    
   10.0-    11 7   1.580       0.000      0.4598E-02  0.4677E-02  0.4149E-02  0.2194E-01  0.6130E-03   1.544    
   10.0-    13 8  0.4652       0.000       0.000      0.2657E-03  0.1106E-03   0.000      0.4696E-03  0.4644    
   11.0+     8 1   6.455       0.000       0.000      0.8135E-02  0.2443E-02   0.000      0.2102E-01   6.423    
   11.0+    10 2   2.660       0.000      0.1003E-01  0.9877E-02  0.6994E-02  0.4402E-01  0.2112E-02   2.587    
   11.0+    10 3   2.805       0.000      0.5228E-02  0.5250E-02  0.5361E-02  0.2287E-01  0.5557E-02   2.761    
   11.0+    10 4   2.992       0.000      0.6349E-02  0.8574E-02  0.3282E-02  0.2766E-01  0.5079E-02   2.941    
   11.0+    12 5  0.9140       0.000      0.7674E-03  0.7958E-03  0.3044E-03  0.3876E-02  0.9502E-03  0.9073    
   11.0+    12 6  0.9355       0.000      0.9330E-03  0.1561E-02  0.1463E-02  0.4710E-02  0.8617E-03  0.9260    
   11.0+    12 7  0.9606       0.000      0.1880E-02  0.2192E-02  0.2257E-02  0.9485E-02  0.2553E-03  0.9445    
   11.0+    14 8  0.2806       0.000       0.000      0.1027E-03  0.4714E-04   0.000      0.1741E-03  0.2803    
   11.0-     9 1   4.363       0.000      0.8886E-02  0.1334E-01  0.7809E-02  0.3377E-01  0.1053E-01   4.289    
   11.0-     9 2   4.732       0.000      0.6021E-02  0.2402E-03  0.6508E-02  0.2264E-01  0.1271E-01   4.684    
   11.0-    11 3   1.598       0.000      0.3147E-02  0.4970E-02  0.3033E-02  0.1506E-01  0.1748E-02   1.570    
   11.0-    11 4   1.658       0.000      0.2385E-02  0.3190E-02  0.1022E-02  0.1140E-01  0.2341E-02   1.637    
   11.0-    11 5   1.731       0.000      0.3928E-02  0.7219E-02  0.4601E-02  0.1874E-01  0.1410E-02   1.695    
   11.0-    13 6  0.5095       0.000      0.1306E-03  0.6887E-05  0.2487E-03  0.6822E-03  0.4273E-03  0.5080    
   11.0-    13 7  0.5167       0.000      0.3355E-03  0.5372E-03  0.5284E-03  0.1752E-02  0.2956E-03  0.5133    
   12.0+    10 1   3.049       0.000      0.5361E-02  0.7155E-02  0.4188E-02  0.2345E-01  0.6254E-02   3.003    
   12.0+    10 2   3.252       0.000      0.3589E-02  0.1108E-03  0.4235E-02  0.1564E-01  0.7729E-02   3.221    
   12.0+    12 3  0.9935       0.000      0.1311E-02  0.2102E-02  0.1238E-02  0.6621E-02  0.7150E-03  0.9815    
   12.0+    12 4   1.017       0.000      0.9770E-03  0.1388E-02  0.4329E-03  0.4932E-02  0.9615E-03   1.008    
   12.0+    12 5   1.044       0.000      0.1589E-02  0.3227E-02  0.2430E-02  0.8019E-02  0.5802E-03   1.028    
   12.0+    14 6  0.3050       0.000      0.4865E-04  0.2278E-05  0.8913E-04  0.2594E-03  0.1568E-03  0.3044    
   12.0+    14 7  0.3075       0.000      0.1223E-03  0.2066E-03  0.2153E-03  0.6523E-03  0.1087E-03  0.3062    
   12.0-     9 1   5.144       0.000       0.000      0.6526E-02  0.2003E-02   0.000      0.1818E-01   5.117    
   12.0-    11 2   1.737       0.000      0.4789E-02  0.4326E-02  0.3090E-02  0.2291E-01  0.9881E-03   1.701    
   12.0-    11 3   1.802       0.000      0.2476E-02  0.2516E-02  0.2548E-02  0.1183E-01  0.2622E-02   1.780    
   12.0-    11 4   1.881       0.000      0.2956E-02  0.4564E-02  0.1478E-02  0.1410E-01  0.2408E-02   1.856    
   12.0-    13 5  0.5538       0.000      0.2967E-03  0.3143E-03  0.1470E-03  0.1550E-02  0.3612E-03  0.5512    
   12.0-    13 6  0.5617       0.000      0.3535E-03  0.6240E-03  0.6350E-03  0.1847E-02  0.3287E-03  0.5579    
   12.0-    13 7  0.5705       0.000      0.7087E-03  0.8961E-03  0.1025E-02  0.3701E-02  0.9775E-04  0.5641    
   12.0-    15 8  0.1670       0.000       0.000      0.3783E-04  0.1829E-04   0.000      0.6289E-04  0.1669    
   13.0+    10 1   3.512       0.000       0.000      0.3621E-02  0.1100E-02   0.000      0.1093E-01   3.497    
   13.0+    12 2   1.073       0.000      0.1973E-02  0.1693E-02  0.1222E-02  0.9968E-02  0.4004E-03   1.058    
   13.0+    12 3   1.098       0.000      0.1012E-02  0.1051E-02  0.1037E-02  0.5107E-02  0.1067E-02   1.089    
   13.0+    12 4   1.128       0.000      0.1185E-02  0.1998E-02  0.5711E-03  0.5980E-02  0.9808E-03   1.117    
   13.0+    14 5  0.3294       0.000      0.1095E-03  0.1181E-03  0.6161E-04  0.5837E-03  0.1314E-03  0.3284    
   13.0+    14 6  0.3321       0.000      0.1283E-03  0.2331E-03  0.2479E-03  0.6841E-03  0.1200E-03  0.3307    
   13.0+    14 7  0.3351       0.000      0.2564E-03  0.3399E-03  0.4122E-03  0.1367E-02  0.3584E-04  0.3327    
   13.0+    16 8  0.9857E-01   0.000       0.000      0.1355E-04  0.6740E-05   0.000      0.2241E-04  0.9852E-01
   13.0-    11 1   1.946       0.000      0.2538E-02  0.3126E-02  0.1847E-02  0.1213E-01  0.2923E-02   1.923    
   13.0-    11 2   2.032       0.000      0.1655E-02  0.4112E-04  0.2046E-02  0.7897E-02  0.3626E-02   2.016    
   13.0-    13 3  0.5982       0.000      0.5016E-03  0.8154E-03  0.4645E-03  0.2621E-02  0.2694E-03  0.5935    
   13.0-    13 4  0.6066       0.000      0.3687E-03  0.5439E-03  0.1688E-03  0.1926E-02  0.3637E-03  0.6032    
   13.0-    13 5  0.6162       0.000      0.5938E-03  0.1280E-02  0.1077E-02  0.3101E-02  0.2199E-03  0.6099    
   13.0-    15 6  0.1804       0.000      0.1766E-04  0.7263E-06  0.3103E-04  0.9530E-04  0.5615E-04  0.1802    
   13.0-    15 7  0.1813       0.000      0.4362E-04  0.7588E-04  0.8130E-04  0.2354E-03  0.3908E-04  0.1808    
   14.0+    12 1   1.180       0.000      0.1036E-02  0.1214E-02  0.7256E-03  0.5231E-02  0.1180E-02   1.170    
   14.0+    12 2   1.211       0.000      0.6584E-03  0.1363E-04  0.8293E-03  0.3322E-02  0.1463E-02   1.205    
   14.0+    14 3  0.3538       0.000      0.1834E-03  0.3011E-03  0.1664E-03  0.9781E-03  0.9720E-04  0.3520    
   14.0+    14 4  0.3567       0.000      0.1334E-03  0.2009E-03  0.6230E-04  0.7112E-03  0.1318E-03  0.3555    
   14.0+    14 5  0.3599       0.000      0.2132E-03  0.4758E-03  0.4248E-03  0.1137E-02  0.7996E-04  0.3576    
   14.0+    16 6  0.1059       0.000      0.6317E-05  0.2274E-06  0.1067E-04  0.3436E-04  0.1985E-04  0.1058    
   14.0+    16 7  0.1062       0.000      0.1537E-04  0.2714E-04  0.2942E-04  0.8361E-04  0.1387E-04  0.1060    
   14.0-    11 1   2.182       0.000       0.000      0.1590E-02  0.4800E-03   0.000      0.5079E-02   2.175    
   14.0-    13 2  0.6425       0.000      0.7483E-03  0.6229E-03  0.4521E-03  0.3910E-02  0.1497E-03  0.6366    
   14.0-    13 3  0.6516       0.000      0.3809E-03  0.4043E-03  0.3866E-03  0.1990E-02  0.4007E-03  0.6480    
   14.0-    13 4  0.6618       0.000      0.4394E-03  0.7797E-03  0.2035E-03  0.2295E-02  0.3685E-03  0.6577    
   14.0-    15 5  0.1937       0.000      0.3940E-04  0.4307E-04  0.2374E-04  0.2126E-03  0.4669E-04  0.1934    
   14.0-    15 6  0.1947       0.000      0.4557E-04  0.8384E-04  0.9085E-04  0.2459E-03  0.4283E-04  0.1942    
   14.0-    15 7  0.1957       0.000      0.9093E-04  0.1236E-03  0.1541E-03  0.4906E-03  0.1286E-04  0.1948    
   14.0-    17 8  0.5780E-01   0.000       0.000      0.4780E-05  0.2417E-05   0.000      0.7915E-05  0.5778E-01
   15.0+    12 1   1.295       0.000       0.000      0.6157E-03  0.1854E-03   0.000      0.2033E-02   1.292    
   15.0+    14 2  0.3782       0.000      0.2715E-03  0.2221E-03  0.1612E-03  0.1448E-02  0.5363E-04  0.3760    
   15.0+    14 3  0.3813       0.000      0.1375E-03  0.1486E-03  0.1373E-03  0.7333E-03  0.1443E-03  0.3800    
   15.0+    14 4  0.3848       0.000      0.1567E-03  0.2858E-03  0.6968E-04  0.8355E-03  0.1330E-03  0.3833    
   15.0+    16 5  0.1132       0.000      0.1399E-04  0.1543E-04  0.8721E-05  0.7608E-04  0.1640E-04  0.1130    
   15.0+    16 6  0.1135       0.000      0.1601E-04  0.2949E-04  0.3217E-04  0.8706E-04  0.1511E-04  0.1133    
   15.0+    16 7  0.1138       0.000      0.3191E-04  0.4387E-04  0.5533E-04  0.1736E-03  0.4559E-05  0.1135    
   15.0+    18 8  0.3371E-01   0.000       0.000      0.1673E-05  0.8557E-06   0.000      0.2781E-05  0.3371E-01
   15.0-    13 1  0.6965       0.000      0.3899E-03  0.4437E-03  0.2669E-03  0.2037E-02  0.4399E-03  0.6929    
   15.0-    13 2  0.7074       0.000      0.2424E-03  0.4296E-05  0.3054E-03  0.1266E-02  0.5455E-03  0.7051    
   15.0-    15 3  0.2071       0.000      0.6551E-04  0.1081E-03  0.5823E-04  0.3535E-03  0.3432E-04  0.2065    
   15.0-    15 4  0.2081       0.000      0.4725E-04  0.7179E-04  0.2223E-04  0.2550E-03  0.4676E-04  0.2077    
   15.0-    15 5  0.2092       0.000      0.7511E-04  0.1705E-03  0.1564E-03  0.4053E-03  0.2847E-04  0.2084    
   15.0-    17 6  0.6178E-01   0.000      0.2240E-05  0.7072E-07  0.3652E-05  0.1226E-04  0.6968E-05  0.6176E-01
   15.0-    17 7  0.6188E-01   0.000      0.5382E-05  0.9562E-05  0.1042E-04  0.2946E-04  0.4883E-05  0.6182E-01
   16.0+    14 1  0.4059       0.000      0.1407E-03  0.1573E-03  0.9474E-04  0.7500E-03  0.1574E-03  0.4046    
   16.0+    14 2  0.4096       0.000      0.8593E-04  0.1328E-05  0.1070E-03  0.4582E-03  0.1955E-03  0.4087    
   16.0+    16 3  0.1205       0.000      0.2311E-04  0.3818E-04  0.2017E-04  0.1257E-03  0.1198E-04  0.1203    
   16.0+    16 4  0.1208       0.000      0.1656E-04  0.2518E-04  0.7785E-05  0.9004E-04  0.1640E-04  0.1206    
   16.0+    16 5  0.1212       0.000      0.2621E-04  0.5982E-04  0.5544E-04  0.1425E-03  0.1003E-04  0.1209    
   16.0+    18 6  0.3589E-01   0.000      0.7894E-06  0.2199E-07  0.1250E-05  0.4347E-05  0.2434E-05  0.3588E-01
   16.0+    18 7  0.3592E-01   0.000      0.1876E-05  0.3346E-05  0.3652E-05  0.1033E-04  0.1712E-05  0.3590E-01
   16.0-    13 1  0.7531       0.000       0.000      0.2241E-03  0.6725E-04   0.000      0.7527E-03  0.7520    
   16.0-    15 2  0.2205       0.000      0.9630E-04  0.7796E-04  0.5640E-04  0.5197E-03  0.1882E-04  0.2197    
   16.0-    15 3  0.2215       0.000      0.4863E-04  0.5325E-04  0.4765E-04  0.2624E-03  0.5089E-04  0.2211    
   16.0-    15 4  0.2227       0.000      0.5487E-04  0.1012E-03  0.2345E-04  0.2961E-03  0.4703E-04  0.2222    
   16.0-    17 5  0.6577E-01   0.000      0.4927E-05  0.5465E-05  0.3126E-05  0.2698E-04  0.5722E-05  0.6572E-01
   16.0-    17 6  0.6587E-01   0.000      0.5587E-05  0.1026E-04  0.1120E-04  0.3059E-04  0.5293E-05  0.6581E-01
   16.0-    17 7  0.6598E-01   0.000      0.1114E-04  0.1537E-04  0.1947E-04  0.6096E-04  0.1605E-05  0.6588E-01
   16.0-    19 8  0.1958E-01   0.000       0.000      0.5835E-06  0.3014E-06   0.000      0.9727E-06  0.1958E-01
   17.0+    14 1  0.4344       0.000       0.000      0.7922E-04  0.2362E-04   0.000      0.2681E-03  0.4340    
   17.0+    16 2  0.1278       0.000      0.3377E-04  0.2712E-04  0.1957E-04  0.1837E-03  0.6535E-05  0.1275    
   17.0+    16 3  0.1281       0.000      0.1701E-04  0.1879E-04  0.1637E-04  0.9253E-04  0.1776E-04  0.1280    
   17.0+    16 4  0.1285       0.000      0.1904E-04  0.3516E-04  0.7851E-05  0.1036E-03  0.1647E-04  0.1283    
   17.0+    18 5  0.3806E-01   0.000      0.1727E-05  0.1923E-05  0.1107E-05  0.9510E-05  0.1989E-05  0.3805E-01
   17.0+    18 6  0.3810E-01   0.000      0.1943E-05  0.3547E-05  0.3873E-05  0.1070E-04  0.1847E-05  0.3808E-01
   17.0+    18 7  0.3814E-01   0.000      0.3872E-05  0.5350E-05  0.6794E-05  0.2132E-04  0.5627E-06  0.3810E-01
   17.0+    20 8  0.1132E-01   0.000       0.000      0.2028E-06  0.1058E-06   0.000      0.3384E-06  0.1132E-01
   17.0-    15 1  0.2350       0.000      0.4970E-04  0.5496E-04  0.3304E-04  0.2682E-03  0.5522E-04  0.2345    
   17.0-    15 2  0.2362       0.000      0.2993E-04  0.4082E-06  0.3661E-04  0.1615E-03  0.6873E-04  0.2359    
   17.0-    17 3  0.6975E-01   0.000      0.8092E-05  0.1335E-04  0.6959E-05  0.4430E-04  0.4158E-05  0.6968E-01
   17.0-    17 4  0.6987E-01   0.000      0.5767E-05  0.8741E-05  0.2704E-05  0.3157E-04  0.5720E-05  0.6981E-01
   17.0-    17 5  0.6998E-01   0.000      0.9097E-05  0.2076E-04  0.1930E-04  0.4980E-04  0.3511E-05  0.6988E-01
   17.0-    19 6  0.2076E-01   0.000      0.2769E-06  0.6857E-08  0.4277E-06  0.1534E-05  0.8470E-06  0.2076E-01
   17.0-    19 7  0.2077E-01   0.000      0.6518E-06  0.1166E-05  0.1276E-05  0.3611E-05  0.5975E-06  0.2077E-01
   18.0+    16 1  0.1354       0.000      0.1737E-04  0.1905E-04  0.1144E-04  0.9450E-04  0.1918E-04  0.1353    
   18.0+    16 2  0.1359       0.000      0.1034E-04  0.1255E-06  0.1241E-04  0.5623E-04  0.2394E-04  0.1357    
   18.0+    18 3  0.4024E-01   0.000      0.2821E-05  0.4644E-05  0.2399E-05  0.1554E-04  0.1438E-05  0.4021E-01
   18.0+    18 4  0.4028E-01   0.000      0.2002E-05  0.3020E-05  0.9359E-06  0.1102E-04  0.1987E-05  0.4026E-01
   18.0+    18 5  0.4031E-01   0.000      0.3149E-05  0.7172E-05  0.6674E-05  0.1734E-04  0.1225E-05  0.4028E-01
   18.0+    20 6  0.1197E-01   0.000      0.9659E-07  0.2144E-08  0.1461E-06  0.5386E-06  0.2933E-06  0.1197E-01
   18.0+    20 7  0.1197E-01   0.000      0.2254E-06  0.4052E-06  0.4448E-06  0.1257E-05  0.2075E-06  0.1197E-01
   18.0-    15 1  0.2497       0.000       0.000      0.2762E-04  0.8176E-05   0.000      0.9375E-04  0.2495    
   18.0-    17 2  0.7374E-01   0.000      0.1176E-04  0.9383E-05  0.6773E-05  0.6439E-04  0.2257E-05  0.7364E-01
   18.0-    17 3  0.7386E-01   0.000      0.5918E-05  0.6572E-05  0.5611E-05  0.3240E-04  0.6166E-05  0.7380E-01
   18.0-    17 4  0.7398E-01   0.000      0.6580E-05  0.1210E-04  0.2631E-05  0.3602E-04  0.5737E-05  0.7392E-01
   18.0-    19 5  0.2195E-01   0.000      0.6027E-06  0.6733E-06  0.3903E-06  0.3339E-05  0.6888E-06  0.2194E-01
   18.0-    19 6  0.2196E-01   0.000      0.6736E-06  0.1224E-05  0.1337E-05  0.3731E-05  0.6420E-06  0.2195E-01
   18.0-    19 7  0.2197E-01   0.000      0.1343E-05  0.1857E-05  0.2364E-05  0.7437E-05  0.1965E-06  0.2196E-01
   18.0-    21 8  0.6523E-02   0.000       0.000      0.7019E-07  0.3697E-07   0.000      0.1170E-06  0.6523E-02
   19.0+    16 1  0.1432       0.000       0.000      0.9557E-05  0.2815E-05   0.000      0.3250E-04  0.1431    
   19.0+    18 2  0.4241E-01   0.000      0.4082E-05  0.3236E-05  0.2340E-05  0.2248E-04  0.7775E-06  0.4238E-01
   19.0+    18 3  0.4245E-01   0.000      0.2051E-05  0.2287E-05  0.1922E-05  0.1130E-04  0.2133E-05  0.4243E-01
   19.0+    18 4  0.4249E-01   0.000      0.2268E-05  0.4145E-05  0.8838E-06  0.1249E-04  0.1992E-05  0.4247E-01
   19.0+    20 5  0.1262E-01   0.000      0.2093E-06  0.2346E-06  0.1371E-06  0.1167E-05  0.2376E-06  0.1261E-01
   19.0+    20 6  0.1262E-01   0.000      0.2325E-06  0.4211E-06  0.4607E-06  0.1296E-05  0.2222E-06  0.1262E-01
   19.0+    20 7  0.1262E-01   0.000      0.4635E-06  0.6431E-06  0.8211E-06  0.2584E-05  0.6827E-07  0.1262E-01
   19.0+    22 8  0.3746E-02   0.000       0.000      0.2420E-07  0.1285E-07   0.000      0.4029E-07  0.3746E-02
   19.0-    17 1  0.7785E-01   0.000      0.6039E-05  0.6570E-05  0.3951E-05  0.3306E-04  0.6631E-05  0.7779E-01
   19.0-    17 2  0.7798E-01   0.000      0.3557E-05  0.3869E-07  0.4201E-05  0.1947E-04  0.8299E-05  0.7795E-01
   19.0-    19 3  0.2314E-01   0.000      0.9801E-06  0.1610E-05  0.8255E-06  0.5430E-05  0.4961E-06  0.2313E-01
   19.0-    19 4  0.2315E-01   0.000      0.6927E-06  0.1041E-05  0.3235E-06  0.3837E-05  0.6882E-06  0.2314E-01
   19.0-    19 5  0.2316E-01   0.000      0.1087E-05  0.2472E-05  0.2303E-05  0.6023E-05  0.4257E-06  0.2315E-01
   19.0-    21 6  0.6876E-02   0.000      0.3349E-07  0.6711E-09  0.4975E-07  0.1878E-06  0.1010E-06  0.6876E-02
   19.0-    21 7  0.6877E-02   0.000      0.7756E-07  0.1403E-06  0.1545E-06  0.4350E-06  0.7168E-07  0.6876E-02
   20.0+    18 1  0.4463E-01   0.000      0.2092E-05  0.2260E-05  0.1363E-05  0.1152E-04  0.2286E-05  0.4461E-01
   20.0+    18 2  0.4467E-01   0.000      0.1221E-05  0.1196E-07  0.1424E-05  0.6725E-05  0.2869E-05  0.4466E-01
   20.0+    20 3  0.1326E-01   0.000      0.3389E-06  0.5558E-06  0.2831E-06  0.1890E-05  0.1705E-06  0.1326E-01
   20.0+    20 4  0.1327E-01   0.000      0.2388E-06  0.3580E-06  0.1116E-06  0.1331E-05  0.2373E-06  0.1326E-01
   20.0+    20 5  0.1327E-01   0.000      0.3739E-06  0.8502E-06  0.7938E-06  0.2085E-05  0.1473E-06  0.1327E-01
   20.0+    22 6  0.3938E-02   0.000      0.1155E-07  0.2102E-09  0.1685E-07  0.6499E-07  0.3465E-07  0.3938E-02
   20.0+    22 7  0.3938E-02   0.000      0.2657E-07  0.4836E-07  0.5337E-07  0.1495E-06  0.2464E-07  0.3938E-02
   20.0-    17 1  0.8198E-01   0.000       0.000      0.3294E-05  0.9678E-06   0.000      0.1122E-04  0.8197E-01
   20.0-    19 2  0.2432E-01   0.000      0.1412E-05  0.1112E-05  0.8064E-06  0.7822E-05  0.2671E-06  0.2431E-01
   20.0-    19 3  0.2434E-01   0.000      0.7091E-06  0.7929E-06  0.6581E-06  0.3928E-05  0.7362E-06  0.2433E-01
   20.0-    19 4  0.2435E-01   0.000      0.7801E-06  0.1419E-05  0.2973E-06  0.4322E-05  0.6894E-06  0.2434E-01
   20.0-    21 5  0.7229E-02   0.000      0.7226E-07  0.8136E-07  0.4792E-07  0.4053E-06  0.8152E-07  0.7228E-02
   20.0-    21 6  0.7230E-02   0.000      0.7985E-07  0.1445E-06  0.1583E-06  0.4479E-06  0.7648E-07  0.7229E-02
   20.0-    21 7  0.7231E-02   0.000      0.1592E-06  0.2219E-06  0.2843E-06  0.8931E-06  0.2359E-07  0.7230E-02
   20.0-    23 8  0.2144E-02   0.000       0.000      0.8311E-08  0.4435E-08   0.000      0.1383E-07  0.2144E-02
   21.0+    18 1  0.4685E-01   0.000       0.000      0.1132E-05  0.3326E-06   0.000      0.3863E-05  0.4685E-01
   21.0+    20 2  0.1391E-01   0.000      0.4864E-06  0.3812E-06  0.2767E-06  0.2712E-05  0.9146E-07  0.1391E-01
   21.0+    20 3  0.1391E-01   0.000      0.2442E-06  0.2739E-06  0.2248E-06  0.1361E-05  0.2531E-06  0.1391E-01
   21.0+    20 4  0.1392E-01   0.000      0.2674E-06  0.4847E-06  0.9995E-07  0.1491E-05  0.2377E-06  0.1392E-01
   21.0+    22 5  0.4130E-02   0.000      0.2483E-07  0.2808E-07  0.1665E-07  0.1397E-06  0.2786E-07  0.4130E-02
   21.0+    22 6  0.4130E-02   0.000      0.2731E-07  0.4940E-07  0.5414E-07  0.1537E-06  0.2621E-07  0.4130E-02
   21.0+    22 7  0.4131E-02   0.000      0.5447E-07  0.7629E-07  0.9795E-07  0.3065E-06  0.8112E-08  0.4130E-02
   21.0+    24 8  0.1223E-02   0.000       0.000      0.2846E-08  0.1523E-08   0.000      0.4738E-08  0.1223E-02
   21.0-    19 1  0.2552E-01   0.000      0.7227E-06  0.7752E-06  0.4690E-06  0.4004E-05  0.7861E-06  0.2552E-01
   21.0-    19 2  0.2554E-01   0.000      0.4186E-06  0.3710E-08  0.4832E-06  0.2319E-05  0.9894E-06  0.2553E-01
   21.0-    21 3  0.7581E-02   0.000      0.1166E-06  0.1912E-06  0.9663E-07  0.6540E-06  0.5830E-07  0.7580E-02
   21.0-    21 4  0.7583E-02   0.000      0.8189E-07  0.1227E-06  0.3838E-07  0.4593E-06  0.8145E-07  0.7582E-02
   21.0-    21 5  0.7584E-02   0.000      0.1280E-06  0.2916E-06  0.2729E-06  0.7181E-06  0.5071E-07  0.7583E-02
   21.0-    23 6  0.2249E-02   0.000      0.3972E-08  0.6591E-10  0.5682E-08  0.2232E-07  0.1185E-07  0.2248E-02
   21.0-    23 7  0.2249E-02   0.000      0.9079E-08  0.1661E-07  0.1833E-07  0.5103E-07  0.8448E-08  0.2249E-02
   22.0+    20 1  0.1456E-01   0.000      0.2487E-06  0.2651E-06  0.1607E-06  0.1387E-05  0.2694E-06  0.1456E-01
   22.0+    20 2  0.1457E-01   0.000      0.1430E-06  0.1153E-08  0.1638E-06  0.7975E-06  0.3399E-06  0.1456E-01
   22.0+    22 3  0.4322E-02   0.000      0.3993E-07  0.6549E-07  0.3279E-07  0.2247E-06  0.1986E-07  0.4322E-02
   22.0+    22 4  0.4322E-02   0.000      0.2797E-07  0.4192E-07  0.1313E-07  0.1574E-06  0.2784E-07  0.4322E-02
   22.0+    22 5  0.4323E-02   0.000      0.4366E-07  0.9965E-07  0.9338E-07  0.2456E-06  0.1738E-07  0.4322E-02
   22.0+    24 6  0.1280E-02   0.000      0.1364E-08  0.2069E-10  0.1910E-08  0.7633E-08  0.4050E-08  0.1280E-02
   22.0+    24 7  0.1280E-02   0.000      0.3099E-08  0.5689E-08  0.6267E-08  0.1735E-07  0.2893E-08  0.1280E-02
   22.0-    19 1  0.2672E-01   0.000       0.000      0.3883E-06  0.1140E-06   0.000      0.1327E-05  0.2672E-01
   22.0-    21 2  0.7934E-02   0.000      0.1668E-06  0.1301E-06  0.9443E-07  0.9353E-06  0.3118E-07  0.7933E-02
   22.0-    21 3  0.7935E-02   0.000      0.8366E-07  0.9426E-07  0.7645E-07  0.4693E-06  0.8659E-07  0.7934E-02
   22.0-    21 4  0.7937E-02   0.000      0.9126E-07  0.1652E-06  0.3350E-07  0.5119E-06  0.8155E-07  0.7936E-02
   22.0-    23 5  0.2353E-02   0.000      0.8511E-08  0.9650E-08  0.5746E-08  0.4784E-07  0.9501E-08  0.2353E-02
   22.0-    23 6  0.2353E-02   0.000      0.9320E-08  0.1684E-07  0.1842E-07  0.5238E-07  0.8962E-08  0.2353E-02
   22.0-    23 7  0.2353E-02   0.000      0.1859E-07  0.2614E-07  0.3356E-07  0.1045E-06  0.2782E-08  0.2353E-02
   22.0-    25 8  0.6963E-03   0.000       0.000      0.9724E-09  0.5210E-09   0.000      0.1622E-08  0.6963E-03
   23.0+    20 1  0.1521E-01   0.000       0.000      0.1327E-06  0.3894E-07   0.000      0.4546E-06  0.1521E-01
   23.0+    22 2  0.4514E-02   0.000      0.5693E-07  0.4425E-07  0.3203E-07  0.3203E-06  0.1059E-07  0.4514E-02
   23.0+    22 3  0.4515E-02   0.000      0.2856E-07  0.3231E-07  0.2586E-07  0.1607E-06  0.2952E-07  0.4514E-02
   23.0+    22 4  0.4515E-02   0.000      0.3103E-07  0.5617E-07  0.1118E-07  0.1746E-06  0.2787E-07  0.4515E-02
   23.0+    24 5  0.1337E-02   0.000      0.2913E-08  0.3305E-08  0.1973E-08  0.1631E-07  0.3237E-08  0.1337E-02
   23.0+    24 6  0.1337E-02   0.000      0.3177E-08  0.5728E-08  0.6243E-08  0.1779E-07  0.3061E-08  0.1337E-02
   23.0+    24 7  0.1337E-02   0.000      0.6339E-08  0.8933E-08  0.1145E-07  0.3549E-07  0.9530E-09  0.1337E-02
   23.0+    26 8  0.3952E-03   0.000       0.000      0.3316E-09  0.1775E-09   0.000      0.5552E-09  0.3952E-03
   23.0-    21 1  0.8288E-02   0.000      0.8516E-07  0.9032E-07  0.5478E-07  0.4777E-06  0.9192E-07  0.8287E-02
   23.0-    21 2  0.8289E-02   0.000      0.4867E-07  0.3585E-09  0.5539E-07  0.2730E-06  0.1163E-06  0.8289E-02
   23.0-    23 3  0.2458E-02   0.000      0.1364E-07  0.2236E-07  0.1107E-07  0.7669E-07  0.6753E-08  0.2458E-02
   23.0-    23 4  0.2458E-02   0.000      0.9536E-08  0.1428E-07  0.4471E-08  0.5360E-07  0.9493E-08  0.2458E-02
   23.0-    23 5  0.2458E-02   0.000      0.1486E-07  0.3396E-07  0.3179E-07  0.8352E-07  0.5944E-08  0.2458E-02
   23.0-    25 6  0.7272E-03   0.000      0.4677E-09  0.6500E-11  0.6414E-09  0.2604E-08  0.1383E-08  0.7272E-03
   23.0-    25 7  0.7272E-03   0.000      0.1057E-08  0.1944E-08  0.2135E-08  0.5888E-08  0.9896E-09  0.7272E-03
   24.0+    22 1  0.4707E-02   0.000      0.2905E-07  0.3067E-07  0.1856E-07  0.1634E-06  0.3125E-07  0.4706E-02
   24.0+    22 2  0.4707E-02   0.000      0.1651E-07  0.1115E-09  0.1864E-07  0.9288E-07  0.3962E-07  0.4707E-02
   24.0+    24 3  0.1394E-02   0.000      0.4657E-08  0.7610E-08  0.3727E-08  0.2607E-07  0.2295E-08  0.1394E-02
   24.0+    24 4  0.1394E-02   0.000      0.3248E-08  0.4851E-08  0.1517E-08  0.1818E-07  0.3234E-08  0.1394E-02
   24.0+    24 5  0.1394E-02   0.000      0.5054E-08  0.1155E-07  0.1078E-07  0.2829E-07  0.2030E-08  0.1394E-02
   24.0+    26 6  0.4120E-03   0.000      0.1603E-09  0.2046E-11  0.2154E-09  0.8878E-09  0.4719E-09  0.4120E-03
   24.0+    26 7  0.4120E-03   0.000      0.3606E-09  0.6628E-09  0.7250E-09  0.1998E-08  0.3384E-09  0.4120E-03
   24.0-    21 1  0.8642E-02   0.000       0.000      0.4522E-07  0.1322E-07   0.000      0.1550E-06  0.8642E-02
   24.0-    23 2  0.2562E-02   0.000      0.1940E-07  0.1500E-07  0.1081E-07  0.1090E-06  0.3592E-08  0.2562E-02
   24.0-    23 3  0.2562E-02   0.000      0.9726E-08  0.1103E-07  0.8709E-08  0.5467E-07  0.1004E-07  0.2562E-02
   24.0-    23 4  0.2563E-02   0.000      0.1053E-07  0.1905E-07  0.3720E-08  0.5921E-07  0.9502E-08  0.2562E-02
   24.0-    25 5  0.7582E-03   0.000      0.9964E-09  0.1129E-08  0.6750E-09  0.5548E-08  0.1102E-08  0.7581E-03
   24.0-    25 6  0.7582E-03   0.000      0.1083E-08  0.1944E-08  0.2111E-08  0.6030E-08  0.1045E-08  0.7582E-03
   24.0-    25 7  0.7582E-03   0.000      0.2161E-08  0.3046E-08  0.3892E-08  0.1203E-07  0.3262E-09  0.7582E-03
   24.0-    27 8  0.2238E-03   0.000       0.000      0.1131E-09  0.6020E-10   0.000      0.1898E-09  0.2238E-03
   25.0+    22 1  0.4899E-02   0.000       0.000      0.1535E-07  0.4466E-08   0.000      0.5269E-07  0.4899E-02
   25.0+    24 2  0.1451E-02   0.000      0.6603E-08  0.5074E-08  0.3637E-08  0.3696E-07  0.1218E-08  0.1451E-02
   25.0+    24 3  0.1451E-02   0.000      0.3310E-08  0.3757E-08  0.2924E-08  0.1853E-07  0.3413E-08  0.1451E-02
   25.0+    24 4  0.1451E-02   0.000      0.3574E-08  0.6446E-08  0.1235E-08  0.2001E-07  0.3237E-08  0.1451E-02
   25.0+    26 5  0.4289E-03   0.000      0.3406E-09  0.3846E-09  0.2300E-09  0.1887E-08  0.3753E-09  0.4289E-03
   25.0+    26 6  0.4289E-03   0.000      0.3689E-09  0.6589E-09  0.7119E-09  0.2043E-08  0.3565E-09  0.4289E-03
   25.0+    26 7  0.4289E-03   0.000      0.7363E-09  0.1037E-08  0.1319E-08  0.4078E-08  0.1116E-09  0.4289E-03
   25.0+    28 8  0.1265E-03   0.000       0.000      0.3862E-10  0.2034E-10   0.000      0.6483E-10  0.1265E-03
   25.0-    23 1  0.2667E-02   0.000      0.9889E-08  0.1038E-07  0.6257E-08  0.5558E-07  0.1061E-07  0.2667E-02
   25.0-    23 2  0.2667E-02   0.000      0.5590E-08  0.3473E-10  0.6247E-08  0.3142E-07  0.1347E-07  0.2667E-02
   25.0-    25 3  0.7891E-03   0.000      0.1589E-08  0.2584E-08  0.1253E-08  0.8846E-08  0.7796E-09  0.7891E-03
   25.0-    25 4  0.7891E-03   0.000      0.1106E-08  0.1645E-08  0.5135E-09  0.6158E-08  0.1102E-08  0.7891E-03
   25.0-    25 5  0.7891E-03   0.000      0.1719E-08  0.3918E-08  0.3647E-08  0.9570E-08  0.6931E-09  0.7891E-03
   25.0-    27 6  0.2329E-03   0.000      0.5488E-10  0.6457E-12  0.7236E-10  0.3024E-09  0.1610E-09  0.2329E-03
   25.0-    27 7  0.2329E-03   0.000      0.1229E-09  0.2260E-09  0.2452E-09  0.6775E-09  0.1156E-09  0.2329E-03
   26.0+    24 1  0.1508E-02   0.000      0.3364E-08  0.3507E-08  0.2103E-08  0.1883E-07  0.3598E-08  0.1508E-02
   26.0+    24 2  0.1508E-02   0.000      0.1892E-08  0.1082E-10  0.2088E-08  0.1059E-07  0.4579E-08  0.1508E-02
   26.0+    26 3  0.4457E-03   0.000      0.5418E-09  0.8759E-09  0.4210E-09  0.3001E-08  0.2649E-09  0.4457E-03
   26.0+    26 4  0.4457E-03   0.000      0.3764E-09  0.5570E-09  0.1736E-09  0.2085E-08  0.3751E-09  0.4457E-03
   26.0+    26 5  0.4457E-03   0.000      0.5843E-09  0.1328E-08  0.1230E-08  0.3237E-08  0.2365E-09  0.4457E-03
   26.0+    28 6  0.1314E-03   0.000      0.1877E-10  0.2048E-12  0.2430E-10  0.1029E-09  0.5486E-10  0.1314E-03
   26.0+    28 7  0.1314E-03   0.000      0.4187E-10  0.7720E-10  0.8266E-10  0.2296E-09  0.3946E-10  0.1314E-03
   26.0-    23 1  0.2772E-02   0.000       0.000      0.5197E-08  0.1501E-08   0.000      0.1787E-07  0.2772E-02
   26.0-    25 2  0.8200E-03   0.000      0.2247E-08  0.1712E-08  0.1222E-08  0.1251E-07  0.4128E-09  0.8200E-03
   26.0-    25 3  0.8201E-03   0.000      0.1126E-08  0.1276E-08  0.9806E-09  0.6271E-08  0.1160E-08  0.8200E-03
   26.0-    25 4  0.8201E-03   0.000      0.1213E-08  0.2178E-08  0.4099E-09  0.6753E-08  0.1102E-08  0.8201E-03
   26.0-    27 5  0.2421E-03   0.000      0.1163E-09  0.1309E-09  0.7808E-10  0.6412E-09  0.1278E-09  0.2421E-03
   26.0-    27 6  0.2421E-03   0.000      0.1256E-09  0.2233E-09  0.2395E-09  0.6923E-09  0.1216E-09  0.2421E-03
   26.0-    27 7  0.2421E-03   0.000      0.2508E-09  0.3529E-09  0.4452E-09  0.1382E-08  0.3813E-10  0.2421E-03
   26.0-    29 8  0.7130E-04   0.000       0.000      0.1323E-10  0.6870E-11   0.000      0.2210E-10  0.7130E-04
   27.0+    24 1  0.1565E-02   0.000       0.000      0.1755E-08  0.5030E-09   0.000      0.6061E-08  0.1565E-02
   27.0+    26 2  0.4625E-03   0.000      0.7646E-09  0.5767E-09  0.4105E-09  0.4235E-08  0.1399E-09  0.4625E-03
   27.0+    26 3  0.4625E-03   0.000      0.3831E-09  0.4328E-09  0.3289E-09  0.2122E-08  0.3942E-09  0.4625E-03
   27.0+    26 4  0.4625E-03   0.000      0.4115E-09  0.7351E-09  0.1362E-09  0.2279E-08  0.3754E-09  0.4625E-03
   27.0+    28 5  0.1364E-03   0.000      0.3970E-10  0.4461E-10  0.2641E-10  0.2177E-09  0.4345E-10  0.1364E-03
   27.0+    28 6  0.1364E-03   0.000      0.4275E-10  0.7587E-10  0.8037E-10  0.2344E-09  0.4142E-10  0.1364E-03
   27.0+    28 7  0.1364E-03   0.000      0.8534E-10  0.1204E-09  0.1499E-09  0.4680E-09  0.1302E-10  0.1364E-03
   27.0+    30 8  0.4013E-04   0.000       0.000      0.4534E-11  0.2325E-11   0.000      0.7520E-11  0.4013E-04
   27.0-    25 1  0.8510E-03   0.000      0.1144E-08  0.1182E-08  0.7058E-09  0.6370E-08  0.1220E-08  0.8510E-03
   27.0-    25 2  0.8510E-03   0.000      0.6407E-09  0.3377E-11  0.6977E-09  0.3567E-08  0.1556E-08  0.8510E-03
   27.0-    27 3  0.2512E-03   0.000      0.1847E-09  0.2967E-09  0.1415E-09  0.1018E-08  0.8996E-10  0.2512E-03
   27.0-    27 4  0.2512E-03   0.000      0.1281E-09  0.1886E-09  0.5855E-10  0.7059E-09  0.1277E-09  0.2512E-03
   27.0-    27 5  0.2512E-03   0.000      0.1986E-09  0.4499E-09  0.4136E-09  0.1094E-08  0.8066E-10  0.2512E-03
   27.0-    29 6  0.7399E-04   0.000      0.6407E-11  0.6529E-13  0.8160E-11  0.3499E-10  0.1867E-10  0.7399E-04
   27.0-    29 7  0.7399E-04   0.000      0.1424E-10  0.2644E-10  0.2785E-10  0.7776E-10  0.1345E-10  0.7399E-04
   28.0+    26 1  0.4793E-03   0.000      0.3890E-09  0.3976E-09  0.2369E-09  0.2155E-08  0.4139E-09  0.4793E-03
   28.0+    26 2  0.4793E-03   0.000      0.2169E-09  0.1055E-11  0.2332E-09  0.1202E-08  0.5287E-09  0.4793E-03
   28.0+    28 3  0.1413E-03   0.000      0.6288E-10  0.1007E-09  0.4758E-10  0.3448E-09  0.3054E-10  0.1413E-03
   28.0+    28 4  0.1413E-03   0.000      0.4355E-10  0.6398E-10  0.1972E-10  0.2388E-09  0.4342E-10  0.1413E-03
   28.0+    28 5  0.1413E-03   0.000      0.6746E-10  0.1528E-09  0.1387E-09  0.3699E-09  0.2748E-10  0.1413E-03
   28.0+    30 6  0.4159E-04   0.000      0.2182E-11  0.2088E-13  0.2739E-11  0.1191E-10  0.6339E-11  0.4159E-04
   28.0+    30 7  0.4159E-04   0.000      0.4832E-11  0.9063E-11  0.9407E-11  0.2636E-10  0.4573E-11  0.4159E-04
   28.0-    25 1  0.8820E-03   0.000       0.000      0.5914E-09  0.1684E-09   0.000      0.2055E-08  0.8820E-03
   28.0-    27 2  0.2603E-03   0.000      0.2601E-09  0.1941E-09  0.1379E-09  0.1433E-08  0.4743E-10  0.2603E-03
   28.0-    27 3  0.2603E-03   0.000      0.1303E-09  0.1467E-09  0.1104E-09  0.7180E-09  0.1339E-09  0.2603E-03
   28.0-    27 4  0.2603E-03   0.000      0.1396E-09  0.2482E-09  0.4529E-10  0.7692E-09  0.1278E-09  0.2603E-03
   28.0-    29 5  0.7669E-04   0.000      0.1352E-10  0.1523E-10  0.8930E-11  0.7387E-10  0.1475E-10  0.7669E-04
   28.0-    29 6  0.7669E-04   0.000      0.1452E-10  0.2584E-10  0.2697E-10  0.7933E-10  0.1409E-10  0.7669E-04
   28.0-    29 7  0.7669E-04   0.000      0.2900E-10  0.4117E-10  0.5043E-10  0.1584E-09  0.4437E-11  0.7669E-04
   28.0-    31 8  0.2254E-04   0.000       0.000      0.1550E-11  0.7894E-12   0.000      0.2554E-11  0.2254E-04
   29.0+    26 1  0.4961E-03   0.000       0.000      0.1990E-09  0.5636E-10   0.000      0.6969E-09  0.4961E-03
   29.0+    28 2  0.1463E-03   0.000      0.8839E-10  0.6544E-10  0.4635E-10  0.4847E-09  0.1607E-10  0.1463E-03
   29.0+    28 3  0.1463E-03   0.000      0.4428E-10  0.4977E-10  0.3703E-10  0.2428E-09  0.4548E-10  0.1463E-03
   29.0+    28 4  0.1463E-03   0.000      0.4733E-10  0.8401E-10  0.1507E-10  0.2595E-09  0.4345E-10  0.1463E-03
   29.0+    30 5  0.4305E-04   0.000      0.4599E-11  0.5198E-11  0.3024E-11  0.2509E-10  0.5002E-11  0.4305E-04
   29.0+    30 6  0.4305E-04   0.000      0.4927E-11  0.8810E-11  0.9066E-11  0.2688E-10  0.4783E-11  0.4305E-04
   29.0+    30 7  0.4305E-04   0.000      0.9837E-11  0.1409E-10  0.1701E-10  0.5367E-10  0.1509E-11  0.4305E-04
   29.0+    32 8  0.1264E-04   0.000       0.000      0.5269E-12  0.2684E-12   0.000      0.8654E-12  0.1264E-04
   29.0-    27 1  0.2695E-03   0.000      0.1322E-09  0.1337E-09  0.7953E-10  0.7287E-09  0.1404E-09  0.2695E-03
   29.0-    27 2  0.2695E-03   0.000      0.7347E-10  0.3301E-12  0.7800E-10  0.4049E-09  0.1796E-09  0.2695E-03
   29.0-    29 3  0.7938E-04   0.000      0.2138E-10  0.3422E-10  0.1598E-10  0.1168E-09  0.1035E-10  0.7938E-04
   29.0-    29 4  0.7938E-04   0.000      0.1479E-10  0.2176E-10  0.6638E-11  0.8077E-10  0.1475E-10  0.7938E-04
   29.0-    29 5  0.7938E-04   0.000      0.2288E-10  0.5204E-10  0.4652E-10  0.1250E-09  0.9350E-11  0.7938E-04
   29.0-    31 6  0.2333E-04   0.000      0.7421E-12  0.6679E-14  0.9179E-12  0.4055E-11  0.2149E-11  0.2333E-04
   29.0-    31 7  0.2333E-04   0.000      0.1638E-11  0.3099E-11  0.3186E-11  0.8950E-11  0.1552E-11  0.2333E-04
   30.0+    28 1  0.1513E-03   0.000      0.4492E-10  0.4502E-10  0.2670E-10  0.2463E-09  0.4759E-10  0.1513E-03
   30.0+    28 2  0.1513E-03   0.000      0.2487E-10  0.1037E-12  0.2609E-10  0.1363E-09  0.6096E-10  0.1513E-03
   30.0+    30 3  0.4451E-04   0.000      0.7257E-11  0.1164E-10  0.5357E-11  0.3959E-10  0.3503E-11  0.4451E-04
   30.0+    30 4  0.4451E-04   0.000      0.5013E-11  0.7406E-11  0.2236E-11  0.2735E-10  0.4999E-11  0.4451E-04
   30.0+    30 5  0.4451E-04   0.000      0.7749E-11  0.1774E-10  0.1563E-10  0.4228E-10  0.3175E-11  0.4451E-04
   30.0+    32 6  0.1307E-04   0.000      0.2516E-12  0.2128E-14  0.3063E-12  0.1380E-11  0.7270E-12  0.1307E-04
   30.0+    32 7  0.1307E-04   0.000      0.5536E-12  0.1053E-11  0.1080E-11  0.3035E-11  0.5257E-12  0.1307E-04
   30.0-    27 1  0.2786E-03   0.000       0.000      0.6690E-10  0.1888E-10   0.000      0.2363E-09  0.2786E-03
   30.0-    29 2  0.8207E-04   0.000      0.3000E-10  0.2209E-10  0.1556E-10  0.1639E-09  0.5439E-11  0.8207E-04
   30.0-    29 3  0.8207E-04   0.000      0.1503E-10  0.1692E-10  0.1242E-10  0.8207E-10  0.1542E-10  0.8207E-04
   30.0-    29 4  0.8207E-04   0.000      0.1603E-10  0.2852E-10  0.5015E-11  0.8754E-10  0.1475E-10  0.8207E-04
   30.0-    31 5  0.2412E-04   0.000      0.1561E-11  0.1769E-11  0.1027E-11  0.8530E-11  0.1693E-11  0.2412E-04
   30.0-    31 6  0.2412E-04   0.000      0.1668E-11  0.2996E-11  0.3054E-11  0.9118E-11  0.1621E-11  0.2412E-04
   30.0-    31 7  0.2412E-04   0.000      0.3332E-11  0.4812E-11  0.5752E-11  0.1821E-10  0.5126E-12  0.2412E-04
   30.0-    33 8  0.7079E-05   0.000       0.000      0.1776E-12  0.9110E-13   0.000      0.2916E-12  0.7079E-05
   31.0+    28 1  0.1562E-03   0.000       0.000      0.2252E-10  0.6325E-11   0.000      0.8008E-10  0.1562E-03
   31.0+    30 2  0.4596E-04   0.000      0.1017E-10  0.7461E-11  0.5209E-11  0.5546E-10  0.1838E-11  0.4596E-04
   31.0+    30 3  0.4596E-04   0.000      0.5091E-11  0.5756E-11  0.4160E-11  0.2777E-10  0.5221E-11  0.4596E-04
   31.0+    30 4  0.4596E-04   0.000      0.5419E-11  0.9693E-11  0.1667E-11  0.2956E-10  0.5002E-11  0.4596E-04
   31.0+    32 5  0.1350E-04   0.000      0.5285E-12  0.5974E-12  0.3486E-12  0.2897E-11  0.5718E-12  0.1350E-04
   31.0+    32 6  0.1350E-04   0.000      0.5637E-12  0.1013E-11  0.1029E-11  0.3090E-11  0.5483E-12  0.1350E-04
   31.0+    32 7  0.1350E-04   0.000      0.1126E-11  0.1634E-11  0.1948E-11  0.6171E-11  0.1736E-12  0.1350E-04
   31.0+    34 8  0.3958E-05   0.000       0.000      0.5921E-13  0.3074E-13   0.000      0.9717E-13  0.3958E-05
   31.0-    29 1  0.8476E-04   0.000      0.1524E-10  0.1519E-10  0.8956E-11  0.8323E-10  0.1611E-10  0.8476E-04
   31.0-    29 2  0.8476E-04   0.000      0.8407E-11  0.3273E-13  0.8729E-11  0.4592E-10  0.2067E-10  0.8476E-04
   31.0-    31 3  0.2492E-04   0.000      0.2459E-11  0.3946E-11  0.1785E-11  0.1344E-10  0.1184E-11  0.2492E-04
   31.0-    31 4  0.2492E-04   0.000      0.1697E-11  0.2514E-11  0.7527E-12  0.9272E-11  0.1692E-11  0.2492E-04
   31.0-    31 5  0.2492E-04   0.000      0.2620E-11  0.6033E-11  0.5268E-11  0.1432E-10  0.1076E-11  0.2492E-04
   31.0-    33 6  0.7311E-05   0.000      0.8484E-13  0.6736E-15  0.1014E-12  0.4660E-12  0.2445E-12  0.7311E-05
   31.0-    33 7  0.7311E-05   0.000      0.1861E-12  0.3550E-12  0.3655E-12  0.1022E-11  0.1770E-12  0.7311E-05
   32.0+    30 1  0.4742E-04   0.000      0.5161E-11  0.5124E-11  0.2996E-11  0.2815E-10  0.5448E-11  0.4742E-04
   32.0+    30 2  0.4742E-04   0.000      0.2838E-11  0.1035E-13  0.2919E-11  0.1549E-10  0.6996E-11  0.4742E-04
   32.0+    32 3  0.1393E-04   0.000      0.8313E-12  0.1329E-11  0.5843E-12  0.4557E-11  0.3993E-12  0.1393E-04
   32.0+    32 4  0.1393E-04   0.000      0.5729E-12  0.8482E-12  0.2520E-12  0.3140E-11  0.5715E-12  0.1393E-04
   32.0+    32 5  0.1393E-04   0.000      0.8841E-12  0.2040E-11  0.1777E-11  0.4846E-11  0.3641E-12  0.1393E-04
   32.0+    34 6  0.4083E-05   0.000      0.2831E-13  0.2114E-15  0.3324E-13  0.1554E-12  0.8142E-13  0.4083E-05
   32.0+    34 7  0.4083E-05   0.000      0.6190E-13  0.1184E-12  0.1229E-12  0.3399E-12  0.5895E-13  0.4083E-05
   32.0-    29 1  0.8745E-04   0.000       0.000      0.7598E-11  0.2117E-11   0.000      0.2711E-10  0.8745E-04
   32.0-    31 2  0.2571E-04   0.000      0.3439E-11  0.2512E-11  0.1732E-11  0.1880E-10  0.6202E-12  0.2571E-04
   32.0-    31 3  0.2571E-04   0.000      0.1722E-11  0.1952E-11  0.1388E-11  0.9412E-11  0.1765E-11  0.2571E-04
   32.0-    31 4  0.2571E-04   0.000      0.1830E-11  0.3287E-11  0.5522E-12  0.1000E-10  0.1693E-11  0.2571E-04
   32.0-    33 5  0.7543E-05   0.000      0.1779E-12  0.1993E-12  0.1181E-12  0.9771E-12  0.1920E-12  0.7543E-05
   32.0-    33 6  0.7543E-05   0.000      0.1894E-12  0.3391E-12  0.3455E-12  0.1040E-11  0.1844E-12  0.7543E-05
   32.0-    33 7  0.7543E-05   0.000      0.3783E-12  0.5500E-12  0.6581E-12  0.2077E-11  0.5848E-13  0.7543E-05
   32.0-    35 8  0.2210E-05   0.000       0.000      0.1950E-13  0.1026E-13   0.000      0.3184E-13  0.2210E-05
   33.0+    30 1  0.4888E-04   0.000       0.000      0.2563E-11  0.7063E-12   0.000      0.9162E-11  0.4888E-04
   33.0+    32 2  0.1436E-04   0.000      0.1161E-11  0.8380E-12  0.5592E-12  0.6364E-11  0.2088E-12  0.1436E-04
   33.0+    32 3  0.1436E-04   0.000      0.5813E-12  0.6571E-12  0.4576E-12  0.3186E-11  0.5953E-12  0.1436E-04
   33.0+    32 4  0.1436E-04   0.000      0.6165E-12  0.1108E-11  0.1800E-12  0.3379E-11  0.5718E-12  0.1436E-04
   33.0+    34 5  0.4209E-05   0.000      0.5927E-13  0.6518E-13  0.3974E-13  0.3253E-12  0.6381E-13  0.4209E-05
   33.0+    34 6  0.4209E-05   0.000      0.6294E-13  0.1122E-12  0.1152E-12  0.3456E-12  0.6136E-13  0.4209E-05
   33.0+    34 7  0.4209E-05   0.000      0.1258E-12  0.1832E-12  0.2210E-12  0.6905E-12  0.1949E-13  0.4209E-05
   33.0+    36 8  0.1232E-05   0.000       0.000      0.6329E-14  0.3371E-14   0.000      0.1020E-13  0.1232E-05
   33.0-    31 1  0.2650E-04   0.000      0.1745E-11  0.1723E-11  0.9970E-12  0.9538E-11  0.1839E-11  0.2650E-04
   33.0-    31 2  0.2650E-04   0.000      0.9571E-12  0.3270E-14  0.9747E-12  0.5231E-11  0.2365E-11  0.2650E-04
   33.0-    33 3  0.7775E-05   0.000      0.2795E-12  0.4426E-12  0.1950E-12  0.1535E-11  0.1339E-12  0.7775E-05
   33.0-    33 4  0.7775E-05   0.000      0.1924E-12  0.2834E-12  0.8459E-13  0.1057E-11  0.1920E-12  0.7775E-05
   33.0-    33 5  0.7775E-05   0.000      0.2967E-12  0.6834E-12  0.5979E-12  0.1629E-11  0.1224E-12  0.7775E-05
   33.0-    35 6  0.2278E-05   0.000      0.9281E-14  0.6563E-16  0.1073E-13  0.5088E-13  0.2663E-13  0.2278E-05
   33.0-    35 7  0.2278E-05   0.000      0.2026E-13  0.3898E-13  0.4088E-13  0.1110E-12  0.1932E-13  0.2278E-05
   34.0+    32 1  0.1478E-04   0.000      0.5889E-12  0.5751E-12  0.3291E-12  0.3228E-11  0.6196E-12  0.1478E-04
   34.0+    32 2  0.1478E-04   0.000      0.3220E-12  0.1027E-14  0.3240E-12  0.1765E-11  0.7975E-12  0.1478E-04
   34.0+    34 3  0.4335E-05   0.000      0.9294E-13  0.1454E-12  0.6301E-13  0.5102E-12  0.4443E-13  0.4335E-05
   34.0+    34 4  0.4335E-05   0.000      0.6392E-13  0.9357E-13  0.2799E-13  0.3509E-12  0.6379E-13  0.4335E-05
   34.0+    34 5  0.4335E-05   0.000      0.9849E-13  0.2265E-12  0.1999E-12  0.5407E-12  0.4073E-13  0.4335E-05
   34.0+    36 6  0.1269E-05   0.000      0.2984E-14  0.2011E-16  0.3403E-14  0.1633E-13  0.8540E-14  0.1269E-05
   34.0+    36 7  0.1269E-05   0.000      0.6494E-14  0.1265E-13  0.1338E-13  0.3557E-13  0.6202E-14  0.1269E-05
   34.0-    31 1  0.2729E-04   0.000       0.000      0.8621E-12  0.2343E-12   0.000      0.3092E-11  0.2729E-04
   34.0-    33 2  0.8007E-05   0.000      0.3898E-12  0.2766E-12  0.1872E-12  0.2140E-11  0.6996E-13  0.8007E-05
   34.0-    33 3  0.8007E-05   0.000      0.1951E-12  0.2189E-12  0.1516E-12  0.1072E-11  0.1997E-12  0.8007E-05
   34.0-    33 4  0.8007E-05   0.000      0.2066E-12  0.3704E-12  0.5952E-13  0.1135E-11  0.1921E-12  0.8007E-05
   34.0-    35 5  0.2346E-05   0.000      0.1941E-13  0.2132E-13  0.1322E-13  0.1064E-12  0.2086E-13  0.2346E-05
   34.0-    35 6  0.2346E-05   0.000      0.2058E-13  0.3677E-13  0.3799E-13  0.1128E-12  0.2007E-13  0.2346E-05
   34.0-    35 7  0.2346E-05   0.000      0.4112E-13  0.6028E-13  0.7344E-13  0.2254E-12  0.6384E-14  0.2346E-05
   34.0-    37 8  0.6862E-06   0.000       0.000      0.2015E-14  0.1084E-14   0.000      0.3215E-14  0.6862E-06
   35.0+    32 1  0.1521E-04   0.000       0.000      0.2877E-12  0.7705E-13   0.000      0.1041E-11  0.1521E-04
   35.0+    34 2  0.4460E-05   0.000      0.1295E-12  0.8981E-13  0.6088E-13  0.7106E-12  0.2319E-13  0.4460E-05
   35.0+    34 3  0.4460E-05   0.000      0.6481E-13  0.7188E-13  0.4923E-13  0.3558E-12  0.6628E-13  0.4460E-05
   35.0+    34 4  0.4460E-05   0.000      0.6851E-13  0.1225E-12  0.1916E-13  0.3761E-12  0.6381E-13  0.4460E-05
   35.0+    36 5  0.1306E-05   0.000      0.6230E-14  0.6850E-14  0.4328E-14  0.3412E-13  0.6681E-14  0.1306E-05
   35.0+    36 6  0.1306E-05   0.000      0.6596E-14  0.1188E-13  0.1232E-13  0.3611E-13  0.6441E-14  0.1306E-05
   35.0+    36 7  0.1306E-05   0.000      0.1318E-13  0.1954E-13  0.2401E-13  0.7218E-13  0.2050E-14  0.1306E-05
   35.0+    38 8  0.3817E-06   0.000       0.000      0.6290E-15  0.3404E-15   0.000      0.9868E-15  0.3817E-06
   35.0-    33 1  0.8239E-05   0.000      0.1976E-12  0.1895E-12  0.1071E-12  0.1085E-11  0.2076E-12  0.8239E-05
   35.0-    33 2  0.8239E-05   0.000      0.1078E-12  0.3190E-15  0.1069E-12  0.5920E-12  0.2675E-12  0.8239E-05
   35.0-    35 3  0.2414E-05   0.000      0.3041E-13  0.4691E-13  0.1860E-13  0.1667E-12  0.1451E-13  0.2414E-05
   35.0-    35 4  0.2414E-05   0.000      0.2089E-13  0.3043E-13  0.9050E-14  0.1145E-12  0.2085E-13  0.2414E-05
   35.0-    35 5  0.2414E-05   0.000      0.3216E-13  0.7405E-13  0.6611E-13  0.1763E-12  0.1333E-13  0.2414E-05
   35.0-    37 6  0.7061E-06   0.000      0.9389E-15  0.6060E-17  0.1053E-14  0.5142E-14  0.2683E-14  0.7061E-06
   35.0-    37 7  0.7061E-06   0.000      0.2039E-14  0.4029E-14  0.4289E-14  0.1118E-13  0.1949E-14  0.7061E-06
   36.0+    34 1  0.4586E-05   0.000      0.6561E-13  0.6146E-13  0.3414E-13  0.3602E-12  0.6883E-13  0.4586E-05
   36.0+    34 2  0.4586E-05   0.000      0.3570E-13  0.9763E-16  0.3487E-13  0.1960E-12  0.8877E-13  0.4586E-05
   36.0+    36 3  0.1342E-05   0.000      0.9748E-14  0.1501E-13  0.5328E-14  0.5338E-13  0.4642E-14  0.1342E-05
   36.0+    36 4  0.1342E-05   0.000      0.6692E-14  0.9786E-14  0.2897E-14  0.3663E-13  0.6679E-14  0.1342E-05
   36.0+    36 5  0.1342E-05   0.000      0.1030E-13  0.2388E-13  0.2152E-13  0.5639E-13  0.4274E-14  0.1342E-05
   36.0+    38 6  0.3925E-06   0.000      0.2894E-15  0.1790E-17  0.3170E-15  0.1586E-14  0.8168E-15  0.3925E-06
   36.0+    38 7  0.3925E-06   0.000      0.6257E-15  0.1257E-14  0.1342E-14  0.3440E-14  0.5986E-15  0.3925E-06
   36.0-    33 1  0.8471E-05   0.000       0.000      0.9479E-13  0.2509E-13   0.000      0.3489E-12  0.8471E-05
   36.0-    35 2  0.2482E-05   0.000      0.4229E-13  0.2844E-13  0.1786E-13  0.2318E-12  0.7561E-14  0.2482E-05
   36.0-    35 3  0.2482E-05   0.000      0.2118E-13  0.2320E-13  0.1517E-13  0.1161E-12  0.2164E-13  0.2482E-05
   36.0-    35 4  0.2482E-05   0.000      0.2235E-13  0.3994E-13  0.5814E-14  0.1225E-12  0.2086E-13  0.2482E-05
   36.0-    37 5  0.7260E-06   0.000      0.1958E-14  0.2126E-14  0.1387E-14  0.1074E-13  0.2096E-14  0.7260E-06
   36.0-    37 6  0.7260E-06   0.000      0.2070E-14  0.3754E-14  0.3914E-14  0.1136E-13  0.2022E-14  0.7260E-06
   36.0-    37 7  0.7260E-06   0.000      0.4137E-14  0.6222E-14  0.7688E-14  0.2265E-13  0.6447E-15  0.7260E-06
   36.0-    39 8  0.2121E-06   0.000       0.000      0.1902E-15  0.1044E-15   0.000      0.2955E-15  0.2121E-06
   37.0+    34 1  0.4712E-05   0.000       0.000      0.3073E-13  0.7833E-14   0.000      0.1157E-12  0.4712E-05
   37.0+    36 2  0.1379E-05   0.000      0.1354E-13  0.9044E-14  0.5438E-14  0.7416E-13  0.2417E-14  0.1379E-05
   37.0+    36 3  0.1379E-05   0.000      0.6778E-14  0.7418E-14  0.4598E-14  0.3711E-13  0.6926E-14  0.1379E-05
   37.0+    36 4  0.1379E-05   0.000      0.7147E-14  0.1286E-13  0.1542E-14  0.3912E-13  0.6681E-14  0.1379E-05
   37.0+    38 5  0.4032E-06   0.000      0.6001E-15  0.6520E-15  0.4342E-15  0.3299E-14  0.6439E-15  0.4032E-06
   37.0+    38 6  0.4032E-06   0.000      0.6341E-15  0.1177E-14  0.1214E-14  0.3476E-14  0.6201E-15  0.4032E-06
   37.0+    38 7  0.4032E-06   0.000      0.1266E-14  0.1938E-14  0.2401E-14  0.6953E-14  0.1979E-15  0.4032E-06
   37.0+    40 8  0.1177E-06   0.000       0.000      0.5605E-16  0.3117E-16   0.000      0.7631E-16  0.1177E-06
   37.0-    35 1  0.2550E-05   0.000      0.2142E-13  0.1952E-13  0.1012E-13  0.1175E-12  0.2245E-13  0.2550E-05
   37.0-    35 2  0.2550E-05   0.000      0.1163E-13  0.2926E-16  0.1119E-13  0.6377E-13  0.2898E-13  0.2550E-05
   37.0-    37 3  0.7459E-06   0.000      0.3060E-14  0.4661E-14  0.1795E-14  0.1679E-13  0.1454E-14  0.7459E-06
   37.0-    37 4  0.7459E-06   0.000      0.2099E-14  0.3076E-14  0.9103E-15  0.1151E-13  0.2096E-14  0.7459E-06
   37.0-    37 5  0.7459E-06   0.000      0.3228E-14  0.7558E-14  0.6858E-14  0.1772E-13  0.1343E-14  0.7459E-06
   37.0-    39 6  0.2179E-06   0.000      0.8623E-16  0.5125E-18  0.9564E-16  0.4745E-15  0.2379E-15  0.2179E-06
   37.0-    39 7  0.2179E-06   0.000      0.1846E-15  0.3817E-15  0.4099E-15  0.1031E-14  0.1812E-15  0.2179E-06
   38.0+    36 1  0.1416E-05   0.000      0.6860E-14  0.6161E-14  0.2792E-14  0.3757E-13  0.7177E-14  0.1416E-05
   38.0+    36 2  0.1416E-05   0.000      0.3716E-14  0.8794E-17  0.3535E-14  0.2035E-13  0.9274E-14  0.1416E-05
   38.0+    38 3  0.4140E-06   0.000      0.9358E-15  0.1499E-14  0.3735E-15  0.5146E-14  0.4458E-15  0.4140E-06
   38.0+    38 4  0.4140E-06   0.000      0.6435E-15  0.9461E-15  0.2637E-15  0.3531E-14  0.6422E-15  0.4140E-06
   38.0+    38 5  0.4140E-06   0.000      0.9898E-15  0.2334E-14  0.2138E-14  0.5412E-14  0.4115E-15  0.4140E-06
   38.0+    40 6  0.1209E-06   0.000      0.2285E-16  0.1429E-18  0.2544E-16  0.1410E-15  0.5916E-16  0.1209E-06
   38.0+    40 7  0.1209E-06   0.000      0.4667E-16  0.1113E-15  0.1229E-15  0.3025E-15  0.5027E-16  0.1209E-06
   38.0-    35 1  0.2618E-05   0.000       0.000      0.9825E-14  0.2375E-14   0.000      0.3772E-13  0.2618E-05
   38.0-    37 2  0.7658E-06   0.000      0.4248E-14  0.2769E-14  0.1750E-14  0.2331E-13  0.7564E-15  0.7658E-06
   38.0-    37 3  0.7658E-06   0.000      0.2126E-14  0.2310E-14  0.1588E-14  0.1167E-13  0.2171E-14  0.7658E-06
   38.0-    37 4  0.7658E-06   0.000      0.2238E-14  0.4056E-14  0.5871E-15  0.1228E-13  0.2096E-14  0.7658E-06
   38.0-    39 5  0.2237E-06   0.000      0.1825E-15  0.1617E-15  0.1330E-15  0.9877E-15  0.1893E-15  0.2237E-06
   38.0-    39 6  0.2237E-06   0.000      0.1890E-15  0.3238E-15  0.3725E-15  0.1047E-14  0.1860E-15  0.2237E-06
   38.0-    39 7  0.2237E-06   0.000      0.3818E-15  0.5875E-15  0.7325E-15  0.2082E-14  0.6023E-16  0.2237E-06
   38.0-    41 8  0.6528E-07   0.000       0.000      0.1529E-16  0.9113E-17   0.000      0.1440E-16  0.6528E-07
   39.0+    36 1  0.1453E-05   0.000       0.000      0.3099E-14  0.7949E-15   0.000      0.1205E-13  0.1453E-05
   39.0+    38 2  0.4247E-06   0.000      0.1298E-14  0.8201E-15  0.2181E-15  0.7147E-14  0.2316E-15  0.4247E-06
   39.0+    38 3  0.4247E-06   0.000      0.6518E-15  0.7180E-15  0.3114E-15  0.3576E-14  0.6646E-15  0.4247E-06
   39.0+    38 4  0.4247E-06   0.000      0.6833E-15  0.1256E-14  0.1013E-15  0.3769E-14  0.6420E-15  0.4247E-06
   39.0+    40 5  0.1240E-06   0.000      0.4056E-16  0.2655E-16  0.3825E-16  0.2934E-15  0.4855E-16  0.1240E-06
   39.0+    40 6  0.1240E-06   0.000      0.5038E-16  0.9048E-16  0.1141E-15  0.3066E-15  0.4805E-16  0.1240E-06
   39.0+    40 7  0.1240E-06   0.000      0.1049E-15  0.1734E-15  0.2158E-15  0.6128E-15  0.1723E-16  0.1240E-06
   39.0+    42 8  0.3616E-07   0.000       0.000      0.4648E-17  0.2628E-17   0.000      0.6351E-18  0.3616E-07
   39.0-    37 1  0.7856E-06   0.000      0.2150E-14  0.1886E-14  0.1022E-14  0.1179E-13  0.2247E-14  0.7856E-06
   39.0-    37 2  0.7856E-06   0.000      0.1162E-14  0.2549E-17  0.1100E-14  0.6371E-14  0.2906E-14  0.7856E-06
   39.0-    39 3  0.2295E-06   0.000      0.2833E-15  0.4226E-15  0.1132E-15  0.1553E-14  0.1345E-15  0.2295E-06
   39.0-    39 4  0.2295E-06   0.000      0.1940E-15  0.2811E-15  0.8789E-16  0.1064E-14  0.1935E-15  0.2295E-06
   39.0-    39 5  0.2295E-06   0.000      0.2960E-15  0.6926E-15  0.6491E-15  0.1634E-14  0.1241E-15  0.2295E-06
   39.0-    41 6  0.6697E-07   0.000      0.7267E-17  0.3969E-19  0.7690E-17  0.4032E-16  0.2035E-16  0.6697E-07
   39.0-    41 7  0.6697E-07   0.000      0.1604E-16  0.3233E-16  0.3546E-16  0.8870E-16  0.1506E-16  0.6697E-07
   40.0+    38 1  0.4355E-06   0.000      0.6603E-15  0.5604E-15  0.3074E-15  0.3622E-14  0.6904E-15  0.4355E-06
   40.0+    38 2  0.4355E-06   0.000      0.3565E-15  0.7037E-18  0.3306E-15  0.1954E-14  0.8925E-15  0.4355E-06
   40.0+    40 3  0.1271E-06   0.000      0.8544E-16  0.1177E-15  0.4547E-16  0.4541E-15  0.3947E-16  0.1271E-06
   40.0+    40 4  0.1271E-06   0.000      0.5741E-16  0.7911E-16  0.2809E-16  0.3121E-15  0.5790E-16  0.1271E-06
   40.0+    40 5  0.1271E-06   0.000      0.8842E-16  0.2057E-15  0.1929E-15  0.4768E-15  0.3703E-16  0.1271E-06
   40.0+    42 6  0.3708E-07   0.000      0.2235E-17  0.1081E-19  0.1579E-17  0.1096E-16  0.5427E-17  0.3708E-07
   40.0+    42 7  0.3708E-07   0.000      0.4626E-17  0.9026E-17  0.1038E-16  0.2339E-16  0.4580E-17  0.3708E-07
   40.0-    37 1  0.8055E-06   0.000       0.000      0.9352E-15  0.2249E-15   0.000      0.3775E-14  0.8055E-06
   40.0-    39 2  0.2353E-06   0.000      0.3927E-15  0.2218E-15  0.4760E-16  0.2152E-14  0.6990E-16  0.2353E-06
   40.0-    39 3  0.2353E-06   0.000      0.1960E-15  0.1930E-15  0.1060E-15  0.1077E-14  0.2001E-15  0.2353E-06
   40.0-    39 4  0.2353E-06   0.000      0.2074E-15  0.3748E-15  0.2759E-16  0.1131E-14  0.1937E-15  0.2353E-06
   40.0-    41 5  0.6867E-07   0.000      0.1502E-16  0.1470E-16  0.1132E-16  0.8404E-16  0.1594E-16  0.6867E-07
   40.0-    41 6  0.6867E-07   0.000      0.1566E-16  0.2851E-16  0.3044E-16  0.9040E-16  0.1563E-16  0.6867E-07
   40.0-    41 7  0.6867E-07   0.000      0.3121E-16  0.4975E-16  0.6339E-16  0.1803E-15  0.4913E-17  0.6867E-07
   40.0-    43 8  0.2001E-07   0.000       0.000      0.1083E-17  0.7446E-18   0.000      0.2037E-17  0.2001E-07
