# 181 angles,  1 tensor ranks for 0=projectile
@subtitle   "8Li(d,3He)7He @ 45 AMeV Daeh OMP (d) + Pang OMP (3He) and Ex = 17 MeV"         
@legend ON
@legend x1 0.2
@legend y1 0.8
@g0 type LOGY
@yaxis ticklabel format power
@legend string   0 "Lab energy =   90.0000"
#legend string   0 "Partition=  2 Excit=  1 near/far= 1"
#  Theta       sigma       iT11        T20         T21         T22         Kyy for projectile
   0.000       1.161    
   1.000       1.131    
   2.000       1.042    
   3.000      0.9064    
   4.000      0.7381    
   5.000      0.5560    
   6.000      0.3792    
   7.000      0.2253    
   8.000      0.1084    
   9.000      0.3730E-01
   10.00      0.1555E-01
   11.00      0.4106E-01
   12.00      0.1071    
   13.00      0.2037    
   14.00      0.3189    
   15.00      0.4405    
   16.00      0.5573    
   17.00      0.6602    
   18.00      0.7427    
   19.00      0.8011    
   20.00      0.8345    
   21.00      0.8445    
   22.00      0.8342    
   23.00      0.8079    
   24.00      0.7703    
   25.00      0.7260    
   26.00      0.6793    
   27.00      0.6333    
   28.00      0.5906    
   29.00      0.5525    
   30.00      0.5197    
   31.00      0.4920    
   32.00      0.4687    
   33.00      0.4490    
   34.00      0.4317    
   35.00      0.4157    
   36.00      0.4000    
   37.00      0.3840    
   38.00      0.3669    
   39.00      0.3486    
   40.00      0.3291    
   41.00      0.3084    
   42.00      0.2868    
   43.00      0.2647    
   44.00      0.2426    
   45.00      0.2207    
   46.00      0.1996    
   47.00      0.1795    
   48.00      0.1606    
   49.00      0.1432    
   50.00      0.1273    
   51.00      0.1130    
   52.00      0.1002    
   53.00      0.8890E-01
   54.00      0.7890E-01
   55.00      0.7011E-01
   56.00      0.6238E-01
   57.00      0.5558E-01
   58.00      0.4958E-01
   59.00      0.4426E-01
   60.00      0.3951E-01
   61.00      0.3524E-01
   62.00      0.3139E-01
   63.00      0.2789E-01
   64.00      0.2470E-01
   65.00      0.2178E-01
   66.00      0.1912E-01
   67.00      0.1670E-01
   68.00      0.1449E-01
   69.00      0.1250E-01
   70.00      0.1070E-01
   71.00      0.9101E-02
   72.00      0.7682E-02
   73.00      0.6435E-02
   74.00      0.5351E-02
   75.00      0.4417E-02
   76.00      0.3620E-02
   77.00      0.2949E-02
   78.00      0.2390E-02
   79.00      0.1930E-02
   80.00      0.1556E-02
   81.00      0.1256E-02
   82.00      0.1019E-02
   83.00      0.8350E-03
   84.00      0.6937E-03
   85.00      0.5871E-03
   86.00      0.5079E-03
   87.00      0.4499E-03
   88.00      0.4078E-03
   89.00      0.3773E-03
   90.00      0.3548E-03
   91.00      0.3377E-03
   92.00      0.3237E-03
   93.00      0.3113E-03
   94.00      0.2995E-03
   95.00      0.2874E-03
   96.00      0.2746E-03
   97.00      0.2609E-03
   98.00      0.2462E-03
   99.00      0.2307E-03
   100.0      0.2146E-03
   101.0      0.1979E-03
   102.0      0.1810E-03
   103.0      0.1641E-03
   104.0      0.1475E-03
   105.0      0.1313E-03
   106.0      0.1158E-03
   107.0      0.1011E-03
   108.0      0.8733E-04
   109.0      0.7459E-04
   110.0      0.6293E-04
   111.0      0.5241E-04
   112.0      0.4303E-04
   113.0      0.3480E-04
   114.0      0.2767E-04
   115.0      0.2161E-04
   116.0      0.1657E-04
   117.0      0.1248E-04
   118.0      0.9261E-05
   119.0      0.6845E-05
   120.0      0.5148E-05
   121.0      0.4085E-05
   122.0      0.3572E-05
   123.0      0.3527E-05
   124.0      0.3867E-05
   125.0      0.4515E-05
   126.0      0.5396E-05
   127.0      0.6439E-05
   128.0      0.7582E-05
   129.0      0.8766E-05
   130.0      0.9939E-05
   131.0      0.1106E-04
   132.0      0.1209E-04
   133.0      0.1299E-04
   134.0      0.1376E-04
   135.0      0.1436E-04
   136.0      0.1480E-04
   137.0      0.1507E-04
   138.0      0.1517E-04
   139.0      0.1511E-04
   140.0      0.1490E-04
   141.0      0.1456E-04
   142.0      0.1410E-04
   143.0      0.1353E-04
   144.0      0.1289E-04
   145.0      0.1218E-04
   146.0      0.1143E-04
   147.0      0.1065E-04
   148.0      0.9861E-05
   149.0      0.9075E-05
   150.0      0.8307E-05
   151.0      0.7567E-05
   152.0      0.6864E-05
   153.0      0.6205E-05
   154.0      0.5596E-05
   155.0      0.5040E-05
   156.0      0.4539E-05
   157.0      0.4094E-05
   158.0      0.3704E-05
   159.0      0.3369E-05
   160.0      0.3085E-05
   161.0      0.2850E-05
   162.0      0.2660E-05
   163.0      0.2512E-05
   164.0      0.2401E-05
   165.0      0.2324E-05
   166.0      0.2277E-05
   167.0      0.2254E-05
   168.0      0.2253E-05
   169.0      0.2269E-05
   170.0      0.2298E-05
   171.0      0.2337E-05
   172.0      0.2382E-05
   173.0      0.2430E-05
   174.0      0.2478E-05
   175.0      0.2523E-05
   176.0      0.2563E-05
   177.0      0.2597E-05
   178.0      0.2622E-05
   179.0      0.2637E-05
   180.0      0.2642E-05
 END
