# 181 angles,  1 tensor ranks for 0=projectile
@subtitle   "8Li(d,3He)7He @ 45 AMeV Daeh OMP (d) + Pang OMP (3He) and Ex = 17 MeV"         
@legend ON
@legend x1 0.2
@legend y1 0.8
@g0 type LOGY
@yaxis ticklabel format power
@legend string   0 "Lab energy =   90.0000"
#legend string   0 "Partition=  2 Excit=  2 near/far= 1"
#  Theta       sigma       iT11        T20         T21         T22         Kyy for projectile
   0.000      0.1264    
   1.000      0.1558    
   2.000      0.2403    
   3.000      0.3697    
   4.000      0.5285    
   5.000      0.6981    
   6.000      0.8595    
   7.000      0.9960    
   8.000       1.095    
   9.000       1.148    
   10.00       1.154    
   11.00       1.117    
   12.00       1.045    
   13.00      0.9500    
   14.00      0.8441    
   15.00      0.7394    
   16.00      0.6465    
   17.00      0.5728    
   18.00      0.5229    
   19.00      0.4978    
   20.00      0.4960    
   21.00      0.5135    
   22.00      0.5449    
   23.00      0.5841    
   24.00      0.6252    
   25.00      0.6630    
   26.00      0.6932    
   27.00      0.7129    
   28.00      0.7206    
   29.00      0.7160    
   30.00      0.6999    
   31.00      0.6740    
   32.00      0.6401    
   33.00      0.6007    
   34.00      0.5581    
   35.00      0.5143    
   36.00      0.4711    
   37.00      0.4299    
   38.00      0.3917    
   39.00      0.3570    
   40.00      0.3259    
   41.00      0.2985    
   42.00      0.2745    
   43.00      0.2533    
   44.00      0.2346    
   45.00      0.2178    
   46.00      0.2025    
   47.00      0.1882    
   48.00      0.1748    
   49.00      0.1619    
   50.00      0.1494    
   51.00      0.1372    
   52.00      0.1254    
   53.00      0.1140    
   54.00      0.1030    
   55.00      0.9251E-01
   56.00      0.8262E-01
   57.00      0.7338E-01
   58.00      0.6485E-01
   59.00      0.5705E-01
   60.00      0.4999E-01
   61.00      0.4367E-01
   62.00      0.3806E-01
   63.00      0.3312E-01
   64.00      0.2880E-01
   65.00      0.2505E-01
   66.00      0.2179E-01
   67.00      0.1899E-01
   68.00      0.1656E-01
   69.00      0.1446E-01
   70.00      0.1265E-01
   71.00      0.1107E-01
   72.00      0.9694E-02
   73.00      0.8485E-02
   74.00      0.7419E-02
   75.00      0.6475E-02
   76.00      0.5636E-02
   77.00      0.4890E-02
   78.00      0.4226E-02
   79.00      0.3636E-02
   80.00      0.3113E-02
   81.00      0.2652E-02
   82.00      0.2247E-02
   83.00      0.1894E-02
   84.00      0.1588E-02
   85.00      0.1325E-02
   86.00      0.1101E-02
   87.00      0.9126E-03
   88.00      0.7547E-03
   89.00      0.6240E-03
   90.00      0.5167E-03
   91.00      0.4294E-03
   92.00      0.3591E-03
   93.00      0.3027E-03
   94.00      0.2578E-03
   95.00      0.2221E-03
   96.00      0.1937E-03
   97.00      0.1711E-03
   98.00      0.1527E-03
   99.00      0.1376E-03
   100.0      0.1249E-03
   101.0      0.1140E-03
   102.0      0.1043E-03
   103.0      0.9560E-04
   104.0      0.8754E-04
   105.0      0.8000E-04
   106.0      0.7289E-04
   107.0      0.6617E-04
   108.0      0.5982E-04
   109.0      0.5385E-04
   110.0      0.4826E-04
   111.0      0.4308E-04
   112.0      0.3830E-04
   113.0      0.3395E-04
   114.0      0.3002E-04
   115.0      0.2652E-04
   116.0      0.2343E-04
   117.0      0.2074E-04
   118.0      0.1843E-04
   119.0      0.1648E-04
   120.0      0.1486E-04
   121.0      0.1356E-04
   122.0      0.1253E-04
   123.0      0.1175E-04
   124.0      0.1119E-04
   125.0      0.1082E-04
   126.0      0.1060E-04
   127.0      0.1051E-04
   128.0      0.1052E-04
   129.0      0.1060E-04
   130.0      0.1072E-04
   131.0      0.1087E-04
   132.0      0.1103E-04
   133.0      0.1116E-04
   134.0      0.1127E-04
   135.0      0.1134E-04
   136.0      0.1135E-04
   137.0      0.1131E-04
   138.0      0.1121E-04
   139.0      0.1106E-04
   140.0      0.1084E-04
   141.0      0.1057E-04
   142.0      0.1026E-04
   143.0      0.9897E-05
   144.0      0.9503E-05
   145.0      0.9081E-05
   146.0      0.8640E-05
   147.0      0.8187E-05
   148.0      0.7728E-05
   149.0      0.7270E-05
   150.0      0.6818E-05
   151.0      0.6379E-05
   152.0      0.5954E-05
   153.0      0.5548E-05
   154.0      0.5163E-05
   155.0      0.4801E-05
   156.0      0.4461E-05
   157.0      0.4145E-05
   158.0      0.3852E-05
   159.0      0.3582E-05
   160.0      0.3333E-05
   161.0      0.3105E-05
   162.0      0.2897E-05
   163.0      0.2707E-05
   164.0      0.2534E-05
   165.0      0.2377E-05
   166.0      0.2234E-05
   167.0      0.2106E-05
   168.0      0.1990E-05
   169.0      0.1886E-05
   170.0      0.1793E-05
   171.0      0.1711E-05
   172.0      0.1639E-05
   173.0      0.1577E-05
   174.0      0.1523E-05
   175.0      0.1479E-05
   176.0      0.1442E-05
   177.0      0.1415E-05
   178.0      0.1395E-05
   179.0      0.1383E-05
   180.0      0.1379E-05
 END
