# 181 angles,  1 tensor ranks for 0=projectile
@subtitle   "8Li(d,3He)7He @ 45 AMeV Daeh OMP (d) + Pang OMP (3He) and Ex = 17 MeV"         
@legend ON
@legend x1 0.2
@legend y1 0.8
@g0 type LOGY
@yaxis ticklabel format power
@legend string   0 "Lab energy =   90.0000"
#legend string   0 "Partition=  2 Excit=  3 near/far= 1"
#  Theta       sigma       iT11        T20         T21         T22         Kyy for projectile
   0.000      0.5240    
   1.000      0.5158    
   2.000      0.4926    
   3.000      0.4582    
   4.000      0.4179    
   5.000      0.3780    
   6.000      0.3446    
   7.000      0.3227    
   8.000      0.3152    
   9.000      0.3228    
   10.00      0.3440    
   11.00      0.3752    
   12.00      0.4116    
   13.00      0.4478    
   14.00      0.4787    
   15.00      0.5002    
   16.00      0.5093    
   17.00      0.5051    
   18.00      0.4878    
   19.00      0.4595    
   20.00      0.4230    
   21.00      0.3818    
   22.00      0.3394    
   23.00      0.2992    
   24.00      0.2640    
   25.00      0.2355    
   26.00      0.2147    
   27.00      0.2019    
   28.00      0.1964    
   29.00      0.1969    
   30.00      0.2020    
   31.00      0.2098    
   32.00      0.2187    
   33.00      0.2271    
   34.00      0.2337    
   35.00      0.2377    
   36.00      0.2384    
   37.00      0.2358    
   38.00      0.2298    
   39.00      0.2209    
   40.00      0.2095    
   41.00      0.1963    
   42.00      0.1819    
   43.00      0.1670    
   44.00      0.1521    
   45.00      0.1376    
   46.00      0.1239    
   47.00      0.1114    
   48.00      0.1000    
   49.00      0.8990E-01
   50.00      0.8104E-01
   51.00      0.7332E-01
   52.00      0.6664E-01
   53.00      0.6084E-01
   54.00      0.5578E-01
   55.00      0.5132E-01
   56.00      0.4732E-01
   57.00      0.4369E-01
   58.00      0.4032E-01
   59.00      0.3717E-01
   60.00      0.3417E-01
   61.00      0.3130E-01
   62.00      0.2856E-01
   63.00      0.2593E-01
   64.00      0.2342E-01
   65.00      0.2104E-01
   66.00      0.1880E-01
   67.00      0.1671E-01
   68.00      0.1478E-01
   69.00      0.1302E-01
   70.00      0.1142E-01
   71.00      0.9977E-02
   72.00      0.8697E-02
   73.00      0.7565E-02
   74.00      0.6574E-02
   75.00      0.5710E-02
   76.00      0.4961E-02
   77.00      0.4315E-02
   78.00      0.3758E-02
   79.00      0.3279E-02
   80.00      0.2865E-02
   81.00      0.2508E-02
   82.00      0.2198E-02
   83.00      0.1928E-02
   84.00      0.1691E-02
   85.00      0.1482E-02
   86.00      0.1296E-02
   87.00      0.1131E-02
   88.00      0.9833E-03
   89.00      0.8514E-03
   90.00      0.7335E-03
   91.00      0.6283E-03
   92.00      0.5351E-03
   93.00      0.4527E-03
   94.00      0.3807E-03
   95.00      0.3181E-03
   96.00      0.2644E-03
   97.00      0.2188E-03
   98.00      0.1806E-03
   99.00      0.1490E-03
   100.0      0.1233E-03
   101.0      0.1028E-03
   102.0      0.8673E-04
   103.0      0.7438E-04
   104.0      0.6511E-04
   105.0      0.5831E-04
   106.0      0.5344E-04
   107.0      0.5002E-04
   108.0      0.4765E-04
   109.0      0.4598E-04
   110.0      0.4473E-04
   111.0      0.4370E-04
   112.0      0.4272E-04
   113.0      0.4167E-04
   114.0      0.4050E-04
   115.0      0.3915E-04
   116.0      0.3763E-04
   117.0      0.3594E-04
   118.0      0.3410E-04
   119.0      0.3214E-04
   120.0      0.3012E-04
   121.0      0.2805E-04
   122.0      0.2598E-04
   123.0      0.2395E-04
   124.0      0.2199E-04
   125.0      0.2013E-04
   126.0      0.1838E-04
   127.0      0.1677E-04
   128.0      0.1530E-04
   129.0      0.1399E-04
   130.0      0.1284E-04
   131.0      0.1185E-04
   132.0      0.1101E-04
   133.0      0.1033E-04
   134.0      0.9799E-05
   135.0      0.9402E-05
   136.0      0.9133E-05
   137.0      0.8982E-05
   138.0      0.8937E-05
   139.0      0.8986E-05
   140.0      0.9115E-05
   141.0      0.9313E-05
   142.0      0.9566E-05
   143.0      0.9861E-05
   144.0      0.1019E-04
   145.0      0.1053E-04
   146.0      0.1088E-04
   147.0      0.1123E-04
   148.0      0.1157E-04
   149.0      0.1188E-04
   150.0      0.1217E-04
   151.0      0.1243E-04
   152.0      0.1264E-04
   153.0      0.1282E-04
   154.0      0.1294E-04
   155.0      0.1303E-04
   156.0      0.1307E-04
   157.0      0.1306E-04
   158.0      0.1301E-04
   159.0      0.1292E-04
   160.0      0.1279E-04
   161.0      0.1263E-04
   162.0      0.1244E-04
   163.0      0.1223E-04
   164.0      0.1199E-04
   165.0      0.1175E-04
   166.0      0.1149E-04
   167.0      0.1123E-04
   168.0      0.1097E-04
   169.0      0.1072E-04
   170.0      0.1047E-04
   171.0      0.1024E-04
   172.0      0.1002E-04
   173.0      0.9820E-05
   174.0      0.9643E-05
   175.0      0.9489E-05
   176.0      0.9361E-05
   177.0      0.9261E-05
   178.0      0.9188E-05
   179.0      0.9144E-05
   180.0      0.9129E-05
 END
