# Fusion cross sections for ELAB=  90.000, ECM=  71.940
     0.0  0.9919      0.9999      0.7967E-02
     1.0   8.910       8.999      0.8904E-01
     2.0   21.46       21.68      0.2169    
     3.0   34.67       34.98      0.3171    
     4.0   44.27       44.66      0.3882    
     5.0   52.89       53.35      0.4567    
     6.0   59.35       59.91      0.5566    
     7.0   62.16       62.86      0.6998    
     8.0   60.27       61.09      0.8186    
     9.0   53.79       54.61      0.8174    
    10.0   43.94       44.61      0.6700    
    11.0   32.67       33.11      0.4441    
    12.0   22.15       22.39      0.2394    
    13.0   13.96       14.07      0.1086    
    14.0   8.409       8.453      0.4365E-01
    15.0   4.949       4.965      0.1632E-01
    16.0   2.879       2.885      0.5865E-02
    17.0   1.665       1.667      0.2065E-02
    18.0  0.9590      0.9597      0.7201E-03
    19.0  0.5509      0.5512      0.2498E-03
    20.0  0.3157      0.3158      0.8641E-04
    21.0  0.1805      0.1805      0.2979E-04
    22.0  0.1029      0.1029      0.1023E-04
    23.0  0.5857E-01  0.5857E-01  0.3499E-05
    24.0  0.3325E-01  0.3325E-01  0.1191E-05
    25.0  0.1883E-01  0.1883E-01  0.4038E-06
    26.0  0.1065E-01  0.1065E-01  0.1367E-06
    27.0  0.6005E-02  0.6005E-02  0.4623E-07
    28.0  0.3381E-02  0.3381E-02  0.1564E-07
    29.0  0.1901E-02  0.1901E-02  0.5287E-08
    30.0  0.1066E-02  0.1066E-02  0.1788E-08
    31.0  0.5974E-03  0.5974E-03  0.6044E-09
    32.0  0.3342E-03  0.3342E-03  0.2042E-09
    33.0  0.1867E-03  0.1867E-03  0.6883E-10
    34.0  0.1041E-03  0.1041E-03  0.2309E-10
    35.0  0.5803E-04  0.5803E-04  0.7672E-11
    36.0  0.3229E-04  0.3229E-04  0.2512E-11
    37.0  0.1795E-04  0.1795E-04  0.8085E-12
    38.0  0.9967E-05  0.9967E-05  0.2556E-12
    39.0  0.5529E-05  0.5529E-05  0.7885E-13
    40.0  0.3064E-05  0.3064E-05  0.2391E-13
 &
