# 181 angles,  1 tensor ranks for 0=projectile
@subtitle   "8Li(d,3He)7He @ 45 AMeV Daeh OMP (d) + Pang OMP (3He) and Ex = 17 MeV"         
@legend ON
@legend x1 0.2
@legend y1 0.8
@g0 type LOGY
@yaxis ticklabel format power
@xaxis label "Scattering angle (degrees)"
@yaxis label "Cross section (mb/sr)"
@legend string   0 "Partition=  1 Excit=  1 near/far= 1"
#legend string   0 "Lab energy =   90.0000"
@s0 linestyle   1
#  Theta       sigma       iT11        T20         T21         T22         Kyy for projectile
  0.1000E-01   1.000    
   1.000      0.8374    
   2.000      0.6553    
   3.000       1.110    
   4.000       3.031    
   5.000       7.197    
   6.000       14.10    
   7.000       23.76    
   8.000       35.72    
   9.000       49.04    
   10.00       62.51    
   11.00       74.84    
   12.00       84.92    
   13.00       91.99    
   14.00       95.75    
   15.00       96.37    
   16.00       94.47    
   17.00       90.95    
   18.00       86.85    
   19.00       83.19    
   20.00       80.86    
   21.00       80.44    
   22.00       82.23    
   23.00       86.22    
   24.00       92.10    
   25.00       99.35    
   26.00       107.3    
   27.00       115.3    
   28.00       122.6    
   29.00       128.7    
   30.00       133.0    
   31.00       135.4    
   32.00       135.6    
   33.00       133.8    
   34.00       130.1    
   35.00       124.8    
   36.00       118.2    
   37.00       110.7    
   38.00       102.7    
   39.00       94.45    
   40.00       86.40    
   41.00       78.73    
   42.00       71.64    
   43.00       65.24    
   44.00       59.58    
   45.00       54.68    
   46.00       50.48    
   47.00       46.91    
   48.00       43.87    
   49.00       41.27    
   50.00       39.00    
   51.00       36.96    
   52.00       35.06    
   53.00       33.24    
   54.00       31.45    
   55.00       29.66    
   56.00       27.85    
   57.00       26.02    
   58.00       24.18    
   59.00       22.35    
   60.00       20.55    
   61.00       18.80    
   62.00       17.13    
   63.00       15.56    
   64.00       14.10    
   65.00       12.77    
   66.00       11.57    
   67.00       10.50    
   68.00       9.567    
   69.00       8.752    
   70.00       8.046    
   71.00       7.437    
   72.00       6.910    
   73.00       6.452    
   74.00       6.047    
   75.00       5.683    
   76.00       5.349    
   77.00       5.036    
   78.00       4.737    
   79.00       4.446    
   80.00       4.159    
   81.00       3.877    
   82.00       3.597    
   83.00       3.321    
   84.00       3.051    
   85.00       2.789    
   86.00       2.537    
   87.00       2.296    
   88.00       2.070    
   89.00       1.860    
   90.00       1.667    
   91.00       1.491    
   92.00       1.333    
   93.00       1.193    
   94.00       1.070    
   95.00      0.9629    
   96.00      0.8702    
   97.00      0.7906    
   98.00      0.7225    
   99.00      0.6643    
   100.0      0.6144    
   101.0      0.5713    
   102.0      0.5336    
   103.0      0.5002    
   104.0      0.4698    
   105.0      0.4418    
   106.0      0.4155    
   107.0      0.3903    
   108.0      0.3658    
   109.0      0.3420    
   110.0      0.3186    
   111.0      0.2956    
   112.0      0.2732    
   113.0      0.2513    
   114.0      0.2301    
   115.0      0.2098    
   116.0      0.1904    
   117.0      0.1722    
   118.0      0.1551    
   119.0      0.1392    
   120.0      0.1247    
   121.0      0.1114    
   122.0      0.9943E-01
   123.0      0.8872E-01
   124.0      0.7921E-01
   125.0      0.7082E-01
   126.0      0.6348E-01
   127.0      0.5708E-01
   128.0      0.5153E-01
   129.0      0.4673E-01
   130.0      0.4258E-01
   131.0      0.3898E-01
   132.0      0.3585E-01
   133.0      0.3312E-01
   134.0      0.3070E-01
   135.0      0.2855E-01
   136.0      0.2660E-01
   137.0      0.2482E-01
   138.0      0.2317E-01
   139.0      0.2162E-01
   140.0      0.2016E-01
   141.0      0.1876E-01
   142.0      0.1743E-01
   143.0      0.1614E-01
   144.0      0.1491E-01
   145.0      0.1372E-01
   146.0      0.1258E-01
   147.0      0.1149E-01
   148.0      0.1044E-01
   149.0      0.9453E-02
   150.0      0.8517E-02
   151.0      0.7637E-02
   152.0      0.6815E-02
   153.0      0.6053E-02
   154.0      0.5353E-02
   155.0      0.4717E-02
   156.0      0.4148E-02
   157.0      0.3647E-02
   158.0      0.3217E-02
   159.0      0.2858E-02
   160.0      0.2574E-02
   161.0      0.2364E-02
   162.0      0.2229E-02
   163.0      0.2168E-02
   164.0      0.2179E-02
   165.0      0.2260E-02
   166.0      0.2405E-02
   167.0      0.2610E-02
   168.0      0.2865E-02
   169.0      0.3163E-02
   170.0      0.3494E-02
   171.0      0.3845E-02
   172.0      0.4205E-02
   173.0      0.4561E-02
   174.0      0.4900E-02
   175.0      0.5210E-02
   176.0      0.5479E-02
   177.0      0.5700E-02
   178.0      0.5862E-02
   179.0      0.5962E-02
   180.0      0.5996E-02
 END
@legend string   1 "Partition=  2 Excit=  1 near/far= 1"
#legend string   0 "Lab energy =   90.0000"
@s1 linestyle   2
#  Theta       sigma       iT11        T20         T21         T22         Kyy for projectile
   0.000       1.161    
   1.000       1.131    
   2.000       1.042    
   3.000      0.9064    
   4.000      0.7381    
   5.000      0.5560    
   6.000      0.3792    
   7.000      0.2253    
   8.000      0.1084    
   9.000      0.3730E-01
   10.00      0.1555E-01
   11.00      0.4106E-01
   12.00      0.1071    
   13.00      0.2037    
   14.00      0.3189    
   15.00      0.4405    
   16.00      0.5573    
   17.00      0.6602    
   18.00      0.7427    
   19.00      0.8011    
   20.00      0.8345    
   21.00      0.8445    
   22.00      0.8342    
   23.00      0.8079    
   24.00      0.7703    
   25.00      0.7260    
   26.00      0.6793    
   27.00      0.6333    
   28.00      0.5906    
   29.00      0.5525    
   30.00      0.5197    
   31.00      0.4920    
   32.00      0.4687    
   33.00      0.4490    
   34.00      0.4317    
   35.00      0.4157    
   36.00      0.4000    
   37.00      0.3840    
   38.00      0.3669    
   39.00      0.3486    
   40.00      0.3291    
   41.00      0.3084    
   42.00      0.2868    
   43.00      0.2647    
   44.00      0.2426    
   45.00      0.2207    
   46.00      0.1996    
   47.00      0.1795    
   48.00      0.1606    
   49.00      0.1432    
   50.00      0.1273    
   51.00      0.1130    
   52.00      0.1002    
   53.00      0.8890E-01
   54.00      0.7890E-01
   55.00      0.7011E-01
   56.00      0.6238E-01
   57.00      0.5558E-01
   58.00      0.4958E-01
   59.00      0.4426E-01
   60.00      0.3951E-01
   61.00      0.3524E-01
   62.00      0.3139E-01
   63.00      0.2789E-01
   64.00      0.2470E-01
   65.00      0.2178E-01
   66.00      0.1912E-01
   67.00      0.1670E-01
   68.00      0.1449E-01
   69.00      0.1250E-01
   70.00      0.1070E-01
   71.00      0.9101E-02
   72.00      0.7682E-02
   73.00      0.6435E-02
   74.00      0.5351E-02
   75.00      0.4417E-02
   76.00      0.3620E-02
   77.00      0.2949E-02
   78.00      0.2390E-02
   79.00      0.1930E-02
   80.00      0.1556E-02
   81.00      0.1256E-02
   82.00      0.1019E-02
   83.00      0.8350E-03
   84.00      0.6937E-03
   85.00      0.5871E-03
   86.00      0.5079E-03
   87.00      0.4499E-03
   88.00      0.4078E-03
   89.00      0.3773E-03
   90.00      0.3548E-03
   91.00      0.3377E-03
   92.00      0.3237E-03
   93.00      0.3113E-03
   94.00      0.2995E-03
   95.00      0.2874E-03
   96.00      0.2746E-03
   97.00      0.2609E-03
   98.00      0.2462E-03
   99.00      0.2307E-03
   100.0      0.2146E-03
   101.0      0.1979E-03
   102.0      0.1810E-03
   103.0      0.1641E-03
   104.0      0.1475E-03
   105.0      0.1313E-03
   106.0      0.1158E-03
   107.0      0.1011E-03
   108.0      0.8733E-04
   109.0      0.7459E-04
   110.0      0.6293E-04
   111.0      0.5241E-04
   112.0      0.4303E-04
   113.0      0.3480E-04
   114.0      0.2767E-04
   115.0      0.2161E-04
   116.0      0.1657E-04
   117.0      0.1248E-04
   118.0      0.9261E-05
   119.0      0.6845E-05
   120.0      0.5148E-05
   121.0      0.4085E-05
   122.0      0.3572E-05
   123.0      0.3527E-05
   124.0      0.3867E-05
   125.0      0.4515E-05
   126.0      0.5396E-05
   127.0      0.6439E-05
   128.0      0.7582E-05
   129.0      0.8766E-05
   130.0      0.9939E-05
   131.0      0.1106E-04
   132.0      0.1209E-04
   133.0      0.1299E-04
   134.0      0.1376E-04
   135.0      0.1436E-04
   136.0      0.1480E-04
   137.0      0.1507E-04
   138.0      0.1517E-04
   139.0      0.1511E-04
   140.0      0.1490E-04
   141.0      0.1456E-04
   142.0      0.1410E-04
   143.0      0.1353E-04
   144.0      0.1289E-04
   145.0      0.1218E-04
   146.0      0.1143E-04
   147.0      0.1065E-04
   148.0      0.9861E-05
   149.0      0.9075E-05
   150.0      0.8307E-05
   151.0      0.7567E-05
   152.0      0.6864E-05
   153.0      0.6205E-05
   154.0      0.5596E-05
   155.0      0.5040E-05
   156.0      0.4539E-05
   157.0      0.4094E-05
   158.0      0.3704E-05
   159.0      0.3369E-05
   160.0      0.3085E-05
   161.0      0.2850E-05
   162.0      0.2660E-05
   163.0      0.2512E-05
   164.0      0.2401E-05
   165.0      0.2324E-05
   166.0      0.2277E-05
   167.0      0.2254E-05
   168.0      0.2253E-05
   169.0      0.2269E-05
   170.0      0.2298E-05
   171.0      0.2337E-05
   172.0      0.2382E-05
   173.0      0.2430E-05
   174.0      0.2478E-05
   175.0      0.2523E-05
   176.0      0.2563E-05
   177.0      0.2597E-05
   178.0      0.2622E-05
   179.0      0.2637E-05
   180.0      0.2642E-05
 END
@legend string   2 "Partition=  2 Excit=  2 near/far= 1"
#legend string   0 "Lab energy =   90.0000"
@s2 linestyle   3
#  Theta       sigma       iT11        T20         T21         T22         Kyy for projectile
   0.000      0.1264    
   1.000      0.1558    
   2.000      0.2403    
   3.000      0.3697    
   4.000      0.5285    
   5.000      0.6981    
   6.000      0.8595    
   7.000      0.9960    
   8.000       1.095    
   9.000       1.148    
   10.00       1.154    
   11.00       1.117    
   12.00       1.045    
   13.00      0.9500    
   14.00      0.8441    
   15.00      0.7394    
   16.00      0.6465    
   17.00      0.5728    
   18.00      0.5229    
   19.00      0.4978    
   20.00      0.4960    
   21.00      0.5135    
   22.00      0.5449    
   23.00      0.5841    
   24.00      0.6252    
   25.00      0.6630    
   26.00      0.6932    
   27.00      0.7129    
   28.00      0.7206    
   29.00      0.7160    
   30.00      0.6999    
   31.00      0.6740    
   32.00      0.6401    
   33.00      0.6007    
   34.00      0.5581    
   35.00      0.5143    
   36.00      0.4711    
   37.00      0.4299    
   38.00      0.3917    
   39.00      0.3570    
   40.00      0.3259    
   41.00      0.2985    
   42.00      0.2745    
   43.00      0.2533    
   44.00      0.2346    
   45.00      0.2178    
   46.00      0.2025    
   47.00      0.1882    
   48.00      0.1748    
   49.00      0.1619    
   50.00      0.1494    
   51.00      0.1372    
   52.00      0.1254    
   53.00      0.1140    
   54.00      0.1030    
   55.00      0.9251E-01
   56.00      0.8262E-01
   57.00      0.7338E-01
   58.00      0.6485E-01
   59.00      0.5705E-01
   60.00      0.4999E-01
   61.00      0.4367E-01
   62.00      0.3806E-01
   63.00      0.3312E-01
   64.00      0.2880E-01
   65.00      0.2505E-01
   66.00      0.2179E-01
   67.00      0.1899E-01
   68.00      0.1656E-01
   69.00      0.1446E-01
   70.00      0.1265E-01
   71.00      0.1107E-01
   72.00      0.9694E-02
   73.00      0.8485E-02
   74.00      0.7419E-02
   75.00      0.6475E-02
   76.00      0.5636E-02
   77.00      0.4890E-02
   78.00      0.4226E-02
   79.00      0.3636E-02
   80.00      0.3113E-02
   81.00      0.2652E-02
   82.00      0.2247E-02
   83.00      0.1894E-02
   84.00      0.1588E-02
   85.00      0.1325E-02
   86.00      0.1101E-02
   87.00      0.9126E-03
   88.00      0.7547E-03
   89.00      0.6240E-03
   90.00      0.5167E-03
   91.00      0.4294E-03
   92.00      0.3591E-03
   93.00      0.3027E-03
   94.00      0.2578E-03
   95.00      0.2221E-03
   96.00      0.1937E-03
   97.00      0.1711E-03
   98.00      0.1527E-03
   99.00      0.1376E-03
   100.0      0.1249E-03
   101.0      0.1140E-03
   102.0      0.1043E-03
   103.0      0.9560E-04
   104.0      0.8754E-04
   105.0      0.8000E-04
   106.0      0.7289E-04
   107.0      0.6617E-04
   108.0      0.5982E-04
   109.0      0.5385E-04
   110.0      0.4826E-04
   111.0      0.4308E-04
   112.0      0.3830E-04
   113.0      0.3395E-04
   114.0      0.3002E-04
   115.0      0.2652E-04
   116.0      0.2343E-04
   117.0      0.2074E-04
   118.0      0.1843E-04
   119.0      0.1648E-04
   120.0      0.1486E-04
   121.0      0.1356E-04
   122.0      0.1253E-04
   123.0      0.1175E-04
   124.0      0.1119E-04
   125.0      0.1082E-04
   126.0      0.1060E-04
   127.0      0.1051E-04
   128.0      0.1052E-04
   129.0      0.1060E-04
   130.0      0.1072E-04
   131.0      0.1087E-04
   132.0      0.1103E-04
   133.0      0.1116E-04
   134.0      0.1127E-04
   135.0      0.1134E-04
   136.0      0.1135E-04
   137.0      0.1131E-04
   138.0      0.1121E-04
   139.0      0.1106E-04
   140.0      0.1084E-04
   141.0      0.1057E-04
   142.0      0.1026E-04
   143.0      0.9897E-05
   144.0      0.9503E-05
   145.0      0.9081E-05
   146.0      0.8640E-05
   147.0      0.8187E-05
   148.0      0.7728E-05
   149.0      0.7270E-05
   150.0      0.6818E-05
   151.0      0.6379E-05
   152.0      0.5954E-05
   153.0      0.5548E-05
   154.0      0.5163E-05
   155.0      0.4801E-05
   156.0      0.4461E-05
   157.0      0.4145E-05
   158.0      0.3852E-05
   159.0      0.3582E-05
   160.0      0.3333E-05
   161.0      0.3105E-05
   162.0      0.2897E-05
   163.0      0.2707E-05
   164.0      0.2534E-05
   165.0      0.2377E-05
   166.0      0.2234E-05
   167.0      0.2106E-05
   168.0      0.1990E-05
   169.0      0.1886E-05
   170.0      0.1793E-05
   171.0      0.1711E-05
   172.0      0.1639E-05
   173.0      0.1577E-05
   174.0      0.1523E-05
   175.0      0.1479E-05
   176.0      0.1442E-05
   177.0      0.1415E-05
   178.0      0.1395E-05
   179.0      0.1383E-05
   180.0      0.1379E-05
 END
@legend string   3 "Partition=  2 Excit=  3 near/far= 1"
#legend string   0 "Lab energy =   90.0000"
@s3 linestyle   4
#  Theta       sigma       iT11        T20         T21         T22         Kyy for projectile
   0.000      0.5240    
   1.000      0.5158    
   2.000      0.4926    
   3.000      0.4582    
   4.000      0.4179    
   5.000      0.3780    
   6.000      0.3446    
   7.000      0.3227    
   8.000      0.3152    
   9.000      0.3228    
   10.00      0.3440    
   11.00      0.3752    
   12.00      0.4116    
   13.00      0.4478    
   14.00      0.4787    
   15.00      0.5002    
   16.00      0.5093    
   17.00      0.5051    
   18.00      0.4878    
   19.00      0.4595    
   20.00      0.4230    
   21.00      0.3818    
   22.00      0.3394    
   23.00      0.2992    
   24.00      0.2640    
   25.00      0.2355    
   26.00      0.2147    
   27.00      0.2019    
   28.00      0.1964    
   29.00      0.1969    
   30.00      0.2020    
   31.00      0.2098    
   32.00      0.2187    
   33.00      0.2271    
   34.00      0.2337    
   35.00      0.2377    
   36.00      0.2384    
   37.00      0.2358    
   38.00      0.2298    
   39.00      0.2209    
   40.00      0.2095    
   41.00      0.1963    
   42.00      0.1819    
   43.00      0.1670    
   44.00      0.1521    
   45.00      0.1376    
   46.00      0.1239    
   47.00      0.1114    
   48.00      0.1000    
   49.00      0.8990E-01
   50.00      0.8104E-01
   51.00      0.7332E-01
   52.00      0.6664E-01
   53.00      0.6084E-01
   54.00      0.5578E-01
   55.00      0.5132E-01
   56.00      0.4732E-01
   57.00      0.4369E-01
   58.00      0.4032E-01
   59.00      0.3717E-01
   60.00      0.3417E-01
   61.00      0.3130E-01
   62.00      0.2856E-01
   63.00      0.2593E-01
   64.00      0.2342E-01
   65.00      0.2104E-01
   66.00      0.1880E-01
   67.00      0.1671E-01
   68.00      0.1478E-01
   69.00      0.1302E-01
   70.00      0.1142E-01
   71.00      0.9977E-02
   72.00      0.8697E-02
   73.00      0.7565E-02
   74.00      0.6574E-02
   75.00      0.5710E-02
   76.00      0.4961E-02
   77.00      0.4315E-02
   78.00      0.3758E-02
   79.00      0.3279E-02
   80.00      0.2865E-02
   81.00      0.2508E-02
   82.00      0.2198E-02
   83.00      0.1928E-02
   84.00      0.1691E-02
   85.00      0.1482E-02
   86.00      0.1296E-02
   87.00      0.1131E-02
   88.00      0.9833E-03
   89.00      0.8514E-03
   90.00      0.7335E-03
   91.00      0.6283E-03
   92.00      0.5351E-03
   93.00      0.4527E-03
   94.00      0.3807E-03
   95.00      0.3181E-03
   96.00      0.2644E-03
   97.00      0.2188E-03
   98.00      0.1806E-03
   99.00      0.1490E-03
   100.0      0.1233E-03
   101.0      0.1028E-03
   102.0      0.8673E-04
   103.0      0.7438E-04
   104.0      0.6511E-04
   105.0      0.5831E-04
   106.0      0.5344E-04
   107.0      0.5002E-04
   108.0      0.4765E-04
   109.0      0.4598E-04
   110.0      0.4473E-04
   111.0      0.4370E-04
   112.0      0.4272E-04
   113.0      0.4167E-04
   114.0      0.4050E-04
   115.0      0.3915E-04
   116.0      0.3763E-04
   117.0      0.3594E-04
   118.0      0.3410E-04
   119.0      0.3214E-04
   120.0      0.3012E-04
   121.0      0.2805E-04
   122.0      0.2598E-04
   123.0      0.2395E-04
   124.0      0.2199E-04
   125.0      0.2013E-04
   126.0      0.1838E-04
   127.0      0.1677E-04
   128.0      0.1530E-04
   129.0      0.1399E-04
   130.0      0.1284E-04
   131.0      0.1185E-04
   132.0      0.1101E-04
   133.0      0.1033E-04
   134.0      0.9799E-05
   135.0      0.9402E-05
   136.0      0.9133E-05
   137.0      0.8982E-05
   138.0      0.8937E-05
   139.0      0.8986E-05
   140.0      0.9115E-05
   141.0      0.9313E-05
   142.0      0.9566E-05
   143.0      0.9861E-05
   144.0      0.1019E-04
   145.0      0.1053E-04
   146.0      0.1088E-04
   147.0      0.1123E-04
   148.0      0.1157E-04
   149.0      0.1188E-04
   150.0      0.1217E-04
   151.0      0.1243E-04
   152.0      0.1264E-04
   153.0      0.1282E-04
   154.0      0.1294E-04
   155.0      0.1303E-04
   156.0      0.1307E-04
   157.0      0.1306E-04
   158.0      0.1301E-04
   159.0      0.1292E-04
   160.0      0.1279E-04
   161.0      0.1263E-04
   162.0      0.1244E-04
   163.0      0.1223E-04
   164.0      0.1199E-04
   165.0      0.1175E-04
   166.0      0.1149E-04
   167.0      0.1123E-04
   168.0      0.1097E-04
   169.0      0.1072E-04
   170.0      0.1047E-04
   171.0      0.1024E-04
   172.0      0.1002E-04
   173.0      0.9820E-05
   174.0      0.9643E-05
   175.0      0.9489E-05
   176.0      0.9361E-05
   177.0      0.9261E-05
   178.0      0.9188E-05
   179.0      0.9144E-05
   180.0      0.9129E-05
 END
@legend string   4 "Partition=  2 Excit=  4 near/far= 1"
#legend string   0 "Lab energy =   90.0000"
@s4 linestyle   5
#  Theta       sigma       iT11        T20         T21         T22         Kyy for projectile
   0.000       11.22    
   1.000       11.01    
   2.000       10.39    
   3.000       9.440    
   4.000       8.231    
   5.000       6.878    
   6.000       5.494    
   7.000       4.188    
   8.000       3.048    
   9.000       2.135    
   10.00       1.483    
   11.00       1.092    
   12.00      0.9387    
   13.00      0.9780    
   14.00       1.154    
   15.00       1.409    
   16.00       1.684    
   17.00       1.934    
   18.00       2.124    
   19.00       2.233    
   20.00       2.254    
   21.00       2.190    
   22.00       2.054    
   23.00       1.864    
   24.00       1.642    
   25.00       1.406    
   26.00       1.174    
   27.00      0.9621    
   28.00      0.7782    
   29.00      0.6280    
   30.00      0.5127    
   31.00      0.4304    
   32.00      0.3766    
   33.00      0.3457    
   34.00      0.3314    
   35.00      0.3276    
   36.00      0.3289    
   37.00      0.3310    
   38.00      0.3307    
   39.00      0.3262    
   40.00      0.3166    
   41.00      0.3018    
   42.00      0.2827    
   43.00      0.2602    
   44.00      0.2357    
   45.00      0.2105    
   46.00      0.1859    
   47.00      0.1627    
   48.00      0.1418    
   49.00      0.1235    
   50.00      0.1080    
   51.00      0.9536E-01
   52.00      0.8529E-01
   53.00      0.7748E-01
   54.00      0.7152E-01
   55.00      0.6700E-01
   56.00      0.6350E-01
   57.00      0.6065E-01
   58.00      0.5815E-01
   59.00      0.5577E-01
   60.00      0.5334E-01
   61.00      0.5075E-01
   62.00      0.4797E-01
   63.00      0.4499E-01
   64.00      0.4186E-01
   65.00      0.3862E-01
   66.00      0.3534E-01
   67.00      0.3210E-01
   68.00      0.2896E-01
   69.00      0.2598E-01
   70.00      0.2319E-01
   71.00      0.2063E-01
   72.00      0.1831E-01
   73.00      0.1624E-01
   74.00      0.1441E-01
   75.00      0.1281E-01
   76.00      0.1141E-01
   77.00      0.1020E-01
   78.00      0.9141E-02
   79.00      0.8219E-02
   80.00      0.7409E-02
   81.00      0.6690E-02
   82.00      0.6044E-02
   83.00      0.5458E-02
   84.00      0.4920E-02
   85.00      0.4422E-02
   86.00      0.3958E-02
   87.00      0.3525E-02
   88.00      0.3120E-02
   89.00      0.2743E-02
   90.00      0.2393E-02
   91.00      0.2071E-02
   92.00      0.1777E-02
   93.00      0.1512E-02
   94.00      0.1274E-02
   95.00      0.1064E-02
   96.00      0.8811E-03
   97.00      0.7238E-03
   98.00      0.5907E-03
   99.00      0.4800E-03
   100.0      0.3895E-03
   101.0      0.3170E-03
   102.0      0.2603E-03
   103.0      0.2170E-03
   104.0      0.1850E-03
   105.0      0.1622E-03
   106.0      0.1466E-03
   107.0      0.1365E-03
   108.0      0.1305E-03
   109.0      0.1271E-03
   110.0      0.1255E-03
   111.0      0.1246E-03
   112.0      0.1238E-03
   113.0      0.1228E-03
   114.0      0.1211E-03
   115.0      0.1185E-03
   116.0      0.1151E-03
   117.0      0.1107E-03
   118.0      0.1055E-03
   119.0      0.9965E-04
   120.0      0.9317E-04
   121.0      0.8627E-04
   122.0      0.7912E-04
   123.0      0.7185E-04
   124.0      0.6461E-04
   125.0      0.5752E-04
   126.0      0.5069E-04
   127.0      0.4421E-04
   128.0      0.3813E-04
   129.0      0.3252E-04
   130.0      0.2739E-04
   131.0      0.2278E-04
   132.0      0.1870E-04
   133.0      0.1513E-04
   134.0      0.1206E-04
   135.0      0.9478E-05
   136.0      0.7358E-05
   137.0      0.5670E-05
   138.0      0.4380E-05
   139.0      0.3453E-05
   140.0      0.2852E-05
   141.0      0.2538E-05
   142.0      0.2474E-05
   143.0      0.2621E-05
   144.0      0.2941E-05
   145.0      0.3397E-05
   146.0      0.3954E-05
   147.0      0.4579E-05
   148.0      0.5240E-05
   149.0      0.5911E-05
   150.0      0.6564E-05
   151.0      0.7179E-05
   152.0      0.7738E-05
   153.0      0.8224E-05
   154.0      0.8627E-05
   155.0      0.8939E-05
   156.0      0.9155E-05
   157.0      0.9276E-05
   158.0      0.9302E-05
   159.0      0.9240E-05
   160.0      0.9095E-05
   161.0      0.8877E-05
   162.0      0.8597E-05
   163.0      0.8265E-05
   164.0      0.7894E-05
   165.0      0.7496E-05
   166.0      0.7082E-05
   167.0      0.6663E-05
   168.0      0.6249E-05
   169.0      0.5849E-05
   170.0      0.5470E-05
   171.0      0.5117E-05
   172.0      0.4795E-05
   173.0      0.4509E-05
   174.0      0.4259E-05
   175.0      0.4047E-05
   176.0      0.3874E-05
   177.0      0.3739E-05
   178.0      0.3644E-05
   179.0      0.3587E-05
   180.0      0.3568E-05
 END
@legend string   5 "Partition=  2 Excit=  5 near/far= 1"
#legend string   0 "Lab energy =   90.0000"
@s5 linestyle   1
#  Theta       sigma       iT11        T20         T21         T22         Kyy for projectile
   0.000       1.160    
   1.000       1.130    
   2.000       1.042    
   3.000      0.9057    
   4.000      0.7376    
   5.000      0.5556    
   6.000      0.3789    
   7.000      0.2252    
   8.000      0.1083    
   9.000      0.3733E-01
   10.00      0.1567E-01
   11.00      0.4124E-01
   12.00      0.1074    
   13.00      0.2040    
   14.00      0.3192    
   15.00      0.4407    
   16.00      0.5575    
   17.00      0.6602    
   18.00      0.7426    
   19.00      0.8008    
   20.00      0.8342    
   21.00      0.8440    
   22.00      0.8335    
   23.00      0.8071    
   24.00      0.7693    
   25.00      0.7249    
   26.00      0.6780    
   27.00      0.6320    
   28.00      0.5891    
   29.00      0.5510    
   30.00      0.5181    
   31.00      0.4904    
   32.00      0.4672    
   33.00      0.4475    
   34.00      0.4302    
   35.00      0.4143    
   36.00      0.3987    
   37.00      0.3827    
   38.00      0.3658    
   39.00      0.3476    
   40.00      0.3282    
   41.00      0.3076    
   42.00      0.2862    
   43.00      0.2642    
   44.00      0.2422    
   45.00      0.2204    
   46.00      0.1994    
   47.00      0.1794    
   48.00      0.1607    
   49.00      0.1433    
   50.00      0.1275    
   51.00      0.1133    
   52.00      0.1005    
   53.00      0.8923E-01
   54.00      0.7926E-01
   55.00      0.7048E-01
   56.00      0.6277E-01
   57.00      0.5597E-01
   58.00      0.4997E-01
   59.00      0.4464E-01
   60.00      0.3987E-01
   61.00      0.3559E-01
   62.00      0.3171E-01
   63.00      0.2819E-01
   64.00      0.2497E-01
   65.00      0.2203E-01
   66.00      0.1934E-01
   67.00      0.1688E-01
   68.00      0.1465E-01
   69.00      0.1263E-01
   70.00      0.1081E-01
   71.00      0.9183E-02
   72.00      0.7742E-02
   73.00      0.6477E-02
   74.00      0.5375E-02
   75.00      0.4427E-02
   76.00      0.3618E-02
   77.00      0.2937E-02
   78.00      0.2370E-02
   79.00      0.1904E-02
   80.00      0.1526E-02
   81.00      0.1224E-02
   82.00      0.9859E-03
   83.00      0.8018E-03
   84.00      0.6619E-03
   85.00      0.5574E-03
   86.00      0.4811E-03
   87.00      0.4265E-03
   88.00      0.3881E-03
   89.00      0.3615E-03
   90.00      0.3430E-03
   91.00      0.3298E-03
   92.00      0.3196E-03
   93.00      0.3108E-03
   94.00      0.3022E-03
   95.00      0.2930E-03
   96.00      0.2827E-03
   97.00      0.2712E-03
   98.00      0.2583E-03
   99.00      0.2441E-03
   100.0      0.2289E-03
   101.0      0.2129E-03
   102.0      0.1963E-03
   103.0      0.1793E-03
   104.0      0.1624E-03
   105.0      0.1457E-03
   106.0      0.1295E-03
   107.0      0.1140E-03
   108.0      0.9925E-04
   109.0      0.8548E-04
   110.0      0.7277E-04
   111.0      0.6119E-04
   112.0      0.5077E-04
   113.0      0.4153E-04
   114.0      0.3347E-04
   115.0      0.2654E-04
   116.0      0.2072E-04
   117.0      0.1594E-04
   118.0      0.1213E-04
   119.0      0.9226E-05
   120.0      0.7133E-05
   121.0      0.5766E-05
   122.0      0.5037E-05
   123.0      0.4855E-05
   124.0      0.5129E-05
   125.0      0.5772E-05
   126.0      0.6699E-05
   127.0      0.7832E-05
   128.0      0.9096E-05
   129.0      0.1042E-04
   130.0      0.1176E-04
   131.0      0.1304E-04
   132.0      0.1423E-04
   133.0      0.1530E-04
   134.0      0.1620E-04
   135.0      0.1694E-04
   136.0      0.1748E-04
   137.0      0.1783E-04
   138.0      0.1799E-04
   139.0      0.1797E-04
   140.0      0.1777E-04
   141.0      0.1741E-04
   142.0      0.1690E-04
   143.0      0.1628E-04
   144.0      0.1555E-04
   145.0      0.1475E-04
   146.0      0.1388E-04
   147.0      0.1298E-04
   148.0      0.1205E-04
   149.0      0.1112E-04
   150.0      0.1021E-04
   151.0      0.9321E-05
   152.0      0.8469E-05
   153.0      0.7664E-05
   154.0      0.6912E-05
   155.0      0.6219E-05
   156.0      0.5589E-05
   157.0      0.5022E-05
   158.0      0.4519E-05
   159.0      0.4080E-05
   160.0      0.3701E-05
   161.0      0.3382E-05
   162.0      0.3118E-05
   163.0      0.2904E-05
   164.0      0.2738E-05
   165.0      0.2614E-05
   166.0      0.2527E-05
   167.0      0.2473E-05
   168.0      0.2447E-05
   169.0      0.2444E-05
   170.0      0.2459E-05
   171.0      0.2488E-05
   172.0      0.2526E-05
   173.0      0.2570E-05
   174.0      0.2616E-05
   175.0      0.2661E-05
   176.0      0.2702E-05
   177.0      0.2736E-05
   178.0      0.2762E-05
   179.0      0.2778E-05
   180.0      0.2784E-05
 END
