# 181 angles,  1 tensor ranks for 0=projectile
@subtitle   "8Li(d,3He)7He @ 45 AMeV Daeh OMP (d) + Pang OMP (3He) and Ex = 17 MeV"         
@legend ON
@legend x1 0.2
@legend y1 0.8
@g0 type LOGY
@yaxis ticklabel format power
@legend string   0 "Lab energy =   90.0000"
#legend string   0 "Partition=  1 Excit=  1 near/far= 1"
#  Theta       sigma       iT11        T20         T21         T22         Kyy for projectile
  0.1000E-01   1.000    
   1.000      0.8374    
   2.000      0.6553    
   3.000       1.110    
   4.000       3.031    
   5.000       7.197    
   6.000       14.10    
   7.000       23.76    
   8.000       35.72    
   9.000       49.04    
   10.00       62.51    
   11.00       74.84    
   12.00       84.92    
   13.00       91.99    
   14.00       95.75    
   15.00       96.37    
   16.00       94.47    
   17.00       90.95    
   18.00       86.85    
   19.00       83.19    
   20.00       80.86    
   21.00       80.44    
   22.00       82.23    
   23.00       86.22    
   24.00       92.10    
   25.00       99.35    
   26.00       107.3    
   27.00       115.3    
   28.00       122.6    
   29.00       128.7    
   30.00       133.0    
   31.00       135.4    
   32.00       135.6    
   33.00       133.8    
   34.00       130.1    
   35.00       124.8    
   36.00       118.2    
   37.00       110.7    
   38.00       102.7    
   39.00       94.45    
   40.00       86.40    
   41.00       78.73    
   42.00       71.64    
   43.00       65.24    
   44.00       59.58    
   45.00       54.68    
   46.00       50.48    
   47.00       46.91    
   48.00       43.87    
   49.00       41.27    
   50.00       39.00    
   51.00       36.96    
   52.00       35.06    
   53.00       33.24    
   54.00       31.45    
   55.00       29.66    
   56.00       27.85    
   57.00       26.02    
   58.00       24.18    
   59.00       22.35    
   60.00       20.55    
   61.00       18.80    
   62.00       17.13    
   63.00       15.56    
   64.00       14.10    
   65.00       12.77    
   66.00       11.57    
   67.00       10.50    
   68.00       9.567    
   69.00       8.752    
   70.00       8.046    
   71.00       7.437    
   72.00       6.910    
   73.00       6.452    
   74.00       6.047    
   75.00       5.683    
   76.00       5.349    
   77.00       5.036    
   78.00       4.737    
   79.00       4.446    
   80.00       4.159    
   81.00       3.877    
   82.00       3.597    
   83.00       3.321    
   84.00       3.051    
   85.00       2.789    
   86.00       2.537    
   87.00       2.296    
   88.00       2.070    
   89.00       1.860    
   90.00       1.667    
   91.00       1.491    
   92.00       1.333    
   93.00       1.193    
   94.00       1.070    
   95.00      0.9629    
   96.00      0.8702    
   97.00      0.7906    
   98.00      0.7225    
   99.00      0.6643    
   100.0      0.6144    
   101.0      0.5713    
   102.0      0.5336    
   103.0      0.5002    
   104.0      0.4698    
   105.0      0.4418    
   106.0      0.4155    
   107.0      0.3903    
   108.0      0.3658    
   109.0      0.3420    
   110.0      0.3186    
   111.0      0.2956    
   112.0      0.2732    
   113.0      0.2513    
   114.0      0.2301    
   115.0      0.2098    
   116.0      0.1904    
   117.0      0.1722    
   118.0      0.1551    
   119.0      0.1392    
   120.0      0.1247    
   121.0      0.1114    
   122.0      0.9943E-01
   123.0      0.8872E-01
   124.0      0.7921E-01
   125.0      0.7082E-01
   126.0      0.6348E-01
   127.0      0.5708E-01
   128.0      0.5153E-01
   129.0      0.4673E-01
   130.0      0.4258E-01
   131.0      0.3898E-01
   132.0      0.3585E-01
   133.0      0.3312E-01
   134.0      0.3070E-01
   135.0      0.2855E-01
   136.0      0.2660E-01
   137.0      0.2482E-01
   138.0      0.2317E-01
   139.0      0.2162E-01
   140.0      0.2016E-01
   141.0      0.1876E-01
   142.0      0.1743E-01
   143.0      0.1614E-01
   144.0      0.1491E-01
   145.0      0.1372E-01
   146.0      0.1258E-01
   147.0      0.1149E-01
   148.0      0.1044E-01
   149.0      0.9453E-02
   150.0      0.8517E-02
   151.0      0.7637E-02
   152.0      0.6815E-02
   153.0      0.6053E-02
   154.0      0.5353E-02
   155.0      0.4717E-02
   156.0      0.4148E-02
   157.0      0.3647E-02
   158.0      0.3217E-02
   159.0      0.2858E-02
   160.0      0.2574E-02
   161.0      0.2364E-02
   162.0      0.2229E-02
   163.0      0.2168E-02
   164.0      0.2179E-02
   165.0      0.2260E-02
   166.0      0.2405E-02
   167.0      0.2610E-02
   168.0      0.2865E-02
   169.0      0.3163E-02
   170.0      0.3494E-02
   171.0      0.3845E-02
   172.0      0.4205E-02
   173.0      0.4561E-02
   174.0      0.4900E-02
   175.0      0.5210E-02
   176.0      0.5479E-02
   177.0      0.5700E-02
   178.0      0.5862E-02
   179.0      0.5962E-02
   180.0      0.5996E-02
 END
