# 181 angles,  1 tensor ranks for 0=projectile
@subtitle   "8Li(d,3He)7He @ 45 AMeV Daeh OMP (d) + Pang OMP (3He) and Ex = 17 MeV"         
@legend ON
@legend x1 0.2
@legend y1 0.8
@g0 type LOGY
@yaxis ticklabel format power
@legend string   0 "Lab energy =   90.0000"
#legend string   0 "Partition=  2 Excit=  4 near/far= 1"
#  Theta       sigma       iT11        T20         T21         T22         Kyy for projectile
   0.000       11.22    
   1.000       11.01    
   2.000       10.39    
   3.000       9.440    
   4.000       8.231    
   5.000       6.878    
   6.000       5.494    
   7.000       4.188    
   8.000       3.048    
   9.000       2.135    
   10.00       1.483    
   11.00       1.092    
   12.00      0.9387    
   13.00      0.9780    
   14.00       1.154    
   15.00       1.409    
   16.00       1.684    
   17.00       1.934    
   18.00       2.124    
   19.00       2.233    
   20.00       2.254    
   21.00       2.190    
   22.00       2.054    
   23.00       1.864    
   24.00       1.642    
   25.00       1.406    
   26.00       1.174    
   27.00      0.9621    
   28.00      0.7782    
   29.00      0.6280    
   30.00      0.5127    
   31.00      0.4304    
   32.00      0.3766    
   33.00      0.3457    
   34.00      0.3314    
   35.00      0.3276    
   36.00      0.3289    
   37.00      0.3310    
   38.00      0.3307    
   39.00      0.3262    
   40.00      0.3166    
   41.00      0.3018    
   42.00      0.2827    
   43.00      0.2602    
   44.00      0.2357    
   45.00      0.2105    
   46.00      0.1859    
   47.00      0.1627    
   48.00      0.1418    
   49.00      0.1235    
   50.00      0.1080    
   51.00      0.9536E-01
   52.00      0.8529E-01
   53.00      0.7748E-01
   54.00      0.7152E-01
   55.00      0.6700E-01
   56.00      0.6350E-01
   57.00      0.6065E-01
   58.00      0.5815E-01
   59.00      0.5577E-01
   60.00      0.5334E-01
   61.00      0.5075E-01
   62.00      0.4797E-01
   63.00      0.4499E-01
   64.00      0.4186E-01
   65.00      0.3862E-01
   66.00      0.3534E-01
   67.00      0.3210E-01
   68.00      0.2896E-01
   69.00      0.2598E-01
   70.00      0.2319E-01
   71.00      0.2063E-01
   72.00      0.1831E-01
   73.00      0.1624E-01
   74.00      0.1441E-01
   75.00      0.1281E-01
   76.00      0.1141E-01
   77.00      0.1020E-01
   78.00      0.9141E-02
   79.00      0.8219E-02
   80.00      0.7409E-02
   81.00      0.6690E-02
   82.00      0.6044E-02
   83.00      0.5458E-02
   84.00      0.4920E-02
   85.00      0.4422E-02
   86.00      0.3958E-02
   87.00      0.3525E-02
   88.00      0.3120E-02
   89.00      0.2743E-02
   90.00      0.2393E-02
   91.00      0.2071E-02
   92.00      0.1777E-02
   93.00      0.1512E-02
   94.00      0.1274E-02
   95.00      0.1064E-02
   96.00      0.8811E-03
   97.00      0.7238E-03
   98.00      0.5907E-03
   99.00      0.4800E-03
   100.0      0.3895E-03
   101.0      0.3170E-03
   102.0      0.2603E-03
   103.0      0.2170E-03
   104.0      0.1850E-03
   105.0      0.1622E-03
   106.0      0.1466E-03
   107.0      0.1365E-03
   108.0      0.1305E-03
   109.0      0.1271E-03
   110.0      0.1255E-03
   111.0      0.1246E-03
   112.0      0.1238E-03
   113.0      0.1228E-03
   114.0      0.1211E-03
   115.0      0.1185E-03
   116.0      0.1151E-03
   117.0      0.1107E-03
   118.0      0.1055E-03
   119.0      0.9965E-04
   120.0      0.9317E-04
   121.0      0.8627E-04
   122.0      0.7912E-04
   123.0      0.7185E-04
   124.0      0.6461E-04
   125.0      0.5752E-04
   126.0      0.5069E-04
   127.0      0.4421E-04
   128.0      0.3813E-04
   129.0      0.3252E-04
   130.0      0.2739E-04
   131.0      0.2278E-04
   132.0      0.1870E-04
   133.0      0.1513E-04
   134.0      0.1206E-04
   135.0      0.9478E-05
   136.0      0.7358E-05
   137.0      0.5670E-05
   138.0      0.4380E-05
   139.0      0.3453E-05
   140.0      0.2852E-05
   141.0      0.2538E-05
   142.0      0.2474E-05
   143.0      0.2621E-05
   144.0      0.2941E-05
   145.0      0.3397E-05
   146.0      0.3954E-05
   147.0      0.4579E-05
   148.0      0.5240E-05
   149.0      0.5911E-05
   150.0      0.6564E-05
   151.0      0.7179E-05
   152.0      0.7738E-05
   153.0      0.8224E-05
   154.0      0.8627E-05
   155.0      0.8939E-05
   156.0      0.9155E-05
   157.0      0.9276E-05
   158.0      0.9302E-05
   159.0      0.9240E-05
   160.0      0.9095E-05
   161.0      0.8877E-05
   162.0      0.8597E-05
   163.0      0.8265E-05
   164.0      0.7894E-05
   165.0      0.7496E-05
   166.0      0.7082E-05
   167.0      0.6663E-05
   168.0      0.6249E-05
   169.0      0.5849E-05
   170.0      0.5470E-05
   171.0      0.5117E-05
   172.0      0.4795E-05
   173.0      0.4509E-05
   174.0      0.4259E-05
   175.0      0.4047E-05
   176.0      0.3874E-05
   177.0      0.3739E-05
   178.0      0.3644E-05
   179.0      0.3587E-05
   180.0      0.3568E-05
 END
